  1850   01    16.393
  1850   02    17.556
  1850   03    17.915
  1850   04    17.050
  1850   05    15.205
  1850   06    12.578
  1850   07    10.318
  1850   08     8.970
  1850   09     8.991
  1850   10    10.571
  1850   11    12.290
  1850   12    14.720
  1851   01    15.908
  1851   02    16.560
  1851   03    16.953
  1851   04    16.555
  1851   05    15.106
  1851   06    13.078
  1851   07    10.499
  1851   08     9.322
  1851   09     9.430
  1851   10    10.663
  1851   11    12.591
  1851   12    14.497
  1852   01    16.391
  1852   02    17.355
  1852   03    17.683
  1852   04    16.872
  1852   05    15.322
  1852   06    12.502
  1852   07     9.853
  1852   08     7.884
  1852   09     7.646
  1852   10     9.474
  1852   11    12.393
  1852   12    14.764
  1853   01    15.891
  1853   02    16.675
  1853   03    16.784
  1853   04    16.359
  1853   05    15.218
  1853   06    13.008
  1853   07     9.783
  1853   08     7.485
  1853   09     8.297
  1853   10     9.905
  1853   11    12.281
  1853   12    14.536
  1854   01    15.825
  1854   02    16.565
  1854   03    16.792
  1854   04    16.255
  1854   05    14.923
  1854   06    13.002
  1854   07    10.148
  1854   08     8.413
  1854   09     8.637
  1854   10    10.505
  1854   11    12.906
  1854   12    14.759
  1855   01    16.090
  1855   02    17.005
  1855   03    17.721
  1855   04    16.651
  1855   05    15.032
  1855   06    13.313
  1855   07    10.464
  1855   08     8.410
  1855   09     8.418
  1855   10    10.318
  1855   11    12.659
  1855   12    14.920
  1856   01    16.243
  1856   02    16.792
  1856   03    16.911
  1856   04    16.289
  1856   05    14.555
  1856   06    12.677
  1856   07     9.138
  1856   08     7.564
  1856   09     7.625
  1856   10    10.115
  1856   11    12.415
  1856   12    14.392
  1857   01    15.627
  1857   02    16.360
  1857   03    16.356
  1857   04    16.106
  1857   05    14.682
  1857   06    13.044
  1857   07    10.214
  1857   08     8.366
  1857   09     8.617
  1857   10    10.729
  1857   11    12.865
  1857   12    14.948
  1858   01    15.966
  1858   02    16.832
  1858   03    17.218
  1858   04    16.742
  1858   05    15.694
  1858   06    13.946
  1858   07    11.747
  1858   08     8.941
  1858   09     9.084
  1858   10    11.605
  1858   11    13.377
  1858   12    15.749
  1859   01    16.992
  1859   02    17.451
  1859   03    17.563
  1859   04    17.004
  1859   05    15.829
  1859   06    14.398
  1859   07    11.412
  1859   08     8.780
  1859   09     9.280
  1859   10    11.366
  1859   11    13.434
  1859   12    15.513
  1860   01    16.286
  1860   02    17.045
  1860   03    17.364
  1860   04    16.710
  1860   05    15.457
  1860   06    13.783
  1860   07    11.425
  1860   08     9.990
  1860   09     9.960
  1860   10    11.332
  1860   11    13.095
  1860   12    15.301
  1861   01    16.080
  1861   02    16.764
  1861   03    17.125
  1861   04    16.433
  1861   05    15.404
  1861   06    12.930
  1861   07    10.408
  1861   08     8.925
  1861   09     9.161
  1861   10    10.804
  1861   11    13.310
  1861   12    15.405
  1862   01    16.539
  1862   02    17.009
  1862   03    17.068
  1862   04    16.371
  1862   05    14.839
  1862   06    13.028
  1862   07    10.656
  1862   08     8.489
  1862   09     8.704
  1862   10    11.137
  1862   11    12.946
  1862   12    14.600
  1863   01    15.674
  1863   02    16.185
  1863   03    16.329
  1863   04    15.528
  1863   05    14.397
  1863   06    12.279
  1863   07     9.875
  1863   08     8.359
  1863   09     8.879
  1863   10    10.164
  1863   11    11.744
  1863   12    14.103
  1864   01    15.042
  1864   02    15.919
  1864   03    16.053
  1864   04    15.459
  1864   05    14.468
  1864   06    12.371
  1864   07     9.627
  1864   08     8.227
  1864   09     8.379
  1864   10    10.115
  1864   11    12.566
  1864   12    14.089
  1865   01    15.193
  1865   02    15.920
  1865   03    16.007
  1865   04    15.781
  1865   05    14.696
  1865   06    12.916
  1865   07    10.023
  1865   08     8.324
  1865   09     8.334
  1865   10     9.637
  1865   11    11.987
  1865   12    14.356
  1866   01    15.405
  1866   02    16.305
  1866   03    16.901
  1866   04    16.115
  1866   05    15.047
  1866   06    12.936
  1866   07    10.584
  1866   08     7.958
  1866   09     8.259
  1866   10    10.617
  1866   11    12.311
  1866   12    14.553
  1867   01    15.842
  1867   02    16.648
  1867   03    16.660
  1867   04    16.077
  1867   05    15.215
  1867   06    13.228
  1867   07    10.043
  1867   08     8.348
  1867   09     8.165
  1867   10    10.335
  1867   11    12.266
  1867   12    14.368
  1868   01    15.660
  1868   02    16.514
  1868   03    16.810
  1868   04    16.689
  1868   05    14.713
  1868   06    12.787
  1868   07     9.671
  1868   08     8.520
  1868   09     8.416
  1868   10    10.352
  1868   11    12.530
  1868   12    14.705
  1869   01    15.964
  1869   02    16.682
  1869   03    17.132
  1869   04    16.393
  1869   05    15.230
  1869   06    13.210
  1869   07    10.315
  1869   08     8.032
  1869   09     7.813
  1869   10     9.770
  1869   11    12.233
  1869   12    14.714
  1870   01    16.361
  1870   02    17.053
  1870   03    17.430
  1870   04    16.738
  1870   05    15.457
  1870   06    12.911
  1870   07    10.495
  1870   08     8.091
  1870   09     7.774
  1870   10    10.460
  1870   11    12.580
  1870   12    14.736
  1871   01    16.153
  1871   02    16.753
  1871   03    16.912
  1871   04    16.537
  1871   05    15.396
  1871   06    12.961
  1871   07     9.939
  1871   08     8.379
  1871   09     8.500
  1871   10    10.664
  1871   11    12.683
  1871   12    14.633
  1872   01    15.751
  1872   02    16.788
  1872   03    17.080
  1872   04    16.779
  1872   05    15.457
  1872   06    13.383
  1872   07    10.459
  1872   08     9.216
  1872   09     9.707
  1872   10    11.191
  1872   11    12.974
  1872   12    14.942
  1873   01    16.679
  1873   02    17.336
  1873   03    17.341
  1873   04    16.741
  1873   05    15.283
  1873   06    13.497
  1873   07    10.416
  1873   08     8.204
  1873   09     8.473
  1873   10    11.399
  1873   11    13.178
  1873   12    15.149
  1874   01    16.496
  1874   02    17.429
  1874   03    17.404
  1874   04    16.817
  1874   05    15.583
  1874   06    13.964
  1874   07    10.889
  1874   08     9.008
  1874   09     9.020
  1874   10    10.851
  1874   11    13.204
  1874   12    15.425
  1875   01    16.678
  1875   02    17.731
  1875   03    17.975
  1875   04    17.284
  1875   05    16.250
  1875   06    13.926
  1875   07    11.360
  1875   08     9.126
  1875   09     9.016
  1875   10    11.294
  1875   11    13.765
  1875   12    15.582
  1876   01    17.134
  1876   02    17.873
  1876   03    17.965
  1876   04    17.486
  1876   05    15.967
  1876   06    13.910
  1876   07    10.816
  1876   08     9.004
  1876   09     9.287
  1876   10    10.742
  1876   11    13.079
  1876   12    15.651
  1877   01    16.682
  1877   02    17.616
  1877   03    18.096
  1877   04    17.384
  1877   05    15.815
  1877   06    13.527
  1877   07    10.937
  1877   08     9.009
  1877   09     9.001
  1877   10    11.063
  1877   11    13.426
  1877   12    15.684
  1878   01    16.897
  1878   02    17.191
  1878   03    17.523
  1878   04    17.136
  1878   05    15.380
  1878   06    12.715
  1878   07    10.380
  1878   08     8.649
  1878   09     8.464
  1878   10    10.265
  1878   11    12.276
  1878   12    14.987
  1879   01    16.190
  1879   02    16.862
  1879   03    17.121
  1879   04    16.337
  1879   05    15.018
  1879   06    12.950
  1879   07    10.155
  1879   08     8.850
  1879   09     8.823
  1879   10    10.506
  1879   11    12.640
  1879   12    14.834
  1880   01    16.019
  1880   02    16.761
  1880   03    17.012
  1880   04    16.323
  1880   05    15.222
  1880   06    13.163
  1880   07    10.820
  1880   08     8.917
  1880   09     8.962
  1880   10    10.877
  1880   11    12.463
  1880   12    14.686
  1881   01    15.808
  1881   02    16.700
  1881   03    17.125
  1881   04    16.728
  1881   05    15.031
  1881   06    12.901
  1881   07    10.292
  1881   08     6.802
  1881   09     7.207
  1881   10     9.723
  1881   11    12.422
  1881   12    14.509
  1882   01    16.255
  1882   02    16.788
  1882   03    17.057
  1882   04    16.036
  1882   05    14.812
  1882   06    12.372
  1882   07     8.965
  1882   08     7.209
  1882   09     6.781
  1882   10     9.410
  1882   11    11.904
  1882   12    14.360
  1883   01    15.904
  1883   02    16.603
  1883   03    16.920
  1883   04    16.551
  1883   05    15.085
  1883   06    12.950
  1883   07     9.668
  1883   08     7.978
  1883   09     8.326
  1883   10    10.553
  1883   11    12.302
  1883   12    14.379
  1884   01    15.988
  1884   02    16.870
  1884   03    17.047
  1884   04    16.969
  1884   05    15.926
  1884   06    13.536
  1884   07    11.263
  1884   08     8.249
  1884   09     8.572
  1884   10    11.049
  1884   11    13.088
  1884   12    14.970
  1885   01    16.360
  1885   02    17.133
  1885   03    17.011
  1885   04    16.412
  1885   05    15.093
  1885   06    13.236
  1885   07    10.918
  1885   08     9.351
  1885   09     9.335
  1885   10    10.961
  1885   11    13.434
  1885   12    14.998
  1886   01    16.204
  1886   02    16.585
  1886   03    16.702
  1886   04    16.524
  1886   05    15.227
  1886   06    13.130
  1886   07    10.574
  1886   08     8.876
  1886   09     8.913
  1886   10    11.132
  1886   11    12.831
  1886   12    14.653
  1887   01    15.922
  1887   02    16.681
  1887   03    17.152
  1887   04    16.644
  1887   05    15.442
  1887   06    12.937
  1887   07    10.731
  1887   08     8.360
  1887   09     8.118
  1887   10    10.672
  1887   11    13.348
  1887   12    15.264
  1888   01    15.855
  1888   02    16.879
  1888   03    17.085
  1888   04    16.763
  1888   05    15.534
  1888   06    13.930
  1888   07    12.085
  1888   08    10.040
  1888   09    10.054
  1888   10    11.760
  1888   11    13.723
  1888   12    15.659
  1889   01    16.864
  1889   02    17.315
  1889   03    17.380
  1889   04    17.153
  1889   05    15.397
  1889   06    13.658
  1889   07    11.258
  1889   08     9.119
  1889   09     8.945
  1889   10    10.644
  1889   11    12.625
  1889   12    15.166
  1890   01    16.306
  1890   02    17.015
  1890   03    17.330
  1890   04    16.738
  1890   05    15.502
  1890   06    13.345
  1890   07    10.069
  1890   08     8.396
  1890   09     8.770
  1890   10    10.905
  1890   11    12.930
  1890   12    14.945
  1891   01    15.963
  1891   02    16.710
  1891   03    16.996
  1891   04    16.142
  1891   05    14.411
  1891   06    13.031
  1891   07    10.824
  1891   08     8.637
  1891   09     8.922
  1891   10    10.598
  1891   11    12.722
  1891   12    14.741
  1892   01    15.989
  1892   02    16.657
  1892   03    16.955
  1892   04    16.558
  1892   05    14.887
  1892   06    13.316
  1892   07    10.474
  1892   08     8.791
  1892   09     9.412
  1892   10    10.749
  1892   11    12.741
  1892   12    15.137
  1893   01    16.361
  1893   02    17.122
  1893   03    17.276
  1893   04    16.861
  1893   05    15.772
  1893   06    13.761
  1893   07    11.293
  1893   08     9.371
  1893   09     9.632
  1893   10    11.275
  1893   11    13.277
  1893   12    15.351
  1894   01    16.734
  1894   02    17.277
  1894   03    17.638
  1894   04    17.093
  1894   05    15.882
  1894   06    13.618
  1894   07    11.071
  1894   08     8.865
  1894   09     9.410
  1894   10    11.225
  1894   11    12.873
  1894   12    15.254
  1895   01    16.728
  1895   02    17.318
  1895   03    17.229
  1895   04    16.744
  1895   05    15.305
  1895   06    13.440
  1895   07    11.242
  1895   08     9.351
  1895   09     8.913
  1895   10    10.607
  1895   11    12.844
  1895   12    15.213
  1896   01    16.922
  1896   02    17.800
  1896   03    18.054
  1896   04    17.423
  1896   05    15.843
  1896   06    13.848
  1896   07    11.749
  1896   08     9.358
  1896   09     9.027
  1896   10    11.301
  1896   11    13.315
  1896   12    15.845
  1897   01    16.873
  1897   02    17.257
  1897   03    17.581
  1897   04    17.065
  1897   05    15.459
  1897   06    14.091
  1897   07    11.029
  1897   08     8.799
  1897   09     8.481
  1897   10    11.114
  1897   11    12.936
  1897   12    15.340
  1898   01    17.007
  1898   02    17.993
  1898   03    17.581
  1898   04    17.041
  1898   05    15.299
  1898   06    14.285
  1898   07    11.017
  1898   08     8.885
  1898   09     8.768
  1898   10    10.812
  1898   11    13.147
  1898   12    15.492
  1899   01    16.916
  1899   02    17.957
  1899   03    18.052
  1899   04    17.291
  1899   05    15.666
  1899   06    13.868
  1899   07    11.523
  1899   08     9.203
  1899   09     8.997
  1899   10    10.757
  1899   11    13.022
  1899   12    15.231
  1900   01    16.233
  1900   02    16.790
  1900   03    17.259
  1900   04    17.038
  1900   05    15.568
  1900   06    13.700
  1900   07    11.065
  1900   08     8.481
  1900   09     8.434
  1900   10    11.288
  1900   11    13.462
  1900   12    15.420
  1901   01    16.876
  1901   02    17.500
  1901   03    18.014
  1901   04    17.277
  1901   05    15.687
  1901   06    13.737
  1901   07    11.267
  1901   08     9.234
  1901   09     9.253
  1901   10    11.120
  1901   11    13.035
  1901   12    15.519
  1902   01    16.704
  1902   02    17.242
  1902   03    17.558
  1902   04    17.330
  1902   05    16.124
  1902   06    14.177
  1902   07    12.215
  1902   08     9.495
  1902   09     9.970
  1902   10    11.650
  1902   11    13.789
  1902   12    16.019
  1903   01    17.072
  1903   02    17.345
  1903   03    17.666
  1903   04    17.189
  1903   05    15.863
  1903   06    14.187
  1903   07    11.725
  1903   08    10.576
  1903   09    10.454
  1903   10    11.617
  1903   11    13.449
  1903   12    15.512
  1904   01    16.579
  1904   02    17.369
  1904   03    17.413
  1904   04    17.152
  1904   05    16.160
  1904   06    14.568
  1904   07    12.767
  1904   08    10.148
  1904   09    10.387
  1904   10    11.920
  1904   11    14.329
  1904   12    16.164
  1905   01    17.399
  1905   02    17.946
  1905   03    18.467
  1905   04    18.202
  1905   05    16.308
  1905   06    13.779
  1905   07    11.747
  1905   08    10.272
  1905   09    10.036
  1905   10    11.406
  1905   11    13.923
  1905   12    15.967
  1906   01    17.284
  1906   02    18.029
  1906   03    18.168
  1906   04    17.634
  1906   05    16.315
  1906   06    14.568
  1906   07    11.462
  1906   08     9.691
  1906   09     9.720
  1906   10    11.734
  1906   11    13.626
  1906   12    16.078
  1907   01    17.358
  1907   02    18.305
  1907   03    18.514
  1907   04    17.511
  1907   05    16.444
  1907   06    14.123
  1907   07    11.441
  1907   08     9.580
  1907   09    10.227
  1907   10    11.796
  1907   11    13.594
  1907   12    15.757
  1908   01    17.668
  1908   02    18.270
  1908   03    18.575
  1908   04    18.065
  1908   05    16.653
  1908   06    14.767
  1908   07    11.492
  1908   08    10.045
  1908   09     9.794
  1908   10    11.806
  1908   11    13.966
  1908   12    16.055
  1909   01    17.630
  1909   02    18.602
  1909   03    18.874
  1909   04    18.378
  1909   05    16.924
  1909   06    14.588
  1909   07    12.441
  1909   08    10.750
  1909   09    10.878
  1909   10    12.072
  1909   11    14.313
  1909   12    16.112
  1910   01    17.799
  1910   02    18.412
  1910   03    18.670
  1910   04    18.282
  1910   05    17.088
  1910   06    13.940
  1910   07    11.311
  1910   08     9.769
  1910   09     9.876
  1910   10    11.586
  1910   11    13.653
  1910   12    15.727
  1911   01    17.059
  1911   02    18.143
  1911   03    18.508
  1911   04    17.997
  1911   05    16.957
  1911   06    14.687
  1911   07    11.123
  1911   08     9.045
  1911   09     9.154
  1911   10    10.979
  1911   11    13.149
  1911   12    15.529
  1912   01    17.267
  1912   02    18.070
  1912   03    18.524
  1912   04    18.233
  1912   05    16.867
  1912   06    14.079
  1912   07    11.499
  1912   08     9.984
  1912   09    10.408
  1912   10    12.213
  1912   11    14.313
  1912   12    16.448
  1913   01    17.865
  1913   02    19.135
  1913   03    19.279
  1913   04    18.483
  1913   05    16.995
  1913   06    14.307
  1913   07    11.736
  1913   08     9.513
  1913   09     9.679
  1913   10    12.130
  1913   11    14.931
  1913   12    17.419
  1914   01    18.459
  1914   02    19.261
  1914   03    19.440
  1914   04    19.117
  1914   05    17.638
  1914   06    15.673
  1914   07    12.354
  1914   08     9.618
  1914   09     9.006
  1914   10    11.586
  1914   11    14.262
  1914   12    16.567
  1915   01    17.988
  1915   02    18.797
  1915   03    18.960
  1915   04    18.551
  1915   05    17.251
  1915   06    14.962
  1915   07    12.859
  1915   08    10.008
  1915   09     9.678
  1915   10    11.296
  1915   11    14.330
  1915   12    16.585
  1916   01    17.733
  1916   02    18.504
  1916   03    18.898
  1916   04    18.482
  1916   05    16.567
  1916   06    14.547
  1916   07    11.958
  1916   08     9.746
  1916   09     9.433
  1916   10    11.523
  1916   11    14.112
  1916   12    16.267
  1917   01    17.809
  1917   02    18.861
  1917   03    19.233
  1917   04    18.886
  1917   05    17.232
  1917   06    14.867
  1917   07    11.884
  1917   08     9.670
  1917   09     9.687
  1917   10    11.977
  1917   11    14.745
  1917   12    16.528
  1918   01    18.025
  1918   02    19.096
  1918   03    19.136
  1918   04    18.838
  1918   05    16.945
  1918   06    14.380
  1918   07    12.135
  1918   08     9.671
  1918   09     9.268
  1918   10    11.354
  1918   11    13.359
  1918   12    15.988
  1919   01    17.168
  1919   02    18.062
  1919   03    18.566
  1919   04    18.355
  1919   05    17.761
  1919   06    15.634
  1919   07    11.568
  1919   08     9.509
  1919   09     9.423
  1919   10    11.943
  1919   11    14.750
  1919   12    17.021
  1920   01    18.452
  1920   02    19.039
  1920   03    19.192
  1920   04    19.020
  1920   05    17.608
  1920   06    15.163
  1920   07    12.611
  1920   08    10.771
  1920   09    10.647
  1920   10    12.522
  1920   11    14.581
  1920   12    16.676
  1921   01    17.860
  1921   02    18.496
  1921   03    19.051
  1921   04    18.294
  1921   05    17.190
  1921   06    14.550
  1921   07    11.616
  1921   08     9.035
  1921   09     8.991
  1921   10    11.198
  1921   11    13.660
  1921   12    16.407
  1922   01    17.851
  1922   02    18.579
  1922   03    19.000
  1922   04    18.723
  1922   05    16.768
  1922   06    14.858
  1922   07    10.794
  1922   08     8.658
  1922   09     8.613
  1922   10    10.452
  1922   11    13.382
  1922   12    16.151
  1923   01    17.915
  1923   02    18.809
  1923   03    18.718
  1923   04    18.510
  1923   05    16.867
  1923   06    14.036
  1923   07    10.154
  1923   08     8.033
  1923   09     8.109
  1923   10    10.603
  1923   11    13.569
  1923   12    16.045
  1924   01    17.311
  1924   02    18.090
  1924   03    18.928
  1924   04    18.309
  1924   05    16.991
  1924   06    14.640
  1924   07    11.007
  1924   08     8.976
  1924   09     9.255
  1924   10    11.103
  1924   11    13.004
  1924   12    16.220
  1925   01    17.911
  1925   02    19.020
  1925   03    18.953
  1925   04    18.829
  1925   05    17.524
  1925   06    14.574
  1925   07    12.219
  1925   08    10.083
  1925   09    10.775
  1925   10    12.054
  1925   11    14.294
  1925   12    16.861
  1926   01    18.175
  1926   02    18.738
  1926   03    18.931
  1926   04    18.540
  1926   05    16.722
  1926   06    13.997
  1926   07    10.694
  1926   08     8.937
  1926   09     9.087
  1926   10    11.391
  1926   11    14.042
  1926   12    16.738
  1927   01    18.421
  1927   02    19.382
  1927   03    19.328
  1927   04    19.027
  1927   05    17.658
  1927   06    15.783
  1927   07    12.154
  1927   08     9.926
  1927   09     9.743
  1927   10    11.111
  1927   11    14.034
  1927   12    16.521
  1928   01    18.335
  1928   02    19.098
  1928   03    19.443
  1928   04    19.103
  1928   05    17.110
  1928   06    15.005
  1928   07    12.072
  1928   08    10.435
  1928   09    10.551
  1928   10    11.943
  1928   11    14.424
  1928   12    17.054
  1929   01    18.635
  1929   02    19.606
  1929   03    19.642
  1929   04    18.849
  1929   05    16.836
  1929   06    15.104
  1929   07    12.180
  1929   08    10.504
  1929   09    10.227
  1929   10    12.399
  1929   11    14.223
  1929   12    16.737
  1930   01    18.319
  1930   02    19.415
  1930   03    19.915
  1930   04    19.603
  1930   05    17.786
  1930   06    15.591
  1930   07    13.749
  1930   08    11.416
  1930   09    11.686
  1930   10    13.106
  1930   11    15.251
  1930   12    17.278
  1931   01    18.989
  1931   02    19.804
  1931   03    20.331
  1931   04    19.649
  1931   05    18.141
  1931   06    15.927
  1931   07    13.081
  1931   08    11.374
  1931   09    11.585
  1931   10    12.773
  1931   11    15.278
  1931   12    17.695
  1932   01    19.060
  1932   02    20.042
  1932   03    20.210
  1932   04    19.061
  1932   05    17.473
  1932   06    15.876
  1932   07    12.900
  1932   08     9.860
  1932   09    10.581
  1932   10    12.327
  1932   11    14.166
  1932   12    17.077
  1933   01    18.653
  1933   02    19.445
  1933   03    19.600
  1933   04    19.018
  1933   05    17.700
  1933   06    14.883
  1933   07    11.675
  1933   08     9.934
  1933   09    10.361
  1933   10    11.887
  1933   11    14.207
  1933   12    16.539
  1934   01    18.067
  1934   02    18.807
  1934   03    19.217
  1934   04    18.799
  1934   05    17.427
  1934   06    15.263
  1934   07    12.426
  1934   08    10.715
  1934   09    11.070
  1934   10    12.619
  1934   11    14.342
  1934   12    17.114
  1935   01    18.117
  1935   02    18.788
  1935   03    19.367
  1935   04    19.088
  1935   05    17.601
  1935   06    15.395
  1935   07    12.696
  1935   08    11.043
  1935   09    10.900
  1935   10    12.519
  1935   11    14.845
  1935   12    17.264
  1936   01    18.521
  1936   02    19.630
  1936   03    19.813
  1936   04    19.422
  1936   05    17.902
  1936   06    15.598
  1936   07    13.189
  1936   08    11.971
  1936   09    12.364
  1936   10    13.307
  1936   11    15.400
  1936   12    17.305
  1937   01    18.790
  1937   02    19.637
  1937   03    20.110
  1937   04    19.552
  1937   05    18.141
  1937   06    16.164
  1937   07    13.998
  1937   08    11.794
  1937   09    11.590
  1937   10    13.128
  1937   11    15.484
  1937   12    17.969
  1938   01    19.268
  1938   02    20.129
  1938   03    20.535
  1938   04    20.056
  1938   05    18.320
  1938   06    15.487
  1938   07    13.503
  1938   08    11.997
  1938   09    12.155
  1938   10    13.362
  1938   11    15.282
  1938   12    17.524
  1939   01    18.967
  1939   02    19.800
  1939   03    20.467
  1939   04    19.958
  1939   05    18.269
  1939   06    15.955
  1939   07    13.656
  1939   08    11.243
  1939   09    11.422
  1939   10    12.737
  1939   11    14.440
  1939   12    16.768
  1940   01    18.333
  1940   02    19.835
  1940   03    20.080
  1940   04    19.441
  1940   05    18.027
  1940   06    16.047
  1940   07    13.110
  1940   08    11.305
  1940   09    10.991
  1940   10    12.232
  1940   11    14.319
  1940   12    17.377
  1941   01    19.216
  1941   02    19.814
  1941   03    20.411
  1941   04    19.791
  1941   05    18.364
  1941   06    16.161
  1941   07    12.969
  1941   08    10.024
  1941   09    10.179
  1941   10    12.480
  1941   11    14.689
  1941   12    17.438
  1942   01    18.945
  1942   02    19.634
  1942   03    20.154
  1942   04    19.629
  1942   05    18.490
  1942   06    15.911
  1942   07    13.748
  1942   08    10.792
  1942   09    10.601
  1942   10    12.633
  1942   11    15.412
  1942   12    17.982
  1943   01    19.681
  1943   02    21.087
  1943   03    21.470
  1943   04    20.520
  1943   05    18.758
  1943   06    16.151
  1943   07    13.971
  1943   08    11.055
  1943   09    11.376
  1943   10    13.077
  1943   11    15.556
  1943   12    17.790
  1944   01    19.419
  1944   02    20.410
  1944   03    20.876
  1944   04    20.562
  1944   05    18.516
  1944   06    15.381
  1944   07    12.372
  1944   08    10.514
  1944   09    10.575
  1944   10    12.516
  1944   11    14.756
  1944   12    17.254
  1945   01    19.211
  1945   02    20.438
  1945   03    20.886
  1945   04    20.270
  1945   05    18.208
  1945   06    16.140
  1945   07    13.963
  1945   08    10.881
  1945   09    11.004
  1945   10    12.992
  1945   11    15.772
  1945   12    18.314
  1946   01    19.666
  1946   02    20.505
  1946   03    20.609
  1946   04    19.929
  1946   05    18.319
  1946   06    16.084
  1946   07    14.377
  1946   08    12.208
  1946   09    12.037
  1946   10    13.795
  1946   11    16.262
  1946   12    18.389
  1947   01    19.529
  1947   02    20.457
  1947   03    20.779
  1947   04    20.526
  1947   05    18.317
  1947   06    15.855
  1947   07    13.205
  1947   08    11.608
  1947   09    11.853
  1947   10    13.349
  1947   11    15.518
  1947   12    17.893
  1948   01    19.741
  1948   02    20.392
  1948   03    20.385
  1948   04    19.699
  1948   05    17.767
  1948   06    15.951
  1948   07    12.978
  1948   08     9.975
  1948   09    10.154
  1948   10    12.203
  1948   11    14.825
  1948   12    17.392
  1949   01    19.226
  1949   02    20.152
  1949   03    20.519
  1949   04    19.504
  1949   05    17.768
  1949   06    15.290
  1949   07    13.221
  1949   08    11.188
  1949   09    11.139
  1949   10    12.579
  1949   11    14.596
  1949   12    17.240
  1950   01    18.598
  1950   02    19.708
  1950   03    20.184
  1950   04    19.737
  1950   05    18.530
  1950   06    15.571
  1950   07    12.890
  1950   08    10.792
  1950   09    10.636
  1950   10    12.740
  1950   11    14.759
  1950   12    17.257
  1951   01    18.680
  1951   02    19.428
  1951   03    19.516
  1951   04    19.282
  1951   05    18.311
  1951   06    15.259
  1951   07    12.478
  1951   08    10.246
  1951   09    10.651
  1951   10    12.645
  1951   11    14.693
  1951   12    17.046
  1952   01    18.452
  1952   02    19.136
  1952   03    19.508
  1952   04    19.156
  1952   05    18.054
  1952   06    15.604
  1952   07    12.626
  1952   08    11.176
  1952   09    10.636
  1952   10    12.587
  1952   11    14.802
  1952   12    17.271
  1953   01    18.647
  1953   02    19.718
  1953   03    19.902
  1953   04    18.869
  1953   05    17.110
  1953   06    14.994
  1953   07    12.480
  1953   08     9.672
  1953   09     9.500
  1953   10    11.638
  1953   11    14.180
  1953   12    16.887
  1954   01    18.375
  1954   02    19.388
  1954   03    19.800
  1954   04    19.150
  1954   05    17.273
  1954   06    14.823
  1954   07    12.312
  1954   08     9.427
  1954   09     9.745
  1954   10    12.503
  1954   11    14.029
  1954   12    16.106
  1955   01    17.778
  1955   02    18.838
  1955   03    19.389
  1955   04    18.630
  1955   05    17.435
  1955   06    15.345
  1955   07    12.760
  1955   08    10.129
  1955   09     9.653
  1955   10    12.482
  1955   11    14.736
  1955   12    16.937
  1956   01    18.176
  1956   02    18.923
  1956   03    19.401
  1956   04    18.736
  1956   05    17.307
  1956   06    14.852
  1956   07    12.611
  1956   08    10.580
  1956   09     9.630
  1956   10    12.719
  1956   11    14.461
  1956   12    16.731
  1957   01    18.374
  1957   02    19.197
  1957   03    18.798
  1957   04    17.738
  1957   05    16.152
  1957   06    14.948
  1957   07    12.147
  1957   08    10.805
  1957   09    10.264
  1957   10    11.978
  1957   11    13.998
  1957   12    16.162
  1958   01    17.538
  1958   02    18.342
  1958   03    18.274
  1958   04    17.602
  1958   05    16.524
  1958   06    15.026
  1958   07    12.799
  1958   08    10.295
  1958   09    10.171
  1958   10    12.172
  1958   11    14.402
  1958   12    16.679
  1959   01    18.067
  1959   02    18.746
  1959   03    18.529
  1959   04    18.125
  1959   05    16.764
  1959   06    14.878
  1959   07    11.988
  1959   08    10.409
  1959   09    10.400
  1959   10    11.759
  1959   11    13.836
  1959   12    15.924
  1960   01    17.315
  1960   02    18.116
  1960   03    18.530
  1960   04    17.995
  1960   05    16.453
  1960   06    14.702
  1960   07    11.514
  1960   08     9.243
  1960   09     9.799
  1960   10    11.361
  1960   11    13.740
  1960   12    16.275
  1961   01    17.730
  1961   02    18.510
  1961   03    18.875
  1961   04    18.376
  1961   05    16.752
  1961   06    14.503
  1961   07    11.561
  1961   08     9.866
  1961   09     9.427
  1961   10    10.925
  1961   11    13.154
  1961   12    15.854
  1962   01    17.482
  1962   02    18.123
  1962   03    18.548
  1962   04    17.995
  1962   05    16.785
  1962   06    14.449
  1962   07    11.713
  1962   08    10.007
  1962   09     9.656
  1962   10    11.560
  1962   11    14.281
  1962   12    16.152
  1963   01    18.055
  1963   02    18.848
  1963   03    19.232
  1963   04    18.333
  1963   05    16.522
  1963   06    14.114
  1963   07    11.322
  1963   08     9.729
  1963   09     9.671
  1963   10    11.349
  1963   11    13.618
  1963   12    15.806
  1964   01    17.588
  1964   02    18.493
  1964   03    18.919
  1964   04    17.864
  1964   05    16.376
  1964   06    14.647
  1964   07    12.553
  1964   08     9.814
  1964   09     9.157
  1964   10    11.276
  1964   11    13.813
  1964   12    16.124
  1965   01    17.850
  1965   02    19.274
  1965   03    19.818
  1965   04    19.134
  1965   05    17.630
  1965   06    15.901
  1965   07    12.643
  1965   08    10.589
  1965   09    10.657
  1965   10    12.578
  1965   11    15.010
  1965   12    17.240
  1966   01    18.651
  1966   02    19.452
  1966   03    19.723
  1966   04    19.205
  1966   05    18.057
  1966   06    15.056
  1966   07    12.555
  1966   08    11.308
  1966   09    11.146
  1966   10    12.344
  1966   11    14.522
  1966   12    17.061
  1967   01    18.742
  1967   02    19.600
  1967   03    19.905
  1967   04    19.205
  1967   05    17.197
  1967   06    15.034
  1967   07    12.379
  1967   08    10.140
  1967   09    10.338
  1967   10    11.939
  1967   11    14.164
  1967   12    16.827
  1968   01    18.370
  1968   02    19.380
  1968   03    19.628
  1968   04    19.181
  1968   05    17.687
  1968   06    15.530
  1968   07    12.382
  1968   08    10.266
  1968   09    10.225
  1968   10    12.116
  1968   11    14.659
  1968   12    17.222
  1969   01    18.556
  1969   02    19.397
  1969   03    19.842
  1969   04    19.440
  1969   05    17.514
  1969   06    15.639
  1969   07    13.072
  1969   08    10.342
  1969   09    10.504
  1969   10    12.854
  1969   11    14.845
  1969   12    17.177
  1970   01    18.814
  1970   02    19.480
  1970   03    19.591
  1970   04    19.102
  1970   05    17.544
  1970   06    14.947
  1970   07    12.840
  1970   08    10.933
  1970   09    10.691
  1970   10    12.260
  1970   11    14.675
  1970   12    17.355
  1971   01    18.992
  1971   02    19.773
  1971   03    20.273
  1971   04    19.704
  1971   05    17.736
  1971   06    15.282
  1971   07    11.834
  1971   08    10.238
  1971   09    10.319
  1971   10    12.122
  1971   11    14.717
  1971   12    17.166
  1972   01    18.787
  1972   02    19.779
  1972   03    20.157
  1972   04    19.140
  1972   05    17.558
  1972   06    14.851
  1972   07    11.913
  1972   08    10.012
  1972   09    10.389
  1972   10    11.604
  1972   11    13.978
  1972   12    16.785
  1973   01    18.814
  1973   02    20.078
  1973   03    20.572
  1973   04    19.572
  1973   05    17.429
  1973   06    15.005
  1973   07    12.387
  1973   08    10.444
  1973   09    10.562
  1973   10    12.269
  1973   11    14.738
  1973   12    16.759
  1974   01    18.827
  1974   02    19.760
  1974   03    20.089
  1974   04    19.545
  1974   05    17.527
  1974   06    15.310
  1974   07    12.431
  1974   08     9.298
  1974   09     9.698
  1974   10    11.689
  1974   11    14.054
  1974   12    17.000
  1975   01    18.687
  1975   02    19.866
  1975   03    20.190
  1975   04    19.746
  1975   05    18.225
  1975   06    15.830
  1975   07    11.426
  1975   08     9.893
  1975   09    10.026
  1975   10    12.090
  1975   11    14.081
  1975   12    16.920
  1976   01    18.641
  1976   02    19.644
  1976   03    19.816
  1976   04    18.874
  1976   05    16.855
  1976   06    14.322
  1976   07    11.866
  1976   08     9.550
  1976   09    10.021
  1976   10    11.758
  1976   11    14.160
  1976   12    16.621
  1977   01    18.190
  1977   02    19.347
  1977   03    19.561
  1977   04    19.129
  1977   05    17.534
  1977   06    14.283
  1977   07    11.849
  1977   08     9.802
  1977   09     9.437
  1977   10    11.307
  1977   11    13.985
  1977   12    16.506
  1978   01    18.005
  1978   02    18.756
  1978   03    18.997
  1978   04    18.347
  1978   05    16.858
  1978   06    14.213
  1978   07    11.133
  1978   08     9.541
  1978   09     9.559
  1978   10    11.142
  1978   11    13.896
  1978   12    16.555
  1979   01    17.965
  1979   02    18.472
  1979   03    18.658
  1979   04    18.317
  1979   05    17.056
  1979   06    14.980
  1979   07    12.582
  1979   08     9.498
  1979   09     9.997
  1979   10    12.013
  1979   11    14.410
  1979   12    16.233
  1980   01    17.792
  1980   02    18.779
  1980   03    19.118
  1980   04    18.166
  1980   05    16.679
  1980   06    14.275
  1980   07    11.903
  1980   08     9.627
  1980   09     9.929
  1980   10    11.963
  1980   11    14.275
  1980   12    16.530
  1981   01    17.867
  1981   02    18.549
  1981   03    18.901
  1981   04    18.085
  1981   05    16.126
  1981   06    14.090
  1981   07    10.924
  1981   08     9.168
  1981   09     8.935
  1981   10    11.115
  1981   11    13.105
  1981   12    15.149
  1982   01    16.630
  1982   02    17.410
  1982   03    17.872
  1982   04    17.611
  1982   05    16.182
  1982   06    13.287
  1982   07    11.611
  1982   08     9.293
  1982   09     9.504
  1982   10    11.486
  1982   11    13.280
  1982   12    15.452
  1983   01    16.819
  1983   02    17.397
  1983   03    17.639
  1983   04    17.125
  1983   05    16.000
  1983   06    14.056
  1983   07    11.858
  1983   08    10.006
  1983   09    10.229
  1983   10    11.986
  1983   11    13.749
  1983   12    16.020
  1984   01    16.901
  1984   02    17.703
  1984   03    17.966
  1984   04    17.636
  1984   05    15.775
  1984   06    14.065
  1984   07    11.980
  1984   08    10.102
  1984   09     9.902
  1984   10    11.833
  1984   11    13.944
  1984   12    15.703
  1985   01    16.643
  1985   02    17.487
  1985   03    17.758
  1985   04    17.186
  1985   05    16.247
  1985   06    13.802
  1985   07    11.470
  1985   08     9.373
  1985   09     9.110
  1985   10    11.690
  1985   11    13.990
  1985   12    16.203
  1986   01    17.340
  1986   02    18.092
  1986   03    18.551
  1986   04    18.192
  1986   05    16.154
  1986   06    14.287
  1986   07    11.559
  1986   08     9.126
  1986   09     9.355
  1986   10    11.717
  1986   11    13.967
  1986   12    15.964
  1987   01    17.220
  1987   02    17.831
  1987   03    18.107
  1987   04    17.469
  1987   05    15.725
  1987   06    13.424
  1987   07    11.213
  1987   08     9.291
  1987   09     9.183
  1987   10    11.025
  1987   11    13.071
  1987   12    15.132
  1988   01    16.419
  1988   02    17.565
  1988   03    17.850
  1988   04    17.304
  1988   05    15.481
  1988   06    13.562
  1988   07    10.767
  1988   08     8.320
  1988   09     8.548
  1988   10    10.953
  1988   11    12.934
  1988   12    14.925
  1989   01    16.252
  1989   02    17.233
  1989   03    17.407
  1989   04    16.996
  1989   05    15.170
  1989   06    13.588
  1989   07    10.946
  1989   08     8.926
  1989   09     9.225
  1989   10    11.325
  1989   11    13.439
  1989   12    15.212
  1990   01    16.795
  1990   02    17.578
  1990   03    17.834
  1990   04    17.038
  1990   05    15.222
  1990   06    13.816
  1990   07    11.365
  1990   08     8.681
  1990   09     8.476
  1990   10    10.307
  1990   11    12.825
  1990   12    14.799
  1991   01    16.581
  1991   02    17.274
  1991   03    17.334
  1991   04    16.979
  1991   05    15.488
  1991   06    13.457
  1991   07    10.484
  1991   08     7.659
  1991   09     7.693
  1991   10    10.144
  1991   11    12.684
  1991   12    14.145
  1992   01    15.590
  1992   02    16.737
  1992   03    17.153
  1992   04    16.676
  1992   05    14.845
  1992   06    13.405
  1992   07    10.813
  1992   08     7.989
  1992   09     8.072
  1992   10    10.793
  1992   11    13.205
  1992   12    15.268
  1993   01    16.396
  1993   02    16.999
  1993   03    16.889
  1993   04    16.505
  1993   05    15.379
  1993   06    13.644
  1993   07    10.434
  1993   08     9.566
  1993   09     9.717
  1993   10    10.815
  1993   11    12.760
  1993   12    15.131
  1994   01    16.588
  1994   02    17.654
  1994   03    17.957
  1994   04    17.176
  1994   05    15.852
  1994   06    13.331
  1994   07    10.236
  1994   08     7.970
  1994   09     8.111
  1994   10    10.470
  1994   11    12.924
  1994   12    15.052
  1995   01    16.794
  1995   02    17.375
  1995   03    17.447
  1995   04    16.271
  1995   05    14.909
  1995   06    12.779
  1995   07    10.436
  1995   08     8.111
  1995   09     7.693
  1995   10     9.595
  1995   11    12.051
  1995   12    14.466
  1996   01    15.757
  1996   02    16.836
  1996   03    16.969
  1996   04    16.392
  1996   05    14.994
  1996   06    13.150
  1996   07     9.120
  1996   08     6.597
  1996   09     7.097
  1996   10     9.772
  1996   11    12.018
  1996   12    14.097
  1997   01    15.854
  1997   02    16.479
  1997   03    16.693
  1997   04    16.322
  1997   05    15.283
  1997   06    12.763
  1997   07     9.946
  1997   08     8.271
  1997   09     7.790
  1997   10     9.421
  1997   11    12.151
  1997   12    13.996
  1998   01    15.374
  1998   02    16.086
  1998   03    16.402
  1998   04    15.505
  1998   05    14.313
  1998   06    12.139
  1998   07     8.824
  1998   08     7.063
  1998   09     7.587
  1998   10     9.314
  1998   11    12.150
  1998   12    14.073
  1999   01    15.248
  1999   02    15.994
  1999   03    16.290
  1999   04    15.950
  1999   05    14.671
  1999   06    12.698
  1999   07     9.783
  1999   08     7.828
  1999   09     7.414
  1999   10     9.487
  1999   11    11.764
  1999   12    14.520
  2000   01    15.342
  2000   02    15.959
  2000   03    16.255
  2000   04    15.850
  2000   05    14.850
  2000   06    12.377
  2000   07     9.594
  2000   08     7.817
  2000   09     8.052
  2000   10     9.995
  2000   11    12.078
  2000   12    14.306
  2001   01    15.577
  2001   02    16.318
  2001   03    16.374
  2001   04    16.115
  2001   05    14.907
  2001   06    13.422
  2001   07    10.736
  2001   08     9.342
  2001   09     9.275
  2001   10    11.240
  2001   11    12.490
  2001   12    14.615
  2002   01    15.982
  2002   02    16.418
  2002   03    16.500
  2002   04    16.218
  2002   05    14.661
  2002   06    13.009
  2002   07     9.934
  2002   08     7.923
  2002   09     7.927
  2002   10     9.485
  2002   11    11.931
  2002   12    14.458
  2003   01    15.670
  2003   02    16.184
  2003   03    15.913
  2003   04    15.491
  2003   05    14.096
  2003   06    11.942
  2003   07     9.470
  2003   08     7.150
  2003   09     6.980
  2003   10     9.289
  2003   11    11.048
  2003   12    13.201
  2004   01    14.307
  2004   02    15.143
  2004   03    15.501
  2004   04    15.067
  2004   05    13.642
  2004   06    11.749
  2004   07     8.086
  2004   08     6.302
  2004   09     6.683
  2004   10     8.762
  2004   11    11.323
  2004   12    13.614
  2005   01    14.618
  2005   02    15.347
  2005   03    15.439
  2005   04    15.038
  2005   05    13.751
  2005   06    12.128
  2005   07     9.110
  2005   08     6.917
  2005   09     7.008
  2005   10     8.901
  2005   11    11.068
  2005   12    13.080
  2006   01    14.555
  2006   02    15.033
  2006   03    15.369
  2006   04    14.618
  2006   05    13.279
  2006   06    11.785
  2006   07     8.786
  2006   08     7.203
  2006   09     7.644
  2006   10     9.700
  2006   11    11.608
  2006   12    12.960
  2007   01    13.941
  2007   02    14.688
  2007   03    14.638
  2007   04    14.234
  2007   05    13.210
  2007   06    11.079
  2007   07     8.095
  2007   08     5.914
  2007   09     6.141
  2007   10     8.337
  2007   11    10.585
  2007   12    12.672
  2008   01    14.023
  2008   02    14.944
  2008   03    15.025
  2008   04    14.603
  2008   05    13.326
  2008   06    11.033
  2008   07     8.049
  2008   08     6.384
  2008   09     6.172
  2008   10     8.158
  2008   11    10.121
  2008   12    12.794
  2009   01    14.191
  2009   02    14.867
  2009   03    14.977
  2009   04    14.371
  2009   05    12.918
  2009   06    10.592
  2009   07     7.046
  2009   08     5.854
  2009   09     5.651
  2009   10     7.690
  2009   11    10.247
  2009   12    12.355
  2010   01    13.824
  2010   02    14.571
  2010   03    14.683
  2010   04    14.201
  2010   05    13.264
  2010   06    11.393
  2010   07     7.512
  2010   08     5.635
  2010   09     5.787
  2010   10     7.532
  2010   11    10.732
  2010   12    12.514
  2011   01    13.911
  2011   02    14.834
  2011   03    14.603
  2011   04    14.034
  2011   05    12.871
  2011   06    10.891
  2011   07     7.751
  2011   08     5.530
  2011   09     5.166
  2011   10     6.980
  2011   11    10.451
  2011   12    12.447
  2012   01    13.751
  2012   02    14.486
  2012   03    14.323
  2012   04    13.915
  2012   05    12.828
  2012   06    10.519
  2012   07     7.242
  2012   08     5.621
  2012   09     5.386
  2012   10     7.276
  2012   11     9.892
  2012   12    12.395
  2013   01    13.675
  2013   02    14.236
  2013   03    14.235
  2013   04    13.985
  2013   05    12.752
  2013   06    10.195
  2013   07     6.697
  2013   08     5.403
  2013   09     5.506
  2013   10     6.818
  2013   11     9.695
  2013   12    12.325
  2014   01    13.645
  2014   02    14.118
  2014   03    14.172
  2014   04    13.902
  2014   05    12.893
  2014   06    10.906
  2014   07     7.476
  2014   08     5.648
  2014   09     5.678
  2014   10     7.565
  2014   11     9.999
  2014   12    11.966
  2015   01    13.249
  2015   02    13.781
  2015   03    13.964
  2015   04    13.486
  2015   05    12.225
  2015   06    10.840
  2015   07     7.725
  2015   08     5.714
  2015   09     5.561
  2015   10     7.483
  2015   11    10.314
  2015   12    12.137
  2016   01    12.985
  2016   02    13.542
  2016   03    13.486
  2016   04    12.911
  2016   05    11.683
  2016   06     9.996
  2016   07     7.206
  2016   08     5.914
  2016   09     5.602
  2016   10     7.235
  2016   11     9.119
  2016   12    11.656
  2017   01    12.696
  2017   02    13.436
  2017   03    13.788
  2017   04    13.364
  2017   05    12.222
  2017   06    10.198
  2017   07     7.739
  2017   08     5.666
  2017   09     6.065
  2017   10     7.620
  2017   11    10.242
  2017   12    12.432
  2018   01    13.207
  2018   02    13.573
  2018   03    13.849
  2018   04    13.459
  2018   05    12.109
  2018   06    10.193
  2018   07     7.195
  2018   08     5.704
  2018   09     5.219
  2018   10     6.822
  2018   11     9.882
  2018   12    12.217
  2019   01    13.509
  2019   02    13.951
  2019   03    14.174
  2019   04    13.476
  2019   05    12.186
  2019   06    10.228
  2019   07     7.237
  2019   08     5.804
  2019   09     6.000
  2019   10     7.151
  2019   11    10.110
  2019   12    12.363
  2020   01    13.332
  2020   02    14.264
  2020   03    14.144
  2020   04    13.896
  2020   05    12.846
  2020   06    10.897
  2020   07     7.791
  2020   08     4.964
  2020   09     5.080
  2020   10     7.135
  2020   11     9.950
  2020   12    12.424
  2021   01    13.317
  2021   02    13.769
  2021   03    14.097
  2021   04    13.799
  2021   05    12.502
  2021   06    10.546
  2021   07     7.638
  2021   08     5.608
  2021   09     5.161
  2021   10     7.118
  2021   11     9.876
  2021   12    12.083
  2022   01    13.447
  2022   02    13.981
  2022   03    14.228
  2022   04    13.778
  2022   05    12.211
  2022   06    10.006
  2022   07     7.487
  2022   08     5.559
  2022   09     5.964
  2022   10     7.204
  2022   11     9.430
  2022   12    11.787
  2023   01    13.275
  2023   02    13.856
  2023   03    13.936
  2023   04    13.347
  2023   05    12.017
  2023   06     9.923
  2023   07     7.249
  2023   08     5.573
  2023   09     5.244
  2023   10     7.001
  2023   11     9.589
  2023   12    11.399
  2024   01    12.724
  2024   02    13.540
  2024   03    13.863
  2024   04    13.650
  2024   05    12.748
  2024   06    10.576
  2024   07     7.802
  2024   08     5.236
  2024   09     5.240
  2024   10     7.277
  2024   11    10.101
  2024   12    12.323
  2025   01    13.355
  2025   02    13.949
  2025   03    14.201
  2025   04    13.963
  2025   05    12.586
  2025   06    10.609
  2025   07     7.614
  2025   08     5.430
  2025   09     5.491
  2025   10     7.991
  2025   11    10.295
  2025   12    12.515
  2026   01    13.429
  2026   02    14.258
  2026   03    14.494
  2026   04    13.773
  2026   05    12.463
  2026   06     9.863
  2026   07     6.662
  2026   08     4.286
  2026   09     4.400
  2026   10     6.545
  2026   11     9.496
  2026   12    11.457
  2027   01    13.061
  2027   02    14.031
  2027   03    14.231
  2027   04    13.950
  2027   05    12.659
  2027   06    10.928
  2027   07     6.542
  2027   08     3.883
  2027   09     4.377
  2027   10     6.028
  2027   11     9.547
  2027   12    11.725
  2028   01    13.224
  2028   02    13.933
  2028   03    14.241
  2028   04    13.964
  2028   05    13.079
  2028   06    10.067
  2028   07     6.357
  2028   08     3.490
  2028   09     3.633
  2028   10     6.020
  2028   11     8.919
  2028   12    12.012
  2029   01    13.300
  2029   02    13.809
  2029   03    14.152
  2029   04    13.714
  2029   05    12.591
  2029   06     9.692
  2029   07     6.527
  2029   08     4.013
  2029   09     4.012
  2029   10     5.516
  2029   11     8.831
  2029   12    11.224
  2030   01    13.124
  2030   02    14.016
  2030   03    14.247
  2030   04    13.749
  2030   05    12.279
  2030   06     9.644
  2030   07     6.880
  2030   08     4.387
  2030   09     4.384
  2030   10     6.636
  2030   11     9.439
  2030   12    11.420
  2031   01    12.734
  2031   02    13.935
  2031   03    14.262
  2031   04    13.932
  2031   05    12.744
  2031   06    10.602
  2031   07     6.429
  2031   08     4.349
  2031   09     4.035
  2031   10     6.219
  2031   11     9.065
  2031   12    11.416
  2032   01    13.338
  2032   02    13.976
  2032   03    14.210
  2032   04    13.548
  2032   05    12.553
  2032   06    10.125
  2032   07     7.572
  2032   08     5.230
  2032   09     4.941
  2032   10     6.738
  2032   11     9.279
  2032   12    11.988
  2033   01    13.535
  2033   02    14.154
  2033   03    14.535
  2033   04    13.902
  2033   05    12.684
  2033   06    10.217
  2033   07     6.134
  2033   08     3.281
  2033   09     3.448
  2033   10     5.549
  2033   11     8.397
  2033   12    11.745
  2034   01    13.035
  2034   02    13.860
  2034   03    14.054
  2034   04    13.657
  2034   05    12.507
  2034   06     9.583
  2034   07     6.533
  2034   08     4.014
  2034   09     3.595
  2034   10     5.793
  2034   11     8.752
  2034   12    11.354
  2035   01    12.659
  2035   02    13.319
  2035   03    13.645
  2035   04    13.511
  2035   05    12.228
  2035   06     9.741
  2035   07     5.883
  2035   08     2.019
  2035   09     1.888
  2035   10     4.497
  2035   11     7.972
  2035   12    10.983
  2036   01    12.849
  2036   02    13.590
  2036   03    13.641
  2036   04    13.332
  2036   05    11.937
  2036   06     9.169
  2036   07     6.053
  2036   08     2.343
  2036   09     1.453
  2036   10     5.561
  2036   11     8.879
  2036   12    11.141
  2037   01    12.648
  2037   02    13.167
  2037   03    13.311
  2037   04    12.990
  2037   05    11.600
  2037   06     9.683
  2037   07     6.143
  2037   08     2.868
  2037   09     1.910
  2037   10     5.543
  2037   11     8.641
  2037   12    11.171
  2038   01    12.837
  2038   02    13.464
  2038   03    13.661
  2038   04    13.172
  2038   05    11.856
  2038   06     9.166
  2038   07     6.697
  2038   08     3.982
  2038   09     3.499
  2038   10     5.744
  2038   11     8.292
  2038   12    11.173
  2039   01    12.672
  2039   02    13.218
  2039   03    13.509
  2039   04    12.973
  2039   05    12.039
  2039   06     8.583
  2039   07     6.010
  2039   08     2.180
  2039   09     1.399
  2039   10     4.709
  2039   11     8.301
  2039   12    10.980
  2040   01    12.720
  2040   02    13.080
  2040   03    13.000
  2040   04    12.864
  2040   05    11.908
  2040   06     9.501
  2040   07     6.017
  2040   08     2.924
  2040   09     2.397
  2040   10     5.135
  2040   11     8.343
  2040   12    10.709
  2041   01    12.538
  2041   02    13.216
  2041   03    13.387
  2041   04    13.004
  2041   05    11.755
  2041   06     9.531
  2041   07     6.117
  2041   08     2.384
  2041   09     2.249
  2041   10     5.412
  2041   11     8.567
  2041   12    11.197
  2042   01    13.026
  2042   02    13.351
  2042   03    13.323
  2042   04    12.953
  2042   05    11.762
  2042   06     9.294
  2042   07     6.270
  2042   08     1.372
  2042   09     0.933
  2042   10     5.857
  2042   11     8.247
  2042   12    11.006
  2043   01    12.527
  2043   02    13.001
  2043   03    13.367
  2043   04    13.351
  2043   05    12.188
  2043   06     9.311
  2043   07     6.339
  2043   08     2.314
  2043   09     2.086
  2043   10     5.745
  2043   11     8.718
  2043   12    11.307
  2044   01    12.629
  2044   02    12.952
  2044   03    13.453
  2044   04    12.981
  2044   05    11.493
  2044   06     9.505
  2044   07     5.575
  2044   08     1.903
  2044   09     1.791
  2044   10     4.824
  2044   11     8.806
  2044   12    11.864
  2045   01    13.033
  2045   02    13.484
  2045   03    13.908
  2045   04    13.315
  2045   05    11.732
  2045   06     9.307
  2045   07     6.254
  2045   08     3.236
  2045   09     1.456
  2045   10     5.097
  2045   11     8.527
  2045   12    11.292
  2046   01    12.819
  2046   02    13.595
  2046   03    13.614
  2046   04    13.251
  2046   05    12.209
  2046   06     8.603
  2046   07     4.716
  2046   08     1.042
  2046   09     0.534
  2046   10     3.775
  2046   11     7.272
  2046   12    10.541
  2047   01    12.775
  2047   02    13.464
  2047   03    13.368
  2047   04    13.173
  2047   05    11.705
  2047   06     8.880
  2047   07     5.256
  2047   08     0.797
  2047   09     0.215
  2047   10     2.796
  2047   11     7.244
  2047   12    10.498
  2048   01    12.103
  2048   02    12.981
  2048   03    13.437
  2048   04    12.615
  2048   05    11.233
  2048   06     7.797
  2048   07     4.966
  2048   08     1.715
  2048   09     1.425
  2048   10     3.522
  2048   11     6.126
  2048   12    10.181
  2049   01    12.400
  2049   02    13.195
  2049   03    13.302
  2049   04    12.813
  2049   05    11.491
  2049   06     8.681
  2049   07     4.435
  2049   08     0.781
  2049   09     0.401
  2049   10     3.212
  2049   11     8.837
  2049   12    11.282
  2050   01    13.015
  2050   02    13.949
  2050   03    14.059
  2050   04    13.516
  2050   05    12.164
  2050   06     9.836
  2050   07     5.937
  2050   08     1.798
  2050   09     1.498
  2050   10     4.463
  2050   11     8.138
  2050   12    11.183
  2051   01    12.903
  2051   02    13.391
  2051   03    13.648
  2051   04    13.088
  2051   05    12.061
  2051   06     9.647
  2051   07     6.058
  2051   08     1.833
  2051   09     0.934
  2051   10     4.791
  2051   11     8.514
  2051   12    11.080
  2052   01    12.744
  2052   02    13.395
  2052   03    13.585
  2052   04    13.238
  2052   05    11.813
  2052   06     9.439
  2052   07     5.857
  2052   08     1.354
  2052   09     1.772
  2052   10     4.904
  2052   11     8.947
  2052   12    11.114
  2053   01    12.712
  2053   02    13.334
  2053   03    13.427
  2053   04    13.095
  2053   05    11.733
  2053   06     9.054
  2053   07     4.382
  2053   08     1.329
  2053   09     0.799
  2053   10     3.084
  2053   11     7.665
  2053   12    10.401
  2054   01    12.236
  2054   02    13.287
  2054   03    13.582
  2054   04    13.118
  2054   05    11.673
  2054   06     8.379
  2054   07     5.140
  2054   08     1.771
  2054   09     1.536
  2054   10     3.678
  2054   11     7.146
  2054   12    10.216
  2055   01    11.769
  2055   02    12.866
  2055   03    13.261
  2055   04    12.896
  2055   05    11.570
  2055   06     8.312
  2055   07     5.191
  2055   08     0.645
  2055   09     0.531
  2055   10     2.562
  2055   11     6.242
  2055   12     9.702
  2056   01    11.714
  2056   02    12.827
  2056   03    12.936
  2056   04    12.444
  2056   05    11.338
  2056   06     7.982
  2056   07     3.690
  2056   08     0.014
  2056   09     0.002
  2056   10     1.902
  2056   11     6.576
  2056   12     9.940
  2057   01    12.175
  2057   02    13.033
  2057   03    13.148
  2057   04    12.675
  2057   05    11.530
  2057   06     8.670
  2057   07     5.564
  2057   08     1.799
  2057   09     1.258
  2057   10     4.982
  2057   11     8.229
  2057   12    10.186
  2058   01    11.975
  2058   02    12.831
  2058   03    12.937
  2058   04    12.587
  2058   05    11.485
  2058   06     8.678
  2058   07     5.829
  2058   08     0.785
  2058   09     0.126
  2058   10     3.855
  2058   11     7.888
  2058   12    10.467
  2059   01    12.140
  2059   02    12.924
  2059   03    12.965
  2059   04    12.450
  2059   05    10.727
  2059   06     8.735
  2059   07     5.500
  2059   08     1.029
  2059   09     0.142
  2059   10     3.776
  2059   11     7.841
  2059   12    10.162
  2060   01    12.128
  2060   02    12.773
  2060   03    12.912
  2060   04    12.173
  2060   05    10.823
  2060   06     7.697
  2060   07     4.107
  2060   08     0.329
  2060   09     0.368
  2060   10     1.581
  2060   11     4.769
  2060   12     8.582
  2061   01    11.084
  2061   02    12.137
  2061   03    12.572
  2061   04    12.201
  2061   05    10.682
  2061   06     6.964
  2061   07     3.310
  2061   08     0.239
  2061   09     0.107
  2061   10     1.153
  2061   11     4.494
  2061   12     8.494
  2062   01    11.718
  2062   02    12.376
  2062   03    12.314
  2062   04    12.019
  2062   05    10.924
  2062   06     7.383
  2062   07     2.374
  2062   08     0.063
  2062   09     0.030
  2062   10     0.548
  2062   11     4.216
  2062   12     9.386
  2063   01    11.393
  2063   02    12.329
  2063   03    12.403
  2063   04    11.967
  2063   05    10.614
  2063   06     8.019
  2063   07     2.737
  2063   08     0.250
  2063   09     0.093
  2063   10     0.828
  2063   11     4.183
  2063   12     8.547
  2064   01    11.049
  2064   02    12.250
  2064   03    12.752
  2064   04    12.328
  2064   05    10.800
  2064   06     7.860
  2064   07     3.310
  2064   08     0.389
  2064   09     0.223
  2064   10     1.562
  2064   11     5.251
  2064   12     9.000
  2065   01    10.797
  2065   02    11.791
  2065   03    12.176
  2065   04    11.528
  2065   05    10.384
  2065   06     8.014
  2065   07     3.638
  2065   08     0.045
  2065   09     0.012
  2065   10     1.579
  2065   11     5.712
  2065   12     9.235
  2066   01    11.100
  2066   02    11.941
  2066   03    12.450
  2066   04    11.565
  2066   05    10.385
  2066   06     7.295
  2066   07     2.511
  2066   08     0.016
  2066   09     0.005
  2066   10     0.358
  2066   11     2.944
  2066   12     8.803
  2067   01    10.987
  2067   02    12.396
  2067   03    12.566
  2067   04    11.813
  2067   05    11.082
  2067   06     7.902
  2067   07     3.027
  2067   08     0.028
  2067   09     0.026
  2067   10     0.840
  2067   11     4.047
  2067   12     8.207
  2068   01    10.940
  2068   02    12.325
  2068   03    12.423
  2068   04    11.877
  2068   05    10.372
  2068   06     6.996
  2068   07     1.727
  2068   08     0.092
  2068   09     0.046
  2068   10     0.304
  2068   11     3.028
  2068   12     8.026
  2069   01    10.966
  2069   02    12.080
  2069   03    12.440
  2069   04    11.629
  2069   05    10.520
  2069   06     7.574
  2069   07     4.121
  2069   08     0.023
  2069   09     0.001
  2069   10     0.498
  2069   11     4.865
  2069   12     8.515
  2070   01    10.713
  2070   02    11.983
  2070   03    12.255
  2070   04    11.810
  2070   05    11.011
  2070   06     8.126
  2070   07     3.528
  2070   08     0.003
  2070   09     0.002
  2070   10     0.798
  2070   11     4.487
  2070   12     8.581
  2071   01    10.524
  2071   02    11.868
  2071   03    12.268
  2071   04    11.795
  2071   05    10.648
  2071   06     7.563
  2071   07     4.040
  2071   08     0.239
  2071   09     0.003
  2071   10     1.592
  2071   11     4.582
  2071   12     8.669
  2072   01    10.513
  2072   02    11.886
  2072   03    12.587
  2072   04    12.071
  2072   05    10.893
  2072   06     7.496
  2072   07     3.378
  2072   08     0.015
  2072   09     0.014
  2072   10     0.901
  2072   11     4.784
  2072   12     8.610
  2073   01    10.945
  2073   02    12.202
  2073   03    12.394
  2073   04    12.030
  2073   05    10.587
  2073   06     7.515
  2073   07     2.240
  2073   08     0.041
  2073   09     0.018
  2073   10     0.395
  2073   11     4.882
  2073   12     8.891
  2074   01    11.325
  2074   02    12.348
  2074   03    12.677
  2074   04    12.328
  2074   05    11.115
  2074   06     7.282
  2074   07     3.927
  2074   08     0.079
  2074   09     0.022
  2074   10     1.039
  2074   11     4.934
  2074   12     8.419
  2075   01    10.796
  2075   02    11.968
  2075   03    12.431
  2075   04    11.923
  2075   05    10.750
  2075   06     7.028
  2075   07     2.326
  2075   08     0.067
  2075   09     0.046
  2075   10     0.512
  2075   11     1.645
  2075   12     6.539
  2076   01    10.551
  2076   02    11.537
  2076   03    11.935
  2076   04    11.832
  2076   05    10.595
  2076   06     7.494
  2076   07     1.880
  2076   08     0.007
  2076   09     0.007
  2076   10     0.423
  2076   11     4.806
  2076   12     8.457
  2077   01    10.597
  2077   02    11.396
  2077   03    11.869
  2077   04    11.309
  2077   05     9.997
  2077   06     6.416
  2077   07     2.888
  2077   08     0.020
  2077   09     0.020
  2077   10     0.671
  2077   11     3.711
  2077   12     7.465
  2078   01    10.209
  2078   02    11.222
  2078   03    11.779
  2078   04    11.348
  2078   05    10.443
  2078   06     6.329
  2078   07     2.335
  2078   08     0.005
  2078   09     0.001
  2078   10     0.049
  2078   11     2.302
  2078   12     6.728
  2079   01     9.250
  2079   02    11.099
  2079   03    11.931
  2079   04    11.520
  2079   05    10.029
  2079   06     6.232
  2079   07     0.455
  2079   08     0.001
  2079   09     0.000
  2079   10     0.022
  2079   11     1.059
  2079   12     6.455
  2080   01     9.766
  2080   02    11.244
  2080   03    11.705
  2080   04    11.395
  2080   05     9.388
  2080   06     5.736
  2080   07     2.361
  2080   08     0.010
  2080   09     0.003
  2080   10     0.113
  2080   11     3.228
  2080   12     7.782
  2081   01    10.392
  2081   02    11.497
  2081   03    12.384
  2081   04    12.109
  2081   05    10.967
  2081   06     7.074
  2081   07     1.897
  2081   08     0.017
  2081   09     0.008
  2081   10     0.166
  2081   11     2.029
  2081   12     8.476
  2082   01    10.759
  2082   02    11.974
  2082   03    12.685
  2082   04    12.594
  2082   05    11.230
  2082   06     7.965
  2082   07     2.198
  2082   08     0.039
  2082   09     0.160
  2082   10     0.618
  2082   11     2.602
  2082   12     6.983
  2083   01    10.380
  2083   02    11.726
  2083   03    12.597
  2083   04    12.370
  2083   05    11.053
  2083   06     7.843
  2083   07     2.039
  2083   08     0.009
  2083   09     0.039
  2083   10     0.394
  2083   11     3.246
  2083   12     8.428
  2084   01    10.408
  2084   02    11.697
  2084   03    11.705
  2084   04    11.523
  2084   05    10.150
  2084   06     7.220
  2084   07     3.106
  2084   08     0.034
  2084   09     0.027
  2084   10     0.490
  2084   11     5.341
  2084   12     8.125
  2085   01    10.218
  2085   02    11.629
  2085   03    11.894
  2085   04    11.663
  2085   05    10.523
  2085   06     6.833
  2085   07     2.155
  2085   08     0.020
  2085   09     0.008
  2085   10     0.301
  2085   11     1.810
  2085   12     6.413
  2086   01     9.835
  2086   02    10.950
  2086   03    11.414
  2086   04    11.046
  2086   05     9.411
  2086   06     5.652
  2086   07     1.896
  2086   08     0.022
  2086   09     0.007
  2086   10     0.107
  2086   11     2.119
  2086   12     6.175
  2087   01     9.041
  2087   02    10.393
  2087   03    11.097
  2087   04    10.792
  2087   05     9.691
  2087   06     5.848
  2087   07     1.209
  2087   08     0.002
  2087   09     0.000
  2087   10     0.133
  2087   11     1.386
  2087   12     6.531
  2088   01     8.789
  2088   02    10.051
  2088   03    10.840
  2088   04    10.579
  2088   05     9.189
  2088   06     4.851
  2088   07     0.149
  2088   08     0.000
  2088   09     0.000
  2088   10     0.029
  2088   11     0.560
  2088   12     4.851
  2089   01     8.221
  2089   02     9.600
  2089   03    10.360
  2089   04    10.396
  2089   05     7.981
  2089   06     4.124
  2089   07     0.035
  2089   08     0.000
  2089   09     0.000
  2089   10     0.054
  2089   11     0.450
  2089   12     4.797
  2090   01     8.367
  2090   02    10.588
  2090   03    11.377
  2090   04    10.953
  2090   05     9.015
  2090   06     4.926
  2090   07     0.525
  2090   08     0.001
  2090   09     0.000
  2090   10     0.012
  2090   11     0.670
  2090   12     4.847
  2091   01     8.964
  2091   02    10.944
  2091   03    11.627
  2091   04    11.055
  2091   05     9.329
  2091   06     5.469
  2091   07     1.110
  2091   08     0.008
  2091   09     0.000
  2091   10     0.171
  2091   11     1.370
  2091   12     4.253
  2092   01     8.442
  2092   02    10.802
  2092   03    11.299
  2092   04    10.768
  2092   05     9.685
  2092   06     5.293
  2092   07     0.012
  2092   08     0.000
  2092   09     0.000
  2092   10     0.000
  2092   11     0.241
  2092   12     5.283
  2093   01     9.154
  2093   02    10.569
  2093   03    11.120
  2093   04    10.931
  2093   05     8.998
  2093   06     5.786
  2093   07     1.435
  2093   08     0.011
  2093   09     0.007
  2093   10     0.024
  2093   11     0.863
  2093   12     6.078
  2094   01     9.090
  2094   02    10.402
  2094   03    11.120
  2094   04    10.784
  2094   05     9.280
  2094   06     6.297
  2094   07     0.216
  2094   08     0.005
  2094   09     0.000
  2094   10     0.069
  2094   11     0.752
  2094   12     6.303
  2095   01     8.626
  2095   02    10.013
  2095   03    10.675
  2095   04    10.734
  2095   05     9.585
  2095   06     5.712
  2095   07     0.259
  2095   08     0.008
  2095   09     0.005
  2095   10     0.080
  2095   11     1.161
  2095   12     6.036
  2096   01     9.109
  2096   02    10.143
  2096   03    10.662
  2096   04    10.228
  2096   05     8.397
  2096   06     4.198
  2096   07     0.041
  2096   08     0.000
  2096   09     0.000
  2096   10     0.000
  2096   11     0.562
  2096   12     3.661
  2097   01     8.077
  2097   02     9.560
  2097   03     9.963
  2097   04     9.559
  2097   05     7.909
  2097   06     3.999
  2097   07     0.316
  2097   08     0.017
  2097   09     0.012
  2097   10     0.053
  2097   11     0.484
  2097   12     2.506
  2098   01     5.697
  2098   02     8.486
  2098   03     9.069
  2098   04     8.869
  2098   05     7.304
  2098   06     3.370
  2098   07     0.000
  2098   08     0.000
  2098   09     0.000
  2098   10     0.002
  2098   11     0.155
  2098   12     1.403
  2099   01     5.963
  2099   02     8.918
  2099   03     9.859
  2099   04     9.609
  2099   05     7.893
  2099   06     3.861
  2099   07     0.003
  2099   08     0.000
  2099   09     0.000
  2099   10     0.035
  2099   11     0.232
  2099   12     2.440
  2100   01     7.314
  2100   02     9.424
  2100   03    10.351
  2100   04     9.986
  2100   05     7.894
  2100   06     4.901
  2100   07     0.268
  2100   08     0.009
  2100   09     0.003
  2100   10     0.082
  2100   11     0.433
  2100   12     2.701
