  1850   01    14.764
  1850   02    15.584
  1850   03    15.707
  1850   04    15.220
  1850   05    14.034
  1850   06    12.750
  1850   07    10.272
  1850   08     7.149
  1850   09     6.637
  1850   10     8.830
  1850   11    11.305
  1850   12    13.700
  1851   01    14.919
  1851   02    15.839
  1851   03    16.178
  1851   04    15.575
  1851   05    14.578
  1851   06    12.955
  1851   07    10.851
  1851   08     8.499
  1851   09     7.538
  1851   10     9.397
  1851   11    11.231
  1851   12    13.818
  1852   01    14.998
  1852   02    15.853
  1852   03    16.058
  1852   04    15.617
  1852   05    14.412
  1852   06    12.782
  1852   07     9.828
  1852   08     7.718
  1852   09     7.304
  1852   10     8.593
  1852   11    11.178
  1852   12    13.865
  1853   01    15.340
  1853   02    16.026
  1853   03    16.036
  1853   04    15.542
  1853   05    14.631
  1853   06    13.204
  1853   07    10.756
  1853   08     8.185
  1853   09     7.516
  1853   10     9.350
  1853   11    11.565
  1853   12    14.148
  1854   01    15.361
  1854   02    16.066
  1854   03    16.019
  1854   04    15.531
  1854   05    14.755
  1854   06    12.866
  1854   07    10.899
  1854   08     8.852
  1854   09     8.095
  1854   10     9.001
  1854   11    11.412
  1854   12    13.700
  1855   01    14.972
  1855   02    15.789
  1855   03    15.984
  1855   04    15.385
  1855   05    14.433
  1855   06    12.592
  1855   07    10.153
  1855   08     7.800
  1855   09     7.254
  1855   10     8.924
  1855   11    11.092
  1855   12    13.473
  1856   01    15.028
  1856   02    15.663
  1856   03    16.144
  1856   04    15.633
  1856   05    14.832
  1856   06    13.071
  1856   07    11.052
  1856   08     8.491
  1856   09     7.750
  1856   10     9.549
  1856   11    11.704
  1856   12    13.903
  1857   01    15.047
  1857   02    15.764
  1857   03    15.950
  1857   04    15.622
  1857   05    14.637
  1857   06    13.035
  1857   07    11.244
  1857   08     8.648
  1857   09     8.157
  1857   10     9.863
  1857   11    11.490
  1857   12    13.473
  1858   01    14.881
  1858   02    15.621
  1858   03    15.674
  1858   04    15.324
  1858   05    14.326
  1858   06    12.638
  1858   07    10.884
  1858   08     8.870
  1858   09     8.070
  1858   10     9.367
  1858   11    11.654
  1858   12    13.849
  1859   01    14.901
  1859   02    15.576
  1859   03    15.934
  1859   04    15.520
  1859   05    14.550
  1859   06    12.750
  1859   07    10.605
  1859   08     8.002
  1859   09     7.334
  1859   10     9.207
  1859   11    11.736
  1859   12    13.692
  1860   01    14.957
  1860   02    15.675
  1860   03    15.709
  1860   04    15.169
  1860   05    14.582
  1860   06    12.867
  1860   07    10.509
  1860   08     8.291
  1860   09     7.505
  1860   10     8.865
  1860   11    11.087
  1860   12    13.358
  1861   01    14.747
  1861   02    15.615
  1861   03    15.785
  1861   04    15.352
  1861   05    14.340
  1861   06    12.598
  1861   07    10.054
  1861   08     8.008
  1861   09     7.445
  1861   10     8.429
  1861   11    11.031
  1861   12    13.418
  1862   01    14.878
  1862   02    15.393
  1862   03    15.535
  1862   04    15.106
  1862   05    14.181
  1862   06    12.595
  1862   07    10.213
  1862   08     7.553
  1862   09     7.288
  1862   10     9.387
  1862   11    11.438
  1862   12    13.934
  1863   01    15.053
  1863   02    15.848
  1863   03    16.056
  1863   04    15.644
  1863   05    14.780
  1863   06    12.952
  1863   07    10.471
  1863   08     8.438
  1863   09     7.725
  1863   10     9.336
  1863   11    11.448
  1863   12    13.961
  1864   01    15.185
  1864   02    15.949
  1864   03    15.922
  1864   04    15.595
  1864   05    14.468
  1864   06    12.730
  1864   07    10.073
  1864   08     8.060
  1864   09     7.552
  1864   10     8.552
  1864   11    10.996
  1864   12    13.837
  1865   01    14.974
  1865   02    15.583
  1865   03    15.802
  1865   04    15.382
  1865   05    14.330
  1865   06    12.452
  1865   07    10.363
  1865   08     7.604
  1865   09     6.798
  1865   10     8.952
  1865   11    11.118
  1865   12    13.525
  1866   01    14.766
  1866   02    15.461
  1866   03    15.699
  1866   04    14.813
  1866   05    13.770
  1866   06    12.144
  1866   07    10.439
  1866   08     7.898
  1866   09     7.336
  1866   10     8.511
  1866   11    11.024
  1866   12    13.245
  1867   01    14.227
  1867   02    15.414
  1867   03    15.858
  1867   04    15.358
  1867   05    14.332
  1867   06    12.622
  1867   07     9.800
  1867   08     7.667
  1867   09     6.680
  1867   10     8.562
  1867   11    11.091
  1867   12    13.239
  1868   01    14.496
  1868   02    15.371
  1868   03    15.544
  1868   04    15.099
  1868   05    14.063
  1868   06    12.551
  1868   07    10.089
  1868   08     7.834
  1868   09     7.209
  1868   10     8.460
  1868   11    11.092
  1868   12    13.684
  1869   01    14.970
  1869   02    15.589
  1869   03    15.677
  1869   04    15.592
  1869   05    14.910
  1869   06    12.935
  1869   07    10.726
  1869   08     8.219
  1869   09     7.652
  1869   10     9.284
  1869   11    11.138
  1869   12    13.736
  1870   01    15.234
  1870   02    15.858
  1870   03    16.020
  1870   04    15.714
  1870   05    14.879
  1870   06    12.905
  1870   07    10.186
  1870   08     7.761
  1870   09     7.217
  1870   10     9.285
  1870   11    11.766
  1870   12    13.869
  1871   01    15.179
  1871   02    15.991
  1871   03    16.300
  1871   04    15.963
  1871   05    14.818
  1871   06    12.716
  1871   07    10.737
  1871   08     8.487
  1871   09     7.830
  1871   10     9.481
  1871   11    11.625
  1871   12    14.244
  1872   01    15.327
  1872   02    15.902
  1872   03    16.077
  1872   04    15.613
  1872   05    14.730
  1872   06    13.102
  1872   07    10.228
  1872   08     7.985
  1872   09     7.580
  1872   10     9.166
  1872   11    11.273
  1872   12    13.992
  1873   01    15.250
  1873   02    16.001
  1873   03    16.186
  1873   04    15.772
  1873   05    14.802
  1873   06    13.052
  1873   07    10.772
  1873   08     7.889
  1873   09     7.323
  1873   10     9.016
  1873   11    11.782
  1873   12    13.982
  1874   01    15.350
  1874   02    15.895
  1874   03    16.084
  1874   04    15.714
  1874   05    14.577
  1874   06    13.019
  1874   07    10.838
  1874   08     8.592
  1874   09     7.510
  1874   10     9.311
  1874   11    11.663
  1874   12    14.067
  1875   01    15.278
  1875   02    16.038
  1875   03    16.240
  1875   04    15.958
  1875   05    15.184
  1875   06    13.331
  1875   07    10.892
  1875   08     8.400
  1875   09     7.528
  1875   10     9.299
  1875   11    11.583
  1875   12    14.326
  1876   01    15.509
  1876   02    16.283
  1876   03    16.524
  1876   04    15.739
  1876   05    14.618
  1876   06    13.085
  1876   07    10.766
  1876   08     8.334
  1876   09     7.528
  1876   10     9.259
  1876   11    11.613
  1876   12    14.133
  1877   01    15.348
  1877   02    16.320
  1877   03    16.653
  1877   04    16.362
  1877   05    15.073
  1877   06    13.084
  1877   07    10.849
  1877   08     8.372
  1877   09     7.702
  1877   10     9.535
  1877   11    11.443
  1877   12    14.155
  1878   01    15.368
  1878   02    16.239
  1878   03    16.558
  1878   04    15.995
  1878   05    15.194
  1878   06    13.378
  1878   07    11.006
  1878   08     8.478
  1878   09     7.904
  1878   10     9.524
  1878   11    11.708
  1878   12    14.030
  1879   01    15.215
  1879   02    15.918
  1879   03    16.373
  1879   04    16.009
  1879   05    15.025
  1879   06    13.348
  1879   07    10.963
  1879   08     8.487
  1879   09     7.960
  1879   10     9.770
  1879   11    12.190
  1879   12    14.467
  1880   01    15.738
  1880   02    16.346
  1880   03    16.546
  1880   04    15.985
  1880   05    14.536
  1880   06    12.718
  1880   07    11.109
  1880   08     9.025
  1880   09     8.428
  1880   10     9.976
  1880   11    12.193
  1880   12    14.460
  1881   01    15.622
  1881   02    16.193
  1881   03    16.350
  1881   04    16.050
  1881   05    14.952
  1881   06    13.333
  1881   07    11.328
  1881   08     9.174
  1881   09     8.708
  1881   10    10.101
  1881   11    11.880
  1881   12    14.310
  1882   01    15.465
  1882   02    16.337
  1882   03    16.425
  1882   04    15.993
  1882   05    15.081
  1882   06    13.245
  1882   07    11.350
  1882   08     9.050
  1882   09     8.373
  1882   10    10.186
  1882   11    12.181
  1882   12    14.343
  1883   01    15.662
  1883   02    16.555
  1883   03    16.640
  1883   04    16.107
  1883   05    15.106
  1883   06    13.001
  1883   07    10.452
  1883   08     8.579
  1883   09     8.012
  1883   10     9.624
  1883   11    11.782
  1883   12    14.366
  1884   01    15.690
  1884   02    16.446
  1884   03    16.726
  1884   04    16.617
  1884   05    15.206
  1884   06    13.503
  1884   07    11.378
  1884   08     8.502
  1884   09     8.025
  1884   10     9.954
  1884   11    12.576
  1884   12    14.472
  1885   01    15.499
  1885   02    16.602
  1885   03    16.919
  1885   04    16.484
  1885   05    15.483
  1885   06    13.442
  1885   07    10.847
  1885   08     8.387
  1885   09     7.780
  1885   10     9.522
  1885   11    11.997
  1885   12    14.697
  1886   01    15.994
  1886   02    16.860
  1886   03    16.894
  1886   04    16.491
  1886   05    15.334
  1886   06    13.440
  1886   07    11.397
  1886   08     9.107
  1886   09     8.528
  1886   10     9.861
  1886   11    12.452
  1886   12    14.459
  1887   01    15.727
  1887   02    16.550
  1887   03    16.761
  1887   04    16.259
  1887   05    15.174
  1887   06    13.542
  1887   07    11.562
  1887   08     9.477
  1887   09     8.646
  1887   10     9.871
  1887   11    11.869
  1887   12    14.328
  1888   01    15.626
  1888   02    16.677
  1888   03    16.972
  1888   04    16.507
  1888   05    15.298
  1888   06    13.473
  1888   07    11.090
  1888   08     8.844
  1888   09     8.412
  1888   10    10.197
  1888   11    11.959
  1888   12    14.625
  1889   01    15.796
  1889   02    16.527
  1889   03    16.858
  1889   04    16.411
  1889   05    15.122
  1889   06    13.129
  1889   07    10.816
  1889   08     8.555
  1889   09     7.586
  1889   10     9.881
  1889   11    11.895
  1889   12    14.254
  1890   01    15.500
  1890   02    16.224
  1890   03    16.460
  1890   04    15.984
  1890   05    14.838
  1890   06    13.209
  1890   07    11.344
  1890   08     8.156
  1890   09     7.698
  1890   10     9.529
  1890   11    11.677
  1890   12    14.205
  1891   01    15.352
  1891   02    16.021
  1891   03    16.180
  1891   04    15.691
  1891   05    14.928
  1891   06    12.910
  1891   07    10.735
  1891   08     8.636
  1891   09     7.792
  1891   10     9.637
  1891   11    11.459
  1891   12    13.873
  1892   01    15.333
  1892   02    15.940
  1892   03    16.276
  1892   04    15.707
  1892   05    14.288
  1892   06    12.734
  1892   07    10.815
  1892   08     8.080
  1892   09     7.245
  1892   10     9.364
  1892   11    11.985
  1892   12    14.118
  1893   01    15.089
  1893   02    15.888
  1893   03    16.277
  1893   04    15.746
  1893   05    14.357
  1893   06    12.785
  1893   07    10.675
  1893   08     7.695
  1893   09     7.485
  1893   10     9.194
  1893   11    11.351
  1893   12    13.784
  1894   01    15.123
  1894   02    15.770
  1894   03    15.704
  1894   04    15.040
  1894   05    13.804
  1894   06    12.649
  1894   07    10.606
  1894   08     7.936
  1894   09     7.310
  1894   10     9.696
  1894   11    11.274
  1894   12    13.527
  1895   01    14.883
  1895   02    15.588
  1895   03    15.684
  1895   04    15.210
  1895   05    14.406
  1895   06    12.774
  1895   07    10.295
  1895   08     7.819
  1895   09     7.058
  1895   10     9.052
  1895   11    11.346
  1895   12    13.805
  1896   01    15.157
  1896   02    15.987
  1896   03    16.276
  1896   04    15.829
  1896   05    14.800
  1896   06    13.049
  1896   07    10.633
  1896   08     8.232
  1896   09     7.558
  1896   10     9.175
  1896   11    11.681
  1896   12    14.067
  1897   01    15.232
  1897   02    15.788
  1897   03    15.767
  1897   04    15.351
  1897   05    14.646
  1897   06    13.195
  1897   07    10.613
  1897   08     8.095
  1897   09     7.688
  1897   10     9.638
  1897   11    11.591
  1897   12    13.988
  1898   01    15.104
  1898   02    15.647
  1898   03    15.612
  1898   04    14.756
  1898   05    13.687
  1898   06    12.547
  1898   07    10.295
  1898   08     8.151
  1898   09     7.956
  1898   10     9.439
  1898   11    11.510
  1898   12    13.683
  1899   01    14.791
  1899   02    15.502
  1899   03    15.694
  1899   04    15.450
  1899   05    14.157
  1899   06    12.685
  1899   07    10.329
  1899   08     8.374
  1899   09     7.748
  1899   10     8.951
  1899   11    11.166
  1899   12    13.627
  1900   01    14.811
  1900   02    15.697
  1900   03    15.954
  1900   04    15.448
  1900   05    14.199
  1900   06    12.477
  1900   07    10.463
  1900   08     7.473
  1900   09     6.926
  1900   10     8.802
  1900   11    11.333
  1900   12    14.094
  1901   01    15.049
  1901   02    15.812
  1901   03    16.083
  1901   04    15.579
  1901   05    14.535
  1901   06    12.803
  1901   07    10.976
  1901   08     8.598
  1901   09     7.536
  1901   10     9.156
  1901   11    11.782
  1901   12    13.896
  1902   01    15.396
  1902   02    16.313
  1902   03    16.425
  1902   04    16.213
  1902   05    15.416
  1902   06    13.541
  1902   07    10.826
  1902   08     8.541
  1902   09     7.462
  1902   10     9.566
  1902   11    11.825
  1902   12    14.312
  1903   01    15.306
  1903   02    16.140
  1903   03    16.445
  1903   04    15.968
  1903   05    15.114
  1903   06    13.326
  1903   07    10.820
  1903   08     8.737
  1903   09     8.226
  1903   10     9.768
  1903   11    11.904
  1903   12    14.064
  1904   01    15.358
  1904   02    15.952
  1904   03    16.303
  1904   04    15.905
  1904   05    14.675
  1904   06    13.374
  1904   07    11.526
  1904   08     8.911
  1904   09     8.397
  1904   10     9.510
  1904   11    11.648
  1904   12    14.244
  1905   01    15.097
  1905   02    15.697
  1905   03    15.997
  1905   04    15.499
  1905   05    14.058
  1905   06    12.408
  1905   07    10.023
  1905   08     8.050
  1905   09     7.557
  1905   10     9.005
  1905   11    11.069
  1905   12    13.599
  1906   01    14.744
  1906   02    15.623
  1906   03    15.966
  1906   04    15.425
  1906   05    14.172
  1906   06    12.722
  1906   07    10.393
  1906   08     8.145
  1906   09     7.794
  1906   10     9.328
  1906   11    11.708
  1906   12    13.494
  1907   01    14.942
  1907   02    15.667
  1907   03    15.852
  1907   04    15.204
  1907   05    14.259
  1907   06    12.260
  1907   07    10.295
  1907   08     8.270
  1907   09     7.574
  1907   10     8.941
  1907   11    10.895
  1907   12    13.477
  1908   01    14.794
  1908   02    15.658
  1908   03    15.863
  1908   04    15.404
  1908   05    14.691
  1908   06    12.894
  1908   07    10.504
  1908   08     7.811
  1908   09     7.433
  1908   10     9.174
  1908   11    11.515
  1908   12    13.704
  1909   01    14.833
  1909   02    15.623
  1909   03    15.758
  1909   04    15.151
  1909   05    14.378
  1909   06    12.772
  1909   07    10.264
  1909   08     7.927
  1909   09     7.386
  1909   10     9.187
  1909   11    11.246
  1909   12    13.936
  1910   01    15.044
  1910   02    15.860
  1910   03    15.993
  1910   04    15.461
  1910   05    14.590
  1910   06    12.746
  1910   07    10.805
  1910   08     7.904
  1910   09     7.199
  1910   10     8.520
  1910   11    11.018
  1910   12    13.611
  1911   01    14.978
  1911   02    16.035
  1911   03    16.368
  1911   04    15.786
  1911   05    14.611
  1911   06    12.846
  1911   07    10.731
  1911   08     8.553
  1911   09     8.085
  1911   10     9.698
  1911   11    11.635
  1911   12    13.900
  1912   01    15.221
  1912   02    15.739
  1912   03    15.587
  1912   04    15.070
  1912   05    14.081
  1912   06    12.892
  1912   07    10.642
  1912   08     8.296
  1912   09     7.605
  1912   10     9.659
  1912   11    11.405
  1912   12    13.911
  1913   01    14.963
  1913   02    15.750
  1913   03    16.053
  1913   04    15.475
  1913   05    14.373
  1913   06    12.813
  1913   07    10.782
  1913   08     8.243
  1913   09     7.240
  1913   10     9.132
  1913   11    11.399
  1913   12    13.864
  1914   01    15.127
  1914   02    16.125
  1914   03    16.180
  1914   04    15.626
  1914   05    14.720
  1914   06    13.040
  1914   07    11.126
  1914   08     8.640
  1914   09     7.849
  1914   10     9.460
  1914   11    11.806
  1914   12    14.300
  1915   01    15.107
  1915   02    15.691
  1915   03    16.006
  1915   04    15.131
  1915   05    14.211
  1915   06    12.648
  1915   07    11.169
  1915   08     8.715
  1915   09     8.436
  1915   10     9.554
  1915   11    11.681
  1915   12    14.052
  1916   01    15.195
  1916   02    16.003
  1916   03    16.167
  1916   04    15.840
  1916   05    14.905
  1916   06    13.236
  1916   07    10.504
  1916   08     8.582
  1916   09     7.762
  1916   10     9.394
  1916   11    12.098
  1916   12    14.444
  1917   01    15.683
  1917   02    16.410
  1917   03    16.423
  1917   04    15.820
  1917   05    14.868
  1917   06    13.254
  1917   07    10.929
  1917   08     7.874
  1917   09     7.172
  1917   10     9.214
  1917   11    11.614
  1917   12    14.059
  1918   01    15.361
  1918   02    16.118
  1918   03    16.251
  1918   04    15.749
  1918   05    14.530
  1918   06    12.799
  1918   07    10.631
  1918   08     8.311
  1918   09     7.755
  1918   10     9.518
  1918   11    11.841
  1918   12    14.062
  1919   01    15.174
  1919   02    16.050
  1919   03    16.354
  1919   04    15.836
  1919   05    15.041
  1919   06    12.889
  1919   07    10.465
  1919   08     8.330
  1919   09     7.953
  1919   10     9.329
  1919   11    11.797
  1919   12    14.147
  1920   01    15.259
  1920   02    16.113
  1920   03    16.542
  1920   04    16.288
  1920   05    15.004
  1920   06    13.354
  1920   07    11.514
  1920   08     8.592
  1920   09     7.369
  1920   10     9.442
  1920   11    11.541
  1920   12    14.199
  1921   01    15.598
  1921   02    16.470
  1921   03    16.221
  1921   04    15.595
  1921   05    14.718
  1921   06    12.797
  1921   07    11.100
  1921   08     8.122
  1921   09     7.480
  1921   10     9.271
  1921   11    11.683
  1921   12    14.310
  1922   01    15.382
  1922   02    16.158
  1922   03    16.273
  1922   04    16.000
  1922   05    15.160
  1922   06    13.321
  1922   07    10.867
  1922   08     8.869
  1922   09     8.445
  1922   10     9.903
  1922   11    12.002
  1922   12    14.574
  1923   01    15.483
  1923   02    16.192
  1923   03    16.461
  1923   04    15.981
  1923   05    14.973
  1923   06    13.431
  1923   07    10.909
  1923   08     9.121
  1923   09     8.440
  1923   10     9.985
  1923   11    12.220
  1923   12    14.340
  1924   01    15.438
  1924   02    16.198
  1924   03    16.522
  1924   04    16.147
  1924   05    15.247
  1924   06    13.365
  1924   07    11.683
  1924   08     9.261
  1924   09     8.482
  1924   10    10.016
  1924   11    11.677
  1924   12    14.256
  1925   01    15.922
  1925   02    16.650
  1925   03    16.727
  1925   04    16.194
  1925   05    14.455
  1925   06    12.592
  1925   07    10.479
  1925   08     8.290
  1925   09     7.927
  1925   10     9.062
  1925   11    11.266
  1925   12    13.818
  1926   01    15.020
  1926   02    15.936
  1926   03    16.516
  1926   04    16.234
  1926   05    15.189
  1926   06    13.145
  1926   07    10.472
  1926   08     8.012
  1926   09     7.271
  1926   10     9.430
  1926   11    11.883
  1926   12    14.391
  1927   01    15.485
  1927   02    16.225
  1927   03    16.651
  1927   04    16.086
  1927   05    15.142
  1927   06    13.203
  1927   07    10.976
  1927   08     8.268
  1927   09     7.353
  1927   10     9.753
  1927   11    11.653
  1927   12    14.285
  1928   01    15.651
  1928   02    16.449
  1928   03    16.836
  1928   04    16.453
  1928   05    15.376
  1928   06    13.127
  1928   07    10.634
  1928   08     7.556
  1928   09     6.782
  1928   10     8.545
  1928   11    11.309
  1928   12    13.946
  1929   01    15.337
  1929   02    16.321
  1929   03    16.519
  1929   04    15.965
  1929   05    15.005
  1929   06    12.838
  1929   07    10.547
  1929   08     7.946
  1929   09     7.333
  1929   10     9.110
  1929   11    11.347
  1929   12    13.943
  1930   01    15.240
  1930   02    16.058
  1930   03    16.605
  1930   04    16.258
  1930   05    15.272
  1930   06    13.003
  1930   07    10.445
  1930   08     8.421
  1930   09     7.638
  1930   10     9.465
  1930   11    11.399
  1930   12    13.701
  1931   01    15.251
  1931   02    16.338
  1931   03    16.545
  1931   04    15.966
  1931   05    15.015
  1931   06    12.975
  1931   07    10.481
  1931   08     7.728
  1931   09     7.059
  1931   10     8.998
  1931   11    11.373
  1931   12    13.874
  1932   01    15.205
  1932   02    15.956
  1932   03    16.295
  1932   04    15.761
  1932   05    14.847
  1932   06    13.041
  1932   07    10.810
  1932   08     8.476
  1932   09     7.982
  1932   10     9.707
  1932   11    11.984
  1932   12    14.240
  1933   01    15.739
  1933   02    16.715
  1933   03    16.706
  1933   04    16.275
  1933   05    15.039
  1933   06    13.105
  1933   07    10.879
  1933   08     8.796
  1933   09     7.904
  1933   10     9.176
  1933   11    12.315
  1933   12    14.457
  1934   01    15.826
  1934   02    16.618
  1934   03    17.045
  1934   04    16.652
  1934   05    15.609
  1934   06    13.794
  1934   07    10.978
  1934   08     8.255
  1934   09     7.600
  1934   10     8.828
  1934   11    11.691
  1934   12    14.503
  1935   01    15.878
  1935   02    16.579
  1935   03    16.960
  1935   04    16.496
  1935   05    15.134
  1935   06    13.115
  1935   07    10.366
  1935   08     8.736
  1935   09     7.826
  1935   10     9.503
  1935   11    11.269
  1935   12    14.122
  1936   01    15.327
  1936   02    16.229
  1936   03    16.941
  1936   04    16.443
  1936   05    15.184
  1936   06    13.387
  1936   07    10.922
  1936   08     8.671
  1936   09     8.290
  1936   10    10.174
  1936   11    12.199
  1936   12    14.258
  1937   01    15.352
  1937   02    16.231
  1937   03    16.417
  1937   04    16.312
  1937   05    15.194
  1937   06    13.405
  1937   07    10.962
  1937   08     8.299
  1937   09     7.582
  1937   10     9.421
  1937   11    11.844
  1937   12    14.210
  1938   01    15.574
  1938   02    16.554
  1938   03    16.661
  1938   04    16.016
  1938   05    14.933
  1938   06    13.146
  1938   07    10.734
  1938   08     8.924
  1938   09     8.171
  1938   10     9.905
  1938   11    11.882
  1938   12    14.155
  1939   01    15.423
  1939   02    16.109
  1939   03    16.599
  1939   04    15.970
  1939   05    14.866
  1939   06    13.228
  1939   07    10.760
  1939   08     9.039
  1939   09     8.609
  1939   10     9.752
  1939   11    11.904
  1939   12    14.151
  1940   01    15.592
  1940   02    16.331
  1940   03    16.620
  1940   04    16.288
  1940   05    15.205
  1940   06    13.403
  1940   07    11.325
  1940   08     8.735
  1940   09     8.081
  1940   10     9.855
  1940   11    12.288
  1940   12    14.358
  1941   01    15.583
  1941   02    16.514
  1941   03    16.502
  1941   04    15.872
  1941   05    14.851
  1941   06    13.300
  1941   07    10.835
  1941   08     8.853
  1941   09     8.474
  1941   10     9.660
  1941   11    11.769
  1941   12    14.396
  1942   01    15.550
  1942   02    16.340
  1942   03    16.624
  1942   04    16.142
  1942   05    14.910
  1942   06    13.209
  1942   07    11.304
  1942   08     8.489
  1942   09     7.951
  1942   10     9.864
  1942   11    11.909
  1942   12    14.470
  1943   01    15.802
  1943   02    16.583
  1943   03    16.723
  1943   04    15.952
  1943   05    14.900
  1943   06    13.048
  1943   07    10.937
  1943   08     8.970
  1943   09     8.566
  1943   10     9.871
  1943   11    11.874
  1943   12    14.278
  1944   01    15.632
  1944   02    16.279
  1944   03    16.403
  1944   04    15.904
  1944   05    14.848
  1944   06    12.950
  1944   07    10.405
  1944   08     8.649
  1944   09     7.858
  1944   10     9.278
  1944   11    11.119
  1944   12    13.562
  1945   01    15.253
  1945   02    16.210
  1945   03    16.341
  1945   04    16.250
  1945   05    14.802
  1945   06    12.837
  1945   07    10.323
  1945   08     8.131
  1945   09     7.748
  1945   10     9.154
  1945   11    11.649
  1945   12    13.881
  1946   01    15.395
  1946   02    16.221
  1946   03    16.402
  1946   04    15.672
  1946   05    14.529
  1946   06    12.527
  1946   07    10.678
  1946   08     7.822
  1946   09     7.111
  1946   10     8.537
  1946   11    11.005
  1946   12    13.227
  1947   01    14.900
  1947   02    15.794
  1947   03    16.101
  1947   04    15.234
  1947   05    14.396
  1947   06    12.701
  1947   07    10.617
  1947   08     8.439
  1947   09     8.036
  1947   10     9.291
  1947   11    11.490
  1947   12    13.775
  1948   01    15.027
  1948   02    15.679
  1948   03    15.809
  1948   04    15.476
  1948   05    14.515
  1948   06    12.724
  1948   07    11.051
  1948   08     9.044
  1948   09     8.106
  1948   10     9.577
  1948   11    11.311
  1948   12    13.888
  1949   01    15.265
  1949   02    16.043
  1949   03    16.063
  1949   04    15.566
  1949   05    14.570
  1949   06    13.124
  1949   07    10.354
  1949   08     8.671
  1949   09     8.332
  1949   10     9.967
  1949   11    11.848
  1949   12    14.063
  1950   01    15.336
  1950   02    16.032
  1950   03    16.024
  1950   04    15.593
  1950   05    14.807
  1950   06    13.238
  1950   07    11.453
  1950   08     8.904
  1950   09     8.056
  1950   10    10.217
  1950   11    11.941
  1950   12    14.048
  1951   01    15.144
  1951   02    15.927
  1951   03    16.184
  1951   04    15.806
  1951   05    14.520
  1951   06    13.050
  1951   07    11.386
  1951   08     9.067
  1951   09     8.677
  1951   10    10.249
  1951   11    12.071
  1951   12    14.109
  1952   01    15.482
  1952   02    16.453
  1952   03    16.576
  1952   04    16.095
  1952   05    15.095
  1952   06    13.064
  1952   07    10.995
  1952   08     9.044
  1952   09     8.343
  1952   10     9.742
  1952   11    11.894
  1952   12    14.474
  1953   01    15.611
  1953   02    16.528
  1953   03    16.855
  1953   04    16.232
  1953   05    14.779
  1953   06    13.027
  1953   07    11.035
  1953   08     8.507
  1953   09     7.908
  1953   10     9.290
  1953   11    11.692
  1953   12    13.864
  1954   01    15.205
  1954   02    16.113
  1954   03    16.503
  1954   04    16.201
  1954   05    15.168
  1954   06    12.844
  1954   07    10.751
  1954   08     8.328
  1954   09     7.929
  1954   10     9.525
  1954   11    12.034
  1954   12    14.556
  1955   01    15.657
  1955   02    16.391
  1955   03    16.415
  1955   04    15.762
  1955   05    14.458
  1955   06    12.449
  1955   07    10.718
  1955   08     8.608
  1955   09     7.928
  1955   10     9.176
  1955   11    11.122
  1955   12    13.474
  1956   01    14.739
  1956   02    15.651
  1956   03    16.024
  1956   04    15.527
  1956   05    13.981
  1956   06    12.180
  1956   07    10.681
  1956   08     7.826
  1956   09     7.271
  1956   10     8.538
  1956   11    11.241
  1956   12    13.600
  1957   01    14.695
  1957   02    15.312
  1957   03    15.705
  1957   04    15.247
  1957   05    14.400
  1957   06    12.690
  1957   07    10.732
  1957   08     8.086
  1957   09     7.650
  1957   10     9.212
  1957   11    11.059
  1957   12    13.531
  1958   01    14.953
  1958   02    15.576
  1958   03    15.755
  1958   04    15.280
  1958   05    14.073
  1958   06    12.554
  1958   07    10.612
  1958   08     8.444
  1958   09     7.673
  1958   10     9.181
  1958   11    11.757
  1958   12    13.840
  1959   01    14.966
  1959   02    15.870
  1959   03    15.882
  1959   04    15.320
  1959   05    14.524
  1959   06    12.850
  1959   07    10.892
  1959   08     8.018
  1959   09     7.673
  1959   10     9.407
  1959   11    11.720
  1959   12    13.876
  1960   01    15.098
  1960   02    16.078
  1960   03    16.084
  1960   04    15.250
  1960   05    14.330
  1960   06    12.976
  1960   07    11.067
  1960   08     7.979
  1960   09     7.374
  1960   10     9.423
  1960   11    12.085
  1960   12    13.921
  1961   01    14.981
  1961   02    15.816
  1961   03    15.900
  1961   04    15.649
  1961   05    14.328
  1961   06    12.453
  1961   07    10.630
  1961   08     8.557
  1961   09     7.979
  1961   10     9.429
  1961   11    11.561
  1961   12    13.694
  1962   01    14.900
  1962   02    15.804
  1962   03    16.107
  1962   04    15.580
  1962   05    14.088
  1962   06    12.428
  1962   07    10.175
  1962   08     8.121
  1962   09     7.644
  1962   10     9.108
  1962   11    12.056
  1962   12    14.011
  1963   01    15.145
  1963   02    16.084
  1963   03    16.369
  1963   04    15.915
  1963   05    14.851
  1963   06    13.004
  1963   07    11.194
  1963   08     9.141
  1963   09     8.540
  1963   10     9.669
  1963   11    11.920
  1963   12    14.253
  1964   01    15.608
  1964   02    16.177
  1964   03    16.098
  1964   04    15.763
  1964   05    14.734
  1964   06    13.207
  1964   07    10.779
  1964   08     8.258
  1964   09     7.942
  1964   10     9.362
  1964   11    11.959
  1964   12    14.431
  1965   01    15.422
  1965   02    16.224
  1965   03    16.254
  1965   04    15.509
  1965   05    14.637
  1965   06    13.065
  1965   07    11.464
  1965   08     8.696
  1965   09     8.403
  1965   10     9.473
  1965   11    11.830
  1965   12    14.010
  1966   01    15.122
  1966   02    15.941
  1966   03    16.188
  1966   04    15.740
  1966   05    14.763
  1966   06    12.789
  1966   07    10.782
  1966   08     9.100
  1966   09     8.451
  1966   10     9.607
  1966   11    11.520
  1966   12    13.925
  1967   01    15.289
  1967   02    16.009
  1967   03    15.716
  1967   04    15.055
  1967   05    13.951
  1967   06    12.383
  1967   07    10.685
  1967   08     8.512
  1967   09     8.266
  1967   10     9.441
  1967   11    11.410
  1967   12    13.790
  1968   01    14.897
  1968   02    15.852
  1968   03    16.130
  1968   04    15.402
  1968   05    14.442
  1968   06    12.592
  1968   07    10.557
  1968   08     8.218
  1968   09     7.710
  1968   10     8.836
  1968   11    11.557
  1968   12    14.067
  1969   01    15.270
  1969   02    16.104
  1969   03    16.096
  1969   04    15.295
  1969   05    14.382
  1969   06    12.754
  1969   07    10.492
  1969   08     8.209
  1969   09     7.545
  1969   10     9.084
  1969   11    11.484
  1969   12    13.765
  1970   01    14.976
  1970   02    15.499
  1970   03    15.802
  1970   04    15.358
  1970   05    14.025
  1970   06    12.628
  1970   07    11.083
  1970   08     8.505
  1970   09     7.719
  1970   10     9.824
  1970   11    11.548
  1970   12    13.732
  1971   01    14.966
  1971   02    15.732
  1971   03    15.967
  1971   04    15.452
  1971   05    14.367
  1971   06    12.528
  1971   07    10.965
  1971   08     8.252
  1971   09     7.718
  1971   10     9.665
  1971   11    11.631
  1971   12    13.828
  1972   01    14.871
  1972   02    15.442
  1972   03    15.725
  1972   04    15.227
  1972   05    13.947
  1972   06    11.841
  1972   07    10.066
  1972   08     8.288
  1972   09     8.174
  1972   10     9.483
  1972   11    11.149
  1972   12    13.658
  1973   01    14.654
  1973   02    15.378
  1973   03    15.674
  1973   04    15.095
  1973   05    13.705
  1973   06    12.447
  1973   07    10.897
  1973   08     8.336
  1973   09     8.137
  1973   10     9.865
  1973   11    11.551
  1973   12    13.780
  1974   01    15.085
  1974   02    15.880
  1974   03    16.230
  1974   04    15.405
  1974   05    14.451
  1974   06    12.549
  1974   07    10.690
  1974   08     8.881
  1974   09     7.575
  1974   10     9.554
  1974   11    11.560
  1974   12    13.910
  1975   01    14.864
  1975   02    15.613
  1975   03    15.973
  1975   04    15.457
  1975   05    14.277
  1975   06    12.722
  1975   07    10.942
  1975   08     8.448
  1975   09     7.856
  1975   10     9.299
  1975   11    11.835
  1975   12    13.766
  1976   01    14.944
  1976   02    15.644
  1976   03    15.893
  1976   04    15.240
  1976   05    13.829
  1976   06    12.163
  1976   07     9.772
  1976   08     7.378
  1976   09     7.122
  1976   10     8.441
  1976   11    11.310
  1976   12    13.065
  1977   01    14.658
  1977   02    15.481
  1977   03    15.479
  1977   04    14.601
  1977   05    13.306
  1977   06    11.946
  1977   07     9.416
  1977   08     7.383
  1977   09     6.774
  1977   10     8.444
  1977   11    10.924
  1977   12    13.157
  1978   01    14.374
  1978   02    15.257
  1978   03    15.484
  1978   04    14.838
  1978   05    13.577
  1978   06    12.188
  1978   07    10.191
  1978   08     7.048
  1978   09     6.441
  1978   10     8.388
  1978   11    11.392
  1978   12    13.439
  1979   01    14.596
  1979   02    15.226
  1979   03    15.402
  1979   04    15.182
  1979   05    14.195
  1979   06    12.428
  1979   07    10.750
  1979   08     7.541
  1979   09     7.028
  1979   10     9.199
  1979   11    11.140
  1979   12    13.207
  1980   01    14.533
  1980   02    15.379
  1980   03    15.411
  1980   04    14.942
  1980   05    13.608
  1980   06    12.316
  1980   07    10.012
  1980   08     8.027
  1980   09     7.440
  1980   10     8.650
  1980   11    10.682
  1980   12    13.191
  1981   01    14.902
  1981   02    15.360
  1981   03    15.505
  1981   04    15.205
  1981   05    14.374
  1981   06    12.325
  1981   07     9.675
  1981   08     8.062
  1981   09     7.639
  1981   10     9.155
  1981   11    11.114
  1981   12    13.481
  1982   01    14.966
  1982   02    15.545
  1982   03    15.629
  1982   04    15.303
  1982   05    14.305
  1982   06    12.399
  1982   07     9.622
  1982   08     7.466
  1982   09     7.150
  1982   10     8.620
  1982   11    10.922
  1982   12    12.873
  1983   01    14.440
  1983   02    15.536
  1983   03    15.740
  1983   04    15.500
  1983   05    14.369
  1983   06    12.438
  1983   07    10.465
  1983   08     8.392
  1983   09     7.708
  1983   10    10.042
  1983   11    12.218
  1983   12    13.947
  1984   01    15.012
  1984   02    15.789
  1984   03    15.919
  1984   04    15.521
  1984   05    14.578
  1984   06    13.054
  1984   07    10.500
  1984   08     8.360
  1984   09     7.855
  1984   10     9.673
  1984   11    11.682
  1984   12    14.121
  1985   01    15.224
  1985   02    15.908
  1985   03    16.200
  1985   04    15.360
  1985   05    13.903
  1985   06    12.588
  1985   07    10.475
  1985   08     8.071
  1985   09     7.729
  1985   10     9.105
  1985   11    11.317
  1985   12    13.789
  1986   01    14.875
  1986   02    15.674
  1986   03    15.908
  1986   04    15.350
  1986   05    14.091
  1986   06    12.666
  1986   07    10.436
  1986   08     8.475
  1986   09     7.924
  1986   10     9.666
  1986   11    11.707
  1986   12    13.829
  1987   01    15.107
  1987   02    15.803
  1987   03    16.031
  1987   04    15.763
  1987   05    14.863
  1987   06    13.071
  1987   07    10.300
  1987   08     8.650
  1987   09     7.506
  1987   10     9.636
  1987   11    11.844
  1987   12    14.385
  1988   01    15.766
  1988   02    16.307
  1988   03    16.481
  1988   04    15.965
  1988   05    15.307
  1988   06    13.276
  1988   07    10.870
  1988   08     8.692
  1988   09     8.095
  1988   10     9.674
  1988   11    11.643
  1988   12    13.981
  1989   01    15.308
  1989   02    15.952
  1989   03    16.086
  1989   04    15.644
  1989   05    14.731
  1989   06    13.313
  1989   07    10.865
  1989   08     8.599
  1989   09     7.805
  1989   10     9.667
  1989   11    11.979
  1989   12    14.275
  1990   01    15.547
  1990   02    16.317
  1990   03    16.235
  1990   04    15.756
  1990   05    14.594
  1990   06    13.075
  1990   07    10.798
  1990   08     9.075
  1990   09     8.254
  1990   10     9.706
  1990   11    11.626
  1990   12    13.776
  1991   01    15.193
  1991   02    15.882
  1991   03    16.178
  1991   04    15.588
  1991   05    14.476
  1991   06    13.079
  1991   07    11.117
  1991   08     9.092
  1991   09     8.368
  1991   10     9.832
  1991   11    11.775
  1991   12    14.280
  1992   01    15.557
  1992   02    16.000
  1992   03    16.224
  1992   04    15.801
  1992   05    14.815
  1992   06    13.085
  1992   07    11.441
  1992   08     9.043
  1992   09     8.046
  1992   10     9.805
  1992   11    12.036
  1992   12    14.357
  1993   01    15.492
  1993   02    16.262
  1993   03    16.438
  1993   04    16.013
  1993   05    15.017
  1993   06    13.104
  1993   07    10.799
  1993   08     8.619
  1993   09     8.566
  1993   10     9.631
  1993   11    12.006
  1993   12    14.262
  1994   01    15.546
  1994   02    16.253
  1994   03    16.572
  1994   04    16.011
  1994   05    14.979
  1994   06    13.334
  1994   07    11.406
  1994   08     9.159
  1994   09     8.257
  1994   10     9.969
  1994   11    12.067
  1994   12    14.404
  1995   01    15.520
  1995   02    16.479
  1995   03    16.728
  1995   04    16.108
  1995   05    14.999
  1995   06    13.099
  1995   07    10.646
  1995   08     8.304
  1995   09     7.727
  1995   10     8.969
  1995   11    11.410
  1995   12    14.123
  1996   01    15.415
  1996   02    16.146
  1996   03    16.521
  1996   04    15.843
  1996   05    14.802
  1996   06    12.868
  1996   07    10.692
  1996   08     8.291
  1996   09     6.996
  1996   10     8.751
  1996   11    11.116
  1996   12    13.807
  1997   01    15.247
  1997   02    15.864
  1997   03    16.241
  1997   04    15.301
  1997   05    13.828
  1997   06    11.867
  1997   07     9.467
  1997   08     7.719
  1997   09     7.270
  1997   10     8.518
  1997   11    10.817
  1997   12    13.312
  1998   01    14.506
  1998   02    15.491
  1998   03    15.697
  1998   04    15.304
  1998   05    14.210
  1998   06    12.479
  1998   07     9.790
  1998   08     8.194
  1998   09     7.489
  1998   10     9.043
  1998   11    11.351
  1998   12    13.703
  1999   01    14.787
  1999   02    15.456
  1999   03    15.561
  1999   04    15.403
  1999   05    14.618
  1999   06    12.453
  1999   07    10.358
  1999   08     8.115
  1999   09     7.661
  1999   10     8.902
  1999   11    10.722
  1999   12    13.271
  2000   01    14.837
  2000   02    15.606
  2000   03    15.681
  2000   04    15.297
  2000   05    14.113
  2000   06    12.343
  2000   07     9.771
  2000   08     7.959
  2000   09     7.448
  2000   10     8.674
  2000   11    10.830
  2000   12    13.390
  2001   01    14.822
  2001   02    15.536
  2001   03    15.799
  2001   04    15.333
  2001   05    14.146
  2001   06    12.194
  2001   07     9.745
  2001   08     7.741
  2001   09     7.266
  2001   10     8.610
  2001   11    11.079
  2001   12    13.441
  2002   01    14.700
  2002   02    15.549
  2002   03    15.799
  2002   04    15.568
  2002   05    14.802
  2002   06    12.553
  2002   07     9.680
  2002   08     7.568
  2002   09     6.695
  2002   10     7.903
  2002   11    10.989
  2002   12    13.683
  2003   01    14.958
  2003   02    15.489
  2003   03    15.713
  2003   04    15.185
  2003   05    14.053
  2003   06    12.316
  2003   07     9.446
  2003   08     7.330
  2003   09     6.774
  2003   10     8.088
  2003   11    10.566
  2003   12    13.415
  2004   01    14.828
  2004   02    15.583
  2004   03    15.681
  2004   04    15.205
  2004   05    14.040
  2004   06    12.095
  2004   07     9.099
  2004   08     6.994
  2004   09     6.282
  2004   10     7.945
  2004   11    10.064
  2004   12    12.657
  2005   01    14.561
  2005   02    15.421
  2005   03    15.554
  2005   04    15.064
  2005   05    14.042
  2005   06    12.251
  2005   07     9.553
  2005   08     7.223
  2005   09     6.635
  2005   10     8.044
  2005   11    10.626
  2005   12    13.162
  2006   01    14.659
  2006   02    15.356
  2006   03    15.444
  2006   04    15.124
  2006   05    14.282
  2006   06    12.418
  2006   07     9.332
  2006   08     7.143
  2006   09     6.369
  2006   10     8.107
  2006   11    10.527
  2006   12    13.062
  2007   01    14.416
  2007   02    15.087
  2007   03    15.158
  2007   04    14.798
  2007   05    14.090
  2007   06    12.350
  2007   07     9.604
  2007   08     7.436
  2007   09     6.690
  2007   10     8.327
  2007   11    10.689
  2007   12    12.970
  2008   01    14.240
  2008   02    14.950
  2008   03    15.341
  2008   04    14.991
  2008   05    13.937
  2008   06    12.187
  2008   07     9.338
  2008   08     7.440
  2008   09     6.467
  2008   10     7.587
  2008   11     9.947
  2008   12    12.743
  2009   01    14.545
  2009   02    15.210
  2009   03    15.535
  2009   04    15.162
  2009   05    14.175
  2009   06    12.175
  2009   07     8.960
  2009   08     7.319
  2009   09     6.906
  2009   10     8.493
  2009   11    10.592
  2009   12    12.894
  2010   01    14.336
  2010   02    15.266
  2010   03    15.560
  2010   04    14.906
  2010   05    14.058
  2010   06    12.113
  2010   07     9.365
  2010   08     6.958
  2010   09     6.660
  2010   10     7.861
  2010   11    10.173
  2010   12    12.721
  2011   01    14.093
  2011   02    15.282
  2011   03    15.509
  2011   04    14.853
  2011   05    13.405
  2011   06    11.996
  2011   07     9.540
  2011   08     7.364
  2011   09     6.583
  2011   10     8.018
  2011   11    10.272
  2011   12    12.706
  2012   01    14.072
  2012   02    14.852
  2012   03    15.284
  2012   04    14.280
  2012   05    13.231
  2012   06    11.655
  2012   07     8.797
  2012   08     7.303
  2012   09     6.667
  2012   10     8.046
  2012   11    10.231
  2012   12    12.469
  2013   01    13.974
  2013   02    14.812
  2013   03    15.042
  2013   04    14.723
  2013   05    13.684
  2013   06    11.683
  2013   07     8.773
  2013   08     6.820
  2013   09     5.611
  2013   10     6.862
  2013   11    10.162
  2013   12    12.353
  2014   01    13.828
  2014   02    14.425
  2014   03    14.699
  2014   04    14.128
  2014   05    12.877
  2014   06    11.240
  2014   07     8.268
  2014   08     5.991
  2014   09     5.138
  2014   10     6.823
  2014   11     9.522
  2014   12    11.692
  2015   01    13.525
  2015   02    14.111
  2015   03    14.262
  2015   04    13.831
  2015   05    12.581
  2015   06    11.133
  2015   07     8.565
  2015   08     6.706
  2015   09     5.532
  2015   10     7.104
  2015   11     9.985
  2015   12    11.851
  2016   01    13.374
  2016   02    14.143
  2016   03    13.978
  2016   04    13.435
  2016   05    12.434
  2016   06    11.383
  2016   07     8.802
  2016   08     5.890
  2016   09     5.101
  2016   10     7.189
  2016   11     9.605
  2016   12    12.001
  2017   01    13.492
  2017   02    14.343
  2017   03    14.424
  2017   04    13.515
  2017   05    12.442
  2017   06    10.766
  2017   07     8.350
  2017   08     6.821
  2017   09     5.631
  2017   10     7.583
  2017   11     9.787
  2017   12    11.840
  2018   01    13.755
  2018   02    14.629
  2018   03    15.035
  2018   04    14.837
  2018   05    13.554
  2018   06    11.614
  2018   07     8.868
  2018   08     6.512
  2018   09     5.431
  2018   10     6.470
  2018   11     9.281
  2018   12    11.961
  2019   01    13.717
  2019   02    14.570
  2019   03    14.692
  2019   04    14.395
  2019   05    13.248
  2019   06    11.659
  2019   07     9.070
  2019   08     5.701
  2019   09     4.303
  2019   10     6.615
  2019   11     9.740
  2019   12    12.305
  2020   01    13.673
  2020   02    14.524
  2020   03    14.893
  2020   04    14.611
  2020   05    13.480
  2020   06    11.815
  2020   07     9.028
  2020   08     6.305
  2020   09     5.283
  2020   10     6.835
  2020   11    10.167
  2020   12    12.852
  2021   01    13.977
  2021   02    14.817
  2021   03    14.740
  2021   04    14.137
  2021   05    13.059
  2021   06    11.730
  2021   07     8.802
  2021   08     5.895
  2021   09     4.503
  2021   10     6.538
  2021   11     9.728
  2021   12    12.252
  2022   01    13.818
  2022   02    14.591
  2022   03    14.899
  2022   04    14.604
  2022   05    13.803
  2022   06    12.187
  2022   07     8.560
  2022   08     5.544
  2022   09     4.191
  2022   10     6.631
  2022   11     9.626
  2022   12    12.525
  2023   01    13.810
  2023   02    14.663
  2023   03    14.785
  2023   04    14.377
  2023   05    13.315
  2023   06    11.962
  2023   07     8.907
  2023   08     5.681
  2023   09     4.569
  2023   10     6.034
  2023   11     9.724
  2023   12    12.200
  2024   01    13.830
  2024   02    14.565
  2024   03    14.814
  2024   04    14.407
  2024   05    13.226
  2024   06    11.728
  2024   07     8.455
  2024   08     6.197
  2024   09     5.025
  2024   10     6.620
  2024   11     9.802
  2024   12    12.281
  2025   01    13.985
  2025   02    14.753
  2025   03    14.992
  2025   04    14.503
  2025   05    13.456
  2025   06    11.669
  2025   07     8.829
  2025   08     5.238
  2025   09     3.417
  2025   10     5.776
  2025   11     9.211
  2025   12    11.747
  2026   01    13.509
  2026   02    14.245
  2026   03    14.363
  2026   04    13.942
  2026   05    12.848
  2026   06    11.260
  2026   07     8.502
  2026   08     6.502
  2026   09     5.071
  2026   10     7.000
  2026   11     9.213
  2026   12    11.503
  2027   01    13.186
  2027   02    13.954
  2027   03    13.861
  2027   04    13.306
  2027   05    12.048
  2027   06    11.028
  2027   07     7.787
  2027   08     5.015
  2027   09     3.570
  2027   10     5.381
  2027   11     8.746
  2027   12    11.483
  2028   01    13.358
  2028   02    14.071
  2028   03    14.326
  2028   04    13.978
  2028   05    12.976
  2028   06    11.336
  2028   07     8.406
  2028   08     5.377
  2028   09     2.761
  2028   10     5.672
  2028   11     9.100
  2028   12    11.179
  2029   01    13.257
  2029   02    13.909
  2029   03    13.713
  2029   04    13.379
  2029   05    12.555
  2029   06    10.632
  2029   07     7.524
  2029   08     5.405
  2029   09     4.182
  2029   10     5.858
  2029   11     8.841
  2029   12    11.392
  2030   01    12.693
  2030   02    13.219
  2030   03    13.454
  2030   04    12.985
  2030   05    12.192
  2030   06    10.706
  2030   07     7.535
  2030   08     4.698
  2030   09     2.441
  2030   10     4.773
  2030   11     8.556
  2030   12    11.327
  2031   01    12.643
  2031   02    13.164
  2031   03    13.483
  2031   04    12.836
  2031   05    11.978
  2031   06    10.952
  2031   07     7.880
  2031   08     3.867
  2031   09     1.059
  2031   10     3.477
  2031   11     8.496
  2031   12    10.576
  2032   01    12.480
  2032   02    13.238
  2032   03    13.375
  2032   04    12.889
  2032   05    12.197
  2032   06    10.606
  2032   07     7.524
  2032   08     4.387
  2032   09     2.283
  2032   10     4.483
  2032   11     8.391
  2032   12    11.332
  2033   01    12.704
  2033   02    13.114
  2033   03    13.129
  2033   04    13.068
  2033   05    12.161
  2033   06    11.045
  2033   07     7.845
  2033   08     3.447
  2033   09     1.326
  2033   10     3.448
  2033   11     8.329
  2033   12    11.062
  2034   01    12.825
  2034   02    13.252
  2034   03    13.091
  2034   04    12.939
  2034   05    12.106
  2034   06    10.930
  2034   07     7.628
  2034   08     3.727
  2034   09     1.118
  2034   10     4.459
  2034   11     8.532
  2034   12    10.524
  2035   01    12.523
  2035   02    12.991
  2035   03    13.016
  2035   04    12.294
  2035   05    11.615
  2035   06    10.426
  2035   07     6.940
  2035   08     3.383
  2035   09     1.675
  2035   10     3.822
  2035   11     7.931
  2035   12    10.503
  2036   01    11.950
  2036   02    12.791
  2036   03    12.891
  2036   04    12.534
  2036   05    12.018
  2036   06    10.841
  2036   07     6.998
  2036   08     1.418
  2036   09     0.918
  2036   10     2.339
  2036   11     7.535
  2036   12    10.619
  2037   01    12.563
  2037   02    13.122
  2037   03    13.196
  2037   04    12.776
  2037   05    12.137
  2037   06    10.696
  2037   07     7.222
  2037   08     2.506
  2037   09     0.591
  2037   10     3.547
  2037   11     7.950
  2037   12    10.468
  2038   01    12.161
  2038   02    12.802
  2038   03    13.129
  2038   04    12.715
  2038   05    11.869
  2038   06    10.601
  2038   07     7.558
  2038   08     3.819
  2038   09     1.332
  2038   10     3.496
  2038   11     8.073
  2038   12    10.909
  2039   01    12.490
  2039   02    13.125
  2039   03    13.121
  2039   04    12.415
  2039   05    11.712
  2039   06    10.510
  2039   07     6.454
  2039   08     1.296
  2039   09     0.384
  2039   10     2.223
  2039   11     6.612
  2039   12     9.732
  2040   01    12.063
  2040   02    12.687
  2040   03    12.836
  2040   04    12.249
  2040   05    11.797
  2040   06    10.146
  2040   07     6.643
  2040   08     1.383
  2040   09     0.282
  2040   10     2.757
  2040   11     7.646
  2040   12    10.710
  2041   01    12.305
  2041   02    12.737
  2041   03    12.896
  2041   04    12.435
  2041   05    11.826
  2041   06    10.508
  2041   07     6.680
  2041   08     1.162
  2041   09     0.161
  2041   10     2.996
  2041   11     7.295
  2041   12    10.061
  2042   01    12.174
  2042   02    12.520
  2042   03    12.660
  2042   04    12.295
  2042   05    11.419
  2042   06    10.356
  2042   07     6.915
  2042   08     1.095
  2042   09     0.158
  2042   10     3.089
  2042   11     7.405
  2042   12     9.867
  2043   01    12.069
  2043   02    12.659
  2043   03    12.718
  2043   04    12.272
  2043   05    11.314
  2043   06    10.121
  2043   07     6.952
  2043   08     1.644
  2043   09     0.208
  2043   10     3.261
  2043   11     7.966
  2043   12    10.286
  2044   01    12.478
  2044   02    12.903
  2044   03    12.834
  2044   04    12.455
  2044   05    11.708
  2044   06     9.841
  2044   07     6.922
  2044   08     1.672
  2044   09     0.305
  2044   10     2.697
  2044   11     7.797
  2044   12    10.287
  2045   01    11.995
  2045   02    12.800
  2045   03    12.922
  2045   04    12.610
  2045   05    11.771
  2045   06     9.950
  2045   07     7.126
  2045   08     1.490
  2045   09     0.323
  2045   10     2.246
  2045   11     7.301
  2045   12    10.022
  2046   01    12.099
  2046   02    12.735
  2046   03    12.777
  2046   04    12.318
  2046   05    11.499
  2046   06     9.740
  2046   07     7.174
  2046   08     2.099
  2046   09     0.394
  2046   10     3.251
  2046   11     7.266
  2046   12     9.961
  2047   01    11.766
  2047   02    12.530
  2047   03    12.717
  2047   04    12.522
  2047   05    11.662
  2047   06    10.105
  2047   07     7.269
  2047   08     1.903
  2047   09     0.614
  2047   10     2.186
  2047   11     6.851
  2047   12     9.527
  2048   01    11.730
  2048   02    12.570
  2048   03    12.703
  2048   04    12.160
  2048   05    11.577
  2048   06     9.915
  2048   07     5.764
  2048   08     0.785
  2048   09     0.314
  2048   10     1.500
  2048   11     6.542
  2048   12     9.714
  2049   01    11.828
  2049   02    12.693
  2049   03    12.846
  2049   04    12.649
  2049   05    11.778
  2049   06    10.142
  2049   07     7.061
  2049   08     1.918
  2049   09     0.591
  2049   10     2.377
  2049   11     6.903
  2049   12     9.892
  2050   01    11.700
  2050   02    12.562
  2050   03    12.711
  2050   04    12.190
  2050   05    11.250
  2050   06     9.958
  2050   07     6.592
  2050   08     0.809
  2050   09     0.194
  2050   10     2.214
  2050   11     6.970
  2050   12     9.676
  2051   01    12.232
  2051   02    12.665
  2051   03    12.602
  2051   04    12.155
  2051   05    11.086
  2051   06     9.944
  2051   07     6.721
  2051   08     2.436
  2051   09     0.648
  2051   10     3.145
  2051   11     6.909
  2051   12     9.655
  2052   01    12.057
  2052   02    12.654
  2052   03    12.776
  2052   04    12.422
  2052   05    11.488
  2052   06     9.868
  2052   07     6.481
  2052   08     0.792
  2052   09     0.319
  2052   10     1.700
  2052   11     6.744
  2052   12     9.924
  2053   01    11.718
  2053   02    12.597
  2053   03    12.846
  2053   04    12.439
  2053   05    11.646
  2053   06    10.403
  2053   07     6.746
  2053   08     2.165
  2053   09     1.101
  2053   10     3.362
  2053   11     7.275
  2053   12    10.226
  2054   01    12.178
  2054   02    12.680
  2054   03    12.726
  2054   04    12.378
  2054   05    11.695
  2054   06    10.621
  2054   07     6.144
  2054   08     0.252
  2054   09     0.128
  2054   10     1.679
  2054   11     6.697
  2054   12    10.170
  2055   01    11.980
  2055   02    12.626
  2055   03    12.713
  2055   04    12.613
  2055   05    11.983
  2055   06    10.226
  2055   07     6.044
  2055   08     0.290
  2055   09     0.087
  2055   10     0.722
  2055   11     5.962
  2055   12     9.643
  2056   01    12.133
  2056   02    12.707
  2056   03    12.913
  2056   04    12.426
  2056   05    11.710
  2056   06    10.145
  2056   07     6.286
  2056   08     0.262
  2056   09     0.032
  2056   10     1.067
  2056   11     6.295
  2056   12     9.758
  2057   01    11.795
  2057   02    12.527
  2057   03    12.617
  2057   04    12.459
  2057   05    11.721
  2057   06    10.208
  2057   07     6.458
  2057   08     0.997
  2057   09     0.119
  2057   10     1.952
  2057   11     5.557
  2057   12     9.325
  2058   01    11.876
  2058   02    12.737
  2058   03    12.671
  2058   04    12.285
  2058   05    11.631
  2058   06    10.197
  2058   07     7.173
  2058   08     1.158
  2058   09     0.316
  2058   10     1.228
  2058   11     7.353
  2058   12    10.125
  2059   01    11.819
  2059   02    12.651
  2059   03    12.784
  2059   04    12.136
  2059   05    11.444
  2059   06     9.981
  2059   07     6.449
  2059   08     1.343
  2059   09     0.144
  2059   10     1.726
  2059   11     5.964
  2059   12     9.478
  2060   01    11.520
  2060   02    12.388
  2060   03    12.455
  2060   04    11.948
  2060   05    11.181
  2060   06     9.715
  2060   07     6.512
  2060   08     0.463
  2060   09     0.135
  2060   10     1.246
  2060   11     6.495
  2060   12     9.532
  2061   01    11.798
  2061   02    12.487
  2061   03    12.726
  2061   04    12.456
  2061   05    11.406
  2061   06     9.848
  2061   07     6.128
  2061   08     0.204
  2061   09     0.068
  2061   10     2.242
  2061   11     6.386
  2061   12     9.689
  2062   01    11.777
  2062   02    12.583
  2062   03    12.954
  2062   04    12.551
  2062   05    11.611
  2062   06    10.461
  2062   07     6.631
  2062   08     0.967
  2062   09     0.441
  2062   10     1.524
  2062   11     7.550
  2062   12     9.987
  2063   01    11.911
  2063   02    12.655
  2063   03    12.911
  2063   04    12.431
  2063   05    11.737
  2063   06    10.116
  2063   07     6.402
  2063   08     0.395
  2063   09     0.059
  2063   10     2.634
  2063   11     6.964
  2063   12    10.069
  2064   01    12.103
  2064   02    13.000
  2064   03    13.105
  2064   04    12.835
  2064   05    11.725
  2064   06    10.233
  2064   07     6.698
  2064   08     0.729
  2064   09     0.070
  2064   10     2.624
  2064   11     7.636
  2064   12    10.060
  2065   01    12.065
  2065   02    12.712
  2065   03    12.713
  2065   04    12.231
  2065   05    11.638
  2065   06    10.193
  2065   07     6.660
  2065   08     0.463
  2065   09     0.204
  2065   10     1.649
  2065   11     7.370
  2065   12     9.736
  2066   01    11.888
  2066   02    12.752
  2066   03    12.981
  2066   04    12.548
  2066   05    11.427
  2066   06     9.522
  2066   07     6.192
  2066   08     0.948
  2066   09     0.149
  2066   10     1.861
  2066   11     5.838
  2066   12     9.093
  2067   01    11.403
  2067   02    12.295
  2067   03    12.424
  2067   04    12.038
  2067   05    10.999
  2067   06     9.483
  2067   07     6.263
  2067   08     0.554
  2067   09     0.194
  2067   10     0.961
  2067   11     6.311
  2067   12     9.880
  2068   01    11.671
  2068   02    12.510
  2068   03    12.678
  2068   04    12.167
  2068   05    11.299
  2068   06     9.735
  2068   07     5.667
  2068   08     0.250
  2068   09     0.095
  2068   10     0.492
  2068   11     4.604
  2068   12     9.499
  2069   01    11.110
  2069   02    12.149
  2069   03    12.374
  2069   04    12.246
  2069   05    11.171
  2069   06     9.326
  2069   07     5.540
  2069   08     0.275
  2069   09     0.027
  2069   10     0.310
  2069   11     4.503
  2069   12     9.141
  2070   01    11.347
  2070   02    12.421
  2070   03    12.670
  2070   04    12.595
  2070   05    11.562
  2070   06     9.345
  2070   07     6.281
  2070   08     0.263
  2070   09     0.055
  2070   10     0.731
  2070   11     5.726
  2070   12     9.747
  2071   01    11.757
  2071   02    12.435
  2071   03    12.308
  2071   04    12.007
  2071   05    11.308
  2071   06     9.623
  2071   07     6.394
  2071   08     0.551
  2071   09     0.066
  2071   10     1.691
  2071   11     6.175
  2071   12     9.704
  2072   01    11.721
  2072   02    12.191
  2072   03    12.126
  2072   04    11.638
  2072   05    10.812
  2072   06     9.713
  2072   07     4.727
  2072   08     0.282
  2072   09     0.126
  2072   10     0.729
  2072   11     5.326
  2072   12     9.146
  2073   01    11.095
  2073   02    12.292
  2073   03    12.502
  2073   04    12.196
  2073   05    11.425
  2073   06     9.721
  2073   07     5.932
  2073   08     0.174
  2073   09     0.057
  2073   10     0.686
  2073   11     4.896
  2073   12     9.364
  2074   01    11.472
  2074   02    12.460
  2074   03    12.498
  2074   04    12.065
  2074   05    11.169
  2074   06     9.814
  2074   07     4.881
  2074   08     0.368
  2074   09     0.170
  2074   10     0.682
  2074   11     5.040
  2074   12     9.136
  2075   01    11.396
  2075   02    12.503
  2075   03    12.741
  2075   04    12.387
  2075   05    11.649
  2075   06     9.895
  2075   07     6.582
  2075   08     0.544
  2075   09     0.173
  2075   10     0.922
  2075   11     5.838
  2075   12     9.552
  2076   01    11.595
  2076   02    12.394
  2076   03    12.557
  2076   04    12.123
  2076   05    11.261
  2076   06     9.775
  2076   07     6.057
  2076   08     0.322
  2076   09     0.056
  2076   10     0.809
  2076   11     6.279
  2076   12     9.488
  2077   01    11.589
  2077   02    12.278
  2077   03    12.284
  2077   04    11.891
  2077   05    11.288
  2077   06    10.012
  2077   07     6.483
  2077   08     0.506
  2077   09     0.050
  2077   10     1.764
  2077   11     6.057
  2077   12     9.412
  2078   01    11.821
  2078   02    12.425
  2078   03    12.484
  2078   04    12.104
  2078   05    11.416
  2078   06    10.063
  2078   07     5.908
  2078   08     0.404
  2078   09     0.048
  2078   10     1.394
  2078   11     5.083
  2078   12     9.725
  2079   01    11.875
  2079   02    12.271
  2079   03    12.275
  2079   04    12.005
  2079   05    11.348
  2079   06    10.060
  2079   07     5.064
  2079   08     0.127
  2079   09     0.015
  2079   10     0.282
  2079   11     5.700
  2079   12     9.815
  2080   01    11.971
  2080   02    12.548
  2080   03    12.727
  2080   04    12.146
  2080   05    11.365
  2080   06    10.175
  2080   07     6.694
  2080   08     0.840
  2080   09     0.153
  2080   10     1.418
  2080   11     6.415
  2080   12     9.664
  2081   01    11.453
  2081   02    12.170
  2081   03    12.371
  2081   04    12.145
  2081   05    11.288
  2081   06     9.383
  2081   07     5.854
  2081   08     0.353
  2081   09     0.136
  2081   10     0.564
  2081   11     4.834
  2081   12     9.430
  2082   01    11.401
  2082   02    11.899
  2082   03    12.057
  2082   04    11.865
  2082   05    11.120
  2082   06     9.501
  2082   07     5.900
  2082   08     0.671
  2082   09     0.191
  2082   10     0.501
  2082   11     5.269
  2082   12     9.464
  2083   01    11.660
  2083   02    12.391
  2083   03    12.352
  2083   04    12.082
  2083   05    11.301
  2083   06     9.633
  2083   07     6.042
  2083   08     0.210
  2083   09     0.019
  2083   10     0.308
  2083   11     5.010
  2083   12     8.700
  2084   01    10.941
  2084   02    12.248
  2084   03    12.530
  2084   04    12.018
  2084   05    11.128
  2084   06     9.669
  2084   07     5.884
  2084   08     0.172
  2084   09     0.018
  2084   10     0.675
  2084   11     5.535
  2084   12     9.354
  2085   01    11.519
  2085   02    12.432
  2085   03    12.519
  2085   04    12.358
  2085   05    11.453
  2085   06    10.114
  2085   07     5.396
  2085   08     0.230
  2085   09     0.038
  2085   10     0.460
  2085   11     5.632
  2085   12     9.396
  2086   01    12.028
  2086   02    12.465
  2086   03    12.493
  2086   04    12.095
  2086   05    11.298
  2086   06     9.887
  2086   07     6.611
  2086   08     0.425
  2086   09     0.182
  2086   10     1.043
  2086   11     5.197
  2086   12     9.626
  2087   01    11.673
  2087   02    12.769
  2087   03    13.033
  2087   04    12.776
  2087   05    11.539
  2087   06     9.604
  2087   07     6.071
  2087   08     0.531
  2087   09     0.195
  2087   10     0.825
  2087   11     6.466
  2087   12     9.535
  2088   01    11.654
  2088   02    12.400
  2088   03    12.317
  2088   04    12.080
  2088   05    11.251
  2088   06     9.864
  2088   07     6.199
  2088   08     0.515
  2088   09     0.254
  2088   10     0.762
  2088   11     4.837
  2088   12     9.295
  2089   01    11.680
  2089   02    12.252
  2089   03    12.378
  2089   04    12.149
  2089   05    11.467
  2089   06     9.798
  2089   07     5.401
  2089   08     0.114
  2089   09     0.019
  2089   10     0.311
  2089   11     4.886
  2089   12     8.689
  2090   01    11.751
  2090   02    12.619
  2090   03    13.006
  2090   04    12.509
  2090   05    11.666
  2090   06    10.156
  2090   07     6.475
  2090   08     0.266
  2090   09     0.063
  2090   10     0.396
  2090   11     6.698
  2090   12     9.601
  2091   01    11.608
  2091   02    12.630
  2091   03    12.622
  2091   04    12.175
  2091   05    11.331
  2091   06    10.099
  2091   07     6.699
  2091   08     1.279
  2091   09     0.406
  2091   10     1.258
  2091   11     5.363
  2091   12     9.788
  2092   01    11.504
  2092   02    12.423
  2092   03    12.648
  2092   04    12.302
  2092   05    11.588
  2092   06    10.170
  2092   07     5.910
  2092   08     0.266
  2092   09     0.027
  2092   10     0.421
  2092   11     4.660
  2092   12     9.019
  2093   01    11.217
  2093   02    12.269
  2093   03    12.481
  2093   04    11.918
  2093   05    11.153
  2093   06     9.546
  2093   07     5.035
  2093   08     0.212
  2093   09     0.051
  2093   10     0.245
  2093   11     5.167
  2093   12     8.917
  2094   01    11.514
  2094   02    12.075
  2094   03    12.437
  2094   04    12.130
  2094   05    11.332
  2094   06     9.751
  2094   07     6.241
  2094   08     0.144
  2094   09     0.013
  2094   10     0.209
  2094   11     5.291
  2094   12     8.770
  2095   01    10.663
  2095   02    11.422
  2095   03    11.792
  2095   04    11.534
  2095   05    10.830
  2095   06     9.313
  2095   07     5.239
  2095   08     0.255
  2095   09     0.071
  2095   10     0.315
  2095   11     4.737
  2095   12     9.145
  2096   01    11.422
  2096   02    12.518
  2096   03    12.565
  2096   04    12.077
  2096   05    11.234
  2096   06    10.057
  2096   07     5.549
  2096   08     0.422
  2096   09     0.170
  2096   10     0.632
  2096   11     5.012
  2096   12     8.966
  2097   01    11.150
  2097   02    12.434
  2097   03    12.525
  2097   04    12.222
  2097   05    10.982
  2097   06     9.348
  2097   07     6.088
  2097   08     0.371
  2097   09     0.094
  2097   10     0.771
  2097   11     5.447
  2097   12     9.003
  2098   01    11.333
  2098   02    12.087
  2098   03    12.123
  2098   04    11.719
  2098   05    10.936
  2098   06     9.588
  2098   07     5.611
  2098   08     0.255
  2098   09     0.030
  2098   10     0.195
  2098   11     5.452
  2098   12     8.842
  2099   01    11.225
  2099   02    11.995
  2099   03    12.224
  2099   04    11.843
  2099   05    11.055
  2099   06     9.584
  2099   07     4.492
  2099   08     0.107
  2099   09     0.033
  2099   10     0.401
  2099   11     4.828
  2099   12     8.985
  2100   01    11.329
  2100   02    11.925
  2100   03    12.152
  2100   04    11.778
  2100   05    11.101
  2100   06     9.763
  2100   07     6.248
  2100   08     0.425
  2100   09     0.077
  2100   10     0.686
  2100   11     5.922
  2100   12     9.593
