  1850   01    14.374
  1850   02    14.820
  1850   03    15.226
  1850   04    15.265
  1850   05    14.512
  1850   06    12.589
  1850   07    11.020
  1850   08     9.154
  1850   09     8.577
  1850   10     9.345
  1850   11    11.012
  1850   12    13.042
  1851   01    14.282
  1851   02    15.023
  1851   03    15.025
  1851   04    15.065
  1851   05    14.415
  1851   06    12.686
  1851   07    10.789
  1851   08     9.224
  1851   09     8.717
  1851   10     9.848
  1851   11    11.468
  1851   12    13.312
  1852   01    14.450
  1852   02    14.953
  1852   03    15.317
  1852   04    15.142
  1852   05    14.426
  1852   06    12.796
  1852   07    10.974
  1852   08     8.714
  1852   09     7.595
  1852   10     9.674
  1852   11    11.350
  1852   12    13.141
  1853   01    14.379
  1853   02    15.175
  1853   03    15.178
  1853   04    15.292
  1853   05    14.549
  1853   06    12.802
  1853   07    10.899
  1853   08     9.156
  1853   09     8.434
  1853   10     9.620
  1853   11    11.170
  1853   12    13.144
  1854   01    14.548
  1854   02    14.945
  1854   03    15.179
  1854   04    14.933
  1854   05    14.227
  1854   06    12.416
  1854   07    11.158
  1854   08     9.234
  1854   09     8.184
  1854   10     9.473
  1854   11    11.155
  1854   12    13.162
  1855   01    14.387
  1855   02    14.941
  1855   03    15.119
  1855   04    15.066
  1855   05    14.076
  1855   06    12.446
  1855   07    11.123
  1855   08     9.042
  1855   09     7.795
  1855   10     8.889
  1855   11    11.068
  1855   12    12.794
  1856   01    14.188
  1856   02    14.835
  1856   03    15.086
  1856   04    14.850
  1856   05    14.016
  1856   06    12.677
  1856   07    11.251
  1856   08     8.590
  1856   09     7.560
  1856   10     9.128
  1856   11    11.075
  1856   12    13.052
  1857   01    14.117
  1857   02    14.775
  1857   03    14.939
  1857   04    15.008
  1857   05    14.351
  1857   06    12.902
  1857   07    11.119
  1857   08     8.005
  1857   09     6.756
  1857   10     8.647
  1857   11    10.597
  1857   12    12.830
  1858   01    14.192
  1858   02    15.087
  1858   03    15.350
  1858   04    15.278
  1858   05    14.568
  1858   06    12.787
  1858   07    10.505
  1858   08     7.936
  1858   09     6.850
  1858   10     8.968
  1858   11    11.225
  1858   12    13.201
  1859   01    14.258
  1859   02    14.811
  1859   03    15.176
  1859   04    15.281
  1859   05    14.425
  1859   06    12.562
  1859   07    10.239
  1859   08     8.295
  1859   09     7.816
  1859   10     9.251
  1859   11    11.023
  1859   12    13.269
  1860   01    14.239
  1860   02    14.780
  1860   03    15.106
  1860   04    15.082
  1860   05    14.169
  1860   06    12.348
  1860   07    10.776
  1860   08     8.778
  1860   09     7.988
  1860   10     9.103
  1860   11    11.042
  1860   12    13.185
  1861   01    14.698
  1861   02    15.498
  1861   03    15.822
  1861   04    15.635
  1861   05    14.479
  1861   06    12.731
  1861   07    10.863
  1861   08     9.101
  1861   09     8.262
  1861   10     9.883
  1861   11    11.322
  1861   12    13.556
  1862   01    14.789
  1862   02    15.410
  1862   03    15.699
  1862   04    15.596
  1862   05    14.909
  1862   06    13.263
  1862   07    11.599
  1862   08     9.806
  1862   09     8.947
  1862   10    10.489
  1862   11    11.697
  1862   12    13.969
  1863   01    15.052
  1863   02    15.458
  1863   03    15.790
  1863   04    15.718
  1863   05    14.862
  1863   06    13.173
  1863   07    11.183
  1863   08     9.476
  1863   09     8.670
  1863   10     9.803
  1863   11    11.846
  1863   12    13.706
  1864   01    14.735
  1864   02    15.408
  1864   03    15.585
  1864   04    15.499
  1864   05    14.480
  1864   06    12.879
  1864   07    11.186
  1864   08     9.607
  1864   09     8.740
  1864   10     9.705
  1864   11    11.520
  1864   12    13.577
  1865   01    14.657
  1865   02    15.393
  1865   03    15.706
  1865   04    15.511
  1865   05    14.630
  1865   06    13.152
  1865   07    11.513
  1865   08     9.567
  1865   09     8.382
  1865   10     9.685
  1865   11    11.719
  1865   12    13.716
  1866   01    14.616
  1866   02    15.202
  1866   03    15.379
  1866   04    15.325
  1866   05    14.394
  1866   06    13.098
  1866   07    11.504
  1866   08     9.058
  1866   09     8.365
  1866   10     9.271
  1866   11    11.711
  1866   12    13.662
  1867   01    14.901
  1867   02    15.535
  1867   03    15.791
  1867   04    15.559
  1867   05    14.581
  1867   06    12.561
  1867   07    10.814
  1867   08     8.584
  1867   09     7.523
  1867   10     9.205
  1867   11    11.477
  1867   12    13.410
  1868   01    14.508
  1868   02    15.058
  1868   03    15.407
  1868   04    15.475
  1868   05    14.538
  1868   06    12.578
  1868   07    10.579
  1868   08     8.474
  1868   09     7.333
  1868   10     8.435
  1868   11    10.878
  1868   12    13.025
  1869   01    14.284
  1869   02    14.933
  1869   03    15.297
  1869   04    15.161
  1869   05    14.187
  1869   06    12.617
  1869   07    11.084
  1869   08     9.038
  1869   09     8.190
  1869   10     9.705
  1869   11    11.171
  1869   12    13.140
  1870   01    14.362
  1870   02    14.996
  1870   03    15.248
  1870   04    14.984
  1870   05    14.184
  1870   06    12.471
  1870   07    10.776
  1870   08     8.320
  1870   09     7.521
  1870   10     9.133
  1870   11    10.741
  1870   12    13.205
  1871   01    14.417
  1871   02    14.930
  1871   03    15.275
  1871   04    15.167
  1871   05    14.378
  1871   06    12.260
  1871   07    10.070
  1871   08     8.229
  1871   09     7.370
  1871   10     8.003
  1871   11    10.412
  1871   12    12.837
  1872   01    14.359
  1872   02    15.067
  1872   03    15.253
  1872   04    15.098
  1872   05    14.409
  1872   06    12.667
  1872   07    10.863
  1872   08     8.496
  1872   09     7.754
  1872   10     9.345
  1872   11    10.850
  1872   12    13.408
  1873   01    14.490
  1873   02    15.071
  1873   03    15.409
  1873   04    15.550
  1873   05    14.600
  1873   06    12.498
  1873   07    10.570
  1873   08     8.853
  1873   09     8.138
  1873   10     9.025
  1873   11    10.862
  1873   12    13.234
  1874   01    14.404
  1874   02    15.340
  1874   03    15.716
  1874   04    15.394
  1874   05    14.634
  1874   06    12.875
  1874   07    10.564
  1874   08     8.686
  1874   09     8.060
  1874   10     9.298
  1874   11    11.472
  1874   12    13.454
  1875   01    14.602
  1875   02    15.317
  1875   03    15.542
  1875   04    15.320
  1875   05    14.615
  1875   06    12.812
  1875   07    11.093
  1875   08     8.821
  1875   09     7.723
  1875   10     9.544
  1875   11    11.581
  1875   12    13.491
  1876   01    14.476
  1876   02    15.080
  1876   03    15.393
  1876   04    15.177
  1876   05    14.326
  1876   06    12.890
  1876   07    11.093
  1876   08     9.424
  1876   09     8.549
  1876   10     9.817
  1876   11    11.386
  1876   12    13.270
  1877   01    14.152
  1877   02    14.360
  1877   03    14.803
  1877   04    14.735
  1877   05    13.925
  1877   06    12.625
  1877   07    11.340
  1877   08     9.218
  1877   09     8.687
  1877   10     9.552
  1877   11    11.229
  1877   12    13.461
  1878   01    14.496
  1878   02    14.970
  1878   03    15.274
  1878   04    15.166
  1878   05    14.472
  1878   06    12.907
  1878   07    11.090
  1878   08     8.984
  1878   09     7.938
  1878   10     9.213
  1878   11    11.295
  1878   12    13.490
  1879   01    14.728
  1879   02    15.279
  1879   03    15.697
  1879   04    15.375
  1879   05    14.708
  1879   06    12.915
  1879   07    10.833
  1879   08     8.798
  1879   09     7.785
  1879   10     9.281
  1879   11    10.963
  1879   12    13.209
  1880   01    14.387
  1880   02    15.010
  1880   03    15.267
  1880   04    15.016
  1880   05    14.277
  1880   06    12.729
  1880   07    11.508
  1880   08     9.365
  1880   09     8.568
  1880   10     9.754
  1880   11    11.174
  1880   12    13.517
  1881   01    14.619
  1881   02    15.274
  1881   03    15.361
  1881   04    15.224
  1881   05    14.753
  1881   06    12.942
  1881   07    11.024
  1881   08     8.757
  1881   09     7.637
  1881   10     9.708
  1881   11    11.516
  1881   12    13.594
  1882   01    14.648
  1882   02    15.164
  1882   03    15.454
  1882   04    15.234
  1882   05    14.713
  1882   06    12.896
  1882   07    11.299
  1882   08     9.185
  1882   09     8.152
  1882   10     9.353
  1882   11    10.997
  1882   12    13.438
  1883   01    14.674
  1883   02    15.257
  1883   03    15.546
  1883   04    15.468
  1883   05    14.418
  1883   06    12.839
  1883   07    10.830
  1883   08     8.117
  1883   09     7.317
  1883   10     9.417
  1883   11    11.009
  1883   12    13.318
  1884   01    14.650
  1884   02    15.374
  1884   03    15.739
  1884   04    15.470
  1884   05    14.523
  1884   06    12.914
  1884   07    11.416
  1884   08     9.133
  1884   09     8.165
  1884   10     9.448
  1884   11    11.630
  1884   12    13.358
  1885   01    14.537
  1885   02    15.278
  1885   03    15.569
  1885   04    15.572
  1885   05    14.707
  1885   06    12.977
  1885   07    11.234
  1885   08     9.063
  1885   09     8.051
  1885   10     9.967
  1885   11    11.658
  1885   12    13.418
  1886   01    14.467
  1886   02    15.073
  1886   03    15.459
  1886   04    15.231
  1886   05    14.494
  1886   06    13.399
  1886   07    11.734
  1886   08     8.971
  1886   09     7.455
  1886   10     9.952
  1886   11    12.018
  1886   12    13.650
  1887   01    14.743
  1887   02    15.337
  1887   03    15.626
  1887   04    15.402
  1887   05    14.533
  1887   06    12.995
  1887   07    11.306
  1887   08     8.392
  1887   09     7.027
  1887   10     9.197
  1887   11    11.275
  1887   12    13.730
  1888   01    15.020
  1888   02    15.760
  1888   03    15.810
  1888   04    15.892
  1888   05    14.981
  1888   06    13.291
  1888   07    11.156
  1888   08     8.963
  1888   09     7.909
  1888   10     9.479
  1888   11    11.892
  1888   12    14.069
  1889   01    15.285
  1889   02    16.008
  1889   03    16.477
  1889   04    16.044
  1889   05    15.126
  1889   06    13.154
  1889   07    11.224
  1889   08     8.510
  1889   09     7.071
  1889   10     9.191
  1889   11    10.967
  1889   12    13.342
  1890   01    14.681
  1890   02    15.339
  1890   03    15.560
  1890   04    15.144
  1890   05    14.241
  1890   06    12.774
  1890   07    11.326
  1890   08     9.252
  1890   09     8.495
  1890   10     9.738
  1890   11    11.114
  1890   12    13.472
  1891   01    14.667
  1891   02    15.399
  1891   03    15.874
  1891   04    15.436
  1891   05    14.577
  1891   06    12.950
  1891   07    11.159
  1891   08     9.090
  1891   09     8.037
  1891   10     9.694
  1891   11    11.004
  1891   12    13.573
  1892   01    14.693
  1892   02    15.399
  1892   03    15.647
  1892   04    15.480
  1892   05    14.818
  1892   06    13.072
  1892   07    10.724
  1892   08     9.316
  1892   09     8.361
  1892   10     9.562
  1892   11    11.430
  1892   12    13.377
  1893   01    14.673
  1893   02    15.235
  1893   03    15.557
  1893   04    15.244
  1893   05    14.537
  1893   06    12.558
  1893   07    10.313
  1893   08     8.642
  1893   09     7.916
  1893   10     8.985
  1893   11    11.514
  1893   12    13.477
  1894   01    14.634
  1894   02    15.434
  1894   03    15.799
  1894   04    15.509
  1894   05    14.493
  1894   06    12.819
  1894   07    10.668
  1894   08     8.430
  1894   09     7.634
  1894   10     9.311
  1894   11    11.230
  1894   12    13.268
  1895   01    14.493
  1895   02    15.164
  1895   03    15.664
  1895   04    15.439
  1895   05    14.808
  1895   06    12.922
  1895   07    10.995
  1895   08     8.768
  1895   09     7.439
  1895   10     9.900
  1895   11    11.669
  1895   12    13.754
  1896   01    14.698
  1896   02    15.260
  1896   03    15.713
  1896   04    15.371
  1896   05    14.671
  1896   06    13.082
  1896   07    11.364
  1896   08     8.915
  1896   09     7.868
  1896   10     9.328
  1896   11    11.166
  1896   12    13.515
  1897   01    14.567
  1897   02    15.030
  1897   03    15.232
  1897   04    15.085
  1897   05    14.061
  1897   06    12.486
  1897   07    10.818
  1897   08     9.109
  1897   09     8.024
  1897   10     9.388
  1897   11    10.940
  1897   12    13.090
  1898   01    14.373
  1898   02    15.171
  1898   03    15.569
  1898   04    15.418
  1898   05    14.450
  1898   06    12.532
  1898   07    11.074
  1898   08     8.979
  1898   09     7.696
  1898   10     9.088
  1898   11    10.894
  1898   12    13.338
  1899   01    14.319
  1899   02    14.989
  1899   03    15.391
  1899   04    15.302
  1899   05    14.361
  1899   06    12.882
  1899   07    11.209
  1899   08     8.915
  1899   09     7.932
  1899   10     9.151
  1899   11    11.117
  1899   12    13.123
  1900   01    14.397
  1900   02    15.287
  1900   03    15.858
  1900   04    15.820
  1900   05    14.751
  1900   06    13.072
  1900   07    10.801
  1900   08     8.852
  1900   09     7.947
  1900   10     9.500
  1900   11    11.353
  1900   12    13.783
  1901   01    14.790
  1901   02    15.424
  1901   03    16.108
  1901   04    16.041
  1901   05    15.089
  1901   06    13.085
  1901   07    11.302
  1901   08     9.247
  1901   09     8.396
  1901   10     9.712
  1901   11    11.486
  1901   12    13.595
  1902   01    14.754
  1902   02    15.395
  1902   03    15.877
  1902   04    15.663
  1902   05    14.812
  1902   06    13.154
  1902   07    10.694
  1902   08     8.657
  1902   09     8.126
  1902   10     8.951
  1902   11    11.867
  1902   12    13.606
  1903   01    14.519
  1903   02    15.114
  1903   03    15.451
  1903   04    15.119
  1903   05    14.449
  1903   06    12.896
  1903   07    11.001
  1903   08     8.593
  1903   09     7.851
  1903   10     9.095
  1903   11    11.514
  1903   12    13.496
  1904   01    14.861
  1904   02    15.635
  1904   03    15.799
  1904   04    15.652
  1904   05    14.728
  1904   06    12.765
  1904   07    11.354
  1904   08     8.602
  1904   09     7.910
  1904   10     9.468
  1904   11    11.494
  1904   12    13.838
  1905   01    14.870
  1905   02    15.275
  1905   03    15.590
  1905   04    15.300
  1905   05    14.617
  1905   06    12.891
  1905   07    11.265
  1905   08     9.317
  1905   09     8.345
  1905   10     9.707
  1905   11    11.099
  1905   12    13.245
  1906   01    14.906
  1906   02    15.666
  1906   03    15.611
  1906   04    15.605
  1906   05    14.787
  1906   06    12.820
  1906   07    10.902
  1906   08     8.571
  1906   09     8.018
  1906   10     9.797
  1906   11    11.681
  1906   12    13.680
  1907   01    14.945
  1907   02    15.616
  1907   03    15.928
  1907   04    15.799
  1907   05    14.922
  1907   06    12.988
  1907   07    10.973
  1907   08     8.737
  1907   09     7.913
  1907   10     9.637
  1907   11    11.022
  1907   12    13.288
  1908   01    14.623
  1908   02    15.428
  1908   03    15.706
  1908   04    15.439
  1908   05    14.837
  1908   06    12.737
  1908   07    10.998
  1908   08     9.026
  1908   09     8.596
  1908   10     9.433
  1908   11    11.317
  1908   12    13.704
  1909   01    14.848
  1909   02    15.441
  1909   03    15.767
  1909   04    15.473
  1909   05    14.259
  1909   06    12.972
  1909   07    11.367
  1909   08     9.433
  1909   09     8.686
  1909   10    10.002
  1909   11    11.359
  1909   12    13.364
  1910   01    14.766
  1910   02    15.441
  1910   03    15.753
  1910   04    15.556
  1910   05    14.641
  1910   06    12.739
  1910   07    10.525
  1910   08     9.063
  1910   09     8.537
  1910   10     9.463
  1910   11    10.981
  1910   12    13.229
  1911   01    14.561
  1911   02    15.218
  1911   03    15.484
  1911   04    15.368
  1911   05    14.319
  1911   06    12.547
  1911   07    10.639
  1911   08     8.739
  1911   09     8.092
  1911   10     8.889
  1911   11    10.619
  1911   12    13.191
  1912   01    14.450
  1912   02    15.213
  1912   03    15.355
  1912   04    14.903
  1912   05    14.224
  1912   06    12.643
  1912   07    10.970
  1912   08     9.067
  1912   09     8.207
  1912   10     9.849
  1912   11    10.989
  1912   12    13.361
  1913   01    14.724
  1913   02    15.554
  1913   03    15.798
  1913   04    15.480
  1913   05    14.545
  1913   06    13.178
  1913   07    11.293
  1913   08     8.689
  1913   09     7.965
  1913   10     9.628
  1913   11    11.483
  1913   12    13.695
  1914   01    14.953
  1914   02    15.570
  1914   03    15.973
  1914   04    15.651
  1914   05    14.764
  1914   06    13.237
  1914   07    11.146
  1914   08     8.639
  1914   09     8.060
  1914   10     9.816
  1914   11    11.570
  1914   12    13.986
  1915   01    14.995
  1915   02    15.767
  1915   03    16.032
  1915   04    15.693
  1915   05    14.784
  1915   06    12.955
  1915   07    10.857
  1915   08     9.217
  1915   09     8.091
  1915   10     9.541
  1915   11    11.336
  1915   12    13.579
  1916   01    14.798
  1916   02    15.647
  1916   03    16.061
  1916   04    15.902
  1916   05    15.071
  1916   06    13.137
  1916   07    11.675
  1916   08     9.150
  1916   09     8.007
  1916   10     9.973
  1916   11    11.879
  1916   12    13.891
  1917   01    14.938
  1917   02    15.691
  1917   03    16.004
  1917   04    15.748
  1917   05    14.765
  1917   06    13.115
  1917   07    11.445
  1917   08     9.574
  1917   09     8.796
  1917   10    10.384
  1917   11    11.951
  1917   12    13.702
  1918   01    14.741
  1918   02    15.494
  1918   03    15.778
  1918   04    15.515
  1918   05    14.861
  1918   06    12.954
  1918   07    11.495
  1918   08     9.272
  1918   09     8.189
  1918   10     9.891
  1918   11    11.914
  1918   12    13.756
  1919   01    14.780
  1919   02    15.262
  1919   03    15.466
  1919   04    15.428
  1919   05    14.502
  1919   06    13.175
  1919   07    11.630
  1919   08     9.643
  1919   09     9.069
  1919   10    10.096
  1919   11    11.706
  1919   12    13.920
  1920   01    14.827
  1920   02    15.157
  1920   03    15.208
  1920   04    14.996
  1920   05    14.372
  1920   06    12.934
  1920   07    11.162
  1920   08     8.952
  1920   09     8.064
  1920   10     9.204
  1920   11    11.360
  1920   12    12.993
  1921   01    14.232
  1921   02    14.851
  1921   03    14.979
  1921   04    15.010
  1921   05    14.147
  1921   06    12.534
  1921   07    10.605
  1921   08     8.496
  1921   09     7.645
  1921   10     8.715
  1921   11    10.256
  1921   12    13.056
  1922   01    14.282
  1922   02    14.849
  1922   03    15.197
  1922   04    14.955
  1922   05    14.329
  1922   06    12.818
  1922   07    11.014
  1922   08     8.586
  1922   09     7.316
  1922   10     9.078
  1922   11    11.237
  1922   12    13.091
  1923   01    13.886
  1923   02    14.491
  1923   03    14.872
  1923   04    14.840
  1923   05    14.002
  1923   06    12.154
  1923   07    10.166
  1923   08     8.336
  1923   09     7.544
  1923   10     8.583
  1923   11    10.624
  1923   12    12.915
  1924   01    13.876
  1924   02    14.681
  1924   03    14.840
  1924   04    14.859
  1924   05    14.084
  1924   06    12.380
  1924   07     9.649
  1924   08     7.853
  1924   09     6.966
  1924   10     7.981
  1924   11    10.676
  1924   12    12.990
  1925   01    13.933
  1925   02    14.449
  1925   03    14.620
  1925   04    14.491
  1925   05    14.009
  1925   06    12.369
  1925   07    10.769
  1925   08     8.176
  1925   09     7.192
  1925   10     8.273
  1925   11    10.558
  1925   12    12.846
  1926   01    13.958
  1926   02    14.635
  1926   03    14.849
  1926   04    14.700
  1926   05    14.280
  1926   06    12.542
  1926   07    10.203
  1926   08     8.460
  1926   09     7.578
  1926   10     8.969
  1926   11    10.787
  1926   12    12.839
  1927   01    13.917
  1927   02    14.398
  1927   03    14.646
  1927   04    14.487
  1927   05    13.812
  1927   06    12.502
  1927   07    10.697
  1927   08     7.884
  1927   09     6.939
  1927   10     9.234
  1927   11    11.020
  1927   12    13.249
  1928   01    14.235
  1928   02    14.777
  1928   03    14.923
  1928   04    14.783
  1928   05    13.898
  1928   06    12.745
  1928   07    10.750
  1928   08     8.428
  1928   09     7.500
  1928   10     8.969
  1928   11    10.766
  1928   12    12.909
  1929   01    14.079
  1929   02    14.939
  1929   03    15.249
  1929   04    14.977
  1929   05    14.001
  1929   06    12.715
  1929   07    10.830
  1929   08     8.350
  1929   09     7.377
  1929   10     8.777
  1929   11    11.156
  1929   12    12.922
  1930   01    14.080
  1930   02    14.708
  1930   03    14.963
  1930   04    14.902
  1930   05    14.129
  1930   06    12.508
  1930   07    10.665
  1930   08     8.295
  1930   09     7.564
  1930   10     8.850
  1930   11    10.984
  1930   12    13.016
  1931   01    14.190
  1931   02    14.885
  1931   03    15.135
  1931   04    15.061
  1931   05    14.298
  1931   06    12.597
  1931   07    10.352
  1931   08     8.089
  1931   09     6.904
  1931   10     8.021
  1931   11    10.495
  1931   12    12.519
  1932   01    13.849
  1932   02    14.421
  1932   03    14.491
  1932   04    14.328
  1932   05    13.434
  1932   06    12.044
  1932   07     9.790
  1932   08     7.759
  1932   09     6.726
  1932   10     8.443
  1932   11    10.350
  1932   12    12.647
  1933   01    13.757
  1933   02    14.159
  1933   03    14.612
  1933   04    14.378
  1933   05    13.827
  1933   06    12.215
  1933   07     9.841
  1933   08     7.839
  1933   09     7.041
  1933   10     8.965
  1933   11    10.829
  1933   12    13.010
  1934   01    14.254
  1934   02    14.879
  1934   03    14.900
  1934   04    14.842
  1934   05    14.088
  1934   06    12.286
  1934   07    10.457
  1934   08     8.826
  1934   09     8.206
  1934   10     8.904
  1934   11    11.111
  1934   12    13.450
  1935   01    14.415
  1935   02    14.902
  1935   03    15.141
  1935   04    15.099
  1935   05    14.303
  1935   06    12.370
  1935   07    10.477
  1935   08     8.442
  1935   09     7.759
  1935   10     8.872
  1935   11    11.311
  1935   12    13.291
  1936   01    14.484
  1936   02    14.912
  1936   03    15.365
  1936   04    15.188
  1936   05    14.495
  1936   06    12.475
  1936   07    10.044
  1936   08     8.235
  1936   09     7.687
  1936   10     8.774
  1936   11    11.158
  1936   12    12.891
  1937   01    14.404
  1937   02    15.088
  1937   03    15.332
  1937   04    15.211
  1937   05    14.612
  1937   06    12.625
  1937   07    10.764
  1937   08     8.255
  1937   09     7.168
  1937   10     8.792
  1937   11    11.064
  1937   12    13.151
  1938   01    14.158
  1938   02    14.743
  1938   03    15.060
  1938   04    14.919
  1938   05    14.301
  1938   06    12.713
  1938   07    11.050
  1938   08     7.960
  1938   09     6.799
  1938   10     8.545
  1938   11    11.021
  1938   12    12.832
  1939   01    13.789
  1939   02    14.552
  1939   03    15.135
  1939   04    14.961
  1939   05    13.960
  1939   06    12.513
  1939   07    10.074
  1939   08     8.288
  1939   09     7.541
  1939   10     9.304
  1939   11    11.117
  1939   12    13.335
  1940   01    14.165
  1940   02    14.571
  1940   03    14.868
  1940   04    14.813
  1940   05    14.208
  1940   06    12.647
  1940   07    11.040
  1940   08     8.896
  1940   09     7.815
  1940   10     9.654
  1940   11    11.642
  1940   12    13.525
  1941   01    14.222
  1941   02    14.769
  1941   03    15.007
  1941   04    14.937
  1941   05    14.322
  1941   06    12.562
  1941   07    10.723
  1941   08     8.440
  1941   09     7.483
  1941   10     8.976
  1941   11    10.668
  1941   12    12.755
  1942   01    14.186
  1942   02    14.931
  1942   03    15.374
  1942   04    15.429
  1942   05    14.589
  1942   06    12.373
  1942   07    10.502
  1942   08     8.267
  1942   09     7.562
  1942   10     9.112
  1942   11    10.648
  1942   12    12.744
  1943   01    13.980
  1943   02    14.696
  1943   03    15.100
  1943   04    14.873
  1943   05    14.335
  1943   06    12.651
  1943   07    10.619
  1943   08     8.736
  1943   09     7.495
  1943   10     8.872
  1943   11    11.050
  1943   12    13.098
  1944   01    14.455
  1944   02    15.044
  1944   03    15.297
  1944   04    15.257
  1944   05    14.317
  1944   06    12.802
  1944   07    10.590
  1944   08     7.882
  1944   09     6.670
  1944   10     8.045
  1944   11    11.123
  1944   12    13.467
  1945   01    14.712
  1945   02    15.210
  1945   03    15.491
  1945   04    15.453
  1945   05    14.518
  1945   06    12.628
  1945   07    10.791
  1945   08     8.657
  1945   09     7.348
  1945   10     9.051
  1945   11    11.279
  1945   12    13.119
  1946   01    14.515
  1946   02    15.411
  1946   03    15.722
  1946   04    15.571
  1946   05    14.790
  1946   06    12.774
  1946   07    10.988
  1946   08     8.995
  1946   09     7.637
  1946   10     9.229
  1946   11    11.270
  1946   12    13.613
  1947   01    14.799
  1947   02    15.279
  1947   03    15.536
  1947   04    15.560
  1947   05    14.717
  1947   06    12.531
  1947   07    10.225
  1947   08     8.712
  1947   09     8.076
  1947   10     9.250
  1947   11    11.066
  1947   12    13.129
  1948   01    14.348
  1948   02    14.990
  1948   03    15.171
  1948   04    15.008
  1948   05    14.245
  1948   06    12.948
  1948   07    11.421
  1948   08     8.720
  1948   09     7.959
  1948   10     9.932
  1948   11    11.558
  1948   12    13.664
  1949   01    14.426
  1949   02    15.124
  1949   03    15.402
  1949   04    15.172
  1949   05    14.276
  1949   06    12.824
  1949   07    11.063
  1949   08     8.515
  1949   09     7.218
  1949   10     8.783
  1949   11    10.774
  1949   12    13.317
  1950   01    14.387
  1950   02    14.969
  1950   03    15.434
  1950   04    15.155
  1950   05    14.171
  1950   06    12.758
  1950   07    10.606
  1950   08     8.477
  1950   09     7.364
  1950   10     8.606
  1950   11    10.909
  1950   12    12.691
  1951   01    13.806
  1951   02    14.515
  1951   03    14.786
  1951   04    14.750
  1951   05    13.944
  1951   06    12.129
  1951   07    10.157
  1951   08     8.628
  1951   09     7.764
  1951   10     8.636
  1951   11    10.326
  1951   12    12.957
  1952   01    14.175
  1952   02    14.762
  1952   03    15.124
  1952   04    15.061
  1952   05    13.864
  1952   06    12.003
  1952   07     9.958
  1952   08     7.776
  1952   09     6.680
  1952   10     8.092
  1952   11    10.168
  1952   12    12.796
  1953   01    14.154
  1953   02    14.791
  1953   03    15.049
  1953   04    14.925
  1953   05    14.068
  1953   06    12.078
  1953   07     9.996
  1953   08     8.154
  1953   09     7.490
  1953   10     8.681
  1953   11    10.838
  1953   12    12.890
  1954   01    14.010
  1954   02    14.712
  1954   03    14.773
  1954   04    14.649
  1954   05    13.893
  1954   06    12.467
  1954   07    10.981
  1954   08     8.539
  1954   09     7.146
  1954   10     8.413
  1954   11    10.666
  1954   12    12.818
  1955   01    14.008
  1955   02    14.810
  1955   03    15.129
  1955   04    14.740
  1955   05    14.033
  1955   06    12.311
  1955   07    10.293
  1955   08     7.627
  1955   09     6.778
  1955   10     7.540
  1955   11    10.452
  1955   12    12.911
  1956   01    13.855
  1956   02    14.571
  1956   03    14.866
  1956   04    14.917
  1956   05    14.139
  1956   06    12.383
  1956   07    10.687
  1956   08     8.113
  1956   09     7.576
  1956   10     8.952
  1956   11    10.505
  1956   12    12.876
  1957   01    14.023
  1957   02    14.933
  1957   03    15.461
  1957   04    15.082
  1957   05    14.428
  1957   06    12.573
  1957   07    10.563
  1957   08     8.693
  1957   09     7.662
  1957   10     9.296
  1957   11    11.048
  1957   12    13.368
  1958   01    14.509
  1958   02    15.481
  1958   03    15.545
  1958   04    15.286
  1958   05    14.485
  1958   06    12.730
  1958   07    11.136
  1958   08     9.181
  1958   09     8.271
  1958   10     9.952
  1958   11    11.530
  1958   12    13.745
  1959   01    14.929
  1959   02    15.211
  1959   03    15.363
  1959   04    15.152
  1959   05    14.510
  1959   06    12.957
  1959   07    11.134
  1959   08     9.020
  1959   09     7.886
  1959   10     9.442
  1959   11    11.280
  1959   12    13.190
  1960   01    14.734
  1960   02    15.155
  1960   03    15.426
  1960   04    15.299
  1960   05    14.829
  1960   06    12.394
  1960   07    10.320
  1960   08     8.730
  1960   09     7.784
  1960   10     9.393
  1960   11    11.417
  1960   12    13.588
  1961   01    14.595
  1961   02    15.330
  1961   03    15.692
  1961   04    15.358
  1961   05    14.552
  1961   06    12.868
  1961   07    10.655
  1961   08     8.885
  1961   09     8.063
  1961   10     9.663
  1961   11    11.112
  1961   12    13.220
  1962   01    14.367
  1962   02    15.044
  1962   03    15.306
  1962   04    15.057
  1962   05    14.260
  1962   06    12.883
  1962   07    10.995
  1962   08     8.298
  1962   09     7.579
  1962   10     9.401
  1962   11    11.192
  1962   12    13.117
  1963   01    14.611
  1963   02    15.149
  1963   03    15.333
  1963   04    15.104
  1963   05    14.360
  1963   06    12.388
  1963   07    10.751
  1963   08     8.884
  1963   09     8.127
  1963   10     9.227
  1963   11    11.376
  1963   12    13.496
  1964   01    14.695
  1964   02    15.241
  1964   03    15.641
  1964   04    15.327
  1964   05    14.721
  1964   06    12.528
  1964   07     9.776
  1964   08     8.207
  1964   09     7.302
  1964   10     8.918
  1964   11    11.108
  1964   12    13.113
  1965   01    14.328
  1965   02    15.038
  1965   03    15.497
  1965   04    15.214
  1965   05    14.377
  1965   06    12.372
  1965   07    10.460
  1965   08     8.579
  1965   09     7.992
  1965   10     9.381
  1965   11    11.267
  1965   12    13.453
  1966   01    14.524
  1966   02    15.107
  1966   03    15.356
  1966   04    15.320
  1966   05    14.536
  1966   06    12.806
  1966   07    11.246
  1966   08     9.316
  1966   09     8.855
  1966   10     9.769
  1966   11    11.279
  1966   12    13.130
  1967   01    14.620
  1967   02    15.353
  1967   03    15.801
  1967   04    15.590
  1967   05    14.827
  1967   06    12.634
  1967   07    10.237
  1967   08     8.965
  1967   09     8.498
  1967   10     9.756
  1967   11    11.313
  1967   12    13.388
  1968   01    14.354
  1968   02    15.196
  1968   03    15.620
  1968   04    15.461
  1968   05    14.312
  1968   06    12.393
  1968   07    10.591
  1968   08     8.653
  1968   09     7.695
  1968   10     8.464
  1968   11    10.449
  1968   12    13.131
  1969   01    14.167
  1969   02    14.769
  1969   03    15.142
  1969   04    14.910
  1969   05    14.208
  1969   06    12.710
  1969   07    10.467
  1969   08     8.446
  1969   09     7.772
  1969   10     8.982
  1969   11    11.498
  1969   12    13.292
  1970   01    14.361
  1970   02    14.852
  1970   03    15.263
  1970   04    14.956
  1970   05    14.177
  1970   06    12.854
  1970   07    10.804
  1970   08     9.084
  1970   09     8.141
  1970   10     9.419
  1970   11    10.998
  1970   12    13.215
  1971   01    14.445
  1971   02    14.992
  1971   03    15.349
  1971   04    15.165
  1971   05    14.369
  1971   06    12.642
  1971   07    11.267
  1971   08     8.702
  1971   09     7.786
  1971   10     9.769
  1971   11    11.198
  1971   12    13.173
  1972   01    14.166
  1972   02    14.890
  1972   03    15.178
  1972   04    15.035
  1972   05    14.065
  1972   06    12.460
  1972   07    10.294
  1972   08     8.222
  1972   09     7.968
  1972   10     8.395
  1972   11    10.278
  1972   12    13.075
  1973   01    14.356
  1973   02    15.056
  1973   03    15.308
  1973   04    15.202
  1973   05    14.166
  1973   06    12.404
  1973   07    10.196
  1973   08     8.195
  1973   09     7.387
  1973   10     9.001
  1973   11    11.094
  1973   12    13.114
  1974   01    14.518
  1974   02    15.062
  1974   03    15.188
  1974   04    15.242
  1974   05    14.044
  1974   06    12.210
  1974   07    10.757
  1974   08     9.069
  1974   09     7.899
  1974   10     9.541
  1974   11    11.068
  1974   12    12.985
  1975   01    14.197
  1975   02    14.824
  1975   03    15.272
  1975   04    15.210
  1975   05    14.303
  1975   06    12.731
  1975   07    11.098
  1975   08     8.293
  1975   09     6.931
  1975   10     9.010
  1975   11    11.204
  1975   12    13.472
  1976   01    14.412
  1976   02    14.856
  1976   03    15.211
  1976   04    15.064
  1976   05    14.409
  1976   06    12.456
  1976   07    10.847
  1976   08     8.819
  1976   09     8.311
  1976   10    10.023
  1976   11    11.308
  1976   12    13.019
  1977   01    14.148
  1977   02    14.816
  1977   03    15.149
  1977   04    15.091
  1977   05    13.772
  1977   06    12.479
  1977   07    10.441
  1977   08     8.425
  1977   09     7.668
  1977   10     8.966
  1977   11    10.954
  1977   12    13.176
  1978   01    14.242
  1978   02    14.834
  1978   03    15.172
  1978   04    14.981
  1978   05    14.048
  1978   06    12.437
  1978   07    10.836
  1978   08     8.654
  1978   09     7.725
  1978   10     9.331
  1978   11    10.979
  1978   12    13.138
  1979   01    14.224
  1979   02    14.894
  1979   03    15.123
  1979   04    14.922
  1979   05    14.244
  1979   06    12.047
  1979   07    10.203
  1979   08     8.205
  1979   09     7.502
  1979   10     8.991
  1979   11    11.032
  1979   12    12.843
  1980   01    14.261
  1980   02    14.805
  1980   03    15.188
  1980   04    15.026
  1980   05    14.070
  1980   06    12.330
  1980   07    10.124
  1980   08     8.602
  1980   09     7.778
  1980   10     8.619
  1980   11    10.416
  1980   12    13.015
  1981   01    14.162
  1981   02    14.579
  1981   03    15.047
  1981   04    14.926
  1981   05    13.715
  1981   06    11.351
  1981   07     9.360
  1981   08     7.650
  1981   09     7.279
  1981   10     8.106
  1981   11    10.260
  1981   12    12.510
  1982   01    13.981
  1982   02    14.762
  1982   03    15.103
  1982   04    14.935
  1982   05    14.114
  1982   06    11.895
  1982   07     9.879
  1982   08     7.484
  1982   09     7.017
  1982   10     8.236
  1982   11    10.600
  1982   12    12.990
  1983   01    14.098
  1983   02    14.801
  1983   03    15.019
  1983   04    14.712
  1983   05    13.978
  1983   06    12.482
  1983   07    10.823
  1983   08     8.957
  1983   09     8.468
  1983   10     9.693
  1983   11    11.345
  1983   12    13.396
  1984   01    14.184
  1984   02    14.887
  1984   03    15.042
  1984   04    14.976
  1984   05    14.451
  1984   06    13.135
  1984   07    11.345
  1984   08     9.392
  1984   09     8.081
  1984   10     9.548
  1984   11    11.429
  1984   12    13.475
  1985   01    14.573
  1985   02    15.348
  1985   03    15.665
  1985   04    15.195
  1985   05    14.342
  1985   06    12.628
  1985   07    10.492
  1985   08     8.705
  1985   09     8.356
  1985   10     9.365
  1985   11    11.139
  1985   12    13.109
  1986   01    14.116
  1986   02    14.757
  1986   03    15.143
  1986   04    15.130
  1986   05    14.275
  1986   06    12.310
  1986   07    10.434
  1986   08     8.725
  1986   09     8.073
  1986   10     8.989
  1986   11    11.048
  1986   12    13.166
  1987   01    14.174
  1987   02    14.713
  1987   03    15.078
  1987   04    15.079
  1987   05    14.138
  1987   06    12.502
  1987   07    10.598
  1987   08     8.234
  1987   09     7.049
  1987   10     8.428
  1987   11    10.909
  1987   12    13.015
  1988   01    14.350
  1988   02    14.904
  1988   03    15.049
  1988   04    14.577
  1988   05    13.815
  1988   06    12.510
  1988   07    10.605
  1988   08     8.615
  1988   09     7.097
  1988   10     8.136
  1988   11    10.698
  1988   12    12.701
  1989   01    14.383
  1989   02    15.138
  1989   03    15.372
  1989   04    15.159
  1989   05    14.056
  1989   06    12.748
  1989   07     9.817
  1989   08     8.027
  1989   09     7.475
  1989   10     8.384
  1989   11    10.403
  1989   12    12.771
  1990   01    14.098
  1990   02    15.008
  1990   03    15.033
  1990   04    14.874
  1990   05    14.014
  1990   06    12.622
  1990   07    10.700
  1990   08     8.456
  1990   09     7.122
  1990   10     8.985
  1990   11    11.008
  1990   12    13.108
  1991   01    14.059
  1991   02    14.514
  1991   03    14.872
  1991   04    14.777
  1991   05    13.927
  1991   06    12.348
  1991   07    10.109
  1991   08     8.342
  1991   09     7.270
  1991   10     9.262
  1991   11    10.826
  1991   12    12.797
  1992   01    13.912
  1992   02    14.504
  1992   03    14.772
  1992   04    14.750
  1992   05    14.090
  1992   06    12.684
  1992   07    10.250
  1992   08     8.338
  1992   09     7.368
  1992   10     9.264
  1992   11    11.141
  1992   12    13.021
  1993   01    14.045
  1993   02    14.685
  1993   03    15.047
  1993   04    14.889
  1993   05    13.867
  1993   06    12.472
  1993   07    10.794
  1993   08     8.313
  1993   09     7.386
  1993   10     9.214
  1993   11    10.990
  1993   12    13.174
  1994   01    14.210
  1994   02    14.743
  1994   03    15.101
  1994   04    15.060
  1994   05    14.299
  1994   06    12.529
  1994   07    10.779
  1994   08     8.483
  1994   09     7.843
  1994   10     9.187
  1994   11    10.880
  1994   12    12.958
  1995   01    14.417
  1995   02    15.023
  1995   03    15.241
  1995   04    15.099
  1995   05    14.185
  1995   06    12.350
  1995   07     9.640
  1995   08     8.092
  1995   09     7.460
  1995   10     8.711
  1995   11    10.201
  1995   12    12.914
  1996   01    14.074
  1996   02    14.786
  1996   03    14.939
  1996   04    14.839
  1996   05    13.928
  1996   06    12.393
  1996   07    10.553
  1996   08     8.309
  1996   09     7.305
  1996   10     8.795
  1996   11    10.749
  1996   12    12.889
  1997   01    14.098
  1997   02    14.897
  1997   03    15.130
  1997   04    15.150
  1997   05    14.297
  1997   06    12.589
  1997   07    10.356
  1997   08     7.894
  1997   09     6.698
  1997   10     8.304
  1997   11    10.449
  1997   12    12.645
  1998   01    14.201
  1998   02    14.604
  1998   03    14.978
  1998   04    14.948
  1998   05    14.226
  1998   06    12.368
  1998   07     9.979
  1998   08     8.126
  1998   09     6.814
  1998   10     8.573
  1998   11    10.727
  1998   12    12.781
  1999   01    13.983
  1999   02    14.646
  1999   03    14.899
  1999   04    14.653
  1999   05    14.039
  1999   06    12.119
  1999   07     9.366
  1999   08     7.238
  1999   09     6.379
  1999   10     7.576
  1999   11    10.521
  1999   12    12.952
  2000   01    14.198
  2000   02    14.687
  2000   03    14.893
  2000   04    14.709
  2000   05    13.954
  2000   06    11.874
  2000   07    10.169
  2000   08     7.484
  2000   09     6.106
  2000   10     7.687
  2000   11    10.182
  2000   12    12.599
  2001   01    13.706
  2001   02    14.206
  2001   03    14.591
  2001   04    14.286
  2001   05    13.423
  2001   06    11.727
  2001   07     8.740
  2001   08     6.688
  2001   09     5.357
  2001   10     6.851
  2001   11     8.803
  2001   12    11.399
  2002   01    12.985
  2002   02    13.696
  2002   03    13.808
  2002   04    13.669
  2002   05    12.851
  2002   06    11.144
  2002   07     8.571
  2002   08     6.486
  2002   09     5.584
  2002   10     6.713
  2002   11     9.656
  2002   12    11.400
  2003   01    13.038
  2003   02    13.893
  2003   03    14.148
  2003   04    13.988
  2003   05    13.199
  2003   06    11.210
  2003   07     8.491
  2003   08     6.581
  2003   09     5.792
  2003   10     7.606
  2003   11     9.844
  2003   12    11.963
  2004   01    13.525
  2004   02    14.007
  2004   03    14.422
  2004   04    14.261
  2004   05    13.375
  2004   06    11.747
  2004   07     9.710
  2004   08     7.269
  2004   09     5.461
  2004   10     7.133
  2004   11     9.878
  2004   12    12.192
  2005   01    13.588
  2005   02    14.339
  2005   03    14.705
  2005   04    14.479
  2005   05    13.592
  2005   06    12.108
  2005   07     9.836
  2005   08     7.025
  2005   09     5.697
  2005   10     6.815
  2005   11     9.606
  2005   12    12.166
  2006   01    13.695
  2006   02    14.243
  2006   03    14.583
  2006   04    14.565
  2006   05    13.752
  2006   06    12.175
  2006   07     9.843
  2006   08     7.488
  2006   09     5.924
  2006   10     7.747
  2006   11    10.371
  2006   12    12.194
  2007   01    13.609
  2007   02    14.279
  2007   03    14.656
  2007   04    14.349
  2007   05    14.003
  2007   06    11.955
  2007   07     9.695
  2007   08     7.066
  2007   09     5.323
  2007   10     7.388
  2007   11     9.925
  2007   12    12.146
  2008   01    13.895
  2008   02    14.538
  2008   03    14.696
  2008   04    14.367
  2008   05    13.642
  2008   06    11.743
  2008   07     9.135
  2008   08     6.803
  2008   09     5.458
  2008   10     7.094
  2008   11     9.887
  2008   12    11.886
  2009   01    13.582
  2009   02    14.273
  2009   03    14.528
  2009   04    14.578
  2009   05    13.659
  2009   06    11.859
  2009   07     8.874
  2009   08     7.042
  2009   09     5.637
  2009   10     7.045
  2009   11     9.564
  2009   12    11.692
  2010   01    13.688
  2010   02    14.236
  2010   03    14.618
  2010   04    14.525
  2010   05    13.659
  2010   06    12.109
  2010   07     9.406
  2010   08     6.280
  2010   09     5.104
  2010   10     7.288
  2010   11     9.800
  2010   12    11.953
  2011   01    13.389
  2011   02    14.291
  2011   03    14.463
  2011   04    14.237
  2011   05    13.049
  2011   06    11.459
  2011   07     8.960
  2011   08     6.234
  2011   09     4.510
  2011   10     6.023
  2011   11     8.158
  2011   12    11.140
  2012   01    13.376
  2012   02    14.009
  2012   03    14.200
  2012   04    14.014
  2012   05    13.379
  2012   06    11.482
  2012   07     9.071
  2012   08     6.169
  2012   09     4.775
  2012   10     6.433
  2012   11     9.079
  2012   12    11.311
  2013   01    13.220
  2013   02    14.241
  2013   03    14.692
  2013   04    14.533
  2013   05    13.640
  2013   06    11.941
  2013   07     9.296
  2013   08     6.740
  2013   09     5.052
  2013   10     7.242
  2013   11     9.927
  2013   12    11.886
  2014   01    13.857
  2014   02    14.414
  2014   03    14.752
  2014   04    14.671
  2014   05    13.840
  2014   06    11.804
  2014   07     9.266
  2014   08     6.670
  2014   09     5.243
  2014   10     6.837
  2014   11     9.735
  2014   12    11.432
  2015   01    13.501
  2015   02    14.209
  2015   03    14.565
  2015   04    14.488
  2015   05    13.624
  2015   06    12.180
  2015   07     9.402
  2015   08     5.996
  2015   09     4.424
  2015   10     7.162
  2015   11    10.091
  2015   12    12.210
  2016   01    13.603
  2016   02    14.151
  2016   03    14.393
  2016   04    14.211
  2016   05    13.395
  2016   06    11.810
  2016   07     8.818
  2016   08     6.548
  2016   09     4.957
  2016   10     7.221
  2016   11    10.146
  2016   12    12.332
  2017   01    13.485
  2017   02    14.139
  2017   03    14.516
  2017   04    14.280
  2017   05    13.610
  2017   06    11.964
  2017   07     9.776
  2017   08     7.117
  2017   09     5.414
  2017   10     7.861
  2017   11    10.536
  2017   12    12.568
  2018   01    14.104
  2018   02    14.387
  2018   03    14.773
  2018   04    14.521
  2018   05    13.832
  2018   06    12.603
  2018   07     9.661
  2018   08     7.069
  2018   09     5.429
  2018   10     7.035
  2018   11    10.404
  2018   12    12.095
  2019   01    13.499
  2019   02    14.266
  2019   03    14.709
  2019   04    14.649
  2019   05    13.988
  2019   06    12.093
  2019   07     9.365
  2019   08     7.570
  2019   09     6.524
  2019   10     7.736
  2019   11    10.018
  2019   12    12.206
  2020   01    13.781
  2020   02    14.396
  2020   03    14.603
  2020   04    14.254
  2020   05    13.482
  2020   06    12.026
  2020   07     9.826
  2020   08     6.838
  2020   09     5.102
  2020   10     7.042
  2020   11     9.983
  2020   12    12.431
  2021   01    13.663
  2021   02    14.388
  2021   03    14.658
  2021   04    14.465
  2021   05    13.723
  2021   06    11.538
  2021   07     9.453
  2021   08     7.052
  2021   09     5.726
  2021   10     7.329
  2021   11     9.524
  2021   12    11.530
  2022   01    13.394
  2022   02    14.053
  2022   03    14.569
  2022   04    14.338
  2022   05    13.597
  2022   06    11.837
  2022   07     9.110
  2022   08     6.607
  2022   09     5.387
  2022   10     6.518
  2022   11     9.993
  2022   12    12.055
  2023   01    13.728
  2023   02    14.170
  2023   03    14.331
  2023   04    13.987
  2023   05    13.257
  2023   06    11.660
  2023   07     8.937
  2023   08     7.267
  2023   09     5.910
  2023   10     7.206
  2023   11     9.644
  2023   12    11.453
  2024   01    13.240
  2024   02    13.798
  2024   03    14.018
  2024   04    13.767
  2024   05    13.052
  2024   06    11.302
  2024   07     8.619
  2024   08     6.540
  2024   09     5.581
  2024   10     6.450
  2024   11     9.089
  2024   12    10.858
  2025   01    13.306
  2025   02    14.032
  2025   03    14.396
  2025   04    14.215
  2025   05    13.559
  2025   06    11.985
  2025   07     8.647
  2025   08     6.348
  2025   09     5.237
  2025   10     6.398
  2025   11     9.912
  2025   12    11.944
  2026   01    13.619
  2026   02    14.355
  2026   03    14.635
  2026   04    14.435
  2026   05    13.472
  2026   06    12.121
  2026   07     9.307
  2026   08     6.157
  2026   09     3.545
  2026   10     5.869
  2026   11     9.781
  2026   12    11.924
  2027   01    13.510
  2027   02    14.316
  2027   03    14.649
  2027   04    14.430
  2027   05    13.410
  2027   06    12.094
  2027   07     8.751
  2027   08     5.155
  2027   09     3.809
  2027   10     6.470
  2027   11     9.504
  2027   12    12.232
  2028   01    13.568
  2028   02    13.992
  2028   03    14.405
  2028   04    14.392
  2028   05    13.321
  2028   06    11.717
  2028   07     9.083
  2028   08     6.792
  2028   09     5.056
  2028   10     7.337
  2028   11     9.824
  2028   12    11.660
  2029   01    13.257
  2029   02    14.191
  2029   03    14.633
  2029   04    14.194
  2029   05    13.623
  2029   06    12.368
  2029   07     9.979
  2029   08     7.681
  2029   09     4.438
  2029   10     7.831
  2029   11     9.837
  2029   12    11.684
  2030   01    13.644
  2030   02    14.304
  2030   03    14.419
  2030   04    14.222
  2030   05    13.493
  2030   06    11.964
  2030   07     9.290
  2030   08     7.303
  2030   09     5.464
  2030   10     7.247
  2030   11     9.610
  2030   12    11.343
  2031   01    13.352
  2031   02    14.206
  2031   03    14.568
  2031   04    14.296
  2031   05    13.186
  2031   06    11.567
  2031   07     8.875
  2031   08     6.637
  2031   09     5.114
  2031   10     6.230
  2031   11     9.510
  2031   12    11.605
  2032   01    13.336
  2032   02    14.146
  2032   03    14.498
  2032   04    14.342
  2032   05    13.465
  2032   06    11.702
  2032   07     9.184
  2032   08     6.193
  2032   09     4.463
  2032   10     6.776
  2032   11     9.392
  2032   12    11.497
  2033   01    12.985
  2033   02    14.013
  2033   03    14.162
  2033   04    13.941
  2033   05    13.077
  2033   06    11.574
  2033   07     9.046
  2033   08     5.780
  2033   09     4.177
  2033   10     6.506
  2033   11     9.238
  2033   12    11.006
  2034   01    13.230
  2034   02    13.869
  2034   03    13.927
  2034   04    13.744
  2034   05    12.627
  2034   06    11.277
  2034   07     8.537
  2034   08     6.009
  2034   09     3.803
  2034   10     6.011
  2034   11     8.974
  2034   12    10.957
  2035   01    12.947
  2035   02    13.649
  2035   03    13.996
  2035   04    13.726
  2035   05    12.824
  2035   06    11.077
  2035   07     8.351
  2035   08     5.670
  2035   09     3.871
  2035   10     6.020
  2035   11     8.862
  2035   12    10.599
  2036   01    12.713
  2036   02    13.578
  2036   03    13.879
  2036   04    13.826
  2036   05    12.924
  2036   06    11.041
  2036   07     8.152
  2036   08     5.456
  2036   09     3.347
  2036   10     5.927
  2036   11     8.760
  2036   12    10.948
  2037   01    12.657
  2037   02    13.677
  2037   03    14.216
  2037   04    14.134
  2037   05    12.931
  2037   06    10.936
  2037   07     8.142
  2037   08     3.604
  2037   09     1.573
  2037   10     4.478
  2037   11     8.225
  2037   12    10.385
  2038   01    12.581
  2038   02    13.649
  2038   03    13.972
  2038   04    13.759
  2038   05    12.866
  2038   06    11.077
  2038   07     8.015
  2038   08     2.416
  2038   09     0.534
  2038   10     2.602
  2038   11     7.444
  2038   12    10.262
  2039   01    12.101
  2039   02    13.628
  2039   03    14.268
  2039   04    14.199
  2039   05    13.308
  2039   06    10.763
  2039   07     8.277
  2039   08     5.606
  2039   09     2.818
  2039   10     5.671
  2039   11     9.061
  2039   12    10.960
  2040   01    12.755
  2040   02    13.572
  2040   03    13.897
  2040   04    13.735
  2040   05    12.793
  2040   06    11.356
  2040   07     7.520
  2040   08     3.530
  2040   09     1.133
  2040   10     4.100
  2040   11     7.368
  2040   12    10.448
  2041   01    12.248
  2041   02    13.232
  2041   03    13.653
  2041   04    13.568
  2041   05    12.495
  2041   06    10.428
  2041   07     6.850
  2041   08     0.988
  2041   09     0.593
  2041   10     1.569
  2041   11     6.812
  2041   12     9.955
  2042   01    12.464
  2042   02    13.537
  2042   03    13.981
  2042   04    13.962
  2042   05    12.922
  2042   06    10.390
  2042   07     7.106
  2042   08     1.551
  2042   09     0.498
  2042   10     2.083
  2042   11     6.484
  2042   12     9.878
  2043   01    12.094
  2043   02    13.498
  2043   03    13.905
  2043   04    13.749
  2043   05    12.680
  2043   06    10.716
  2043   07     7.268
  2043   08     0.451
  2043   09     0.203
  2043   10     3.420
  2043   11     6.984
  2043   12    10.496
  2044   01    12.390
  2044   02    13.351
  2044   03    13.762
  2044   04    13.477
  2044   05    12.962
  2044   06    10.762
  2044   07     8.281
  2044   08     2.339
  2044   09     0.383
  2044   10     3.182
  2044   11     6.757
  2044   12     9.986
  2045   01    12.189
  2045   02    13.388
  2045   03    13.820
  2045   04    13.807
  2045   05    12.939
  2045   06    10.616
  2045   07     8.093
  2045   08     3.644
  2045   09     0.452
  2045   10     4.225
  2045   11     7.871
  2045   12    10.218
  2046   01    12.350
  2046   02    13.613
  2046   03    13.869
  2046   04    13.912
  2046   05    13.137
  2046   06    10.718
  2046   07     7.751
  2046   08     2.770
  2046   09     0.460
  2046   10     4.588
  2046   11     7.432
  2046   12    10.363
  2047   01    12.491
  2047   02    13.479
  2047   03    13.977
  2047   04    13.839
  2047   05    12.995
  2047   06    11.297
  2047   07     7.826
  2047   08     2.905
  2047   09     1.357
  2047   10     3.169
  2047   11     7.585
  2047   12    10.227
  2048   01    12.468
  2048   02    13.310
  2048   03    13.562
  2048   04    13.318
  2048   05    12.586
  2048   06    10.438
  2048   07     7.427
  2048   08     3.657
  2048   09     0.825
  2048   10     3.348
  2048   11     6.526
  2048   12     9.650
  2049   01    12.091
  2049   02    13.114
  2049   03    13.577
  2049   04    13.576
  2049   05    12.649
  2049   06    10.656
  2049   07     7.979
  2049   08     2.448
  2049   09     0.448
  2049   10     3.676
  2049   11     7.335
  2049   12    10.357
  2050   01    12.129
  2050   02    13.582
  2050   03    13.933
  2050   04    13.797
  2050   05    12.947
  2050   06    10.805
  2050   07     8.355
  2050   08     4.046
  2050   09     1.531
  2050   10     4.680
  2050   11     7.582
  2050   12     9.735
  2051   01    11.162
  2051   02    12.842
  2051   03    13.388
  2051   04    13.438
  2051   05    12.687
  2051   06    10.534
  2051   07     7.547
  2051   08     3.242
  2051   09     0.886
  2051   10     4.416
  2051   11     7.343
  2051   12     9.960
  2052   01    11.767
  2052   02    13.221
  2052   03    13.618
  2052   04    13.430
  2052   05    12.410
  2052   06    10.276
  2052   07     7.398
  2052   08     1.333
  2052   09     0.466
  2052   10     2.553
  2052   11     7.089
  2052   12     9.945
  2053   01    11.348
  2053   02    12.647
  2053   03    13.342
  2053   04    13.089
  2053   05    12.041
  2053   06     9.713
  2053   07     5.801
  2053   08     0.823
  2053   09     0.332
  2053   10     0.887
  2053   11     5.665
  2053   12     9.139
  2054   01    11.081
  2054   02    12.402
  2054   03    13.000
  2054   04    13.083
  2054   05    12.191
  2054   06    10.077
  2054   07     6.786
  2054   08     1.874
  2054   09     0.276
  2054   10     1.799
  2054   11     6.640
  2054   12     9.235
  2055   01    12.093
  2055   02    12.991
  2055   03    13.534
  2055   04    13.428
  2055   05    12.358
  2055   06    10.072
  2055   07     5.590
  2055   08     0.699
  2055   09     0.501
  2055   10     1.247
  2055   11     3.883
  2055   12     9.430
  2056   01    11.136
  2056   02    12.339
  2056   03    12.952
  2056   04    12.995
  2056   05    11.799
  2056   06     9.788
  2056   07     5.799
  2056   08     0.446
  2056   09     0.205
  2056   10     1.203
  2056   11     5.503
  2056   12     9.333
  2057   01    10.939
  2057   02    12.227
  2057   03    13.211
  2057   04    12.981
  2057   05    11.417
  2057   06     9.393
  2057   07     6.431
  2057   08     0.378
  2057   09     0.189
  2057   10     0.810
  2057   11     6.447
  2057   12     9.830
  2058   01    11.676
  2058   02    13.172
  2058   03    13.650
  2058   04    13.401
  2058   05    12.583
  2058   06    10.496
  2058   07     6.731
  2058   08     0.712
  2058   09     0.082
  2058   10     1.577
  2058   11     5.615
  2058   12     8.799
  2059   01    10.951
  2059   02    12.050
  2059   03    13.243
  2059   04    13.254
  2059   05    11.917
  2059   06     9.546
  2059   07     6.223
  2059   08     0.640
  2059   09     0.226
  2059   10     0.701
  2059   11     5.253
  2059   12     8.454
  2060   01    10.682
  2060   02    11.848
  2060   03    12.769
  2060   04    12.977
  2060   05    11.542
  2060   06     9.055
  2060   07     5.282
  2060   08     0.418
  2060   09     0.186
  2060   10     0.437
  2060   11     4.835
  2060   12     8.166
  2061   01    10.731
  2061   02    12.089
  2061   03    13.078
  2061   04    12.839
  2061   05    11.610
  2061   06     9.459
  2061   07     4.800
  2061   08     0.127
  2061   09     0.028
  2061   10     0.200
  2061   11     4.518
  2061   12     8.694
  2062   01    10.995
  2062   02    12.700
  2062   03    13.274
  2062   04    13.121
  2062   05    12.088
  2062   06     9.823
  2062   07     5.987
  2062   08     0.112
  2062   09     0.019
  2062   10     0.186
  2062   11     3.891
  2062   12     8.870
  2063   01    11.119
  2063   02    12.562
  2063   03    13.236
  2063   04    13.209
  2063   05    12.348
  2063   06     9.694
  2063   07     4.971
  2063   08     0.336
  2063   09     0.131
  2063   10     0.605
  2063   11     2.747
  2063   12     8.477
  2064   01    10.610
  2064   02    12.215
  2064   03    12.661
  2064   04    12.710
  2064   05    12.101
  2064   06     9.572
  2064   07     4.572
  2064   08     0.345
  2064   09     0.179
  2064   10     0.550
  2064   11     3.898
  2064   12     7.828
  2065   01    10.256
  2065   02    12.103
  2065   03    12.555
  2065   04    12.559
  2065   05    11.634
  2065   06     9.001
  2065   07     4.543
  2065   08     0.483
  2065   09     0.139
  2065   10     0.099
  2065   11     2.675
  2065   12     7.189
  2066   01     9.707
  2066   02    11.647
  2066   03    12.805
  2066   04    12.585
  2066   05    11.181
  2066   06     8.448
  2066   07     3.381
  2066   08     0.117
  2066   09     0.055
  2066   10     0.557
  2066   11     3.727
  2066   12     7.476
  2067   01    10.953
  2067   02    12.469
  2067   03    12.815
  2067   04    12.974
  2067   05    12.458
  2067   06     9.871
  2067   07     5.752
  2067   08     0.418
  2067   09     0.141
  2067   10     0.293
  2067   11     2.260
  2067   12     7.003
  2068   01    10.506
  2068   02    12.304
  2068   03    12.966
  2068   04    13.041
  2068   05    11.808
  2068   06     9.909
  2068   07     3.997
  2068   08     0.254
  2068   09     0.022
  2068   10     0.329
  2068   11     1.982
  2068   12     7.592
  2069   01    10.160
  2069   02    11.730
  2069   03    12.700
  2069   04    12.883
  2069   05    12.085
  2069   06     9.973
  2069   07     4.612
  2069   08     0.198
  2069   09     0.046
  2069   10     0.244
  2069   11     1.939
  2069   12     7.704
  2070   01    10.289
  2070   02    12.182
  2070   03    13.074
  2070   04    12.959
  2070   05    11.879
  2070   06     9.517
  2070   07     4.669
  2070   08     0.193
  2070   09     0.068
  2070   10     0.279
  2070   11     3.394
  2070   12     7.817
  2071   01    10.185
  2071   02    12.082
  2071   03    12.826
  2071   04    12.524
  2071   05    11.888
  2071   06     8.731
  2071   07     3.668
  2071   08     0.160
  2071   09     0.071
  2071   10     0.212
  2071   11     0.907
  2071   12     6.762
  2072   01     9.551
  2072   02    11.237
  2072   03    12.473
  2072   04    12.425
  2072   05    11.223
  2072   06     7.879
  2072   07     2.841
  2072   08     0.089
  2072   09     0.031
  2072   10     0.059
  2072   11     0.858
  2072   12     4.828
  2073   01     9.180
  2073   02    11.044
  2073   03    11.876
  2073   04    11.998
  2073   05    10.560
  2073   06     8.010
  2073   07     0.816
  2073   08     0.034
  2073   09     0.009
  2073   10     0.079
  2073   11     0.825
  2073   12     5.302
  2074   01     8.479
  2074   02    10.506
  2074   03    11.625
  2074   04    11.982
  2074   05    10.939
  2074   06     7.617
  2074   07     1.082
  2074   08     0.051
  2074   09     0.009
  2074   10     0.000
  2074   11     0.461
  2074   12     5.804
  2075   01     9.170
  2075   02    11.125
  2075   03    11.665
  2075   04    11.743
  2075   05    11.088
  2075   06     9.038
  2075   07     2.536
  2075   08     0.025
  2075   09     0.003
  2075   10     0.109
  2075   11     1.063
  2075   12     5.400
  2076   01     8.626
  2076   02    10.484
  2076   03    11.476
  2076   04    11.616
  2076   05    10.832
  2076   06     7.747
  2076   07     1.420
  2076   08     0.050
  2076   09     0.007
  2076   10     0.045
  2076   11     0.663
  2076   12     4.404
  2077   01     8.554
  2077   02    10.308
  2077   03    11.440
  2077   04    11.354
  2077   05    10.669
  2077   06     8.129
  2077   07     0.712
  2077   08     0.060
  2077   09     0.005
  2077   10     0.002
  2077   11     0.183
  2077   12     3.919
  2078   01     8.962
  2078   02    10.774
  2078   03    11.566
  2078   04    11.701
  2078   05    10.719
  2078   06     8.251
  2078   07     1.517
  2078   08     0.057
  2078   09     0.005
  2078   10     0.003
  2078   11     0.434
  2078   12     5.201
  2079   01     8.464
  2079   02    10.800
  2079   03    11.596
  2079   04    11.670
  2079   05    10.829
  2079   06     8.617
  2079   07     1.663
  2079   08     0.062
  2079   09     0.003
  2079   10     0.000
  2079   11     0.160
  2079   12     3.321
  2080   01     8.110
  2080   02     9.825
  2080   03    10.813
  2080   04    10.676
  2080   05     9.742
  2080   06     6.908
  2080   07     0.294
  2080   08     0.038
  2080   09     0.007
  2080   10     0.006
  2080   11     0.149
  2080   12     1.562
  2081   01     7.124
  2081   02    10.068
  2081   03    10.815
  2081   04    10.745
  2081   05    10.089
  2081   06     7.552
  2081   07     0.300
  2081   08     0.013
  2081   09     0.000
  2081   10     0.000
  2081   11     0.115
  2081   12     0.975
  2082   01     6.173
  2082   02     9.143
  2082   03    10.662
  2082   04    10.629
  2082   05    10.025
  2082   06     6.503
  2082   07     0.645
  2082   08     0.022
  2082   09     0.001
  2082   10     0.002
  2082   11     0.274
  2082   12     2.652
  2083   01     6.941
  2083   02     9.704
  2083   03    10.751
  2083   04    10.742
  2083   05     9.754
  2083   06     6.126
  2083   07     0.457
  2083   08     0.046
  2083   09     0.006
  2083   10     0.000
  2083   11     0.160
  2083   12     1.691
  2084   01     6.818
  2084   02     9.145
  2084   03    10.446
  2084   04    10.419
  2084   05     9.711
  2084   06     6.602
  2084   07     0.314
  2084   08     0.036
  2084   09     0.014
  2084   10     0.003
  2084   11     0.167
  2084   12     2.673
  2085   01     6.814
  2085   02     9.356
  2085   03    10.295
  2085   04    10.339
  2085   05     9.721
  2085   06     7.695
  2085   07     0.335
  2085   08     0.017
  2085   09     0.000
  2085   10     0.000
  2085   11     0.104
  2085   12     3.177
  2086   01     7.182
  2086   02     9.335
  2086   03    10.589
  2086   04    10.611
  2086   05     9.565
  2086   06     6.672
  2086   07     0.306
  2086   08     0.034
  2086   09     0.005
  2086   10     0.002
  2086   11     0.136
  2086   12     2.467
  2087   01     6.883
  2087   02     9.353
  2087   03    10.218
  2087   04    10.200
  2087   05     9.698
  2087   06     6.550
  2087   07     0.162
  2087   08     0.024
  2087   09     0.006
  2087   10     0.000
  2087   11     0.121
  2087   12     1.688
  2088   01     6.979
  2088   02     9.697
  2088   03    10.415
  2088   04    10.532
  2088   05     9.728
  2088   06     6.996
  2088   07     0.165
  2088   08     0.023
  2088   09     0.005
  2088   10     0.001
  2088   11     0.099
  2088   12     1.556
  2089   01     7.050
  2089   02     9.751
  2089   03    10.603
  2089   04    10.702
  2089   05     9.997
  2089   06     6.384
  2089   07     0.093
  2089   08     0.000
  2089   09     0.000
  2089   10     0.000
  2089   11     0.181
  2089   12     1.181
  2090   01     6.002
  2090   02     8.535
  2090   03     9.752
  2090   04     9.864
  2090   05     9.196
  2090   06     5.910
  2090   07     0.269
  2090   08     0.001
  2090   09     0.000
  2090   10     0.000
  2090   11     0.088
  2090   12     0.924
  2091   01     4.989
  2091   02     7.969
  2091   03     9.866
  2091   04    10.021
  2091   05     8.717
  2091   06     4.496
  2091   07     0.117
  2091   08     0.009
  2091   09     0.000
  2091   10     0.000
  2091   11     0.005
  2091   12     0.774
  2092   01     4.314
  2092   02     7.204
  2092   03     8.709
  2092   04     8.905
  2092   05     7.976
  2092   06     4.395
  2092   07     0.047
  2092   08     0.000
  2092   09     0.000
  2092   10     0.000
  2092   11     0.005
  2092   12     0.357
  2093   01     3.123
  2093   02     6.470
  2093   03     8.014
  2093   04     8.314
  2093   05     7.151
  2093   06     3.401
  2093   07     0.074
  2093   08     0.011
  2093   09     0.000
  2093   10     0.000
  2093   11     0.004
  2093   12     0.258
  2094   01     2.417
  2094   02     6.181
  2094   03     8.238
  2094   04     8.590
  2094   05     7.290
  2094   06     2.193
  2094   07     0.012
  2094   08     0.000
  2094   09     0.000
  2094   10     0.000
  2094   11     0.003
  2094   12     0.231
  2095   01     1.503
  2095   02     4.383
  2095   03     6.774
  2095   04     7.383
  2095   05     6.212
  2095   06     1.142
  2095   07     0.042
  2095   08     0.000
  2095   09     0.000
  2095   10     0.000
  2095   11     0.000
  2095   12     0.144
  2096   01     1.669
  2096   02     4.824
  2096   03     7.282
  2096   04     7.767
  2096   05     6.337
  2096   06     1.140
  2096   07     0.006
  2096   08     0.000
  2096   09     0.000
  2096   10     0.000
  2096   11     0.005
  2096   12     0.207
  2097   01     1.708
  2097   02     4.604
  2097   03     6.406
  2097   04     6.995
  2097   05     5.640
  2097   06     1.869
  2097   07     0.008
  2097   08     0.000
  2097   09     0.000
  2097   10     0.000
  2097   11     0.000
  2097   12     0.241
  2098   01     1.078
  2098   02     4.204
  2098   03     6.452
  2098   04     6.959
  2098   05     5.876
  2098   06     0.735
  2098   07     0.016
  2098   08     0.000
  2098   09     0.000
  2098   10     0.000
  2098   11     0.001
  2098   12     0.129
  2099   01     1.756
  2099   02     4.099
  2099   03     6.218
  2099   04     6.318
  2099   05     5.526
  2099   06     1.188
  2099   07     0.042
  2099   08     0.000
  2099   09     0.000
  2099   10     0.000
  2099   11     0.000
  2099   12     0.006
  2100   01     0.895
  2100   02     2.431
  2100   03     5.265
  2100   04     5.745
  2100   05     4.900
  2100   06     0.624
  2100   07     0.000
  2100   08     0.000
  2100   09     0.000
  2100   10     0.000
  2100   11     0.000
  2100   12     0.096
