  1850   01    14.857
  1850   02    15.272
  1850   03    15.141
  1850   04    14.853
  1850   05    13.754
  1850   06    12.229
  1850   07    10.294
  1850   08     8.220
  1850   09     8.127
  1850   10     9.807
  1850   11    11.134
  1850   12    13.700
  1851   01    14.779
  1851   02    15.555
  1851   03    15.617
  1851   04    14.982
  1851   05    13.775
  1851   06    12.215
  1851   07    10.223
  1851   08     8.547
  1851   09     7.881
  1851   10     9.645
  1851   11    11.090
  1851   12    13.689
  1852   01    14.648
  1852   02    15.158
  1852   03    15.130
  1852   04    14.357
  1852   05    13.242
  1852   06    11.962
  1852   07    10.601
  1852   08     8.255
  1852   09     7.376
  1852   10     9.501
  1852   11    10.874
  1852   12    13.063
  1853   01    14.128
  1853   02    14.888
  1853   03    14.870
  1853   04    14.389
  1853   05    12.837
  1853   06    11.584
  1853   07     9.692
  1853   08     8.115
  1853   09     7.273
  1853   10     9.287
  1853   11    11.083
  1853   12    12.903
  1854   01    14.227
  1854   02    14.866
  1854   03    14.756
  1854   04    14.487
  1854   05    13.425
  1854   06    11.739
  1854   07    10.192
  1854   08     7.957
  1854   09     7.695
  1854   10     9.147
  1854   11    11.248
  1854   12    13.366
  1855   01    14.388
  1855   02    14.866
  1855   03    15.006
  1855   04    14.284
  1855   05    13.098
  1855   06    11.710
  1855   07    10.012
  1855   08     7.233
  1855   09     6.546
  1855   10     9.428
  1855   11    11.142
  1855   12    13.265
  1856   01    14.456
  1856   02    14.945
  1856   03    14.974
  1856   04    14.573
  1856   05    13.433
  1856   06    11.715
  1856   07     9.839
  1856   08     7.693
  1856   09     7.369
  1856   10     9.445
  1856   11    11.446
  1856   12    13.381
  1857   01    14.595
  1857   02    15.117
  1857   03    15.384
  1857   04    14.877
  1857   05    13.658
  1857   06    12.106
  1857   07    10.273
  1857   08     7.546
  1857   09     6.766
  1857   10     8.619
  1857   11    11.372
  1857   12    13.714
  1858   01    14.630
  1858   02    15.344
  1858   03    15.440
  1858   04    14.815
  1858   05    13.795
  1858   06    11.832
  1858   07     9.507
  1858   08     7.797
  1858   09     7.197
  1858   10     9.319
  1858   11    11.046
  1858   12    13.383
  1859   01    14.577
  1859   02    15.323
  1859   03    15.427
  1859   04    14.943
  1859   05    13.989
  1859   06    12.354
  1859   07    10.069
  1859   08     8.543
  1859   09     7.814
  1859   10     9.786
  1859   11    11.610
  1859   12    13.975
  1860   01    15.105
  1860   02    15.727
  1860   03    15.531
  1860   04    14.801
  1860   05    13.930
  1860   06    12.527
  1860   07    10.919
  1860   08     8.930
  1860   09     8.386
  1860   10    10.142
  1860   11    11.777
  1860   12    13.727
  1861   01    14.720
  1861   02    15.336
  1861   03    15.374
  1861   04    15.078
  1861   05    14.274
  1861   06    12.668
  1861   07    10.838
  1861   08     9.479
  1861   09     8.768
  1861   10    10.492
  1861   11    11.848
  1861   12    13.983
  1862   01    14.796
  1862   02    15.442
  1862   03    15.500
  1862   04    14.780
  1862   05    13.718
  1862   06    12.229
  1862   07    10.621
  1862   08     8.822
  1862   09     8.609
  1862   10    10.378
  1862   11    12.036
  1862   12    14.018
  1863   01    15.023
  1863   02    15.362
  1863   03    15.395
  1863   04    14.640
  1863   05    13.533
  1863   06    12.408
  1863   07    10.917
  1863   08     8.564
  1863   09     7.698
  1863   10     9.962
  1863   11    11.586
  1863   12    13.536
  1864   01    14.712
  1864   02    15.291
  1864   03    15.577
  1864   04    15.022
  1864   05    14.146
  1864   06    12.511
  1864   07    10.848
  1864   08     9.025
  1864   09     8.191
  1864   10    10.233
  1864   11    12.060
  1864   12    13.500
  1865   01    14.840
  1865   02    15.241
  1865   03    15.354
  1865   04    15.119
  1865   05    14.171
  1865   06    12.629
  1865   07    10.714
  1865   08     8.518
  1865   09     7.760
  1865   10     9.642
  1865   11    11.531
  1865   12    13.471
  1866   01    15.007
  1866   02    15.480
  1866   03    15.620
  1866   04    14.815
  1866   05    13.680
  1866   06    11.651
  1866   07    10.319
  1866   08     8.421
  1866   09     7.752
  1866   10     9.834
  1866   11    11.461
  1866   12    13.514
  1867   01    14.525
  1867   02    15.177
  1867   03    15.196
  1867   04    14.559
  1867   05    13.451
  1867   06    12.110
  1867   07     9.998
  1867   08     7.976
  1867   09     7.575
  1867   10    10.126
  1867   11    11.569
  1867   12    13.706
  1868   01    14.661
  1868   02    15.411
  1868   03    15.448
  1868   04    14.853
  1868   05    13.454
  1868   06    12.145
  1868   07    10.206
  1868   08     8.377
  1868   09     7.344
  1868   10     9.745
  1868   11    11.612
  1868   12    13.514
  1869   01    14.403
  1869   02    15.089
  1869   03    15.433
  1869   04    14.676
  1869   05    13.687
  1869   06    12.405
  1869   07    10.627
  1869   08     8.342
  1869   09     8.112
  1869   10     9.760
  1869   11    11.753
  1869   12    13.693
  1870   01    14.720
  1870   02    15.335
  1870   03    15.351
  1870   04    14.462
  1870   05    13.452
  1870   06    11.934
  1870   07    10.277
  1870   08     8.748
  1870   09     7.768
  1870   10     9.795
  1870   11    11.464
  1870   12    13.575
  1871   01    14.519
  1871   02    15.080
  1871   03    15.253
  1871   04    14.375
  1871   05    13.454
  1871   06    12.158
  1871   07     9.923
  1871   08     7.998
  1871   09     6.962
  1871   10     9.652
  1871   11    11.370
  1871   12    13.569
  1872   01    14.514
  1872   02    15.180
  1872   03    15.463
  1872   04    14.850
  1872   05    13.597
  1872   06    12.198
  1872   07    10.231
  1872   08     8.263
  1872   09     7.912
  1872   10     9.950
  1872   11    11.538
  1872   12    13.625
  1873   01    14.437
  1873   02    15.312
  1873   03    15.401
  1873   04    14.651
  1873   05    13.851
  1873   06    12.528
  1873   07    10.159
  1873   08     8.432
  1873   09     7.771
  1873   10     9.884
  1873   11    11.122
  1873   12    13.602
  1874   01    14.494
  1874   02    15.135
  1874   03    15.128
  1874   04    14.584
  1874   05    13.898
  1874   06    12.299
  1874   07    10.385
  1874   08     8.434
  1874   09     7.976
  1874   10    10.074
  1874   11    11.436
  1874   12    13.993
  1875   01    14.765
  1875   02    15.300
  1875   03    15.342
  1875   04    14.681
  1875   05    13.447
  1875   06    11.817
  1875   07    10.117
  1875   08     8.535
  1875   09     8.035
  1875   10    10.009
  1875   11    11.563
  1875   12    13.310
  1876   01    14.414
  1876   02    14.885
  1876   03    14.781
  1876   04    14.373
  1876   05    13.468
  1876   06    12.002
  1876   07    10.112
  1876   08     8.040
  1876   09     7.520
  1876   10     9.468
  1876   11    11.546
  1876   12    13.504
  1877   01    14.531
  1877   02    15.163
  1877   03    15.154
  1877   04    14.216
  1877   05    13.189
  1877   06    12.030
  1877   07     9.998
  1877   08     7.746
  1877   09     6.476
  1877   10     9.580
  1877   11    10.992
  1877   12    12.826
  1878   01    14.139
  1878   02    15.004
  1878   03    15.242
  1878   04    14.280
  1878   05    13.159
  1878   06    11.293
  1878   07     9.289
  1878   08     7.305
  1878   09     6.897
  1878   10     8.786
  1878   11    10.676
  1878   12    12.844
  1879   01    14.239
  1879   02    14.789
  1879   03    14.861
  1879   04    14.303
  1879   05    13.371
  1879   06    11.602
  1879   07    10.045
  1879   08     7.899
  1879   09     7.808
  1879   10     8.479
  1879   11    11.021
  1879   12    13.445
  1880   01    14.367
  1880   02    14.972
  1880   03    14.989
  1880   04    14.465
  1880   05    13.598
  1880   06    12.063
  1880   07     9.635
  1880   08     7.917
  1880   09     7.206
  1880   10     8.914
  1880   11    11.091
  1880   12    13.270
  1881   01    14.711
  1881   02    15.242
  1881   03    15.456
  1881   04    14.904
  1881   05    13.803
  1881   06    12.418
  1881   07    10.184
  1881   08     8.741
  1881   09     7.969
  1881   10     9.569
  1881   11    11.177
  1881   12    13.540
  1882   01    14.619
  1882   02    15.106
  1882   03    15.083
  1882   04    14.615
  1882   05    13.702
  1882   06    11.988
  1882   07    10.371
  1882   08     8.773
  1882   09     8.011
  1882   10     9.782
  1882   11    11.245
  1882   12    13.390
  1883   01    14.348
  1883   02    14.894
  1883   03    14.929
  1883   04    14.312
  1883   05    13.351
  1883   06    11.990
  1883   07    10.253
  1883   08     8.654
  1883   09     8.072
  1883   10     9.474
  1883   11    11.373
  1883   12    13.464
  1884   01    14.333
  1884   02    14.905
  1884   03    14.710
  1884   04    14.299
  1884   05    12.978
  1884   06    11.750
  1884   07    10.050
  1884   08     8.244
  1884   09     7.557
  1884   10     9.751
  1884   11    11.009
  1884   12    13.307
  1885   01    14.346
  1885   02    14.840
  1885   03    14.903
  1885   04    14.345
  1885   05    13.452
  1885   06    11.466
  1885   07     9.509
  1885   08     7.925
  1885   09     7.522
  1885   10     9.707
  1885   11    11.035
  1885   12    13.236
  1886   01    14.306
  1886   02    15.033
  1886   03    15.114
  1886   04    14.719
  1886   05    13.659
  1886   06    12.257
  1886   07    10.140
  1886   08     7.740
  1886   09     7.439
  1886   10     9.209
  1886   11    11.342
  1886   12    13.291
  1887   01    14.399
  1887   02    15.077
  1887   03    15.021
  1887   04    14.519
  1887   05    13.817
  1887   06    12.142
  1887   07    10.917
  1887   08     8.833
  1887   09     8.432
  1887   10    10.048
  1887   11    11.586
  1887   12    13.645
  1888   01    14.501
  1888   02    15.126
  1888   03    15.226
  1888   04    14.439
  1888   05    13.434
  1888   06    11.936
  1888   07     9.514
  1888   08     8.154
  1888   09     7.389
  1888   10     8.941
  1888   11    11.667
  1888   12    13.450
  1889   01    14.251
  1889   02    14.921
  1889   03    15.040
  1889   04    14.771
  1889   05    13.953
  1889   06    12.099
  1889   07    10.036
  1889   08     8.076
  1889   09     7.318
  1889   10     9.974
  1889   11    11.719
  1889   12    13.359
  1890   01    14.489
  1890   02    15.001
  1890   03    15.267
  1890   04    14.548
  1890   05    13.339
  1890   06    12.162
  1890   07    10.299
  1890   08     8.260
  1890   09     7.499
  1890   10     9.584
  1890   11    11.265
  1890   12    13.239
  1891   01    14.531
  1891   02    15.128
  1891   03    15.110
  1891   04    14.573
  1891   05    13.386
  1891   06    12.170
  1891   07    10.369
  1891   08     7.383
  1891   09     6.547
  1891   10     9.236
  1891   11    11.280
  1891   12    13.640
  1892   01    14.668
  1892   02    15.392
  1892   03    15.562
  1892   04    14.987
  1892   05    13.619
  1892   06    12.295
  1892   07     9.589
  1892   08     7.694
  1892   09     6.675
  1892   10     8.744
  1892   11    10.861
  1892   12    13.414
  1893   01    14.366
  1893   02    15.064
  1893   03    15.043
  1893   04    14.347
  1893   05    12.892
  1893   06    11.323
  1893   07     9.829
  1893   08     7.690
  1893   09     6.509
  1893   10     9.224
  1893   11    11.186
  1893   12    13.185
  1894   01    14.169
  1894   02    14.790
  1894   03    14.916
  1894   04    14.235
  1894   05    13.113
  1894   06    11.809
  1894   07     9.534
  1894   08     7.439
  1894   09     6.397
  1894   10     8.978
  1894   11    10.837
  1894   12    13.113
  1895   01    14.217
  1895   02    14.841
  1895   03    14.747
  1895   04    14.429
  1895   05    13.452
  1895   06    12.010
  1895   07     9.866
  1895   08     7.388
  1895   09     6.820
  1895   10     9.233
  1895   11    11.397
  1895   12    13.051
  1896   01    14.285
  1896   02    14.907
  1896   03    14.913
  1896   04    14.130
  1896   05    13.107
  1896   06    11.910
  1896   07     9.238
  1896   08     7.640
  1896   09     6.332
  1896   10     9.127
  1896   11    10.988
  1896   12    13.014
  1897   01    14.144
  1897   02    14.949
  1897   03    15.056
  1897   04    14.606
  1897   05    13.410
  1897   06    11.796
  1897   07     9.984
  1897   08     7.403
  1897   09     6.379
  1897   10     8.940
  1897   11    11.158
  1897   12    13.382
  1898   01    14.360
  1898   02    15.127
  1898   03    15.285
  1898   04    14.384
  1898   05    12.735
  1898   06    11.314
  1898   07     8.574
  1898   08     7.090
  1898   09     6.671
  1898   10     8.566
  1898   11    10.792
  1898   12    13.082
  1899   01    14.072
  1899   02    14.667
  1899   03    14.935
  1899   04    14.177
  1899   05    13.139
  1899   06    11.552
  1899   07     9.433
  1899   08     7.748
  1899   09     7.050
  1899   10     8.782
  1899   11    10.870
  1899   12    13.013
  1900   01    14.151
  1900   02    14.795
  1900   03    14.827
  1900   04    14.232
  1900   05    13.125
  1900   06    11.864
  1900   07     9.909
  1900   08     7.206
  1900   09     6.380
  1900   10     9.552
  1900   11    11.349
  1900   12    13.320
  1901   01    14.288
  1901   02    15.027
  1901   03    15.022
  1901   04    14.310
  1901   05    13.265
  1901   06    11.573
  1901   07     9.248
  1901   08     6.878
  1901   09     6.020
  1901   10     8.474
  1901   11    11.079
  1901   12    13.021
  1902   01    14.273
  1902   02    14.690
  1902   03    14.743
  1902   04    14.290
  1902   05    13.153
  1902   06    11.375
  1902   07     9.379
  1902   08     7.669
  1902   09     6.976
  1902   10     8.934
  1902   11    11.353
  1902   12    13.026
  1903   01    14.211
  1903   02    15.089
  1903   03    15.298
  1903   04    14.706
  1903   05    13.507
  1903   06    11.903
  1903   07    10.060
  1903   08     7.939
  1903   09     7.116
  1903   10     9.483
  1903   11    11.039
  1903   12    13.311
  1904   01    14.335
  1904   02    14.959
  1904   03    15.189
  1904   04    14.626
  1904   05    13.138
  1904   06    11.868
  1904   07     9.969
  1904   08     8.100
  1904   09     7.317
  1904   10     9.953
  1904   11    11.583
  1904   12    13.590
  1905   01    14.618
  1905   02    15.085
  1905   03    15.241
  1905   04    14.364
  1905   05    13.139
  1905   06    11.749
  1905   07     9.957
  1905   08     7.923
  1905   09     7.140
  1905   10     9.127
  1905   11    10.846
  1905   12    13.330
  1906   01    14.403
  1906   02    15.252
  1906   03    15.508
  1906   04    14.971
  1906   05    13.781
  1906   06    11.989
  1906   07     9.928
  1906   08     8.369
  1906   09     7.397
  1906   10     9.127
  1906   11    10.920
  1906   12    13.474
  1907   01    14.522
  1907   02    15.270
  1907   03    15.495
  1907   04    14.811
  1907   05    13.451
  1907   06    11.751
  1907   07     9.886
  1907   08     8.258
  1907   09     7.550
  1907   10     9.853
  1907   11    11.145
  1907   12    13.141
  1908   01    14.385
  1908   02    14.904
  1908   03    15.215
  1908   04    14.896
  1908   05    14.009
  1908   06    12.302
  1908   07    10.301
  1908   08     7.845
  1908   09     7.525
  1908   10     9.785
  1908   11    11.659
  1908   12    13.579
  1909   01    14.694
  1909   02    15.382
  1909   03    15.384
  1909   04    14.568
  1909   05    13.483
  1909   06    12.017
  1909   07    10.530
  1909   08     8.482
  1909   09     7.241
  1909   10     9.930
  1909   11    11.337
  1909   12    13.356
  1910   01    14.541
  1910   02    15.082
  1910   03    15.174
  1910   04    14.761
  1910   05    13.676
  1910   06    12.334
  1910   07    10.359
  1910   08     9.148
  1910   09     7.775
  1910   10     9.439
  1910   11    11.038
  1910   12    13.436
  1911   01    14.487
  1911   02    15.087
  1911   03    15.161
  1911   04    14.542
  1911   05    13.269
  1911   06    11.829
  1911   07     9.897
  1911   08     7.421
  1911   09     7.205
  1911   10     9.643
  1911   11    11.713
  1911   12    13.754
  1912   01    14.734
  1912   02    15.297
  1912   03    15.335
  1912   04    14.822
  1912   05    13.662
  1912   06    12.188
  1912   07     9.779
  1912   08     7.882
  1912   09     7.558
  1912   10     9.625
  1912   11    11.418
  1912   12    13.986
  1913   01    14.911
  1913   02    15.454
  1913   03    15.383
  1913   04    15.201
  1913   05    14.208
  1913   06    12.555
  1913   07    10.570
  1913   08     8.273
  1913   09     7.725
  1913   10     9.522
  1913   11    11.383
  1913   12    13.955
  1914   01    15.091
  1914   02    15.755
  1914   03    15.890
  1914   04    15.139
  1914   05    14.171
  1914   06    12.354
  1914   07    10.814
  1914   08     9.448
  1914   09     8.606
  1914   10    10.495
  1914   11    12.217
  1914   12    14.392
  1915   01    15.174
  1915   02    15.666
  1915   03    15.628
  1915   04    15.238
  1915   05    14.085
  1915   06    12.321
  1915   07    10.636
  1915   08     8.379
  1915   09     8.168
  1915   10    10.338
  1915   11    11.814
  1915   12    13.982
  1916   01    14.881
  1916   02    15.582
  1916   03    15.705
  1916   04    15.012
  1916   05    13.816
  1916   06    12.095
  1916   07    10.004
  1916   08     8.531
  1916   09     8.091
  1916   10     9.947
  1916   11    11.378
  1916   12    13.785
  1917   01    14.802
  1917   02    15.462
  1917   03    15.422
  1917   04    14.648
  1917   05    13.609
  1917   06    12.198
  1917   07    10.710
  1917   08     9.444
  1917   09     8.884
  1917   10    10.303
  1917   11    11.804
  1917   12    14.050
  1918   01    15.007
  1918   02    15.457
  1918   03    15.506
  1918   04    14.565
  1918   05    13.451
  1918   06    12.129
  1918   07    10.483
  1918   08     8.853
  1918   09     8.050
  1918   10     9.694
  1918   11    11.212
  1918   12    13.503
  1919   01    14.632
  1919   02    14.991
  1919   03    14.800
  1919   04    14.479
  1919   05    13.184
  1919   06    12.033
  1919   07     9.933
  1919   08     7.926
  1919   09     7.316
  1919   10     9.574
  1919   11    11.793
  1919   12    13.796
  1920   01    14.742
  1920   02    15.349
  1920   03    15.387
  1920   04    14.814
  1920   05    13.703
  1920   06    12.223
  1920   07     9.685
  1920   08     7.890
  1920   09     7.451
  1920   10     8.943
  1920   11    11.220
  1920   12    13.650
  1921   01    14.659
  1921   02    15.353
  1921   03    15.325
  1921   04    14.742
  1921   05    13.653
  1921   06    12.339
  1921   07    10.547
  1921   08     8.048
  1921   09     7.235
  1921   10     9.907
  1921   11    11.670
  1921   12    13.707
  1922   01    14.309
  1922   02    15.164
  1922   03    15.215
  1922   04    14.574
  1922   05    13.663
  1922   06    12.216
  1922   07    10.004
  1922   08     7.909
  1922   09     7.373
  1922   10     9.389
  1922   11    11.118
  1922   12    13.370
  1923   01    14.463
  1923   02    15.008
  1923   03    15.055
  1923   04    14.187
  1923   05    12.906
  1923   06    11.721
  1923   07     9.812
  1923   08     7.123
  1923   09     6.139
  1923   10     8.871
  1923   11    11.130
  1923   12    12.899
  1924   01    14.176
  1924   02    14.676
  1924   03    14.956
  1924   04    14.624
  1924   05    13.556
  1924   06    11.999
  1924   07     9.959
  1924   08     8.469
  1924   09     7.755
  1924   10     9.710
  1924   11    11.343
  1924   12    13.253
  1925   01    14.356
  1925   02    14.933
  1925   03    14.917
  1925   04    14.156
  1925   05    13.290
  1925   06    11.752
  1925   07     9.958
  1925   08     8.231
  1925   09     7.712
  1925   10     9.796
  1925   11    11.265
  1925   12    12.895
  1926   01    14.493
  1926   02    15.057
  1926   03    14.766
  1926   04    14.430
  1926   05    13.411
  1926   06    11.893
  1926   07    10.212
  1926   08     8.422
  1926   09     8.345
  1926   10     9.887
  1926   11    11.162
  1926   12    13.553
  1927   01    14.383
  1927   02    14.887
  1927   03    15.091
  1927   04    14.548
  1927   05    13.591
  1927   06    12.091
  1927   07     9.686
  1927   08     7.643
  1927   09     6.976
  1927   10     9.779
  1927   11    11.507
  1927   12    13.366
  1928   01    14.519
  1928   02    15.034
  1928   03    14.868
  1928   04    14.463
  1928   05    13.430
  1928   06    12.326
  1928   07     9.751
  1928   08     7.198
  1928   09     6.463
  1928   10     8.520
  1928   11    11.088
  1928   12    13.596
  1929   01    14.467
  1929   02    14.984
  1929   03    15.060
  1929   04    14.285
  1929   05    13.031
  1929   06    12.043
  1929   07    10.240
  1929   08     8.069
  1929   09     7.047
  1929   10     9.159
  1929   11    11.018
  1929   12    12.898
  1930   01    13.829
  1930   02    14.588
  1930   03    14.573
  1930   04    14.180
  1930   05    13.440
  1930   06    11.538
  1930   07     9.094
  1930   08     7.710
  1930   09     7.293
  1930   10     9.362
  1930   11    11.269
  1930   12    13.394
  1931   01    14.354
  1931   02    14.721
  1931   03    14.868
  1931   04    14.270
  1931   05    13.612
  1931   06    12.041
  1931   07     9.599
  1931   08     8.008
  1931   09     7.628
  1931   10    10.061
  1931   11    11.418
  1931   12    13.589
  1932   01    14.420
  1932   02    14.712
  1932   03    14.943
  1932   04    14.544
  1932   05    13.576
  1932   06    12.379
  1932   07    10.282
  1932   08     7.721
  1932   09     7.056
  1932   10     9.705
  1932   11    11.616
  1932   12    13.717
  1933   01    14.681
  1933   02    15.366
  1933   03    15.485
  1933   04    14.935
  1933   05    13.529
  1933   06    12.226
  1933   07    10.132
  1933   08     8.610
  1933   09     7.756
  1933   10     8.873
  1933   11    11.241
  1933   12    13.455
  1934   01    14.398
  1934   02    14.992
  1934   03    15.084
  1934   04    14.314
  1934   05    13.303
  1934   06    11.714
  1934   07     9.504
  1934   08     7.491
  1934   09     7.390
  1934   10     9.328
  1934   11    11.326
  1934   12    13.701
  1935   01    14.673
  1935   02    15.051
  1935   03    15.179
  1935   04    14.720
  1935   05    13.405
  1935   06    11.974
  1935   07     9.862
  1935   08     8.119
  1935   09     7.323
  1935   10     9.518
  1935   11    10.983
  1935   12    13.660
  1936   01    14.532
  1936   02    15.345
  1936   03    15.439
  1936   04    14.627
  1936   05    13.454
  1936   06    12.211
  1936   07    10.570
  1936   08     8.430
  1936   09     7.739
  1936   10    10.114
  1936   11    11.445
  1936   12    12.838
  1937   01    14.098
  1937   02    14.746
  1937   03    14.825
  1937   04    14.339
  1937   05    13.152
  1937   06    11.775
  1937   07    10.023
  1937   08     8.423
  1937   09     7.742
  1937   10     9.276
  1937   11    11.019
  1937   12    13.218
  1938   01    14.230
  1938   02    14.632
  1938   03    14.643
  1938   04    14.128
  1938   05    12.902
  1938   06    11.717
  1938   07     9.602
  1938   08     8.224
  1938   09     7.706
  1938   10     9.036
  1938   11    11.118
  1938   12    13.235
  1939   01    14.330
  1939   02    14.885
  1939   03    14.913
  1939   04    14.396
  1939   05    12.989
  1939   06    12.018
  1939   07    10.196
  1939   08     8.960
  1939   09     8.300
  1939   10     9.965
  1939   11    11.267
  1939   12    13.230
  1940   01    14.449
  1940   02    14.913
  1940   03    14.987
  1940   04    14.409
  1940   05    13.351
  1940   06    11.679
  1940   07    10.205
  1940   08     8.445
  1940   09     7.632
  1940   10     9.484
  1940   11    11.099
  1940   12    13.275
  1941   01    14.321
  1941   02    14.688
  1941   03    14.894
  1941   04    14.601
  1941   05    13.443
  1941   06    11.980
  1941   07     9.733
  1941   08     7.642
  1941   09     7.258
  1941   10     8.916
  1941   11    11.371
  1941   12    13.200
  1942   01    14.357
  1942   02    14.849
  1942   03    14.858
  1942   04    14.353
  1942   05    13.507
  1942   06    12.155
  1942   07     9.759
  1942   08     7.715
  1942   09     7.679
  1942   10     9.112
  1942   11    11.041
  1942   12    13.239
  1943   01    14.069
  1943   02    14.956
  1943   03    14.948
  1943   04    14.533
  1943   05    13.391
  1943   06    11.847
  1943   07    10.235
  1943   08     9.010
  1943   09     8.419
  1943   10    10.043
  1943   11    11.384
  1943   12    13.170
  1944   01    14.406
  1944   02    14.873
  1944   03    14.718
  1944   04    14.352
  1944   05    13.462
  1944   06    12.074
  1944   07    10.045
  1944   08     8.609
  1944   09     7.796
  1944   10     9.443
  1944   11    11.084
  1944   12    12.742
  1945   01    14.108
  1945   02    14.819
  1945   03    14.830
  1945   04    14.391
  1945   05    13.299
  1945   06    11.630
  1945   07     9.594
  1945   08     8.019
  1945   09     7.283
  1945   10     9.330
  1945   11    11.171
  1945   12    13.042
  1946   01    14.088
  1946   02    14.759
  1946   03    14.907
  1946   04    14.076
  1946   05    12.890
  1946   06    11.732
  1946   07     9.793
  1946   08     7.564
  1946   09     6.870
  1946   10     9.102
  1946   11    11.276
  1946   12    13.016
  1947   01    14.077
  1947   02    14.799
  1947   03    14.819
  1947   04    14.185
  1947   05    13.357
  1947   06    12.162
  1947   07    10.581
  1947   08     8.421
  1947   09     7.191
  1947   10     9.610
  1947   11    11.173
  1947   12    13.319
  1948   01    14.372
  1948   02    14.719
  1948   03    14.919
  1948   04    14.462
  1948   05    13.553
  1948   06    11.518
  1948   07     9.321
  1948   08     7.506
  1948   09     6.809
  1948   10     9.128
  1948   11    11.105
  1948   12    13.536
  1949   01    14.486
  1949   02    14.972
  1949   03    15.070
  1949   04    14.508
  1949   05    13.319
  1949   06    11.899
  1949   07     9.554
  1949   08     7.893
  1949   09     7.097
  1949   10     9.390
  1949   11    11.452
  1949   12    13.507
  1950   01    14.370
  1950   02    14.993
  1950   03    15.275
  1950   04    14.733
  1950   05    13.307
  1950   06    11.829
  1950   07    10.313
  1950   08     8.073
  1950   09     7.359
  1950   10     9.936
  1950   11    11.729
  1950   12    13.700
  1951   01    14.793
  1951   02    15.424
  1951   03    15.402
  1951   04    14.570
  1951   05    13.425
  1951   06    11.709
  1951   07     9.810
  1951   08     8.483
  1951   09     7.921
  1951   10     9.601
  1951   11    11.267
  1951   12    13.401
  1952   01    14.577
  1952   02    15.128
  1952   03    15.072
  1952   04    14.398
  1952   05    12.945
  1952   06    11.461
  1952   07     9.869
  1952   08     7.263
  1952   09     6.270
  1952   10     9.141
  1952   11    10.825
  1952   12    12.849
  1953   01    14.221
  1953   02    14.854
  1953   03    14.777
  1953   04    14.305
  1953   05    13.039
  1953   06    11.359
  1953   07     9.224
  1953   08     6.920
  1953   09     6.676
  1953   10     8.909
  1953   11    11.189
  1953   12    13.266
  1954   01    14.065
  1954   02    14.797
  1954   03    14.784
  1954   04    14.203
  1954   05    13.321
  1954   06    11.839
  1954   07     9.406
  1954   08     6.917
  1954   09     6.173
  1954   10     9.317
  1954   11    11.242
  1954   12    13.384
  1955   01    14.421
  1955   02    15.121
  1955   03    15.246
  1955   04    14.725
  1955   05    13.385
  1955   06    11.357
  1955   07     9.589
  1955   08     7.633
  1955   09     6.650
  1955   10     9.224
  1955   11    11.011
  1955   12    13.172
  1956   01    14.203
  1956   02    14.772
  1956   03    14.983
  1956   04    14.439
  1956   05    13.214
  1956   06    11.910
  1956   07     9.989
  1956   08     7.730
  1956   09     6.521
  1956   10     9.353
  1956   11    11.238
  1956   12    12.389
  1957   01    13.771
  1957   02    14.542
  1957   03    14.693
  1957   04    14.138
  1957   05    12.832
  1957   06    11.590
  1957   07     9.698
  1957   08     7.228
  1957   09     6.159
  1957   10     8.928
  1957   11    11.031
  1957   12    13.072
  1958   01    14.127
  1958   02    14.748
  1958   03    14.999
  1958   04    14.495
  1958   05    13.341
  1958   06    11.739
  1958   07     9.298
  1958   08     7.457
  1958   09     7.398
  1958   10     9.096
  1958   11    11.143
  1958   12    13.508
  1959   01    14.479
  1959   02    15.224
  1959   03    15.203
  1959   04    14.471
  1959   05    13.309
  1959   06    11.825
  1959   07     9.154
  1959   08     7.651
  1959   09     7.417
  1959   10     9.525
  1959   11    11.215
  1959   12    13.104
  1960   01    14.339
  1960   02    14.880
  1960   03    14.977
  1960   04    14.646
  1960   05    13.765
  1960   06    12.178
  1960   07    10.078
  1960   08     8.129
  1960   09     6.623
  1960   10     9.217
  1960   11    11.596
  1960   12    13.331
  1961   01    14.343
  1961   02    15.009
  1961   03    15.218
  1961   04    14.578
  1961   05    13.875
  1961   06    12.597
  1961   07    10.620
  1961   08     7.945
  1961   09     6.502
  1961   10     9.685
  1961   11    11.411
  1961   12    13.588
  1962   01    14.598
  1962   02    15.412
  1962   03    15.382
  1962   04    14.846
  1962   05    13.799
  1962   06    12.328
  1962   07    10.327
  1962   08     8.230
  1962   09     7.429
  1962   10     9.899
  1962   11    12.059
  1962   12    13.790
  1963   01    14.796
  1963   02    15.501
  1963   03    15.437
  1963   04    15.117
  1963   05    13.855
  1963   06    12.362
  1963   07    10.377
  1963   08     8.575
  1963   09     8.091
  1963   10     9.621
  1963   11    11.521
  1963   12    13.858
  1964   01    14.787
  1964   02    15.315
  1964   03    15.189
  1964   04    14.686
  1964   05    13.314
  1964   06    12.139
  1964   07    10.230
  1964   08     8.079
  1964   09     7.425
  1964   10    10.288
  1964   11    11.965
  1964   12    13.893
  1965   01    14.875
  1965   02    15.370
  1965   03    15.504
  1965   04    14.774
  1965   05    13.873
  1965   06    12.764
  1965   07    10.377
  1965   08     8.786
  1965   09     8.310
  1965   10    10.192
  1965   11    11.742
  1965   12    13.713
  1966   01    14.566
  1966   02    15.260
  1966   03    15.443
  1966   04    14.806
  1966   05    13.510
  1966   06    12.127
  1966   07    10.387
  1966   08     8.133
  1966   09     7.701
  1966   10     9.683
  1966   11    11.654
  1966   12    13.853
  1967   01    14.845
  1967   02    15.535
  1967   03    15.585
  1967   04    14.707
  1967   05    13.917
  1967   06    12.048
  1967   07    10.296
  1967   08     9.227
  1967   09     8.833
  1967   10    10.121
  1967   11    11.806
  1967   12    13.911
  1968   01    14.953
  1968   02    15.372
  1968   03    15.520
  1968   04    15.260
  1968   05    13.955
  1968   06    12.148
  1968   07    11.169
  1968   08     9.355
  1968   09     8.633
  1968   10    10.225
  1968   11    12.064
  1968   12    13.966
  1969   01    14.879
  1969   02    15.350
  1969   03    15.393
  1969   04    14.977
  1969   05    13.865
  1969   06    12.234
  1969   07    10.656
  1969   08     8.848
  1969   09     8.303
  1969   10    10.124
  1969   11    11.938
  1969   12    13.941
  1970   01    15.066
  1970   02    15.625
  1970   03    15.648
  1970   04    15.169
  1970   05    13.661
  1970   06    12.358
  1970   07    10.776
  1970   08     8.319
  1970   09     7.282
  1970   10     9.723
  1970   11    11.626
  1970   12    13.657
  1971   01    14.652
  1971   02    15.363
  1971   03    15.522
  1971   04    14.783
  1971   05    13.563
  1971   06    11.922
  1971   07    10.480
  1971   08     8.086
  1971   09     7.315
  1971   10     9.647
  1971   11    11.844
  1971   12    13.076
  1972   01    14.147
  1972   02    14.730
  1972   03    14.789
  1972   04    14.098
  1972   05    12.884
  1972   06    11.523
  1972   07     9.290
  1972   08     7.538
  1972   09     7.282
  1972   10     9.350
  1972   11    11.440
  1972   12    13.596
  1973   01    14.521
  1973   02    15.171
  1973   03    15.104
  1973   04    14.778
  1973   05    13.610
  1973   06    11.940
  1973   07    10.234
  1973   08     9.124
  1973   09     8.100
  1973   10    10.020
  1973   11    11.310
  1973   12    13.176
  1974   01    14.468
  1974   02    15.047
  1974   03    15.361
  1974   04    14.757
  1974   05    13.638
  1974   06    11.994
  1974   07     9.795
  1974   08     8.487
  1974   09     7.610
  1974   10     9.323
  1974   11    11.234
  1974   12    13.480
  1975   01    14.426
  1975   02    15.113
  1975   03    15.444
  1975   04    14.782
  1975   05    13.570
  1975   06    12.016
  1975   07    10.227
  1975   08     8.092
  1975   09     7.711
  1975   10    10.059
  1975   11    11.807
  1975   12    13.691
  1976   01    14.649
  1976   02    15.303
  1976   03    15.259
  1976   04    14.588
  1976   05    13.619
  1976   06    11.779
  1976   07    10.222
  1976   08     8.633
  1976   09     8.254
  1976   10     9.529
  1976   11    12.069
  1976   12    13.785
  1977   01    14.723
  1977   02    15.263
  1977   03    15.469
  1977   04    15.180
  1977   05    13.853
  1977   06    12.060
  1977   07    10.090
  1977   08     8.377
  1977   09     7.713
  1977   10     9.992
  1977   11    11.675
  1977   12    13.580
  1978   01    14.618
  1978   02    15.083
  1978   03    15.340
  1978   04    14.933
  1978   05    13.740
  1978   06    12.223
  1978   07    10.251
  1978   08     8.286
  1978   09     7.528
  1978   10     9.821
  1978   11    11.732
  1978   12    13.520
  1979   01    14.772
  1979   02    15.147
  1979   03    15.252
  1979   04    14.394
  1979   05    13.436
  1979   06    12.191
  1979   07    10.044
  1979   08     8.151
  1979   09     7.703
  1979   10     9.408
  1979   11    11.489
  1979   12    13.172
  1980   01    14.635
  1980   02    14.847
  1980   03    14.953
  1980   04    14.145
  1980   05    13.208
  1980   06    11.554
  1980   07    10.436
  1980   08     8.065
  1980   09     7.348
  1980   10     9.719
  1980   11    11.579
  1980   12    13.112
  1981   01    14.442
  1981   02    14.713
  1981   03    14.960
  1981   04    14.362
  1981   05    13.532
  1981   06    12.001
  1981   07    10.246
  1981   08     8.027
  1981   09     7.535
  1981   10    10.036
  1981   11    12.017
  1981   12    13.321
  1982   01    14.385
  1982   02    14.952
  1982   03    14.965
  1982   04    14.540
  1982   05    13.223
  1982   06    11.784
  1982   07    10.163
  1982   08     7.991
  1982   09     7.176
  1982   10     8.898
  1982   11    11.461
  1982   12    13.314
  1983   01    14.528
  1983   02    15.243
  1983   03    15.356
  1983   04    14.593
  1983   05    13.566
  1983   06    12.113
  1983   07    10.304
  1983   08     8.321
  1983   09     7.678
  1983   10     9.489
  1983   11    10.984
  1983   12    13.262
  1984   01    14.197
  1984   02    14.914
  1984   03    15.103
  1984   04    14.290
  1984   05    13.373
  1984   06    11.588
  1984   07    10.131
  1984   08     8.221
  1984   09     7.324
  1984   10     9.718
  1984   11    11.846
  1984   12    13.476
  1985   01    14.438
  1985   02    14.953
  1985   03    15.087
  1985   04    14.702
  1985   05    13.463
  1985   06    11.819
  1985   07     9.626
  1985   08     7.892
  1985   09     7.334
  1985   10     9.230
  1985   11    11.024
  1985   12    13.293
  1986   01    14.371
  1986   02    15.182
  1986   03    15.239
  1986   04    14.652
  1986   05    13.615
  1986   06    11.960
  1986   07     9.997
  1986   08     8.569
  1986   09     8.393
  1986   10     9.647
  1986   11    11.293
  1986   12    13.249
  1987   01    14.603
  1987   02    15.067
  1987   03    14.787
  1987   04    14.087
  1987   05    13.053
  1987   06    11.952
  1987   07    10.236
  1987   08     8.219
  1987   09     7.516
  1987   10     9.762
  1987   11    11.769
  1987   12    13.572
  1988   01    14.420
  1988   02    14.928
  1988   03    15.025
  1988   04    14.604
  1988   05    13.538
  1988   06    12.046
  1988   07    10.018
  1988   08     7.502
  1988   09     6.903
  1988   10     9.976
  1988   11    11.767
  1988   12    13.557
  1989   01    14.488
  1989   02    15.023
  1989   03    15.158
  1989   04    14.295
  1989   05    13.212
  1989   06    11.419
  1989   07     9.862
  1989   08     7.470
  1989   09     6.780
  1989   10     9.291
  1989   11    11.198
  1989   12    13.340
  1990   01    14.101
  1990   02    14.798
  1990   03    14.894
  1990   04    13.953
  1990   05    12.870
  1990   06    11.575
  1990   07     9.066
  1990   08     7.188
  1990   09     6.992
  1990   10     9.165
  1990   11    10.754
  1990   12    13.221
  1991   01    14.207
  1991   02    14.933
  1991   03    15.010
  1991   04    14.382
  1991   05    13.229
  1991   06    11.547
  1991   07     9.450
  1991   08     7.145
  1991   09     6.490
  1991   10     9.333
  1991   11    11.859
  1991   12    13.733
  1992   01    13.997
  1992   02    14.875
  1992   03    15.008
  1992   04    14.244
  1992   05    13.090
  1992   06    11.183
  1992   07     9.538
  1992   08     7.935
  1992   09     7.536
  1992   10     9.512
  1992   11    10.983
  1992   12    13.248
  1993   01    14.213
  1993   02    14.748
  1993   03    14.827
  1993   04    14.631
  1993   05    12.845
  1993   06    11.268
  1993   07     9.465
  1993   08     8.055
  1993   09     7.770
  1993   10     9.608
  1993   11    10.978
  1993   12    13.021
  1994   01    14.121
  1994   02    14.540
  1994   03    14.503
  1994   04    14.040
  1994   05    13.009
  1994   06    11.375
  1994   07     9.578
  1994   08     8.167
  1994   09     7.544
  1994   10     9.397
  1994   11    10.862
  1994   12    12.993
  1995   01    14.245
  1995   02    14.870
  1995   03    14.880
  1995   04    14.203
  1995   05    12.859
  1995   06    11.455
  1995   07     9.586
  1995   08     8.261
  1995   09     7.856
  1995   10     9.027
  1995   11    11.050
  1995   12    12.836
  1996   01    14.052
  1996   02    14.663
  1996   03    14.765
  1996   04    14.098
  1996   05    12.630
  1996   06    11.055
  1996   07     9.426
  1996   08     7.298
  1996   09     6.914
  1996   10     8.799
  1996   11    10.896
  1996   12    12.974
  1997   01    14.093
  1997   02    14.603
  1997   03    14.825
  1997   04    14.107
  1997   05    12.930
  1997   06    11.509
  1997   07     9.539
  1997   08     7.362
  1997   09     6.434
  1997   10     8.705
  1997   11    10.790
  1997   12    13.055
  1998   01    14.121
  1998   02    14.543
  1998   03    14.514
  1998   04    14.123
  1998   05    13.185
  1998   06    11.586
  1998   07     8.986
  1998   08     7.737
  1998   09     7.557
  1998   10     9.005
  1998   11    10.989
  1998   12    12.882
  1999   01    13.818
  1999   02    14.474
  1999   03    14.580
  1999   04    14.048
  1999   05    12.783
  1999   06    11.347
  1999   07     9.351
  1999   08     7.270
  1999   09     6.775
  1999   10     8.685
  1999   11    10.905
  1999   12    12.443
  2000   01    13.915
  2000   02    14.327
  2000   03    14.357
  2000   04    13.706
  2000   05    12.404
  2000   06    10.589
  2000   07     8.428
  2000   08     6.484
  2000   09     5.900
  2000   10     7.931
  2000   11    10.247
  2000   12    12.689
  2001   01    13.678
  2001   02    14.415
  2001   03    14.773
  2001   04    14.165
  2001   05    13.087
  2001   06    10.795
  2001   07     8.263
  2001   08     6.981
  2001   09     6.823
  2001   10     8.608
  2001   11    10.252
  2001   12    12.161
  2002   01    13.605
  2002   02    14.465
  2002   03    14.576
  2002   04    13.772
  2002   05    13.119
  2002   06    11.165
  2002   07     8.888
  2002   08     7.492
  2002   09     7.069
  2002   10     8.892
  2002   11    10.757
  2002   12    12.833
  2003   01    14.074
  2003   02    14.522
  2003   03    14.562
  2003   04    13.836
  2003   05    12.679
  2003   06    11.141
  2003   07     9.260
  2003   08     7.520
  2003   09     7.217
  2003   10     9.189
  2003   11    10.991
  2003   12    12.797
  2004   01    14.197
  2004   02    14.947
  2004   03    15.006
  2004   04    14.255
  2004   05    13.153
  2004   06    11.228
  2004   07     9.205
  2004   08     7.923
  2004   09     7.372
  2004   10     9.237
  2004   11    11.007
  2004   12    13.200
  2005   01    13.894
  2005   02    14.754
  2005   03    14.964
  2005   04    14.375
  2005   05    13.053
  2005   06    11.554
  2005   07     9.916
  2005   08     7.773
  2005   09     6.636
  2005   10     9.225
  2005   11    10.911
  2005   12    12.972
  2006   01    14.176
  2006   02    14.677
  2006   03    14.448
  2006   04    13.921
  2006   05    12.694
  2006   06    10.980
  2006   07     9.750
  2006   08     7.457
  2006   09     6.564
  2006   10     9.169
  2006   11    10.696
  2006   12    12.869
  2007   01    13.946
  2007   02    14.646
  2007   03    14.835
  2007   04    14.139
  2007   05    12.901
  2007   06    11.483
  2007   07     9.019
  2007   08     6.559
  2007   09     5.763
  2007   10     8.268
  2007   11    10.528
  2007   12    12.650
  2008   01    13.826
  2008   02    14.485
  2008   03    14.648
  2008   04    14.138
  2008   05    12.797
  2008   06    11.051
  2008   07     8.717
  2008   08     6.211
  2008   09     5.618
  2008   10     7.364
  2008   11    10.125
  2008   12    12.600
  2009   01    14.030
  2009   02    14.602
  2009   03    14.702
  2009   04    14.156
  2009   05    12.801
  2009   06    11.383
  2009   07     8.712
  2009   08     6.929
  2009   09     6.041
  2009   10     7.831
  2009   11    10.659
  2009   12    13.254
  2010   01    14.411
  2010   02    14.807
  2010   03    14.829
  2010   04    14.181
  2010   05    13.140
  2010   06    11.743
  2010   07     9.227
  2010   08     6.847
  2010   09     5.422
  2010   10     7.498
  2010   11    10.660
  2010   12    12.620
  2011   01    14.068
  2011   02    14.627
  2011   03    14.682
  2011   04    13.754
  2011   05    12.548
  2011   06    11.268
  2011   07     9.276
  2011   08     6.591
  2011   09     5.809
  2011   10     8.237
  2011   11    10.600
  2011   12    12.771
  2012   01    14.052
  2012   02    14.749
  2012   03    14.780
  2012   04    14.114
  2012   05    13.269
  2012   06    11.879
  2012   07     9.148
  2012   08     6.630
  2012   09     5.892
  2012   10     8.315
  2012   11    10.554
  2012   12    12.761
  2013   01    14.041
  2013   02    14.579
  2013   03    14.823
  2013   04    14.071
  2013   05    12.727
  2013   06    10.961
  2013   07     8.746
  2013   08     6.333
  2013   09     5.595
  2013   10     8.340
  2013   11    10.630
  2013   12    12.375
  2014   01    13.961
  2014   02    14.597
  2014   03    14.668
  2014   04    13.874
  2014   05    12.372
  2014   06    10.707
  2014   07     8.373
  2014   08     5.875
  2014   09     5.143
  2014   10     7.774
  2014   11    10.357
  2014   12    12.262
  2015   01    13.821
  2015   02    14.276
  2015   03    14.445
  2015   04    13.756
  2015   05    12.511
  2015   06    10.624
  2015   07     8.710
  2015   08     6.372
  2015   09     5.614
  2015   10     8.249
  2015   11    10.227
  2015   12    12.911
  2016   01    13.848
  2016   02    14.289
  2016   03    14.471
  2016   04    13.985
  2016   05    13.166
  2016   06    11.652
  2016   07     8.598
  2016   08     6.332
  2016   09     5.746
  2016   10     7.973
  2016   11    10.712
  2016   12    12.522
  2017   01    13.828
  2017   02    14.291
  2017   03    14.417
  2017   04    13.663
  2017   05    12.315
  2017   06    10.932
  2017   07     8.316
  2017   08     5.938
  2017   09     4.963
  2017   10     7.523
  2017   11     9.778
  2017   12    12.007
  2018   01    13.682
  2018   02    14.408
  2018   03    14.473
  2018   04    13.872
  2018   05    12.611
  2018   06    10.482
  2018   07     7.853
  2018   08     5.502
  2018   09     5.028
  2018   10     7.743
  2018   11    10.217
  2018   12    12.646
  2019   01    14.017
  2019   02    14.753
  2019   03    14.732
  2019   04    14.039
  2019   05    13.176
  2019   06    11.746
  2019   07     8.661
  2019   08     5.238
  2019   09     3.473
  2019   10     6.824
  2019   11    10.259
  2019   12    12.181
  2020   01    13.976
  2020   02    14.429
  2020   03    14.468
  2020   04    13.724
  2020   05    12.749
  2020   06    10.667
  2020   07     8.353
  2020   08     5.407
  2020   09     4.603
  2020   10     7.449
  2020   11    10.384
  2020   12    12.141
  2021   01    13.884
  2021   02    14.610
  2021   03    14.811
  2021   04    14.043
  2021   05    12.782
  2021   06    10.971
  2021   07     8.263
  2021   08     5.582
  2021   09     5.236
  2021   10     7.366
  2021   11    10.087
  2021   12    12.491
  2022   01    14.012
  2022   02    14.383
  2022   03    14.367
  2022   04    13.969
  2022   05    12.708
  2022   06    10.348
  2022   07     8.779
  2022   08     6.511
  2022   09     5.813
  2022   10     8.833
  2022   11    10.541
  2022   12    11.974
  2023   01    13.784
  2023   02    14.267
  2023   03    14.555
  2023   04    14.082
  2023   05    13.126
  2023   06    11.266
  2023   07     9.122
  2023   08     6.839
  2023   09     5.787
  2023   10     8.593
  2023   11    10.604
  2023   12    12.675
  2024   01    14.026
  2024   02    14.754
  2024   03    14.787
  2024   04    14.410
  2024   05    13.307
  2024   06    11.101
  2024   07     9.731
  2024   08     7.554
  2024   09     6.085
  2024   10     8.591
  2024   11    10.904
  2024   12    12.902
  2025   01    14.226
  2025   02    14.995
  2025   03    14.918
  2025   04    14.432
  2025   05    13.509
  2025   06    11.669
  2025   07     8.586
  2025   08     6.622
  2025   09     5.593
  2025   10     8.506
  2025   11    10.690
  2025   12    12.914
  2026   01    14.115
  2026   02    14.827
  2026   03    14.852
  2026   04    14.201
  2026   05    12.730
  2026   06    11.064
  2026   07     8.795
  2026   08     7.313
  2026   09     6.302
  2026   10     8.359
  2026   11    10.302
  2026   12    12.315
  2027   01    13.716
  2027   02    14.548
  2027   03    14.821
  2027   04    14.065
  2027   05    12.912
  2027   06    11.248
  2027   07     9.177
  2027   08     5.838
  2027   09     5.228
  2027   10     7.152
  2027   11    10.090
  2027   12    12.286
  2028   01    13.940
  2028   02    14.665
  2028   03    14.799
  2028   04    14.397
  2028   05    12.952
  2028   06    10.451
  2028   07     8.115
  2028   08     6.352
  2028   09     5.492
  2028   10     7.291
  2028   11    10.065
  2028   12    12.075
  2029   01    13.641
  2029   02    14.242
  2029   03    14.321
  2029   04    14.145
  2029   05    12.976
  2029   06    10.529
  2029   07     8.922
  2029   08     6.304
  2029   09     4.944
  2029   10     7.421
  2029   11    10.575
  2029   12    12.402
  2030   01    13.780
  2030   02    14.259
  2030   03    14.518
  2030   04    14.272
  2030   05    13.138
  2030   06    11.803
  2030   07     9.212
  2030   08     6.444
  2030   09     4.887
  2030   10     7.727
  2030   11    10.175
  2030   12    12.712
  2031   01    13.984
  2031   02    14.615
  2031   03    14.940
  2031   04    14.420
  2031   05    13.062
  2031   06    11.481
  2031   07     8.615
  2031   08     5.632
  2031   09     4.582
  2031   10     7.245
  2031   11     9.750
  2031   12    12.234
  2032   01    13.622
  2032   02    14.252
  2032   03    14.387
  2032   04    13.864
  2032   05    12.674
  2032   06    11.053
  2032   07     8.684
  2032   08     6.140
  2032   09     3.965
  2032   10     7.042
  2032   11    10.264
  2032   12    12.145
  2033   01    13.472
  2033   02    14.116
  2033   03    14.149
  2033   04    13.588
  2033   05    12.510
  2033   06    10.230
  2033   07     8.274
  2033   08     5.510
  2033   09     3.836
  2033   10     7.989
  2033   11    10.066
  2033   12    12.190
  2034   01    13.956
  2034   02    14.556
  2034   03    14.561
  2034   04    14.011
  2034   05    12.709
  2034   06    10.485
  2034   07     7.685
  2034   08     5.545
  2034   09     4.859
  2034   10     7.373
  2034   11    10.005
  2034   12    11.957
  2035   01    13.725
  2035   02    14.187
  2035   03    14.110
  2035   04    13.638
  2035   05    12.826
  2035   06    10.794
  2035   07     9.085
  2035   08     6.776
  2035   09     5.232
  2035   10     8.248
  2035   11    10.546
  2035   12    12.377
  2036   01    13.701
  2036   02    14.289
  2036   03    14.294
  2036   04    13.931
  2036   05    12.748
  2036   06    10.988
  2036   07     8.374
  2036   08     7.154
  2036   09     5.498
  2036   10     8.304
  2036   11    10.175
  2036   12    11.954
  2037   01    13.738
  2037   02    13.989
  2037   03    14.292
  2037   04    13.600
  2037   05    12.132
  2037   06    10.456
  2037   07     7.864
  2037   08     6.082
  2037   09     5.468
  2037   10     7.354
  2037   11     9.976
  2037   12    11.830
  2038   01    13.771
  2038   02    14.168
  2038   03    14.244
  2038   04    13.859
  2038   05    12.583
  2038   06    10.917
  2038   07     9.002
  2038   08     6.059
  2038   09     4.913
  2038   10     8.371
  2038   11    10.294
  2038   12    11.815
  2039   01    13.926
  2039   02    14.501
  2039   03    14.516
  2039   04    13.898
  2039   05    12.988
  2039   06    11.069
  2039   07     8.965
  2039   08     6.490
  2039   09     5.153
  2039   10     7.805
  2039   11    10.400
  2039   12    12.331
  2040   01    14.204
  2040   02    14.737
  2040   03    14.905
  2040   04    14.221
  2040   05    12.787
  2040   06    11.474
  2040   07     8.940
  2040   08     6.672
  2040   09     5.431
  2040   10     8.263
  2040   11    10.768
  2040   12    12.579
  2041   01    13.822
  2041   02    14.520
  2041   03    14.541
  2041   04    13.562
  2041   05    12.438
  2041   06    10.851
  2041   07     7.790
  2041   08     4.860
  2041   09     3.758
  2041   10     6.261
  2041   11    10.488
  2041   12    12.257
  2042   01    13.808
  2042   02    14.423
  2042   03    14.451
  2042   04    13.720
  2042   05    12.364
  2042   06    10.346
  2042   07     8.012
  2042   08     5.527
  2042   09     3.860
  2042   10     7.032
  2042   11    10.367
  2042   12    12.538
  2043   01    13.921
  2043   02    14.608
  2043   03    14.718
  2043   04    14.385
  2043   05    13.123
  2043   06    10.740
  2043   07     8.122
  2043   08     6.152
  2043   09     5.026
  2043   10     7.558
  2043   11     9.926
  2043   12    12.450
  2044   01    14.074
  2044   02    14.621
  2044   03    14.486
  2044   04    14.069
  2044   05    13.169
  2044   06    11.078
  2044   07     9.418
  2044   08     6.006
  2044   09     4.456
  2044   10     8.209
  2044   11    10.613
  2044   12    12.635
  2045   01    13.999
  2045   02    14.500
  2045   03    14.564
  2045   04    14.291
  2045   05    12.805
  2045   06    11.049
  2045   07     8.598
  2045   08     6.283
  2045   09     4.450
  2045   10     6.860
  2045   11    10.132
  2045   12    12.431
  2046   01    14.176
  2046   02    14.555
  2046   03    14.500
  2046   04    13.828
  2046   05    12.663
  2046   06    10.755
  2046   07     8.669
  2046   08     5.604
  2046   09     3.053
  2046   10     7.203
  2046   11     9.609
  2046   12    11.623
  2047   01    13.737
  2047   02    14.353
  2047   03    14.650
  2047   04    14.011
  2047   05    12.601
  2047   06    10.784
  2047   07     8.221
  2047   08     5.115
  2047   09     4.216
  2047   10     7.462
  2047   11     9.944
  2047   12    11.789
  2048   01    13.766
  2048   02    14.327
  2048   03    14.371
  2048   04    13.806
  2048   05    12.293
  2048   06    10.652
  2048   07     8.048
  2048   08     5.726
  2048   09     4.185
  2048   10     7.235
  2048   11     9.999
  2048   12    11.997
  2049   01    13.855
  2049   02    14.474
  2049   03    14.643
  2049   04    13.836
  2049   05    12.521
  2049   06    10.891
  2049   07     8.294
  2049   08     6.219
  2049   09     4.985
  2049   10     8.155
  2049   11    10.266
  2049   12    11.964
  2050   01    14.071
  2050   02    14.669
  2050   03    14.865
  2050   04    14.223
  2050   05    12.835
  2050   06    11.197
  2050   07     8.954
  2050   08     5.519
  2050   09     5.134
  2050   10     7.548
  2050   11    10.242
  2050   12    11.887
  2051   01    13.991
  2051   02    14.726
  2051   03    14.664
  2051   04    14.047
  2051   05    12.986
  2051   06    11.009
  2051   07     8.991
  2051   08     6.069
  2051   09     4.108
  2051   10     7.418
  2051   11    10.167
  2051   12    12.104
  2052   01    14.129
  2052   02    14.540
  2052   03    14.654
  2052   04    14.180
  2052   05    12.836
  2052   06    10.795
  2052   07     9.063
  2052   08     6.042
  2052   09     4.076
  2052   10     6.875
  2052   11    10.226
  2052   12    12.202
  2053   01    13.985
  2053   02    14.737
  2053   03    14.776
  2053   04    14.297
  2053   05    12.927
  2053   06    10.803
  2053   07     8.129
  2053   08     5.340
  2053   09     4.175
  2053   10     6.919
  2053   11    10.094
  2053   12    11.990
  2054   01    14.031
  2054   02    14.543
  2054   03    14.665
  2054   04    14.082
  2054   05    12.917
  2054   06    10.535
  2054   07     8.983
  2054   08     5.730
  2054   09     5.026
  2054   10     6.948
  2054   11     9.921
  2054   12    12.499
  2055   01    14.079
  2055   02    14.671
  2055   03    14.838
  2055   04    13.975
  2055   05    12.695
  2055   06    10.820
  2055   07     8.081
  2055   08     5.455
  2055   09     4.344
  2055   10     7.129
  2055   11    10.095
  2055   12    11.583
  2056   01    13.542
  2056   02    14.352
  2056   03    14.498
  2056   04    13.977
  2056   05    12.378
  2056   06    10.626
  2056   07     7.613
  2056   08     4.340
  2056   09     1.724
  2056   10     5.965
  2056   11     9.507
  2056   12    11.787
  2057   01    13.276
  2057   02    13.955
  2057   03    14.233
  2057   04    13.624
  2057   05    12.270
  2057   06    10.224
  2057   07     8.229
  2057   08     5.954
  2057   09     3.250
  2057   10     6.559
  2057   11     9.265
  2057   12    11.140
  2058   01    13.137
  2058   02    14.091
  2058   03    14.356
  2058   04    13.938
  2058   05    12.219
  2058   06     9.861
  2058   07     7.428
  2058   08     4.941
  2058   09     3.504
  2058   10     6.166
  2058   11     9.229
  2058   12    11.200
  2059   01    13.060
  2059   02    14.103
  2059   03    14.442
  2059   04    13.928
  2059   05    12.328
  2059   06    10.156
  2059   07     7.849
  2059   08     6.246
  2059   09     4.732
  2059   10     7.191
  2059   11     9.912
  2059   12    11.988
  2060   01    13.629
  2060   02    14.246
  2060   03    14.351
  2060   04    14.091
  2060   05    12.629
  2060   06    10.727
  2060   07     7.566
  2060   08     4.675
  2060   09     3.335
  2060   10     5.465
  2060   11     9.460
  2060   12    11.531
  2061   01    13.780
  2061   02    14.337
  2061   03    14.437
  2061   04    14.040
  2061   05    12.744
  2061   06    10.032
  2061   07     7.637
  2061   08     4.807
  2061   09     3.070
  2061   10     7.130
  2061   11     9.937
  2061   12    11.913
  2062   01    13.684
  2062   02    14.360
  2062   03    14.627
  2062   04    14.196
  2062   05    12.673
  2062   06    10.569
  2062   07     8.223
  2062   08     3.893
  2062   09     2.308
  2062   10     5.986
  2062   11     9.973
  2062   12    12.258
  2063   01    14.283
  2063   02    14.908
  2063   03    14.834
  2063   04    14.307
  2063   05    12.976
  2063   06    11.210
  2063   07     8.949
  2063   08     4.677
  2063   09     2.959
  2063   10     4.765
  2063   11     9.501
  2063   12    11.340
  2064   01    13.569
  2064   02    14.489
  2064   03    14.740
  2064   04    14.111
  2064   05    12.900
  2064   06    10.693
  2064   07     8.251
  2064   08     5.197
  2064   09     3.638
  2064   10     6.528
  2064   11     9.607
  2064   12    11.785
  2065   01    13.533
  2065   02    14.250
  2065   03    14.431
  2065   04    13.754
  2065   05    12.875
  2065   06    10.848
  2065   07     7.763
  2065   08     4.414
  2065   09     2.446
  2065   10     6.057
  2065   11     9.894
  2065   12    11.810
  2066   01    13.697
  2066   02    14.353
  2066   03    14.665
  2066   04    14.015
  2066   05    12.162
  2066   06    10.084
  2066   07     6.246
  2066   08     3.308
  2066   09     2.066
  2066   10     4.634
  2066   11     9.411
  2066   12    11.243
  2067   01    13.258
  2067   02    14.167
  2067   03    14.289
  2067   04    13.760
  2067   05    12.481
  2067   06    10.414
  2067   07     6.908
  2067   08     4.108
  2067   09     2.057
  2067   10     4.539
  2067   11     8.682
  2067   12    10.939
  2068   01    12.499
  2068   02    13.942
  2068   03    14.060
  2068   04    13.531
  2068   05    12.188
  2068   06     9.975
  2068   07     6.156
  2068   08     2.171
  2068   09     0.926
  2068   10     4.655
  2068   11     8.632
  2068   12    10.965
  2069   01    13.043
  2069   02    13.727
  2069   03    13.853
  2069   04    13.479
  2069   05    12.022
  2069   06     9.393
  2069   07     6.920
  2069   08     4.078
  2069   09     1.818
  2069   10     5.536
  2069   11     8.892
  2069   12    10.841
  2070   01    12.937
  2070   02    13.924
  2070   03    14.245
  2070   04    13.608
  2070   05    12.022
  2070   06     9.396
  2070   07     6.974
  2070   08     3.450
  2070   09     1.854
  2070   10     4.895
  2070   11     8.703
  2070   12    11.037
  2071   01    12.938
  2071   02    13.585
  2071   03    13.913
  2071   04    13.249
  2071   05    11.722
  2071   06     9.364
  2071   07     6.391
  2071   08     2.328
  2071   09     0.868
  2071   10     3.189
  2071   11     8.223
  2071   12    10.472
  2072   01    13.113
  2072   02    14.151
  2072   03    14.172
  2072   04    13.738
  2072   05    12.142
  2072   06    10.028
  2072   07     7.039
  2072   08     2.053
  2072   09     0.794
  2072   10     4.196
  2072   11     8.388
  2072   12    10.848
  2073   01    12.907
  2073   02    13.780
  2073   03    13.981
  2073   04    13.448
  2073   05    11.816
  2073   06     9.322
  2073   07     6.790
  2073   08     3.163
  2073   09     0.893
  2073   10     4.592
  2073   11     8.186
  2073   12    10.590
  2074   01    12.901
  2074   02    13.931
  2074   03    13.803
  2074   04    12.974
  2074   05    11.831
  2074   06     9.427
  2074   07     5.751
  2074   08     2.245
  2074   09     0.847
  2074   10     3.763
  2074   11     8.577
  2074   12    10.443
  2075   01    12.689
  2075   02    13.633
  2075   03    14.039
  2075   04    13.274
  2075   05    11.560
  2075   06     9.279
  2075   07     6.062
  2075   08     1.814
  2075   09     0.680
  2075   10     3.938
  2075   11     8.463
  2075   12    10.667
  2076   01    12.368
  2076   02    13.678
  2076   03    14.255
  2076   04    13.913
  2076   05    12.021
  2076   06    10.250
  2076   07     7.026
  2076   08     2.917
  2076   09     0.836
  2076   10     3.023
  2076   11     8.782
  2076   12    11.272
  2077   01    13.297
  2077   02    14.294
  2077   03    14.615
  2077   04    13.960
  2077   05    12.794
  2077   06    10.022
  2077   07     6.343
  2077   08     2.302
  2077   09     0.735
  2077   10     3.703
  2077   11     8.318
  2077   12    11.230
  2078   01    13.268
  2078   02    14.153
  2078   03    14.611
  2078   04    13.909
  2078   05    12.107
  2078   06     9.972
  2078   07     6.325
  2078   08     2.129
  2078   09     0.951
  2078   10     3.552
  2078   11     8.866
  2078   12    10.489
  2079   01    12.533
  2079   02    13.866
  2079   03    14.039
  2079   04    13.108
  2079   05    11.558
  2079   06     8.947
  2079   07     4.975
  2079   08     0.839
  2079   09     0.568
  2079   10     2.432
  2079   11     6.349
  2079   12     9.923
  2080   01    11.959
  2080   02    13.245
  2080   03    13.397
  2080   04    12.877
  2080   05    10.954
  2080   06     8.067
  2080   07     5.491
  2080   08     0.710
  2080   09     0.428
  2080   10     2.433
  2080   11     7.041
  2080   12     9.721
  2081   01    12.147
  2081   02    13.158
  2081   03    13.691
  2081   04    13.108
  2081   05    11.502
  2081   06     9.267
  2081   07     6.113
  2081   08     1.993
  2081   09     0.349
  2081   10     4.238
  2081   11     8.502
  2081   12    10.151
  2082   01    12.050
  2082   02    13.404
  2082   03    13.556
  2082   04    13.100
  2082   05    11.620
  2082   06     9.836
  2082   07     5.715
  2082   08     1.084
  2082   09     0.341
  2082   10     2.810
  2082   11     6.923
  2082   12     9.446
  2083   01    11.579
  2083   02    13.051
  2083   03    13.196
  2083   04    12.930
  2083   05    11.268
  2083   06     8.936
  2083   07     5.216
  2083   08     0.758
  2083   09     0.291
  2083   10     1.024
  2083   11     7.533
  2083   12    10.301
  2084   01    12.114
  2084   02    13.244
  2084   03    13.700
  2084   04    13.158
  2084   05    11.109
  2084   06     8.647
  2084   07     5.360
  2084   08     0.998
  2084   09     0.257
  2084   10     1.592
  2084   11     6.216
  2084   12     9.636
  2085   01    11.702
  2085   02    12.808
  2085   03    13.218
  2085   04    12.551
  2085   05    10.886
  2085   06     8.273
  2085   07     5.057
  2085   08     0.634
  2085   09     0.292
  2085   10     2.056
  2085   11     5.384
  2085   12     9.410
  2086   01    11.436
  2086   02    13.105
  2086   03    13.509
  2086   04    13.237
  2086   05    11.616
  2086   06     9.058
  2086   07     4.767
  2086   08     0.894
  2086   09     0.531
  2086   10     1.712
  2086   11     6.849
  2086   12     9.466
  2087   01    11.733
  2087   02    12.780
  2087   03    13.037
  2087   04    12.387
  2087   05    10.927
  2087   06     8.274
  2087   07     3.855
  2087   08     0.462
  2087   09     0.288
  2087   10     0.856
  2087   11     7.297
  2087   12     9.951
  2088   01    11.714
  2088   02    12.802
  2088   03    13.190
  2088   04    12.862
  2088   05    11.105
  2088   06     8.324
  2088   07     4.614
  2088   08     0.348
  2088   09     0.138
  2088   10     0.919
  2088   11     5.093
  2088   12     9.031
  2089   01    11.141
  2089   02    12.753
  2089   03    13.221
  2089   04    12.643
  2089   05    10.616
  2089   06     8.549
  2089   07     4.601
  2089   08     0.224
  2089   09     0.054
  2089   10     1.095
  2089   11     5.800
  2089   12     9.686
  2090   01    11.255
  2090   02    13.054
  2090   03    13.522
  2090   04    12.985
  2090   05    11.358
  2090   06     8.876
  2090   07     5.398
  2090   08     0.354
  2090   09     0.331
  2090   10     1.803
  2090   11     6.397
  2090   12    10.027
  2091   01    12.413
  2091   02    13.396
  2091   03    13.580
  2091   04    13.028
  2091   05    11.723
  2091   06     9.425
  2091   07     5.121
  2091   08     1.201
  2091   09     0.403
  2091   10     2.562
  2091   11     7.849
  2091   12    10.211
  2092   01    12.148
  2092   02    13.449
  2092   03    13.748
  2092   04    12.942
  2092   05    11.303
  2092   06     9.168
  2092   07     6.257
  2092   08     1.873
  2092   09     0.355
  2092   10     1.520
  2092   11     6.655
  2092   12    10.202
  2093   01    11.976
  2093   02    13.210
  2093   03    13.674
  2093   04    13.206
  2093   05    11.511
  2093   06     9.651
  2093   07     7.123
  2093   08     2.301
  2093   09     0.293
  2093   10     4.414
  2093   11     8.735
  2093   12    10.930
  2094   01    12.789
  2094   02    13.621
  2094   03    13.577
  2094   04    12.964
  2094   05    11.701
  2094   06     9.905
  2094   07     6.424
  2094   08     2.028
  2094   09     0.773
  2094   10     3.749
  2094   11     8.578
  2094   12    10.482
  2095   01    12.421
  2095   02    13.503
  2095   03    13.831
  2095   04    13.349
  2095   05    11.613
  2095   06     9.820
  2095   07     6.402
  2095   08     1.919
  2095   09     0.620
  2095   10     2.933
  2095   11     7.879
  2095   12    10.431
  2096   01    12.460
  2096   02    13.382
  2096   03    13.562
  2096   04    13.070
  2096   05    11.374
  2096   06     9.297
  2096   07     5.903
  2096   08     0.777
  2096   09     0.521
  2096   10     1.834
  2096   11     6.956
  2096   12     9.647
  2097   01    11.713
  2097   02    12.955
  2097   03    13.211
  2097   04    12.653
  2097   05    10.865
  2097   06     8.295
  2097   07     4.348
  2097   08     0.197
  2097   09     0.178
  2097   10     1.558
  2097   11     5.958
  2097   12     9.177
  2098   01    11.346
  2098   02    12.676
  2098   03    13.057
  2098   04    12.556
  2098   05    11.093
  2098   06     9.270
  2098   07     4.645
  2098   08     0.248
  2098   09     0.132
  2098   10     0.717
  2098   11     5.461
  2098   12    10.217
  2099   01    11.813
  2099   02    12.845
  2099   03    13.199
  2099   04    12.445
  2099   05    11.009
  2099   06     8.328
  2099   07     3.772
  2099   08     0.457
  2099   09     0.436
  2099   10     1.770
  2099   11     5.177
  2099   12     9.526
  2100   01    11.457
  2100   02    12.728
  2100   03    13.137
  2100   04    12.462
  2100   05    10.740
  2100   06     9.066
  2100   07     5.124
  2100   08     0.570
  2100   09     0.041
  2100   10     0.302
  2100   11     6.455
  2100   12     9.873
