  1850   01    15.794
  1850   02    16.633
  1850   03    16.752
  1850   04    16.206
  1850   05    15.409
  1850   06    13.023
  1850   07    10.141
  1850   08     8.693
  1850   09     7.507
  1850   10     9.504
  1850   11    11.441
  1850   12    14.537
  1851   01    15.783
  1851   02    16.537
  1851   03    16.553
  1851   04    15.896
  1851   05    14.913
  1851   06    13.089
  1851   07    10.496
  1851   08     8.223
  1851   09     7.535
  1851   10     8.832
  1851   11    11.401
  1851   12    14.433
  1852   01    15.810
  1852   02    16.263
  1852   03    16.486
  1852   04    15.900
  1852   05    14.912
  1852   06    12.848
  1852   07     9.695
  1852   08     8.402
  1852   09     7.391
  1852   10     8.927
  1852   11    11.496
  1852   12    14.281
  1853   01    15.740
  1853   02    16.644
  1853   03    16.491
  1853   04    15.889
  1853   05    14.793
  1853   06    12.925
  1853   07    10.176
  1853   08     8.025
  1853   09     6.939
  1853   10     8.868
  1853   11    11.464
  1853   12    14.300
  1854   01    15.477
  1854   02    16.030
  1854   03    16.094
  1854   04    15.807
  1854   05    14.861
  1854   06    12.963
  1854   07    10.097
  1854   08     7.723
  1854   09     6.935
  1854   10     8.665
  1854   11    11.857
  1854   12    14.582
  1855   01    16.003
  1855   02    16.748
  1855   03    16.851
  1855   04    16.468
  1855   05    15.642
  1855   06    13.712
  1855   07    10.963
  1855   08     8.304
  1855   09     7.667
  1855   10     9.178
  1855   11    12.039
  1855   12    14.610
  1856   01    15.994
  1856   02    16.833
  1856   03    16.871
  1856   04    16.126
  1856   05    14.891
  1856   06    13.045
  1856   07    10.373
  1856   08     8.500
  1856   09     7.397
  1856   10     9.014
  1856   11    11.636
  1856   12    14.179
  1857   01    15.741
  1857   02    16.584
  1857   03    16.531
  1857   04    16.023
  1857   05    14.748
  1857   06    13.155
  1857   07    11.000
  1857   08     8.836
  1857   09     8.121
  1857   10     9.649
  1857   11    11.985
  1857   12    14.456
  1858   01    15.679
  1858   02    16.494
  1858   03    16.625
  1858   04    16.275
  1858   05    15.483
  1858   06    13.598
  1858   07    11.045
  1858   08     8.990
  1858   09     8.511
  1858   10     9.975
  1858   11    12.040
  1858   12    14.689
  1859   01    15.857
  1859   02    16.630
  1859   03    16.663
  1859   04    16.114
  1859   05    15.387
  1859   06    13.663
  1859   07    11.352
  1859   08     8.626
  1859   09     7.794
  1859   10     9.390
  1859   11    12.513
  1859   12    15.102
  1860   01    16.158
  1860   02    16.995
  1860   03    17.106
  1860   04    16.338
  1860   05    15.598
  1860   06    13.867
  1860   07    11.266
  1860   08     8.756
  1860   09     7.789
  1860   10     9.457
  1860   11    12.519
  1860   12    14.916
  1861   01    16.416
  1861   02    17.085
  1861   03    17.063
  1861   04    16.686
  1861   05    15.647
  1861   06    13.829
  1861   07    12.014
  1861   08     9.625
  1861   09     9.116
  1861   10    10.471
  1861   11    13.036
  1861   12    14.974
  1862   01    16.363
  1862   02    17.038
  1862   03    17.350
  1862   04    16.616
  1862   05    15.811
  1862   06    13.803
  1862   07    11.602
  1862   08     9.598
  1862   09     9.132
  1862   10    10.539
  1862   11    13.026
  1862   12    15.069
  1863   01    16.359
  1863   02    17.080
  1863   03    17.284
  1863   04    16.742
  1863   05    15.748
  1863   06    13.970
  1863   07    11.238
  1863   08     9.386
  1863   09     8.643
  1863   10    10.099
  1863   11    12.613
  1863   12    15.215
  1864   01    16.249
  1864   02    16.999
  1864   03    17.262
  1864   04    16.669
  1864   05    15.667
  1864   06    13.632
  1864   07    11.857
  1864   08     9.273
  1864   09     8.459
  1864   10     9.851
  1864   11    12.359
  1864   12    14.895
  1865   01    16.267
  1865   02    17.181
  1865   03    17.305
  1865   04    16.541
  1865   05    15.360
  1865   06    13.417
  1865   07    10.807
  1865   08     8.637
  1865   09     8.254
  1865   10     9.696
  1865   11    12.554
  1865   12    14.907
  1866   01    16.161
  1866   02    17.110
  1866   03    17.044
  1866   04    16.556
  1866   05    15.397
  1866   06    13.757
  1866   07    11.100
  1866   08     8.805
  1866   09     8.061
  1866   10     9.442
  1866   11    11.992
  1866   12    14.660
  1867   01    15.889
  1867   02    16.669
  1867   03    16.795
  1867   04    16.136
  1867   05    15.230
  1867   06    13.357
  1867   07    10.700
  1867   08     8.856
  1867   09     8.342
  1867   10     9.416
  1867   11    11.579
  1867   12    14.243
  1868   01    15.790
  1868   02    16.605
  1868   03    16.775
  1868   04    16.281
  1868   05    15.348
  1868   06    13.320
  1868   07    11.270
  1868   08     8.556
  1868   09     7.893
  1868   10     9.509
  1868   11    12.716
  1868   12    14.888
  1869   01    15.907
  1869   02    16.722
  1869   03    16.655
  1869   04    16.289
  1869   05    15.370
  1869   06    13.412
  1869   07    11.087
  1869   08     8.366
  1869   09     7.674
  1869   10     9.507
  1869   11    12.135
  1869   12    14.735
  1870   01    16.121
  1870   02    16.620
  1870   03    16.892
  1870   04    16.058
  1870   05    15.310
  1870   06    13.291
  1870   07    10.297
  1870   08     8.681
  1870   09     8.161
  1870   10     9.147
  1870   11    11.306
  1870   12    14.479
  1871   01    15.951
  1871   02    16.667
  1871   03    16.684
  1871   04    16.354
  1871   05    15.309
  1871   06    13.517
  1871   07    11.154
  1871   08     9.242
  1871   09     8.484
  1871   10    10.211
  1871   11    12.231
  1871   12    14.757
  1872   01    16.096
  1872   02    16.773
  1872   03    16.829
  1872   04    16.406
  1872   05    15.504
  1872   06    13.735
  1872   07    11.410
  1872   08     9.090
  1872   09     8.537
  1872   10     9.986
  1872   11    12.479
  1872   12    14.827
  1873   01    16.160
  1873   02    17.058
  1873   03    16.983
  1873   04    16.416
  1873   05    15.344
  1873   06    13.899
  1873   07    11.528
  1873   08     9.111
  1873   09     8.341
  1873   10     9.659
  1873   11    12.439
  1873   12    14.880
  1874   01    16.071
  1874   02    16.772
  1874   03    17.075
  1874   04    16.517
  1874   05    15.591
  1874   06    13.654
  1874   07    10.987
  1874   08     8.663
  1874   09     8.454
  1874   10     9.957
  1874   11    12.405
  1874   12    14.705
  1875   01    16.067
  1875   02    16.780
  1875   03    17.065
  1875   04    16.512
  1875   05    15.356
  1875   06    13.664
  1875   07    11.522
  1875   08     9.244
  1875   09     8.641
  1875   10    10.532
  1875   11    12.729
  1875   12    15.045
  1876   01    16.099
  1876   02    16.835
  1876   03    16.912
  1876   04    16.432
  1876   05    15.499
  1876   06    13.821
  1876   07    11.517
  1876   08     9.391
  1876   09     8.392
  1876   10    10.450
  1876   11    12.659
  1876   12    14.716
  1877   01    16.240
  1877   02    16.628
  1877   03    16.958
  1877   04    16.366
  1877   05    15.598
  1877   06    13.398
  1877   07    10.549
  1877   08     8.802
  1877   09     8.076
  1877   10     9.681
  1877   11    12.130
  1877   12    15.018
  1878   01    16.096
  1878   02    16.618
  1878   03    16.895
  1878   04    16.343
  1878   05    15.569
  1878   06    13.499
  1878   07    10.651
  1878   08     9.091
  1878   09     8.020
  1878   10     9.632
  1878   11    11.896
  1878   12    14.454
  1879   01    15.859
  1879   02    16.481
  1879   03    16.608
  1879   04    16.225
  1879   05    15.195
  1879   06    13.399
  1879   07    11.184
  1879   08     8.628
  1879   09     7.994
  1879   10     9.218
  1879   11    11.421
  1879   12    14.542
  1880   01    15.979
  1880   02    16.681
  1880   03    16.825
  1880   04    16.322
  1880   05    15.349
  1880   06    13.361
  1880   07    10.784
  1880   08     8.497
  1880   09     7.846
  1880   10     9.334
  1880   11    12.114
  1880   12    14.788
  1881   01    16.167
  1881   02    16.751
  1881   03    17.106
  1881   04    16.279
  1881   05    15.247
  1881   06    13.298
  1881   07    10.667
  1881   08     8.999
  1881   09     8.382
  1881   10     9.632
  1881   11    11.475
  1881   12    14.256
  1882   01    15.779
  1882   02    16.549
  1882   03    16.719
  1882   04    16.097
  1882   05    15.151
  1882   06    12.982
  1882   07    10.176
  1882   08     8.504
  1882   09     7.719
  1882   10     9.104
  1882   11    11.180
  1882   12    13.853
  1883   01    15.183
  1883   02    15.875
  1883   03    15.967
  1883   04    15.467
  1883   05    14.524
  1883   06    12.866
  1883   07     9.819
  1883   08     8.102
  1883   09     7.163
  1883   10     8.851
  1883   11    11.510
  1883   12    14.502
  1884   01    15.723
  1884   02    16.409
  1884   03    16.555
  1884   04    16.101
  1884   05    15.110
  1884   06    13.428
  1884   07    10.758
  1884   08     9.117
  1884   09     8.470
  1884   10     9.874
  1884   11    12.257
  1884   12    14.722
  1885   01    16.010
  1885   02    16.811
  1885   03    16.735
  1885   04    16.307
  1885   05    15.345
  1885   06    13.354
  1885   07    10.775
  1885   08     8.523
  1885   09     7.910
  1885   10     9.084
  1885   11    11.774
  1885   12    14.526
  1886   01    15.934
  1886   02    16.576
  1886   03    16.628
  1886   04    16.188
  1886   05    15.083
  1886   06    12.947
  1886   07    10.252
  1886   08     7.766
  1886   09     6.960
  1886   10     8.417
  1886   11    11.178
  1886   12    14.201
  1887   01    15.790
  1887   02    16.514
  1887   03    16.744
  1887   04    16.084
  1887   05    15.268
  1887   06    13.057
  1887   07    10.405
  1887   08     8.209
  1887   09     7.465
  1887   10     8.987
  1887   11    11.571
  1887   12    14.534
  1888   01    15.886
  1888   02    16.755
  1888   03    16.861
  1888   04    16.268
  1888   05    14.917
  1888   06    13.017
  1888   07    10.568
  1888   08     8.281
  1888   09     7.562
  1888   10     9.018
  1888   11    11.338
  1888   12    14.118
  1889   01    15.771
  1889   02    16.257
  1889   03    16.455
  1889   04    15.891
  1889   05    14.829
  1889   06    12.902
  1889   07    10.327
  1889   08     8.385
  1889   09     7.202
  1889   10     9.073
  1889   11    11.673
  1889   12    14.357
  1890   01    15.672
  1890   02    16.234
  1890   03    16.541
  1890   04    16.120
  1890   05    15.025
  1890   06    12.892
  1890   07    10.667
  1890   08     8.466
  1890   09     7.652
  1890   10     9.116
  1890   11    11.425
  1890   12    14.336
  1891   01    15.683
  1891   02    16.175
  1891   03    16.471
  1891   04    16.004
  1891   05    15.035
  1891   06    13.154
  1891   07    10.237
  1891   08     8.250
  1891   09     7.532
  1891   10     9.192
  1891   11    11.433
  1891   12    14.482
  1892   01    15.831
  1892   02    16.615
  1892   03    16.584
  1892   04    16.039
  1892   05    15.146
  1892   06    12.978
  1892   07    10.352
  1892   08     8.396
  1892   09     7.429
  1892   10     9.035
  1892   11    11.462
  1892   12    14.311
  1893   01    15.589
  1893   02    16.558
  1893   03    16.427
  1893   04    15.968
  1893   05    14.893
  1893   06    12.588
  1893   07     9.943
  1893   08     8.258
  1893   09     7.439
  1893   10     9.154
  1893   11    11.243
  1893   12    14.228
  1894   01    15.654
  1894   02    16.617
  1894   03    16.796
  1894   04    16.324
  1894   05    15.295
  1894   06    13.231
  1894   07    10.640
  1894   08     8.418
  1894   09     7.830
  1894   10     9.590
  1894   11    11.655
  1894   12    14.892
  1895   01    16.156
  1895   02    17.001
  1895   03    17.059
  1895   04    16.589
  1895   05    15.761
  1895   06    13.705
  1895   07    10.269
  1895   08     8.503
  1895   09     7.769
  1895   10     9.148
  1895   11    11.773
  1895   12    14.373
  1896   01    16.019
  1896   02    16.629
  1896   03    16.709
  1896   04    16.282
  1896   05    15.316
  1896   06    13.359
  1896   07    10.296
  1896   08     8.345
  1896   09     8.041
  1896   10     9.740
  1896   11    12.050
  1896   12    15.007
  1897   01    16.254
  1897   02    16.920
  1897   03    16.854
  1897   04    16.252
  1897   05    15.143
  1897   06    13.084
  1897   07    10.768
  1897   08     8.876
  1897   09     7.922
  1897   10     9.482
  1897   11    11.696
  1897   12    14.528
  1898   01    16.043
  1898   02    16.733
  1898   03    16.826
  1898   04    16.167
  1898   05    15.266
  1898   06    13.304
  1898   07    10.881
  1898   08     9.097
  1898   09     8.001
  1898   10    10.033
  1898   11    11.820
  1898   12    14.825
  1899   01    16.076
  1899   02    16.675
  1899   03    16.743
  1899   04    16.158
  1899   05    15.317
  1899   06    13.321
  1899   07    10.956
  1899   08     8.930
  1899   09     8.372
  1899   10     9.702
  1899   11    11.988
  1899   12    14.773
  1900   01    16.008
  1900   02    16.554
  1900   03    16.649
  1900   04    16.248
  1900   05    15.289
  1900   06    13.361
  1900   07    10.707
  1900   08     8.844
  1900   09     8.259
  1900   10     9.573
  1900   11    12.100
  1900   12    14.880
  1901   01    15.958
  1901   02    16.576
  1901   03    16.628
  1901   04    16.189
  1901   05    15.202
  1901   06    13.116
  1901   07    10.481
  1901   08     8.770
  1901   09     8.083
  1901   10     9.867
  1901   11    12.215
  1901   12    14.619
  1902   01    16.054
  1902   02    16.542
  1902   03    16.721
  1902   04    16.158
  1902   05    15.079
  1902   06    13.416
  1902   07    10.583
  1902   08     8.127
  1902   09     7.306
  1902   10     8.992
  1902   11    12.241
  1902   12    14.755
  1903   01    16.020
  1903   02    16.504
  1903   03    16.491
  1903   04    16.130
  1903   05    15.031
  1903   06    13.145
  1903   07    10.582
  1903   08     8.358
  1903   09     7.446
  1903   10     9.264
  1903   11    11.906
  1903   12    14.464
  1904   01    15.698
  1904   02    16.586
  1904   03    16.847
  1904   04    16.186
  1904   05    15.174
  1904   06    13.819
  1904   07    11.137
  1904   08     8.867
  1904   09     8.147
  1904   10     9.747
  1904   11    12.075
  1904   12    14.577
  1905   01    16.006
  1905   02    16.764
  1905   03    16.787
  1905   04    16.238
  1905   05    15.434
  1905   06    13.498
  1905   07    10.712
  1905   08     8.598
  1905   09     7.957
  1905   10     9.739
  1905   11    11.786
  1905   12    14.682
  1906   01    16.123
  1906   02    16.734
  1906   03    16.677
  1906   04    16.182
  1906   05    15.319
  1906   06    13.259
  1906   07    10.412
  1906   08     8.749
  1906   09     7.970
  1906   10     9.595
  1906   11    12.031
  1906   12    14.232
  1907   01    15.792
  1907   02    16.514
  1907   03    16.686
  1907   04    16.162
  1907   05    15.305
  1907   06    13.368
  1907   07    10.256
  1907   08     8.510
  1907   09     7.567
  1907   10     9.004
  1907   11    11.686
  1907   12    14.764
  1908   01    16.059
  1908   02    16.703
  1908   03    16.969
  1908   04    16.512
  1908   05    15.613
  1908   06    13.694
  1908   07    11.372
  1908   08     9.303
  1908   09     8.460
  1908   10     9.913
  1908   11    12.341
  1908   12    14.981
  1909   01    16.123
  1909   02    16.612
  1909   03    16.743
  1909   04    16.274
  1909   05    15.257
  1909   06    13.544
  1909   07    11.070
  1909   08     8.805
  1909   09     7.956
  1909   10     9.519
  1909   11    11.984
  1909   12    14.617
  1910   01    15.853
  1910   02    16.743
  1910   03    16.824
  1910   04    16.392
  1910   05    15.200
  1910   06    13.115
  1910   07    10.903
  1910   08     8.575
  1910   09     7.387
  1910   10     9.330
  1910   11    11.579
  1910   12    14.618
  1911   01    15.837
  1911   02    16.601
  1911   03    16.690
  1911   04    16.097
  1911   05    15.264
  1911   06    12.900
  1911   07    10.296
  1911   08     8.441
  1911   09     7.722
  1911   10     9.468
  1911   11    11.139
  1911   12    14.400
  1912   01    15.606
  1912   02    16.582
  1912   03    16.700
  1912   04    16.098
  1912   05    14.902
  1912   06    13.170
  1912   07    10.113
  1912   08     8.021
  1912   09     7.287
  1912   10     9.266
  1912   11    11.861
  1912   12    14.567
  1913   01    15.889
  1913   02    16.519
  1913   03    16.724
  1913   04    15.870
  1913   05    14.924
  1913   06    13.140
  1913   07    10.522
  1913   08     8.745
  1913   09     7.948
  1913   10     9.487
  1913   11    12.060
  1913   12    14.613
  1914   01    15.968
  1914   02    16.368
  1914   03    16.470
  1914   04    16.047
  1914   05    15.146
  1914   06    12.947
  1914   07    10.011
  1914   08     7.899
  1914   09     7.071
  1914   10     8.344
  1914   11    11.278
  1914   12    14.256
  1915   01    15.632
  1915   02    16.553
  1915   03    16.652
  1915   04    16.229
  1915   05    15.332
  1915   06    13.417
  1915   07    10.943
  1915   08     8.516
  1915   09     8.013
  1915   10     9.062
  1915   11    11.743
  1915   12    14.488
  1916   01    15.798
  1916   02    16.518
  1916   03    16.643
  1916   04    15.957
  1916   05    14.976
  1916   06    13.087
  1916   07     9.956
  1916   08     7.817
  1916   09     6.829
  1916   10     8.324
  1916   11    11.224
  1916   12    14.616
  1917   01    16.098
  1917   02    16.947
  1917   03    16.744
  1917   04    16.348
  1917   05    15.271
  1917   06    13.207
  1917   07    10.844
  1917   08     8.462
  1917   09     8.234
  1917   10     9.386
  1917   11    11.863
  1917   12    14.400
  1918   01    15.646
  1918   02    16.275
  1918   03    16.370
  1918   04    15.775
  1918   05    14.829
  1918   06    13.391
  1918   07    10.437
  1918   08     8.795
  1918   09     7.998
  1918   10     9.450
  1918   11    11.708
  1918   12    14.307
  1919   01    15.585
  1919   02    16.223
  1919   03    16.411
  1919   04    15.989
  1919   05    14.715
  1919   06    12.934
  1919   07    10.146
  1919   08     8.675
  1919   09     7.884
  1919   10     9.486
  1919   11    11.523
  1919   12    14.206
  1920   01    15.629
  1920   02    16.275
  1920   03    16.310
  1920   04    15.761
  1920   05    14.821
  1920   06    12.681
  1920   07     9.805
  1920   08     8.346
  1920   09     7.723
  1920   10     9.329
  1920   11    11.505
  1920   12    14.046
  1921   01    15.631
  1921   02    16.391
  1921   03    16.458
  1921   04    16.062
  1921   05    15.114
  1921   06    13.375
  1921   07    10.226
  1921   08     8.038
  1921   09     7.506
  1921   10     9.083
  1921   11    11.689
  1921   12    14.456
  1922   01    15.550
  1922   02    16.123
  1922   03    16.173
  1922   04    15.637
  1922   05    14.750
  1922   06    12.895
  1922   07    10.221
  1922   08     8.748
  1922   09     8.474
  1922   10     9.728
  1922   11    11.451
  1922   12    14.032
  1923   01    15.347
  1923   02    15.945
  1923   03    15.953
  1923   04    15.554
  1923   05    14.720
  1923   06    13.182
  1923   07    10.541
  1923   08     8.460
  1923   09     7.472
  1923   10     9.202
  1923   11    11.657
  1923   12    14.238
  1924   01    15.592
  1924   02    16.361
  1924   03    16.529
  1924   04    15.884
  1924   05    14.903
  1924   06    13.209
  1924   07    10.233
  1924   08     7.894
  1924   09     7.184
  1924   10     9.174
  1924   11    11.497
  1924   12    14.607
  1925   01    15.976
  1925   02    16.607
  1925   03    16.703
  1925   04    16.285
  1925   05    15.424
  1925   06    13.068
  1925   07     9.739
  1925   08     7.627
  1925   09     6.902
  1925   10     8.628
  1925   11    11.286
  1925   12    14.578
  1926   01    16.030
  1926   02    16.984
  1926   03    16.939
  1926   04    16.267
  1926   05    15.370
  1926   06    13.469
  1926   07    10.210
  1926   08     8.406
  1926   09     7.643
  1926   10     8.802
  1926   11    11.455
  1926   12    14.217
  1927   01    15.962
  1927   02    16.452
  1927   03    16.562
  1927   04    16.328
  1927   05    15.510
  1927   06    13.452
  1927   07     9.875
  1927   08     8.184
  1927   09     7.390
  1927   10     8.791
  1927   11    11.404
  1927   12    14.477
  1928   01    15.843
  1928   02    16.747
  1928   03    17.006
  1928   04    16.224
  1928   05    14.841
  1928   06    13.029
  1928   07    10.046
  1928   08     8.801
  1928   09     8.462
  1928   10     9.239
  1928   11    11.441
  1928   12    14.396
  1929   01    15.674
  1929   02    16.479
  1929   03    16.725
  1929   04    16.056
  1929   05    15.031
  1929   06    13.075
  1929   07    10.187
  1929   08     8.004
  1929   09     7.311
  1929   10     8.809
  1929   11    11.630
  1929   12    14.567
  1930   01    15.809
  1930   02    16.439
  1930   03    16.529
  1930   04    16.099
  1930   05    15.307
  1930   06    13.508
  1930   07    11.071
  1930   08     8.713
  1930   09     8.099
  1930   10     9.577
  1930   11    11.781
  1930   12    14.493
  1931   01    15.694
  1931   02    16.359
  1931   03    16.490
  1931   04    15.919
  1931   05    14.642
  1931   06    12.810
  1931   07    10.050
  1931   08     8.269
  1931   09     7.444
  1931   10     8.847
  1931   11    11.766
  1931   12    14.427
  1932   01    15.690
  1932   02    16.445
  1932   03    16.477
  1932   04    15.939
  1932   05    15.123
  1932   06    13.265
  1932   07    10.586
  1932   08     8.453
  1932   09     7.395
  1932   10     9.693
  1932   11    11.662
  1932   12    14.507
  1933   01    15.723
  1933   02    16.576
  1933   03    16.627
  1933   04    16.127
  1933   05    15.063
  1933   06    13.273
  1933   07    10.316
  1933   08     8.324
  1933   09     7.516
  1933   10     9.025
  1933   11    11.643
  1933   12    13.947
  1934   01    15.739
  1934   02    16.363
  1934   03    16.525
  1934   04    16.055
  1934   05    15.370
  1934   06    13.394
  1934   07    10.986
  1934   08     8.518
  1934   09     7.837
  1934   10     9.157
  1934   11    11.829
  1934   12    14.734
  1935   01    15.928
  1935   02    16.577
  1935   03    16.795
  1935   04    16.469
  1935   05    15.418
  1935   06    13.670
  1935   07    10.899
  1935   08     8.603
  1935   09     8.004
  1935   10     9.329
  1935   11    11.949
  1935   12    14.529
  1936   01    15.722
  1936   02    16.405
  1936   03    16.582
  1936   04    16.228
  1936   05    15.569
  1936   06    13.320
  1936   07    10.532
  1936   08     8.890
  1936   09     8.094
  1936   10     9.693
  1936   11    11.805
  1936   12    14.651
  1937   01    15.835
  1937   02    16.587
  1937   03    16.502
  1937   04    16.259
  1937   05    15.299
  1937   06    13.722
  1937   07    10.974
  1937   08     9.044
  1937   09     8.278
  1937   10    10.027
  1937   11    12.184
  1937   12    14.764
  1938   01    16.040
  1938   02    16.815
  1938   03    16.935
  1938   04    16.259
  1938   05    15.216
  1938   06    13.413
  1938   07    10.619
  1938   08     8.774
  1938   09     7.601
  1938   10     9.260
  1938   11    11.747
  1938   12    14.664
  1939   01    16.037
  1939   02    16.701
  1939   03    16.799
  1939   04    16.231
  1939   05    15.319
  1939   06    13.321
  1939   07    10.659
  1939   08     8.233
  1939   09     7.298
  1939   10     8.899
  1939   11    11.616
  1939   12    14.700
  1940   01    15.851
  1940   02    16.528
  1940   03    16.590
  1940   04    16.032
  1940   05    14.993
  1940   06    13.199
  1940   07     9.994
  1940   08     8.343
  1940   09     7.869
  1940   10     9.425
  1940   11    12.127
  1940   12    14.340
  1941   01    15.772
  1941   02    16.496
  1941   03    16.455
  1941   04    15.972
  1941   05    15.041
  1941   06    12.828
  1941   07    10.462
  1941   08     8.560
  1941   09     8.225
  1941   10     9.543
  1941   11    11.574
  1941   12    14.118
  1942   01    15.587
  1942   02    16.216
  1942   03    16.416
  1942   04    15.866
  1942   05    15.019
  1942   06    13.044
  1942   07    10.169
  1942   08     8.754
  1942   09     7.837
  1942   10     9.207
  1942   11    11.559
  1942   12    14.396
  1943   01    15.595
  1943   02    16.406
  1943   03    16.291
  1943   04    15.677
  1943   05    14.848
  1943   06    12.847
  1943   07    10.595
  1943   08     8.515
  1943   09     7.982
  1943   10     9.511
  1943   11    11.370
  1943   12    13.725
  1944   01    15.000
  1944   02    15.850
  1944   03    15.747
  1944   04    15.307
  1944   05    14.474
  1944   06    12.962
  1944   07     9.902
  1944   08     8.411
  1944   09     7.843
  1944   10     9.026
  1944   11    11.392
  1944   12    14.080
  1945   01    15.182
  1945   02    15.955
  1945   03    16.279
  1945   04    15.700
  1945   05    14.832
  1945   06    12.978
  1945   07    10.434
  1945   08     8.503
  1945   09     7.357
  1945   10     9.047
  1945   11    11.525
  1945   12    14.342
  1946   01    15.466
  1946   02    16.177
  1946   03    16.297
  1946   04    15.900
  1946   05    14.983
  1946   06    13.086
  1946   07    10.014
  1946   08     7.458
  1946   09     6.675
  1946   10     8.458
  1946   11    11.210
  1946   12    14.023
  1947   01    15.371
  1947   02    16.251
  1947   03    16.259
  1947   04    15.757
  1947   05    14.988
  1947   06    13.117
  1947   07    10.230
  1947   08     8.320
  1947   09     7.232
  1947   10     8.918
  1947   11    11.039
  1947   12    14.062
  1948   01    15.528
  1948   02    16.215
  1948   03    16.203
  1948   04    15.602
  1948   05    14.603
  1948   06    12.588
  1948   07     9.921
  1948   08     7.777
  1948   09     7.441
  1948   10     8.792
  1948   11    11.268
  1948   12    14.270
  1949   01    15.652
  1949   02    16.370
  1949   03    16.432
  1949   04    15.910
  1949   05    14.688
  1949   06    12.799
  1949   07    10.152
  1949   08     7.882
  1949   09     7.236
  1949   10     8.685
  1949   11    10.958
  1949   12    14.182
  1950   01    15.740
  1950   02    16.481
  1950   03    16.272
  1950   04    15.797
  1950   05    14.962
  1950   06    12.975
  1950   07    10.289
  1950   08     8.201
  1950   09     6.815
  1950   10     8.478
  1950   11    11.443
  1950   12    14.489
  1951   01    15.591
  1951   02    16.416
  1951   03    16.676
  1951   04    15.897
  1951   05    15.047
  1951   06    13.246
  1951   07     9.992
  1951   08     8.163
  1951   09     7.426
  1951   10     9.203
  1951   11    11.696
  1951   12    14.339
  1952   01    15.679
  1952   02    16.515
  1952   03    16.572
  1952   04    16.026
  1952   05    14.992
  1952   06    13.366
  1952   07    10.884
  1952   08     8.711
  1952   09     8.242
  1952   10     9.738
  1952   11    11.826
  1952   12    14.699
  1953   01    15.894
  1953   02    16.426
  1953   03    16.282
  1953   04    15.593
  1953   05    14.647
  1953   06    12.870
  1953   07    10.002
  1953   08     8.749
  1953   09     8.296
  1953   10     9.475
  1953   11    11.491
  1953   12    14.102
  1954   01    15.309
  1954   02    15.991
  1954   03    16.119
  1954   04    15.390
  1954   05    14.227
  1954   06    12.364
  1954   07     9.897
  1954   08     7.729
  1954   09     7.239
  1954   10     8.084
  1954   11    11.208
  1954   12    13.898
  1955   01    15.199
  1955   02    15.912
  1955   03    15.984
  1955   04    15.627
  1955   05    14.871
  1955   06    12.898
  1955   07     9.950
  1955   08     8.057
  1955   09     6.948
  1955   10     8.657
  1955   11    11.500
  1955   12    14.122
  1956   01    15.509
  1956   02    16.140
  1956   03    16.225
  1956   04    15.866
  1956   05    14.931
  1956   06    13.340
  1956   07    10.997
  1956   08     9.335
  1956   09     8.722
  1956   10    10.304
  1956   11    11.964
  1956   12    14.531
  1957   01    15.574
  1957   02    16.075
  1957   03    16.223
  1957   04    15.975
  1957   05    15.006
  1957   06    13.372
  1957   07    10.781
  1957   08     8.533
  1957   09     7.634
  1957   10     9.259
  1957   11    11.345
  1957   12    14.269
  1958   01    15.882
  1958   02    16.407
  1958   03    16.632
  1958   04    16.045
  1958   05    14.971
  1958   06    13.271
  1958   07    10.772
  1958   08     7.938
  1958   09     7.028
  1958   10     8.637
  1958   11    11.931
  1958   12    14.610
  1959   01    15.846
  1959   02    16.524
  1959   03    16.575
  1959   04    15.984
  1959   05    15.026
  1959   06    13.290
  1959   07    10.062
  1959   08     8.605
  1959   09     7.793
  1959   10     9.483
  1959   11    11.604
  1959   12    14.748
  1960   01    15.960
  1960   02    16.651
  1960   03    16.836
  1960   04    16.203
  1960   05    15.018
  1960   06    13.157
  1960   07    10.559
  1960   08     8.302
  1960   09     7.339
  1960   10     9.089
  1960   11    11.712
  1960   12    14.169
  1961   01    15.766
  1961   02    16.338
  1961   03    16.470
  1961   04    16.013
  1961   05    14.979
  1961   06    12.831
  1961   07     9.648
  1961   08     7.650
  1961   09     6.714
  1961   10     8.464
  1961   11    11.121
  1961   12    14.309
  1962   01    15.870
  1962   02    16.489
  1962   03    16.836
  1962   04    16.254
  1962   05    15.271
  1962   06    13.231
  1962   07    10.493
  1962   08     7.681
  1962   09     6.945
  1962   10     8.513
  1962   11    11.702
  1962   12    14.498
  1963   01    15.723
  1963   02    16.571
  1963   03    16.469
  1963   04    15.949
  1963   05    14.698
  1963   06    13.176
  1963   07    10.144
  1963   08     7.581
  1963   09     6.307
  1963   10     8.470
  1963   11    11.592
  1963   12    14.419
  1964   01    15.547
  1964   02    16.378
  1964   03    16.504
  1964   04    15.765
  1964   05    14.597
  1964   06    12.904
  1964   07    10.303
  1964   08     8.289
  1964   09     7.842
  1964   10     9.100
  1964   11    11.398
  1964   12    14.307
  1965   01    15.691
  1965   02    16.449
  1965   03    16.341
  1965   04    15.978
  1965   05    14.948
  1965   06    13.071
  1965   07    10.553
  1965   08     8.338
  1965   09     7.868
  1965   10     9.276
  1965   11    11.567
  1965   12    14.157
  1966   01    15.521
  1966   02    16.198
  1966   03    16.175
  1966   04    15.670
  1966   05    14.777
  1966   06    12.646
  1966   07     9.953
  1966   08     8.319
  1966   09     7.034
  1966   10     8.537
  1966   11    11.601
  1966   12    14.288
  1967   01    15.736
  1967   02    16.278
  1967   03    16.329
  1967   04    15.889
  1967   05    15.036
  1967   06    12.706
  1967   07    10.074
  1967   08     8.387
  1967   09     7.661
  1967   10     9.452
  1967   11    11.382
  1967   12    13.841
  1968   01    15.479
  1968   02    16.029
  1968   03    16.180
  1968   04    15.491
  1968   05    14.787
  1968   06    12.701
  1968   07     9.778
  1968   08     8.161
  1968   09     7.613
  1968   10     9.069
  1968   11    10.985
  1968   12    14.005
  1969   01    15.316
  1969   02    16.126
  1969   03    16.302
  1969   04    15.738
  1969   05    14.694
  1969   06    12.791
  1969   07     9.752
  1969   08     7.887
  1969   09     6.901
  1969   10     8.253
  1969   11    10.884
  1969   12    13.470
  1970   01    15.438
  1970   02    16.260
  1970   03    16.313
  1970   04    15.952
  1970   05    15.134
  1970   06    12.991
  1970   07     9.992
  1970   08     8.276
  1970   09     7.477
  1970   10     8.877
  1970   11    11.066
  1970   12    14.074
  1971   01    15.637
  1971   02    16.399
  1971   03    16.538
  1971   04    15.929
  1971   05    14.995
  1971   06    12.771
  1971   07    10.051
  1971   08     7.947
  1971   09     7.425
  1971   10     8.901
  1971   11    11.312
  1971   12    13.940
  1972   01    15.526
  1972   02    16.319
  1972   03    16.654
  1972   04    16.037
  1972   05    15.042
  1972   06    12.768
  1972   07    10.384
  1972   08     8.215
  1972   09     7.680
  1972   10     8.912
  1972   11    11.173
  1972   12    14.174
  1973   01    15.452
  1973   02    16.010
  1973   03    16.223
  1973   04    15.716
  1973   05    14.831
  1973   06    12.642
  1973   07     9.817
  1973   08     8.177
  1973   09     7.590
  1973   10     9.182
  1973   11    11.509
  1973   12    14.282
  1974   01    15.251
  1974   02    15.792
  1974   03    15.986
  1974   04    15.704
  1974   05    14.804
  1974   06    13.170
  1974   07    10.196
  1974   08     8.333
  1974   09     7.711
  1974   10     9.060
  1974   11    11.294
  1974   12    13.904
  1975   01    15.436
  1975   02    16.196
  1975   03    16.375
  1975   04    15.770
  1975   05    14.714
  1975   06    13.067
  1975   07    10.516
  1975   08     8.811
  1975   09     8.332
  1975   10     9.248
  1975   11    11.578
  1975   12    13.997
  1976   01    15.220
  1976   02    16.119
  1976   03    16.161
  1976   04    15.563
  1976   05    14.636
  1976   06    12.501
  1976   07     9.886
  1976   08     8.292
  1976   09     7.349
  1976   10     9.136
  1976   11    11.292
  1976   12    13.810
  1977   01    15.643
  1977   02    16.141
  1977   03    16.091
  1977   04    15.552
  1977   05    14.592
  1977   06    12.964
  1977   07     9.861
  1977   08     8.123
  1977   09     7.256
  1977   10     8.932
  1977   11    11.705
  1977   12    14.238
  1978   01    15.393
  1978   02    16.175
  1978   03    16.379
  1978   04    15.760
  1978   05    14.534
  1978   06    12.828
  1978   07    10.077
  1978   08     8.790
  1978   09     8.228
  1978   10     9.269
  1978   11    10.869
  1978   12    13.759
  1979   01    15.286
  1979   02    15.902
  1979   03    16.027
  1979   04    15.257
  1979   05    14.203
  1979   06    12.671
  1979   07    10.045
  1979   08     8.164
  1979   09     7.348
  1979   10     8.506
  1979   11    10.980
  1979   12    13.859
  1980   01    14.967
  1980   02    15.649
  1980   03    15.931
  1980   04    15.304
  1980   05    14.285
  1980   06    12.253
  1980   07     9.873
  1980   08     7.937
  1980   09     7.246
  1980   10     8.836
  1980   11    11.232
  1980   12    13.948
  1981   01    15.054
  1981   02    15.630
  1981   03    15.695
  1981   04    15.378
  1981   05    14.200
  1981   06    12.718
  1981   07     9.975
  1981   08     8.125
  1981   09     7.345
  1981   10     8.878
  1981   11    11.145
  1981   12    13.617
  1982   01    15.255
  1982   02    15.957
  1982   03    16.004
  1982   04    15.567
  1982   05    14.828
  1982   06    12.994
  1982   07    10.036
  1982   08     8.130
  1982   09     7.253
  1982   10     8.738
  1982   11    11.455
  1982   12    14.049
  1983   01    15.218
  1983   02    16.060
  1983   03    16.056
  1983   04    15.685
  1983   05    14.685
  1983   06    12.565
  1983   07     9.922
  1983   08     8.059
  1983   09     7.233
  1983   10     9.036
  1983   11    11.200
  1983   12    13.564
  1984   01    15.272
  1984   02    15.785
  1984   03    15.780
  1984   04    15.398
  1984   05    14.296
  1984   06    12.033
  1984   07     9.422
  1984   08     7.206
  1984   09     7.037
  1984   10     8.799
  1984   11    11.089
  1984   12    13.445
  1985   01    14.674
  1985   02    15.699
  1985   03    15.791
  1985   04    15.344
  1985   05    14.113
  1985   06    12.492
  1985   07     9.840
  1985   08     7.424
  1985   09     6.753
  1985   10     7.805
  1985   11    10.622
  1985   12    13.293
  1986   01    14.775
  1986   02    15.604
  1986   03    15.542
  1986   04    15.236
  1986   05    14.140
  1986   06    12.505
  1986   07    10.134
  1986   08     8.179
  1986   09     7.513
  1986   10     8.792
  1986   11    10.413
  1986   12    13.801
  1987   01    15.221
  1987   02    15.852
  1987   03    16.059
  1987   04    15.558
  1987   05    14.549
  1987   06    12.507
  1987   07     9.615
  1987   08     8.228
  1987   09     7.403
  1987   10     8.688
  1987   11    10.684
  1987   12    13.445
  1988   01    15.119
  1988   02    15.735
  1988   03    15.855
  1988   04    15.557
  1988   05    14.631
  1988   06    12.425
  1988   07    10.216
  1988   08     8.179
  1988   09     7.585
  1988   10     8.703
  1988   11    10.969
  1988   12    13.344
  1989   01    14.929
  1989   02    15.529
  1989   03    15.812
  1989   04    15.111
  1989   05    14.052
  1989   06    12.112
  1989   07     9.717
  1989   08     8.342
  1989   09     7.643
  1989   10     8.716
  1989   11    10.749
  1989   12    13.405
  1990   01    14.814
  1990   02    15.339
  1990   03    15.363
  1990   04    14.968
  1990   05    14.029
  1990   06    12.312
  1990   07     9.522
  1990   08     8.222
  1990   09     7.454
  1990   10     8.690
  1990   11    10.600
  1990   12    13.018
  1991   01    14.469
  1991   02    15.312
  1991   03    15.308
  1991   04    14.808
  1991   05    13.948
  1991   06    12.129
  1991   07     9.898
  1991   08     8.094
  1991   09     7.183
  1991   10     8.691
  1991   11    10.740
  1991   12    13.625
  1992   01    15.025
  1992   02    15.831
  1992   03    15.814
  1992   04    15.408
  1992   05    14.412
  1992   06    12.390
  1992   07     9.380
  1992   08     6.806
  1992   09     5.880
  1992   10     7.805
  1992   11    11.038
  1992   12    13.578
  1993   01    15.062
  1993   02    15.933
  1993   03    16.218
  1993   04    15.601
  1993   05    14.396
  1993   06    12.552
  1993   07    10.717
  1993   08     8.379
  1993   09     7.726
  1993   10     9.272
  1993   11    11.282
  1993   12    14.164
  1994   01    15.368
  1994   02    16.100
  1994   03    16.084
  1994   04    15.597
  1994   05    14.394
  1994   06    12.472
  1994   07     9.538
  1994   08     7.939
  1994   09     7.257
  1994   10     8.573
  1994   11    11.073
  1994   12    13.903
  1995   01    15.378
  1995   02    16.128
  1995   03    16.158
  1995   04    15.460
  1995   05    14.401
  1995   06    12.243
  1995   07    10.097
  1995   08     8.345
  1995   09     7.290
  1995   10     8.652
  1995   11    10.955
  1995   12    13.917
  1996   01    15.133
  1996   02    15.838
  1996   03    16.029
  1996   04    15.689
  1996   05    14.879
  1996   06    12.859
  1996   07     9.777
  1996   08     7.897
  1996   09     7.178
  1996   10     9.028
  1996   11    11.388
  1996   12    14.021
  1997   01    15.115
  1997   02    15.727
  1997   03    15.805
  1997   04    15.038
  1997   05    13.812
  1997   06    12.251
  1997   07     9.286
  1997   08     7.077
  1997   09     6.243
  1997   10     7.753
  1997   11    10.642
  1997   12    13.409
  1998   01    14.886
  1998   02    15.650
  1998   03    15.812
  1998   04    15.410
  1998   05    14.604
  1998   06    12.824
  1998   07     9.974
  1998   08     7.973
  1998   09     7.084
  1998   10     8.704
  1998   11    10.761
  1998   12    13.225
  1999   01    14.878
  1999   02    15.724
  1999   03    15.789
  1999   04    15.210
  1999   05    14.324
  1999   06    12.040
  1999   07     9.215
  1999   08     7.638
  1999   09     6.877
  1999   10     7.948
  1999   11    10.632
  1999   12    13.357
  2000   01    14.786
  2000   02    15.733
  2000   03    15.780
  2000   04    15.352
  2000   05    14.258
  2000   06    12.448
  2000   07     9.654
  2000   08     7.489
  2000   09     6.306
  2000   10     8.028
  2000   11    11.154
  2000   12    13.827
  2001   01    14.910
  2001   02    15.778
  2001   03    15.941
  2001   04    15.296
  2001   05    14.238
  2001   06    12.586
  2001   07     9.389
  2001   08     6.762
  2001   09     6.116
  2001   10     7.317
  2001   11    10.210
  2001   12    13.413
  2002   01    14.827
  2002   02    15.542
  2002   03    15.622
  2002   04    15.154
  2002   05    14.221
  2002   06    12.084
  2002   07     9.240
  2002   08     6.675
  2002   09     5.895
  2002   10     7.644
  2002   11    10.433
  2002   12    13.329
  2003   01    14.727
  2003   02    15.144
  2003   03    15.357
  2003   04    14.930
  2003   05    13.799
  2003   06    12.002
  2003   07     9.327
  2003   08     7.676
  2003   09     6.579
  2003   10     8.278
  2003   11    10.402
  2003   12    12.560
  2004   01    14.662
  2004   02    15.395
  2004   03    15.459
  2004   04    14.877
  2004   05    13.882
  2004   06    11.963
  2004   07     9.438
  2004   08     7.748
  2004   09     7.110
  2004   10     8.445
  2004   11    10.852
  2004   12    13.221
  2005   01    14.669
  2005   02    15.420
  2005   03    15.524
  2005   04    15.091
  2005   05    13.853
  2005   06    11.673
  2005   07     9.036
  2005   08     7.743
  2005   09     6.907
  2005   10     8.024
  2005   11    10.238
  2005   12    13.159
  2006   01    14.757
  2006   02    15.450
  2006   03    15.662
  2006   04    15.273
  2006   05    14.315
  2006   06    12.199
  2006   07     9.656
  2006   08     7.898
  2006   09     6.779
  2006   10     8.058
  2006   11    10.450
  2006   12    13.596
  2007   01    14.823
  2007   02    15.353
  2007   03    15.568
  2007   04    14.955
  2007   05    13.929
  2007   06    11.924
  2007   07     9.514
  2007   08     7.627
  2007   09     6.570
  2007   10     7.832
  2007   11     9.889
  2007   12    12.811
  2008   01    14.448
  2008   02    15.218
  2008   03    15.389
  2008   04    15.118
  2008   05    14.013
  2008   06    11.738
  2008   07     8.669
  2008   08     6.176
  2008   09     5.429
  2008   10     6.909
  2008   11     9.947
  2008   12    12.548
  2009   01    14.657
  2009   02    15.232
  2009   03    15.197
  2009   04    14.868
  2009   05    14.077
  2009   06    11.897
  2009   07     9.107
  2009   08     6.913
  2009   09     6.436
  2009   10     7.875
  2009   11    10.495
  2009   12    13.361
  2010   01    14.369
  2010   02    15.252
  2010   03    15.434
  2010   04    14.936
  2010   05    13.906
  2010   06    12.235
  2010   07     9.018
  2010   08     6.912
  2010   09     5.739
  2010   10     7.340
  2010   11    10.252
  2010   12    12.788
  2011   01    14.551
  2011   02    15.370
  2011   03    15.447
  2011   04    15.176
  2011   05    14.149
  2011   06    12.302
  2011   07     9.404
  2011   08     7.553
  2011   09     6.692
  2011   10     8.130
  2011   11    10.435
  2011   12    13.265
  2012   01    14.662
  2012   02    15.472
  2012   03    15.389
  2012   04    15.047
  2012   05    13.776
  2012   06    11.787
  2012   07     9.379
  2012   08     7.594
  2012   09     6.045
  2012   10     7.800
  2012   11    10.177
  2012   12    12.548
  2013   01    14.297
  2013   02    15.191
  2013   03    15.251
  2013   04    14.769
  2013   05    13.773
  2013   06    11.649
  2013   07     8.841
  2013   08     7.076
  2013   09     6.034
  2013   10     7.756
  2013   11     9.941
  2013   12    12.462
  2014   01    14.121
  2014   02    14.959
  2014   03    15.178
  2014   04    14.295
  2014   05    13.234
  2014   06    11.318
  2014   07     8.115
  2014   08     6.185
  2014   09     5.357
  2014   10     6.994
  2014   11     9.875
  2014   12    12.539
  2015   01    14.208
  2015   02    14.926
  2015   03    15.094
  2015   04    14.810
  2015   05    13.618
  2015   06    11.163
  2015   07     8.554
  2015   08     6.315
  2015   09     5.548
  2015   10     6.784
  2015   11     9.861
  2015   12    12.184
  2016   01    14.217
  2016   02    14.941
  2016   03    15.226
  2016   04    14.592
  2016   05    13.504
  2016   06    11.733
  2016   07     8.749
  2016   08     6.944
  2016   09     6.201
  2016   10     7.672
  2016   11     9.855
  2016   12    12.288
  2017   01    14.270
  2017   02    15.082
  2017   03    15.257
  2017   04    14.447
  2017   05    13.436
  2017   06    11.639
  2017   07     9.116
  2017   08     6.716
  2017   09     5.317
  2017   10     7.002
  2017   11    10.096
  2017   12    12.567
  2018   01    14.158
  2018   02    14.822
  2018   03    15.035
  2018   04    14.659
  2018   05    13.326
  2018   06    10.717
  2018   07     7.793
  2018   08     5.868
  2018   09     4.215
  2018   10     6.777
  2018   11     9.545
  2018   12    11.956
  2019   01    13.961
  2019   02    14.685
  2019   03    14.930
  2019   04    14.653
  2019   05    13.581
  2019   06    11.176
  2019   07     8.091
  2019   08     5.514
  2019   09     4.185
  2019   10     5.581
  2019   11     9.187
  2019   12    12.162
  2020   01    13.900
  2020   02    14.778
  2020   03    15.168
  2020   04    14.736
  2020   05    13.863
  2020   06    11.619
  2020   07     8.694
  2020   08     6.124
  2020   09     4.594
  2020   10     6.274
  2020   11     9.404
  2020   12    12.268
  2021   01    14.414
  2021   02    15.223
  2021   03    15.355
  2021   04    14.919
  2021   05    13.824
  2021   06    11.783
  2021   07     8.972
  2021   08     6.884
  2021   09     5.755
  2021   10     7.046
  2021   11     9.935
  2021   12    12.883
  2022   01    14.537
  2022   02    15.153
  2022   03    15.247
  2022   04    14.813
  2022   05    13.711
  2022   06    11.788
  2022   07     8.620
  2022   08     6.713
  2022   09     5.689
  2022   10     7.300
  2022   11     9.941
  2022   12    12.612
  2023   01    14.191
  2023   02    14.922
  2023   03    15.003
  2023   04    14.708
  2023   05    13.699
  2023   06    11.530
  2023   07     8.974
  2023   08     6.634
  2023   09     4.920
  2023   10     6.643
  2023   11     9.955
  2023   12    12.598
  2024   01    14.208
  2024   02    15.046
  2024   03    15.140
  2024   04    14.774
  2024   05    13.781
  2024   06    11.897
  2024   07     9.163
  2024   08     6.839
  2024   09     5.671
  2024   10     7.109
  2024   11     9.856
  2024   12    12.385
  2025   01    14.317
  2025   02    14.854
  2025   03    15.177
  2025   04    14.794
  2025   05    13.869
  2025   06    11.598
  2025   07     8.717
  2025   08     6.379
  2025   09     4.649
  2025   10     5.979
  2025   11     9.859
  2025   12    12.039
  2026   01    14.193
  2026   02    15.055
  2026   03    15.226
  2026   04    14.704
  2026   05    13.620
  2026   06    11.252
  2026   07     8.372
  2026   08     6.054
  2026   09     5.121
  2026   10     6.253
  2026   11     9.400
  2026   12    11.748
  2027   01    14.107
  2027   02    14.814
  2027   03    14.804
  2027   04    14.265
  2027   05    13.164
  2027   06    10.720
  2027   07     7.940
  2027   08     5.595
  2027   09     3.814
  2027   10     5.163
  2027   11     9.133
  2027   12    11.818
  2028   01    13.600
  2028   02    14.193
  2028   03    14.585
  2028   04    14.331
  2028   05    13.399
  2028   06    11.374
  2028   07     8.478
  2028   08     6.589
  2028   09     5.538
  2028   10     7.112
  2028   11     9.723
  2028   12    11.965
  2029   01    13.992
  2029   02    14.597
  2029   03    14.731
  2029   04    14.389
  2029   05    13.500
  2029   06    11.329
  2029   07     8.857
  2029   08     6.105
  2029   09     4.254
  2029   10     6.152
  2029   11     9.816
  2029   12    12.230
  2030   01    13.486
  2030   02    14.307
  2030   03    14.556
  2030   04    14.130
  2030   05    13.051
  2030   06    11.457
  2030   07     7.809
  2030   08     5.355
  2030   09     4.141
  2030   10     5.443
  2030   11     9.097
  2030   12    11.603
  2031   01    13.789
  2031   02    14.609
  2031   03    14.659
  2031   04    14.384
  2031   05    13.331
  2031   06    11.300
  2031   07     8.639
  2031   08     6.828
  2031   09     5.892
  2031   10     7.106
  2031   11     9.198
  2031   12    11.531
  2032   01    13.458
  2032   02    14.320
  2032   03    14.690
  2032   04    14.264
  2032   05    13.196
  2032   06    11.173
  2032   07     8.304
  2032   08     6.560
  2032   09     5.269
  2032   10     6.964
  2032   11     9.801
  2032   12    12.210
  2033   01    14.056
  2033   02    14.687
  2033   03    14.901
  2033   04    14.419
  2033   05    13.345
  2033   06    11.033
  2033   07     8.108
  2033   08     5.967
  2033   09     4.859
  2033   10     5.853
  2033   11     9.140
  2033   12    11.351
  2034   01    13.122
  2034   02    14.369
  2034   03    14.804
  2034   04    14.441
  2034   05    13.371
  2034   06    11.082
  2034   07     7.346
  2034   08     4.783
  2034   09     3.818
  2034   10     5.495
  2034   11     9.033
  2034   12    11.894
  2035   01    13.838
  2035   02    14.677
  2035   03    14.986
  2035   04    14.620
  2035   05    13.596
  2035   06    11.383
  2035   07     7.748
  2035   08     5.042
  2035   09     3.708
  2035   10     4.506
  2035   11     7.678
  2035   12    10.876
  2036   01    13.670
  2036   02    14.626
  2036   03    14.868
  2036   04    14.476
  2036   05    13.242
  2036   06    11.134
  2036   07     7.730
  2036   08     5.129
  2036   09     3.706
  2036   10     5.480
  2036   11     8.378
  2036   12    11.547
  2037   01    14.033
  2037   02    15.006
  2037   03    15.023
  2037   04    14.540
  2037   05    13.378
  2037   06    11.106
  2037   07     7.911
  2037   08     5.500
  2037   09     4.171
  2037   10     5.778
  2037   11     9.224
  2037   12    11.601
  2038   01    13.500
  2038   02    14.650
  2038   03    14.946
  2038   04    14.613
  2038   05    13.389
  2038   06    11.236
  2038   07     7.881
  2038   08     5.300
  2038   09     3.943
  2038   10     5.154
  2038   11     9.172
  2038   12    11.894
  2039   01    14.269
  2039   02    14.891
  2039   03    15.085
  2039   04    14.895
  2039   05    13.762
  2039   06    11.210
  2039   07     8.072
  2039   08     5.368
  2039   09     3.731
  2039   10     5.204
  2039   11     8.810
  2039   12    11.610
  2040   01    13.856
  2040   02    14.607
  2040   03    14.917
  2040   04    14.641
  2040   05    13.357
  2040   06    11.448
  2040   07     8.146
  2040   08     5.959
  2040   09     4.538
  2040   10     5.931
  2040   11     9.197
  2040   12    11.836
  2041   01    14.217
  2041   02    14.697
  2041   03    14.765
  2041   04    14.405
  2041   05    13.257
  2041   06    11.274
  2041   07     7.990
  2041   08     4.986
  2041   09     4.000
  2041   10     4.942
  2041   11     8.626
  2041   12    11.497
  2042   01    13.707
  2042   02    14.411
  2042   03    14.641
  2042   04    14.496
  2042   05    13.325
  2042   06    11.016
  2042   07     8.439
  2042   08     6.398
  2042   09     4.906
  2042   10     6.451
  2042   11     9.242
  2042   12    11.216
  2043   01    13.784
  2043   02    14.543
  2043   03    14.915
  2043   04    14.650
  2043   05    13.451
  2043   06    11.133
  2043   07     8.670
  2043   08     5.548
  2043   09     3.962
  2043   10     5.857
  2043   11     9.103
  2043   12    11.765
  2044   01    13.955
  2044   02    14.723
  2044   03    14.878
  2044   04    14.417
  2044   05    13.317
  2044   06    10.333
  2044   07     7.835
  2044   08     5.125
  2044   09     3.746
  2044   10     4.980
  2044   11     8.691
  2044   12    11.220
  2045   01    13.594
  2045   02    14.295
  2045   03    14.522
  2045   04    14.225
  2045   05    12.806
  2045   06    10.167
  2045   07     7.701
  2045   08     5.269
  2045   09     4.192
  2045   10     5.354
  2045   11     8.837
  2045   12    11.134
  2046   01    13.810
  2046   02    14.544
  2046   03    14.727
  2046   04    14.105
  2046   05    13.254
  2046   06    10.874
  2046   07     7.634
  2046   08     4.848
  2046   09     3.229
  2046   10     4.918
  2046   11     8.971
  2046   12    11.471
  2047   01    13.891
  2047   02    14.472
  2047   03    14.526
  2047   04    14.307
  2047   05    13.056
  2047   06    10.279
  2047   07     7.356
  2047   08     5.086
  2047   09     3.920
  2047   10     4.312
  2047   11     8.335
  2047   12    11.060
  2048   01    13.245
  2048   02    14.298
  2048   03    14.438
  2048   04    13.974
  2048   05    12.498
  2048   06     9.802
  2048   07     7.377
  2048   08     6.013
  2048   09     5.065
  2048   10     6.498
  2048   11     8.636
  2048   12    11.208
  2049   01    13.277
  2049   02    14.253
  2049   03    14.449
  2049   04    14.192
  2049   05    13.143
  2049   06    10.351
  2049   07     7.580
  2049   08     5.806
  2049   09     4.772
  2049   10     5.648
  2049   11     8.349
  2049   12    11.184
  2050   01    13.477
  2050   02    13.898
  2050   03    14.098
  2050   04    13.877
  2050   05    12.592
  2050   06    10.035
  2050   07     7.141
  2050   08     5.376
  2050   09     4.539
  2050   10     5.352
  2050   11     8.058
  2050   12    10.978
  2051   01    13.404
  2051   02    14.106
  2051   03    14.088
  2051   04    13.892
  2051   05    12.694
  2051   06    10.276
  2051   07     7.790
  2051   08     5.704
  2051   09     4.209
  2051   10     5.477
  2051   11     7.593
  2051   12    10.542
  2052   01    12.718
  2052   02    13.870
  2052   03    14.149
  2052   04    13.737
  2052   05    12.321
  2052   06     9.784
  2052   07     7.341
  2052   08     4.534
  2052   09     2.962
  2052   10     3.704
  2052   11     7.799
  2052   12     9.955
  2053   01    12.595
  2053   02    13.537
  2053   03    13.765
  2053   04    13.348
  2053   05    12.198
  2053   06     9.524
  2053   07     7.044
  2053   08     4.553
  2053   09     3.199
  2053   10     4.188
  2053   11     7.400
  2053   12    10.228
  2054   01    12.273
  2054   02    13.419
  2054   03    13.899
  2054   04    13.601
  2054   05    12.294
  2054   06    10.051
  2054   07     7.494
  2054   08     5.163
  2054   09     3.153
  2054   10     4.732
  2054   11     8.439
  2054   12    10.999
  2055   01    12.934
  2055   02    13.707
  2055   03    13.950
  2055   04    13.680
  2055   05    12.444
  2055   06     9.751
  2055   07     7.532
  2055   08     4.883
  2055   09     3.476
  2055   10     4.337
  2055   11     7.976
  2055   12    10.870
  2056   01    13.052
  2056   02    13.829
  2056   03    14.204
  2056   04    13.879
  2056   05    12.729
  2056   06    10.316
  2056   07     7.426
  2056   08     4.249
  2056   09     2.885
  2056   10     3.874
  2056   11     7.371
  2056   12    10.861
  2057   01    13.074
  2057   02    13.970
  2057   03    14.044
  2057   04    13.646
  2057   05    12.299
  2057   06     9.604
  2057   07     6.841
  2057   08     3.939
  2057   09     2.559
  2057   10     3.599
  2057   11     7.001
  2057   12    10.304
  2058   01    12.724
  2058   02    13.560
  2058   03    13.840
  2058   04    13.697
  2058   05    12.416
  2058   06    10.139
  2058   07     7.157
  2058   08     4.592
  2058   09     3.250
  2058   10     4.354
  2058   11     6.804
  2058   12    10.270
  2059   01    12.701
  2059   02    13.858
  2059   03    14.138
  2059   04    13.731
  2059   05    12.598
  2059   06    10.002
  2059   07     7.426
  2059   08     3.394
  2059   09     1.903
  2059   10     4.090
  2059   11     7.420
  2059   12    10.228
  2060   01    12.507
  2060   02    13.507
  2060   03    13.476
  2060   04    13.301
  2060   05    12.012
  2060   06     9.195
  2060   07     7.109
  2060   08     4.685
  2060   09     3.174
  2060   10     5.307
  2060   11     7.911
  2060   12    10.673
  2061   01    12.230
  2061   02    13.274
  2061   03    13.552
  2061   04    13.411
  2061   05    12.405
  2061   06     9.948
  2061   07     7.373
  2061   08     4.338
  2061   09     2.930
  2061   10     4.333
  2061   11     7.036
  2061   12    10.548
  2062   01    12.484
  2062   02    13.714
  2062   03    13.792
  2062   04    13.354
  2062   05    12.314
  2062   06     8.981
  2062   07     6.665
  2062   08     2.880
  2062   09     0.470
  2062   10     1.783
  2062   11     6.176
  2062   12    10.190
  2063   01    12.487
  2063   02    13.392
  2063   03    13.576
  2063   04    13.181
  2063   05    12.053
  2063   06     9.218
  2063   07     6.981
  2063   08     4.547
  2063   09     3.126
  2063   10     4.146
  2063   11     7.586
  2063   12     9.819
  2064   01    12.159
  2064   02    13.276
  2064   03    13.567
  2064   04    12.854
  2064   05    11.781
  2064   06     9.289
  2064   07     6.160
  2064   08     3.703
  2064   09     2.236
  2064   10     3.513
  2064   11     6.632
  2064   12     9.941
  2065   01    12.076
  2065   02    13.206
  2065   03    13.660
  2065   04    13.404
  2065   05    11.815
  2065   06     9.047
  2065   07     6.751
  2065   08     3.550
  2065   09     1.879
  2065   10     3.041
  2065   11     6.218
  2065   12     9.494
  2066   01    11.751
  2066   02    13.262
  2066   03    13.626
  2066   04    13.254
  2066   05    12.056
  2066   06     9.135
  2066   07     6.479
  2066   08     4.037
  2066   09     2.014
  2066   10     3.665
  2066   11     7.728
  2066   12    10.043
  2067   01    12.392
  2067   02    13.356
  2067   03    13.564
  2067   04    13.327
  2067   05    12.245
  2067   06     9.279
  2067   07     6.937
  2067   08     3.829
  2067   09     2.001
  2067   10     3.058
  2067   11     6.313
  2067   12     9.689
  2068   01    12.517
  2068   02    13.423
  2068   03    13.674
  2068   04    13.350
  2068   05    12.137
  2068   06     9.122
  2068   07     5.665
  2068   08     2.969
  2068   09     1.363
  2068   10     2.620
  2068   11     5.237
  2068   12     9.508
  2069   01    12.153
  2069   02    13.244
  2069   03    13.420
  2069   04    13.192
  2069   05    11.886
  2069   06     9.161
  2069   07     6.117
  2069   08     3.769
  2069   09     1.788
  2069   10     2.974
  2069   11     6.518
  2069   12    10.156
  2070   01    12.630
  2070   02    13.564
  2070   03    13.720
  2070   04    13.387
  2070   05    12.202
  2070   06     9.576
  2070   07     7.445
  2070   08     4.778
  2070   09     3.348
  2070   10     4.735
  2070   11     7.260
  2070   12     9.480
  2071   01    11.639
  2071   02    13.356
  2071   03    13.667
  2071   04    13.401
  2071   05    12.060
  2071   06     9.549
  2071   07     6.487
  2071   08     2.804
  2071   09     1.231
  2071   10     1.959
  2071   11     4.929
  2071   12     9.863
  2072   01    12.411
  2072   02    13.577
  2072   03    13.836
  2072   04    13.512
  2072   05    12.329
  2072   06     9.631
  2072   07     7.209
  2072   08     3.746
  2072   09     1.938
  2072   10     3.962
  2072   11     7.742
  2072   12    10.379
  2073   01    12.365
  2073   02    13.372
  2073   03    13.287
  2073   04    13.025
  2073   05    11.863
  2073   06     9.507
  2073   07     7.249
  2073   08     4.391
  2073   09     3.110
  2073   10     4.560
  2073   11     7.202
  2073   12    10.176
  2074   01    12.020
  2074   02    13.117
  2074   03    13.639
  2074   04    13.320
  2074   05    11.954
  2074   06     9.760
  2074   07     7.314
  2074   08     4.369
  2074   09     2.969
  2074   10     4.061
  2074   11     7.921
  2074   12    10.432
  2075   01    12.582
  2075   02    13.627
  2075   03    13.835
  2075   04    13.451
  2075   05    12.168
  2075   06     9.558
  2075   07     7.242
  2075   08     4.732
  2075   09     3.116
  2075   10     3.942
  2075   11     7.751
  2075   12    10.300
  2076   01    11.792
  2076   02    13.248
  2076   03    13.459
  2076   04    13.035
  2076   05    12.007
  2076   06     9.216
  2076   07     6.904
  2076   08     4.456
  2076   09     3.377
  2076   10     4.237
  2076   11     8.014
  2076   12    10.628
  2077   01    12.256
  2077   02    13.019
  2077   03    13.262
  2077   04    12.770
  2077   05    11.576
  2077   06     8.983
  2077   07     6.404
  2077   08     2.975
  2077   09     0.298
  2077   10     1.807
  2077   11     6.208
  2077   12     9.254
  2078   01    11.686
  2078   02    13.049
  2078   03    13.501
  2078   04    13.019
  2078   05    11.675
  2078   06     9.409
  2078   07     6.183
  2078   08     3.398
  2078   09     2.197
  2078   10     3.294
  2078   11     5.807
  2078   12     9.431
  2079   01    11.542
  2079   02    12.816
  2079   03    13.147
  2079   04    12.557
  2079   05    11.168
  2079   06     8.951
  2079   07     6.577
  2079   08     3.248
  2079   09     0.671
  2079   10     2.338
  2079   11     5.677
  2079   12     9.400
  2080   01    11.312
  2080   02    12.477
  2080   03    13.101
  2080   04    12.565
  2080   05    11.045
  2080   06     8.715
  2080   07     6.008
  2080   08     3.307
  2080   09     1.618
  2080   10     2.740
  2080   11     6.955
  2080   12    10.029
  2081   01    11.549
  2081   02    12.762
  2081   03    12.974
  2081   04    12.698
  2081   05    11.780
  2081   06     8.996
  2081   07     6.184
  2081   08     2.992
  2081   09     1.926
  2081   10     2.772
  2081   11     4.896
  2081   12     9.432
  2082   01    11.953
  2082   02    13.060
  2082   03    13.233
  2082   04    12.924
  2082   05    11.723
  2082   06     9.115
  2082   07     6.970
  2082   08     3.987
  2082   09     2.133
  2082   10     3.366
  2082   11     6.702
  2082   12     9.862
  2083   01    12.108
  2083   02    13.161
  2083   03    13.133
  2083   04    12.580
  2083   05    11.606
  2083   06     9.080
  2083   07     7.015
  2083   08     3.261
  2083   09     1.394
  2083   10     2.369
  2083   11     7.030
  2083   12     9.626
  2084   01    11.754
  2084   02    12.800
  2084   03    13.198
  2084   04    12.825
  2084   05    11.422
  2084   06     9.055
  2084   07     6.645
  2084   08     3.265
  2084   09     1.220
  2084   10     2.783
  2084   11     6.203
  2084   12     9.407
  2085   01    11.099
  2085   02    12.626
  2085   03    13.164
  2085   04    12.662
  2085   05    11.428
  2085   06     9.011
  2085   07     6.371
  2085   08     2.318
  2085   09     0.251
  2085   10     2.355
  2085   11     6.577
  2085   12     9.400
  2086   01    11.560
  2086   02    12.926
  2086   03    13.202
  2086   04    12.778
  2086   05    11.628
  2086   06     8.685
  2086   07     5.960
  2086   08     2.816
  2086   09     1.386
  2086   10     2.760
  2086   11     5.656
  2086   12     9.441
  2087   01    11.438
  2087   02    12.802
  2087   03    13.210
  2087   04    12.641
  2087   05    11.237
  2087   06     8.186
  2087   07     5.546
  2087   08     2.123
  2087   09     0.437
  2087   10     1.571
  2087   11     4.141
  2087   12     8.328
  2088   01    11.194
  2088   02    12.461
  2088   03    12.814
  2088   04    12.545
  2088   05    11.147
  2088   06     8.473
  2088   07     5.856
  2088   08     1.372
  2088   09     0.003
  2088   10     0.405
  2088   11     4.770
  2088   12     8.572
  2089   01    11.235
  2089   02    12.572
  2089   03    13.053
  2089   04    12.813
  2089   05    11.474
  2089   06     8.979
  2089   07     6.327
  2089   08     3.160
  2089   09     0.673
  2089   10     2.324
  2089   11     6.208
  2089   12     9.343
  2090   01    11.472
  2090   02    12.622
  2090   03    12.833
  2090   04    12.184
  2090   05    11.046
  2090   06     8.479
  2090   07     5.161
  2090   08     2.339
  2090   09     0.269
  2090   10     1.794
  2090   11     5.278
  2090   12     8.719
  2091   01    11.478
  2091   02    12.834
  2091   03    13.219
  2091   04    12.921
  2091   05    11.570
  2091   06     8.895
  2091   07     5.915
  2091   08     2.154
  2091   09     0.297
  2091   10     1.447
  2091   11     5.297
  2091   12     8.846
  2092   01    11.488
  2092   02    12.628
  2092   03    13.103
  2092   04    12.741
  2092   05    11.182
  2092   06     8.743
  2092   07     5.910
  2092   08     2.657
  2092   09     1.285
  2092   10     2.987
  2092   11     6.815
  2092   12     9.544
  2093   01    11.416
  2093   02    12.775
  2093   03    12.913
  2093   04    12.707
  2093   05    11.702
  2093   06     8.876
  2093   07     6.000
  2093   08     2.383
  2093   09     0.985
  2093   10     1.596
  2093   11     4.954
  2093   12     9.544
  2094   01    11.455
  2094   02    12.634
  2094   03    12.885
  2094   04    12.604
  2094   05    11.207
  2094   06     8.570
  2094   07     5.503
  2094   08     2.663
  2094   09     1.716
  2094   10     2.514
  2094   11     4.841
  2094   12     8.594
  2095   01    11.393
  2095   02    12.865
  2095   03    13.250
  2095   04    12.923
  2095   05    11.717
  2095   06     8.770
  2095   07     6.236
  2095   08     2.799
  2095   09     0.352
  2095   10     2.600
  2095   11     6.254
  2095   12     8.876
  2096   01    11.783
  2096   02    12.946
  2096   03    13.281
  2096   04    12.977
  2096   05    11.627
  2096   06     8.762
  2096   07     5.723
  2096   08     2.505
  2096   09     0.688
  2096   10     1.102
  2096   11     4.987
  2096   12     8.927
  2097   01    11.565
  2097   02    12.619
  2097   03    12.948
  2097   04    12.665
  2097   05    11.279
  2097   06     8.920
  2097   07     6.207
  2097   08     2.589
  2097   09     0.724
  2097   10     2.148
  2097   11     5.805
  2097   12     8.946
  2098   01    10.651
  2098   02    12.288
  2098   03    12.546
  2098   04    12.015
  2098   05    10.865
  2098   06     8.403
  2098   07     5.502
  2098   08     1.897
  2098   09     0.360
  2098   10     1.519
  2098   11     5.771
  2098   12     8.317
  2099   01    11.042
  2099   02    12.583
  2099   03    12.858
  2099   04    12.208
  2099   05    11.055
  2099   06     8.163
  2099   07     5.626
  2099   08     1.668
  2099   09     0.034
  2099   10     1.351
  2099   11     4.893
  2099   12     8.730
  2100   01    11.216
  2100   02    12.409
  2100   03    12.634
  2100   04    12.379
  2100   05    11.079
  2100   06     8.338
  2100   07     5.850
  2100   08     3.233
  2100   09     1.663
  2100   10     2.224
  2100   11     5.111
  2100   12     8.466
