  1850   01    16.329
  1850   02    17.376
  1850   03    17.634
  1850   04    16.964
  1850   05    15.594
  1850   06    13.338
  1850   07    10.492
  1850   08     8.803
  1850   09     8.674
  1850   10    10.014
  1850   11    12.068
  1850   12    14.760
  1851   01    16.481
  1851   02    17.272
  1851   03    17.674
  1851   04    17.166
  1851   05    15.614
  1851   06    13.509
  1851   07    10.925
  1851   08     9.144
  1851   09     8.868
  1851   10    10.282
  1851   11    12.119
  1851   12    15.154
  1852   01    16.829
  1852   02    17.807
  1852   03    18.056
  1852   04    17.646
  1852   05    16.704
  1852   06    14.215
  1852   07    10.284
  1852   08     8.726
  1852   09     8.766
  1852   10    10.117
  1852   11    12.445
  1852   12    15.602
  1853   01    17.106
  1853   02    18.056
  1853   03    18.588
  1853   04    17.926
  1853   05    16.501
  1853   06    12.824
  1853   07    10.556
  1853   08     9.226
  1853   09     9.019
  1853   10    10.233
  1853   11    12.194
  1853   12    14.987
  1854   01    16.716
  1854   02    17.842
  1854   03    18.157
  1854   04    17.627
  1854   05    16.412
  1854   06    14.210
  1854   07    10.712
  1854   08     8.380
  1854   09     8.129
  1854   10     9.721
  1854   11    12.082
  1854   12    14.828
  1855   01    16.676
  1855   02    17.758
  1855   03    18.028
  1855   04    17.783
  1855   05    16.463
  1855   06    13.815
  1855   07    10.529
  1855   08     8.830
  1855   09     8.483
  1855   10     9.947
  1855   11    12.177
  1855   12    14.868
  1856   01    16.076
  1856   02    17.156
  1856   03    17.703
  1856   04    17.172
  1856   05    15.849
  1856   06    13.171
  1856   07    10.654
  1856   08     8.741
  1856   09     8.114
  1856   10     9.458
  1856   11    12.136
  1856   12    14.192
  1857   01    16.023
  1857   02    16.959
  1857   03    17.241
  1857   04    16.900
  1857   05    15.343
  1857   06    13.525
  1857   07    10.857
  1857   08     9.004
  1857   09     8.943
  1857   10    10.283
  1857   11    12.094
  1857   12    14.690
  1858   01    16.940
  1858   02    17.781
  1858   03    18.222
  1858   04    17.969
  1858   05    16.688
  1858   06    13.425
  1858   07    10.895
  1858   08     9.286
  1858   09     8.982
  1858   10    10.364
  1858   11    12.397
  1858   12    15.040
  1859   01    16.876
  1859   02    17.988
  1859   03    18.104
  1859   04    17.592
  1859   05    16.157
  1859   06    13.280
  1859   07    10.270
  1859   08     8.161
  1859   09     7.939
  1859   10     9.568
  1859   11    12.405
  1859   12    14.642
  1860   01    16.659
  1860   02    17.838
  1860   03    18.094
  1860   04    17.878
  1860   05    16.318
  1860   06    13.168
  1860   07     9.515
  1860   08     7.864
  1860   09     7.386
  1860   10     8.661
  1860   11    11.872
  1860   12    14.859
  1861   01    16.750
  1861   02    17.642
  1861   03    18.196
  1861   04    18.013
  1861   05    16.384
  1861   06    13.922
  1861   07    11.522
  1861   08     8.933
  1861   09     8.416
  1861   10    10.421
  1861   11    12.824
  1861   12    15.457
  1862   01    17.283
  1862   02    17.860
  1862   03    18.162
  1862   04    17.304
  1862   05    15.759
  1862   06    13.680
  1862   07    11.298
  1862   08     9.069
  1862   09     8.589
  1862   10    10.365
  1862   11    12.838
  1862   12    15.093
  1863   01    16.913
  1863   02    18.234
  1863   03    18.227
  1863   04    17.625
  1863   05    16.186
  1863   06    13.498
  1863   07    10.630
  1863   08     7.713
  1863   09     7.233
  1863   10     9.998
  1863   11    12.175
  1863   12    15.398
  1864   01    17.095
  1864   02    17.735
  1864   03    18.157
  1864   04    17.612
  1864   05    16.318
  1864   06    13.407
  1864   07    10.913
  1864   08     9.354
  1864   09     9.298
  1864   10    10.452
  1864   11    12.163
  1864   12    14.656
  1865   01    16.659
  1865   02    17.586
  1865   03    18.254
  1865   04    17.929
  1865   05    16.356
  1865   06    13.318
  1865   07    11.227
  1865   08     8.894
  1865   09     8.193
  1865   10    10.356
  1865   11    12.709
  1865   12    15.314
  1866   01    17.036
  1866   02    17.930
  1866   03    18.256
  1866   04    17.580
  1866   05    16.659
  1866   06    14.047
  1866   07    11.530
  1866   08     9.400
  1866   09     8.828
  1866   10    10.331
  1866   11    12.352
  1866   12    14.929
  1867   01    16.855
  1867   02    17.956
  1867   03    18.401
  1867   04    17.390
  1867   05    15.892
  1867   06    13.733
  1867   07    11.238
  1867   08     9.547
  1867   09     9.350
  1867   10    10.642
  1867   11    12.228
  1867   12    14.983
  1868   01    16.803
  1868   02    17.538
  1868   03    17.987
  1868   04    17.093
  1868   05    15.747
  1868   06    13.460
  1868   07    11.056
  1868   08     8.683
  1868   09     8.250
  1868   10     9.747
  1868   11    12.071
  1868   12    14.752
  1869   01    16.743
  1869   02    17.827
  1869   03    18.156
  1869   04    17.458
  1869   05    16.616
  1869   06    13.860
  1869   07    10.290
  1869   08     8.222
  1869   09     7.849
  1869   10     9.865
  1869   11    12.826
  1869   12    15.537
  1870   01    17.232
  1870   02    18.289
  1870   03    18.480
  1870   04    17.820
  1870   05    16.065
  1870   06    14.366
  1870   07    12.084
  1870   08     9.837
  1870   09     9.612
  1870   10    11.087
  1870   11    13.157
  1870   12    15.552
  1871   01    17.463
  1871   02    18.523
  1871   03    18.580
  1871   04    18.146
  1871   05    16.754
  1871   06    14.580
  1871   07    12.174
  1871   08     9.673
  1871   09     9.307
  1871   10    10.914
  1871   11    13.014
  1871   12    15.828
  1872   01    17.487
  1872   02    18.356
  1872   03    18.863
  1872   04    18.394
  1872   05    16.792
  1872   06    14.336
  1872   07    12.156
  1872   08     9.966
  1872   09     9.297
  1872   10    10.938
  1872   11    13.264
  1872   12    16.085
  1873   01    17.374
  1873   02    18.757
  1873   03    18.929
  1873   04    18.272
  1873   05    16.919
  1873   06    14.544
  1873   07    12.097
  1873   08     9.503
  1873   09     9.420
  1873   10    10.948
  1873   11    12.857
  1873   12    15.790
  1874   01    17.714
  1874   02    18.898
  1874   03    18.987
  1874   04    18.314
  1874   05    17.463
  1874   06    15.079
  1874   07    12.173
  1874   08     9.996
  1874   09     9.191
  1874   10    11.133
  1874   11    13.522
  1874   12    16.301
  1875   01    17.680
  1875   02    18.594
  1875   03    18.602
  1875   04    17.983
  1875   05    16.617
  1875   06    14.218
  1875   07    12.040
  1875   08    10.098
  1875   09     9.577
  1875   10    11.011
  1875   11    13.099
  1875   12    16.009
  1876   01    17.616
  1876   02    18.391
  1876   03    18.333
  1876   04    17.698
  1876   05    16.282
  1876   06    13.484
  1876   07    10.855
  1876   08     9.115
  1876   09     9.207
  1876   10    10.209
  1876   11    12.767
  1876   12    15.172
  1877   01    17.050
  1877   02    17.981
  1877   03    18.585
  1877   04    17.458
  1877   05    16.338
  1877   06    14.228
  1877   07    11.687
  1877   08     9.263
  1877   09     9.170
  1877   10    10.331
  1877   11    12.951
  1877   12    15.392
  1878   01    17.322
  1878   02    18.285
  1878   03    18.277
  1878   04    17.826
  1878   05    16.169
  1878   06    13.546
  1878   07    11.050
  1878   08     9.146
  1878   09     8.996
  1878   10    10.122
  1878   11    12.419
  1878   12    15.019
  1879   01    16.780
  1879   02    18.031
  1879   03    18.236
  1879   04    17.851
  1879   05    16.220
  1879   06    13.822
  1879   07    10.640
  1879   08     9.061
  1879   09     9.128
  1879   10    10.273
  1879   11    11.980
  1879   12    14.942
  1880   01    17.016
  1880   02    18.256
  1880   03    18.673
  1880   04    18.216
  1880   05    16.411
  1880   06    14.332
  1880   07    11.265
  1880   08     9.065
  1880   09     8.874
  1880   10    10.284
  1880   11    12.692
  1880   12    15.664
  1881   01    17.366
  1881   02    18.543
  1881   03    18.940
  1881   04    18.290
  1881   05    16.797
  1881   06    14.238
  1881   07    11.850
  1881   08     9.322
  1881   09     9.029
  1881   10    10.718
  1881   11    12.661
  1881   12    15.632
  1882   01    17.819
  1882   02    18.862
  1882   03    19.144
  1882   04    18.732
  1882   05    17.192
  1882   06    14.096
  1882   07    11.829
  1882   08     9.531
  1882   09     8.797
  1882   10    10.729
  1882   11    12.932
  1882   12    15.510
  1883   01    17.276
  1883   02    18.384
  1883   03    18.744
  1883   04    18.079
  1883   05    16.877
  1883   06    14.228
  1883   07    11.448
  1883   08     9.353
  1883   09     8.865
  1883   10    10.432
  1883   11    12.521
  1883   12    15.800
  1884   01    17.783
  1884   02    19.086
  1884   03    19.022
  1884   04    18.512
  1884   05    16.777
  1884   06    14.480
  1884   07    11.368
  1884   08     9.893
  1884   09     9.509
  1884   10    10.874
  1884   11    13.019
  1884   12    15.668
  1885   01    17.814
  1885   02    19.136
  1885   03    19.511
  1885   04    18.622
  1885   05    16.931
  1885   06    14.154
  1885   07    10.865
  1885   08     9.384
  1885   09     8.927
  1885   10    10.282
  1885   11    12.556
  1885   12    14.925
  1886   01    16.931
  1886   02    18.259
  1886   03    18.390
  1886   04    17.593
  1886   05    16.203
  1886   06    13.627
  1886   07    11.781
  1886   08     9.353
  1886   09     9.006
  1886   10    11.062
  1886   11    12.920
  1886   12    15.511
  1887   01    17.291
  1887   02    18.786
  1887   03    18.833
  1887   04    18.070
  1887   05    17.151
  1887   06    14.162
  1887   07    11.024
  1887   08     9.204
  1887   09     8.430
  1887   10    10.008
  1887   11    12.445
  1887   12    15.187
  1888   01    16.783
  1888   02    18.157
  1888   03    18.496
  1888   04    17.821
  1888   05    16.562
  1888   06    14.047
  1888   07    11.601
  1888   08     9.861
  1888   09     9.379
  1888   10    10.665
  1888   11    12.747
  1888   12    15.547
  1889   01    17.392
  1889   02    18.378
  1889   03    18.471
  1889   04    17.888
  1889   05    16.566
  1889   06    13.186
  1889   07    11.383
  1889   08     9.516
  1889   09     8.986
  1889   10    10.315
  1889   11    12.614
  1889   12    15.315
  1890   01    16.997
  1890   02    18.138
  1890   03    18.196
  1890   04    17.300
  1890   05    15.908
  1890   06    13.653
  1890   07    11.083
  1890   08     8.350
  1890   09     7.936
  1890   10     9.746
  1890   11    12.320
  1890   12    15.200
  1891   01    16.773
  1891   02    17.779
  1891   03    18.021
  1891   04    17.544
  1891   05    16.337
  1891   06    13.705
  1891   07    10.847
  1891   08     9.156
  1891   09     8.895
  1891   10    10.102
  1891   11    12.518
  1891   12    15.115
  1892   01    17.201
  1892   02    18.160
  1892   03    18.375
  1892   04    17.500
  1892   05    15.996
  1892   06    13.682
  1892   07    11.911
  1892   08     9.487
  1892   09     8.694
  1892   10    10.395
  1892   11    12.267
  1892   12    15.107
  1893   01    17.001
  1893   02    17.767
  1893   03    18.090
  1893   04    17.346
  1893   05    15.704
  1893   06    13.685
  1893   07    11.036
  1893   08     9.005
  1893   09     8.807
  1893   10    10.062
  1893   11    12.579
  1893   12    15.322
  1894   01    17.091
  1894   02    17.961
  1894   03    18.208
  1894   04    17.383
  1894   05    16.024
  1894   06    14.152
  1894   07    11.947
  1894   08     9.660
  1894   09     9.121
  1894   10    10.542
  1894   11    13.234
  1894   12    15.515
  1895   01    17.222
  1895   02    18.192
  1895   03    18.373
  1895   04    17.819
  1895   05    15.960
  1895   06    13.586
  1895   07    10.904
  1895   08     8.851
  1895   09     8.747
  1895   10    10.532
  1895   11    12.342
  1895   12    14.995
  1896   01    17.030
  1896   02    18.352
  1896   03    18.538
  1896   04    17.713
  1896   05    16.575
  1896   06    13.768
  1896   07    11.276
  1896   08     9.099
  1896   09     8.641
  1896   10     9.803
  1896   11    12.725
  1896   12    15.324
  1897   01    17.123
  1897   02    18.031
  1897   03    18.149
  1897   04    17.247
  1897   05    15.815
  1897   06    13.796
  1897   07    10.997
  1897   08     9.465
  1897   09     9.051
  1897   10    10.621
  1897   11    12.245
  1897   12    14.947
  1898   01    16.703
  1898   02    17.970
  1898   03    18.159
  1898   04    17.590
  1898   05    15.930
  1898   06    13.907
  1898   07    11.397
  1898   08     9.214
  1898   09     8.771
  1898   10    10.317
  1898   11    12.647
  1898   12    14.954
  1899   01    16.787
  1899   02    17.936
  1899   03    17.813
  1899   04    17.275
  1899   05    16.115
  1899   06    13.225
  1899   07    10.843
  1899   08     8.466
  1899   09     8.058
  1899   10     9.572
  1899   11    12.320
  1899   12    14.987
  1900   01    16.564
  1900   02    17.762
  1900   03    18.205
  1900   04    17.224
  1900   05    15.733
  1900   06    12.861
  1900   07    10.360
  1900   08     8.894
  1900   09     8.242
  1900   10     9.995
  1900   11    12.238
  1900   12    14.724
  1901   01    16.410
  1901   02    17.492
  1901   03    17.828
  1901   04    17.247
  1901   05    15.886
  1901   06    13.581
  1901   07    11.465
  1901   08     9.286
  1901   09     8.755
  1901   10    10.597
  1901   11    12.472
  1901   12    14.901
  1902   01    16.763
  1902   02    17.961
  1902   03    18.162
  1902   04    17.503
  1902   05    16.473
  1902   06    13.832
  1902   07    10.921
  1902   08     8.886
  1902   09     8.601
  1902   10    10.208
  1902   11    12.540
  1902   12    15.211
  1903   01    16.984
  1903   02    17.967
  1903   03    18.452
  1903   04    17.668
  1903   05    16.529
  1903   06    13.853
  1903   07    10.904
  1903   08     9.335
  1903   09     8.539
  1903   10    10.497
  1903   11    13.014
  1903   12    15.338
  1904   01    17.114
  1904   02    18.164
  1904   03    17.972
  1904   04    17.727
  1904   05    16.218
  1904   06    14.009
  1904   07    10.854
  1904   08     9.384
  1904   09     8.951
  1904   10    10.196
  1904   11    12.740
  1904   12    14.952
  1905   01    16.956
  1905   02    17.747
  1905   03    18.003
  1905   04    17.628
  1905   05    16.124
  1905   06    13.644
  1905   07    10.861
  1905   08     9.125
  1905   09     8.222
  1905   10    10.182
  1905   11    12.489
  1905   12    14.904
  1906   01    16.944
  1906   02    18.110
  1906   03    18.616
  1906   04    18.155
  1906   05    16.649
  1906   06    13.544
  1906   07    11.113
  1906   08     9.289
  1906   09     9.001
  1906   10    11.017
  1906   11    12.904
  1906   12    15.565
  1907   01    17.210
  1907   02    18.513
  1907   03    18.573
  1907   04    18.216
  1907   05    16.809
  1907   06    12.838
  1907   07    10.704
  1907   08     9.743
  1907   09     9.123
  1907   10    10.310
  1907   11    11.789
  1907   12    14.899
  1908   01    16.496
  1908   02    17.679
  1908   03    18.293
  1908   04    17.367
  1908   05    16.057
  1908   06    13.740
  1908   07    10.992
  1908   08     9.132
  1908   09     8.832
  1908   10    10.604
  1908   11    12.124
  1908   12    14.976
  1909   01    16.361
  1909   02    17.264
  1909   03    17.842
  1909   04    17.451
  1909   05    16.045
  1909   06    13.187
  1909   07    11.176
  1909   08     9.494
  1909   09     9.225
  1909   10    10.233
  1909   11    12.000
  1909   12    15.232
  1910   01    16.484
  1910   02    17.766
  1910   03    18.168
  1910   04    17.826
  1910   05    16.146
  1910   06    14.067
  1910   07    11.117
  1910   08     9.517
  1910   09     8.910
  1910   10    10.533
  1910   11    12.416
  1910   12    15.383
  1911   01    17.325
  1911   02    18.450
  1911   03    18.689
  1911   04    17.909
  1911   05    16.290
  1911   06    14.290
  1911   07    11.788
  1911   08     9.802
  1911   09     9.432
  1911   10    10.900
  1911   11    12.825
  1911   12    15.351
  1912   01    17.310
  1912   02    18.439
  1912   03    18.309
  1912   04    17.739
  1912   05    16.345
  1912   06    14.210
  1912   07    11.653
  1912   08     9.673
  1912   09     8.959
  1912   10    10.751
  1912   11    12.934
  1912   12    15.623
  1913   01    17.592
  1913   02    18.592
  1913   03    18.470
  1913   04    18.193
  1913   05    16.768
  1913   06    14.232
  1913   07    11.630
  1913   08     9.681
  1913   09     9.045
  1913   10    11.011
  1913   11    13.467
  1913   12    15.539
  1914   01    17.351
  1914   02    18.510
  1914   03    18.904
  1914   04    18.352
  1914   05    16.855
  1914   06    14.085
  1914   07    11.518
  1914   08     8.968
  1914   09     8.510
  1914   10    10.742
  1914   11    13.099
  1914   12    15.337
  1915   01    17.118
  1915   02    17.952
  1915   03    18.071
  1915   04    17.392
  1915   05    16.479
  1915   06    14.681
  1915   07    11.860
  1915   08     9.361
  1915   09     8.943
  1915   10    10.817
  1915   11    13.099
  1915   12    15.938
  1916   01    17.545
  1916   02    18.242
  1916   03    18.740
  1916   04    18.207
  1916   05    16.552
  1916   06    13.629
  1916   07    11.639
  1916   08     9.680
  1916   09     9.241
  1916   10    10.383
  1916   11    12.457
  1916   12    15.093
  1917   01    16.910
  1917   02    18.003
  1917   03    18.380
  1917   04    17.705
  1917   05    15.952
  1917   06    13.542
  1917   07    11.206
  1917   08     9.360
  1917   09     8.994
  1917   10    10.511
  1917   11    12.604
  1917   12    15.340
  1918   01    16.981
  1918   02    17.825
  1918   03    18.009
  1918   04    17.679
  1918   05    16.387
  1918   06    13.427
  1918   07    10.953
  1918   08     9.012
  1918   09     8.694
  1918   10    10.325
  1918   11    12.938
  1918   12    15.661
  1919   01    17.315
  1919   02    17.968
  1919   03    18.279
  1919   04    17.946
  1919   05    16.643
  1919   06    14.007
  1919   07    10.671
  1919   08     9.140
  1919   09     8.874
  1919   10    10.419
  1919   11    12.049
  1919   12    14.907
  1920   01    16.863
  1920   02    18.198
  1920   03    18.173
  1920   04    17.452
  1920   05    15.965
  1920   06    14.197
  1920   07    11.851
  1920   08     9.468
  1920   09     9.037
  1920   10    10.668
  1920   11    12.896
  1920   12    15.767
  1921   01    17.235
  1921   02    18.342
  1921   03    18.416
  1921   04    18.239
  1921   05    16.216
  1921   06    14.384
  1921   07    11.879
  1921   08     9.962
  1921   09     9.476
  1921   10    10.733
  1921   11    12.828
  1921   12    15.221
  1922   01    17.070
  1922   02    18.006
  1922   03    18.479
  1922   04    17.507
  1922   05    15.818
  1922   06    12.566
  1922   07    10.621
  1922   08     8.667
  1922   09     8.458
  1922   10     9.902
  1922   11    12.211
  1922   12    14.864
  1923   01    16.893
  1923   02    18.011
  1923   03    17.765
  1923   04    17.375
  1923   05    15.818
  1923   06    13.084
  1923   07    10.864
  1923   08     9.016
  1923   09     8.084
  1923   10     9.634
  1923   11    12.131
  1923   12    14.569
  1924   01    16.820
  1924   02    18.081
  1924   03    18.326
  1924   04    17.289
  1924   05    15.905
  1924   06    13.605
  1924   07    11.317
  1924   08     8.938
  1924   09     8.568
  1924   10    10.174
  1924   11    12.445
  1924   12    15.354
  1925   01    17.067
  1925   02    17.889
  1925   03    18.178
  1925   04    17.628
  1925   05    15.874
  1925   06    12.942
  1925   07    10.350
  1925   08     8.847
  1925   09     8.180
  1925   10     9.618
  1925   11    11.970
  1925   12    14.982
  1926   01    16.399
  1926   02    17.438
  1926   03    17.701
  1926   04    17.179
  1926   05    15.654
  1926   06    13.076
  1926   07    10.652
  1926   08     9.334
  1926   09     8.705
  1926   10    10.393
  1926   11    12.868
  1926   12    15.210
  1927   01    17.026
  1927   02    17.943
  1927   03    18.295
  1927   04    17.494
  1927   05    15.797
  1927   06    12.976
  1927   07    10.523
  1927   08     9.157
  1927   09     8.840
  1927   10     9.931
  1927   11    12.299
  1927   12    14.140
  1928   01    16.510
  1928   02    17.570
  1928   03    18.122
  1928   04    17.641
  1928   05    15.788
  1928   06    13.109
  1928   07    10.797
  1928   08     8.651
  1928   09     8.280
  1928   10     9.979
  1928   11    12.144
  1928   12    14.750
  1929   01    16.374
  1929   02    17.625
  1929   03    18.022
  1929   04    17.320
  1929   05    15.694
  1929   06    13.305
  1929   07    10.833
  1929   08     8.544
  1929   09     8.139
  1929   10     9.553
  1929   11    12.167
  1929   12    14.327
  1930   01    16.641
  1930   02    17.882
  1930   03    18.101
  1930   04    17.624
  1930   05    16.058
  1930   06    13.590
  1930   07    10.848
  1930   08     8.391
  1930   09     8.034
  1930   10    10.302
  1930   11    12.911
  1930   12    15.513
  1931   01    17.312
  1931   02    18.412
  1931   03    18.767
  1931   04    18.132
  1931   05    16.903
  1931   06    14.369
  1931   07    11.194
  1931   08     9.119
  1931   09     8.357
  1931   10     9.937
  1931   11    12.278
  1931   12    14.548
  1932   01    16.668
  1932   02    18.012
  1932   03    18.063
  1932   04    17.213
  1932   05    15.908
  1932   06    12.932
  1932   07    10.437
  1932   08     9.258
  1932   09     8.948
  1932   10     9.968
  1932   11    12.506
  1932   12    14.743
  1933   01    16.452
  1933   02    17.043
  1933   03    17.703
  1933   04    17.159
  1933   05    15.269
  1933   06    12.671
  1933   07    10.657
  1933   08     8.670
  1933   09     8.207
  1933   10     9.477
  1933   11    11.882
  1933   12    14.545
  1934   01    16.386
  1934   02    17.239
  1934   03    17.418
  1934   04    16.849
  1934   05    15.211
  1934   06    12.725
  1934   07    10.285
  1934   08     8.846
  1934   09     8.903
  1934   10    10.050
  1934   11    11.685
  1934   12    14.687
  1935   01    16.386
  1935   02    17.419
  1935   03    17.763
  1935   04    17.238
  1935   05    15.749
  1935   06    13.020
  1935   07    10.188
  1935   08     8.163
  1935   09     7.936
  1935   10    10.005
  1935   11    12.162
  1935   12    14.577
  1936   01    16.623
  1936   02    17.316
  1936   03    17.538
  1936   04    17.211
  1936   05    15.861
  1936   06    13.420
  1936   07    10.804
  1936   08     9.078
  1936   09     8.754
  1936   10    10.438
  1936   11    13.138
  1936   12    15.624
  1937   01    17.082
  1937   02    18.076
  1937   03    17.935
  1937   04    17.494
  1937   05    16.497
  1937   06    13.968
  1937   07    11.370
  1937   08     9.769
  1937   09     9.134
  1937   10    10.502
  1937   11    12.749
  1937   12    15.683
  1938   01    17.350
  1938   02    18.248
  1938   03    18.305
  1938   04    17.839
  1938   05    16.014
  1938   06    13.782
  1938   07    11.413
  1938   08     9.193
  1938   09     8.665
  1938   10    10.241
  1938   11    12.710
  1938   12    15.096
  1939   01    17.224
  1939   02    18.332
  1939   03    18.326
  1939   04    17.603
  1939   05    15.648
  1939   06    13.963
  1939   07    11.564
  1939   08     9.050
  1939   09     8.489
  1939   10    10.032
  1939   11    12.101
  1939   12    14.872
  1940   01    16.735
  1940   02    17.603
  1940   03    17.866
  1940   04    17.580
  1940   05    15.855
  1940   06    13.042
  1940   07     9.980
  1940   08     8.623
  1940   09     8.540
  1940   10     9.769
  1940   11    12.204
  1940   12    14.834
  1941   01    16.716
  1941   02    17.638
  1941   03    18.093
  1941   04    17.553
  1941   05    15.454
  1941   06    13.394
  1941   07    10.907
  1941   08     8.598
  1941   09     8.110
  1941   10     9.995
  1941   11    12.185
  1941   12    14.618
  1942   01    16.371
  1942   02    17.047
  1942   03    17.323
  1942   04    16.856
  1942   05    15.436
  1942   06    13.162
  1942   07    10.960
  1942   08     8.744
  1942   09     8.336
  1942   10    10.298
  1942   11    12.256
  1942   12    15.012
  1943   01    16.530
  1943   02    17.540
  1943   03    17.715
  1943   04    17.083
  1943   05    15.848
  1943   06    13.164
  1943   07    10.504
  1943   08     8.888
  1943   09     8.621
  1943   10     9.985
  1943   11    11.952
  1943   12    14.573
  1944   01    16.209
  1944   02    17.614
  1944   03    17.934
  1944   04    16.806
  1944   05    14.719
  1944   06    12.760
  1944   07    10.963
  1944   08     9.218
  1944   09     8.954
  1944   10    10.684
  1944   11    12.404
  1944   12    15.040
  1945   01    16.616
  1945   02    17.702
  1945   03    18.173
  1945   04    17.904
  1945   05    16.473
  1945   06    13.907
  1945   07    10.832
  1945   08     9.054
  1945   09     8.776
  1945   10    10.290
  1945   11    12.450
  1945   12    15.067
  1946   01    16.961
  1946   02    17.792
  1946   03    18.038
  1946   04    17.641
  1946   05    16.003
  1946   06    13.602
  1946   07    10.222
  1946   08     9.039
  1946   09     8.460
  1946   10     9.699
  1946   11    12.255
  1946   12    14.817
  1947   01    16.676
  1947   02    17.362
  1947   03    17.632
  1947   04    17.022
  1947   05    16.061
  1947   06    13.255
  1947   07    10.886
  1947   08     8.433
  1947   09     8.044
  1947   10     9.635
  1947   11    12.337
  1947   12    14.687
  1948   01    16.408
  1948   02    17.284
  1948   03    17.648
  1948   04    17.122
  1948   05    15.772
  1948   06    13.003
  1948   07    10.611
  1948   08     8.310
  1948   09     7.898
  1948   10     9.199
  1948   11    12.480
  1948   12    14.696
  1949   01    16.576
  1949   02    17.613
  1949   03    17.851
  1949   04    17.245
  1949   05    15.636
  1949   06    12.701
  1949   07     9.992
  1949   08     8.477
  1949   09     8.249
  1949   10     9.760
  1949   11    11.594
  1949   12    14.279
  1950   01    16.116
  1950   02    17.025
  1950   03    17.491
  1950   04    16.892
  1950   05    15.381
  1950   06    13.049
  1950   07    10.369
  1950   08     8.512
  1950   09     8.279
  1950   10     9.706
  1950   11    12.185
  1950   12    14.813
  1951   01    16.520
  1951   02    17.264
  1951   03    17.692
  1951   04    17.343
  1951   05    15.786
  1951   06    12.811
  1951   07    10.511
  1951   08     9.110
  1951   09     8.936
  1951   10     9.967
  1951   11    12.397
  1951   12    14.860
  1952   01    16.475
  1952   02    17.667
  1952   03    18.159
  1952   04    17.317
  1952   05    15.656
  1952   06    13.519
  1952   07    11.052
  1952   08     8.894
  1952   09     8.278
  1952   10    10.116
  1952   11    12.462
  1952   12    15.355
  1953   01    17.343
  1953   02    18.716
  1953   03    18.727
  1953   04    18.073
  1953   05    16.046
  1953   06    13.363
  1953   07    11.261
  1953   08     9.640
  1953   09     9.346
  1953   10    10.572
  1953   11    12.806
  1953   12    15.107
  1954   01    16.972
  1954   02    17.868
  1954   03    17.953
  1954   04    17.568
  1954   05    16.220
  1954   06    13.686
  1954   07    11.462
  1954   08     9.234
  1954   09     8.818
  1954   10    10.317
  1954   11    12.703
  1954   12    15.131
  1955   01    16.519
  1955   02    17.636
  1955   03    17.849
  1955   04    17.521
  1955   05    16.370
  1955   06    14.504
  1955   07    11.814
  1955   08     9.690
  1955   09     9.568
  1955   10    10.449
  1955   11    12.345
  1955   12    15.092
  1956   01    16.977
  1956   02    17.962
  1956   03    18.450
  1956   04    17.209
  1956   05    16.119
  1956   06    13.466
  1956   07    11.276
  1956   08     9.094
  1956   09     8.720
  1956   10    10.460
  1956   11    12.889
  1956   12    15.115
  1957   01    16.764
  1957   02    17.963
  1957   03    18.420
  1957   04    17.695
  1957   05    16.152
  1957   06    13.903
  1957   07    11.535
  1957   08     9.388
  1957   09     8.998
  1957   10    10.272
  1957   11    12.484
  1957   12    15.455
  1958   01    16.915
  1958   02    18.013
  1958   03    18.218
  1958   04    17.599
  1958   05    16.046
  1958   06    13.603
  1958   07    11.250
  1958   08     8.885
  1958   09     8.422
  1958   10    10.380
  1958   11    12.726
  1958   12    14.879
  1959   01    16.481
  1959   02    17.723
  1959   03    17.941
  1959   04    17.426
  1959   05    16.214
  1959   06    13.786
  1959   07    11.203
  1959   08     9.004
  1959   09     8.449
  1959   10    10.448
  1959   11    12.202
  1959   12    15.046
  1960   01    16.850
  1960   02    17.870
  1960   03    18.495
  1960   04    17.916
  1960   05    16.468
  1960   06    13.694
  1960   07    10.906
  1960   08     8.717
  1960   09     8.068
  1960   10     9.892
  1960   11    12.251
  1960   12    14.915
  1961   01    16.715
  1961   02    17.741
  1961   03    17.863
  1961   04    17.519
  1961   05    16.344
  1961   06    13.520
  1961   07    11.003
  1961   08     8.637
  1961   09     8.358
  1961   10    10.227
  1961   11    12.336
  1961   12    14.691
  1962   01    16.465
  1962   02    17.519
  1962   03    17.540
  1962   04    16.845
  1962   05    15.331
  1962   06    12.868
  1962   07    11.119
  1962   08     9.297
  1962   09     8.730
  1962   10    10.085
  1962   11    12.141
  1962   12    14.748
  1963   01    16.517
  1963   02    17.677
  1963   03    18.101
  1963   04    17.435
  1963   05    16.393
  1963   06    13.593
  1963   07    10.377
  1963   08     8.861
  1963   09     8.328
  1963   10     9.958
  1963   11    11.963
  1963   12    14.576
  1964   01    16.663
  1964   02    17.487
  1964   03    17.687
  1964   04    16.930
  1964   05    15.714
  1964   06    13.700
  1964   07    10.763
  1964   08     8.658
  1964   09     8.552
  1964   10     9.932
  1964   11    12.414
  1964   12    15.156
  1965   01    16.501
  1965   02    17.533
  1965   03    17.944
  1965   04    17.511
  1965   05    16.368
  1965   06    14.266
  1965   07    10.837
  1965   08     8.832
  1965   09     8.235
  1965   10    10.188
  1965   11    12.164
  1965   12    14.815
  1966   01    16.809
  1966   02    17.751
  1966   03    17.756
  1966   04    16.843
  1966   05    15.407
  1966   06    13.337
  1966   07    10.551
  1966   08     9.104
  1966   09     8.675
  1966   10    10.001
  1966   11    12.124
  1966   12    14.769
  1967   01    16.710
  1967   02    17.796
  1967   03    18.124
  1967   04    17.570
  1967   05    15.794
  1967   06    13.223
  1967   07    10.726
  1967   08     9.086
  1967   09     8.819
  1967   10    10.182
  1967   11    12.668
  1967   12    15.244
  1968   01    17.023
  1968   02    18.151
  1968   03    18.397
  1968   04    17.353
  1968   05    16.281
  1968   06    13.589
  1968   07    10.381
  1968   08     8.647
  1968   09     8.230
  1968   10     9.782
  1968   11    12.551
  1968   12    15.317
  1969   01    17.215
  1969   02    18.279
  1969   03    18.215
  1969   04    17.978
  1969   05    16.856
  1969   06    13.698
  1969   07    10.984
  1969   08     9.280
  1969   09     8.713
  1969   10    10.215
  1969   11    12.569
  1969   12    15.134
  1970   01    16.771
  1970   02    17.641
  1970   03    18.043
  1970   04    17.543
  1970   05    16.458
  1970   06    14.220
  1970   07    12.109
  1970   08     9.268
  1970   09     8.541
  1970   10    10.669
  1970   11    13.500
  1970   12    16.022
  1971   01    17.514
  1971   02    18.443
  1971   03    18.770
  1971   04    18.172
  1971   05    16.816
  1971   06    14.477
  1971   07    11.521
  1971   08     9.398
  1971   09     8.965
  1971   10    10.473
  1971   11    12.984
  1971   12    15.672
  1972   01    17.323
  1972   02    18.329
  1972   03    18.480
  1972   04    17.522
  1972   05    16.331
  1972   06    13.878
  1972   07    11.975
  1972   08    10.120
  1972   09     9.459
  1972   10    10.912
  1972   11    13.113
  1972   12    15.721
  1973   01    16.932
  1973   02    17.740
  1973   03    17.867
  1973   04    16.593
  1973   05    15.350
  1973   06    13.253
  1973   07    11.085
  1973   08     8.642
  1973   09     8.016
  1973   10     9.731
  1973   11    12.029
  1973   12    15.064
  1974   01    16.778
  1974   02    17.552
  1974   03    18.009
  1974   04    17.627
  1974   05    16.373
  1974   06    13.822
  1974   07    10.980
  1974   08     8.470
  1974   09     8.598
  1974   10    10.322
  1974   11    12.741
  1974   12    15.410
  1975   01    17.154
  1975   02    18.306
  1975   03    18.544
  1975   04    17.824
  1975   05    16.115
  1975   06    13.870
  1975   07    11.101
  1975   08     9.157
  1975   09     8.665
  1975   10    10.041
  1975   11    12.950
  1975   12    15.559
  1976   01    17.213
  1976   02    18.397
  1976   03    18.365
  1976   04    17.621
  1976   05    15.865
  1976   06    13.909
  1976   07    11.171
  1976   08     9.511
  1976   09     9.235
  1976   10    10.710
  1976   11    12.496
  1976   12    15.262
  1977   01    16.740
  1977   02    18.261
  1977   03    18.448
  1977   04    17.659
  1977   05    16.152
  1977   06    13.724
  1977   07    11.475
  1977   08     9.491
  1977   09     8.906
  1977   10    10.274
  1977   11    12.627
  1977   12    15.104
  1978   01    17.032
  1978   02    18.048
  1978   03    17.958
  1978   04    17.629
  1978   05    15.977
  1978   06    13.182
  1978   07    10.851
  1978   08     8.985
  1978   09     8.449
  1978   10    10.036
  1978   11    12.594
  1978   12    15.230
  1979   01    16.891
  1979   02    17.889
  1979   03    18.711
  1979   04    17.662
  1979   05    15.873
  1979   06    13.434
  1979   07    11.143
  1979   08     9.218
  1979   09     8.968
  1979   10    10.300
  1979   11    12.536
  1979   12    15.347
  1980   01    17.036
  1980   02    18.139
  1980   03    18.760
  1980   04    18.381
  1980   05    16.581
  1980   06    14.609
  1980   07    11.502
  1980   08     9.149
  1980   09     8.651
  1980   10    10.806
  1980   11    13.303
  1980   12    15.652
  1981   01    17.387
  1981   02    18.397
  1981   03    18.518
  1981   04    18.111
  1981   05    16.463
  1981   06    14.025
  1981   07    11.060
  1981   08     9.640
  1981   09     9.388
  1981   10    10.895
  1981   11    13.024
  1981   12    15.812
  1982   01    17.371
  1982   02    18.388
  1982   03    18.689
  1982   04    17.937
  1982   05    16.398
  1982   06    14.004
  1982   07    11.126
  1982   08     9.059
  1982   09     8.681
  1982   10    10.140
  1982   11    12.443
  1982   12    15.363
  1983   01    17.063
  1983   02    17.978
  1983   03    18.361
  1983   04    17.783
  1983   05    16.210
  1983   06    13.239
  1983   07    10.939
  1983   08     8.984
  1983   09     8.783
  1983   10    10.757
  1983   11    12.423
  1983   12    14.675
  1984   01    16.293
  1984   02    17.653
  1984   03    17.955
  1984   04    17.381
  1984   05    15.962
  1984   06    14.391
  1984   07    11.319
  1984   08     8.914
  1984   09     8.517
  1984   10     9.985
  1984   11    12.195
  1984   12    15.177
  1985   01    16.598
  1985   02    17.863
  1985   03    17.946
  1985   04    17.222
  1985   05    15.784
  1985   06    14.107
  1985   07    11.683
  1985   08     9.305
  1985   09     8.622
  1985   10    10.671
  1985   11    12.552
  1985   12    15.459
  1986   01    16.838
  1986   02    17.968
  1986   03    18.158
  1986   04    17.246
  1986   05    15.929
  1986   06    14.116
  1986   07    11.944
  1986   08    10.324
  1986   09     9.610
  1986   10    11.069
  1986   11    12.793
  1986   12    15.377
  1987   01    16.722
  1987   02    18.023
  1987   03    18.341
  1987   04    17.491
  1987   05    15.980
  1987   06    13.595
  1987   07    11.315
  1987   08     9.731
  1987   09     9.543
  1987   10    10.770
  1987   11    12.339
  1987   12    14.873
  1988   01    16.944
  1988   02    17.773
  1988   03    18.005
  1988   04    17.633
  1988   05    16.403
  1988   06    14.107
  1988   07    10.800
  1988   08     9.122
  1988   09     8.659
  1988   10    10.135
  1988   11    12.074
  1988   12    14.766
  1989   01    16.538
  1989   02    17.319
  1989   03    17.816
  1989   04    17.159
  1989   05    15.974
  1989   06    13.563
  1989   07    10.762
  1989   08     8.662
  1989   09     7.955
  1989   10    10.046
  1989   11    12.526
  1989   12    15.296
  1990   01    16.677
  1990   02    17.377
  1990   03    17.631
  1990   04    17.009
  1990   05    15.465
  1990   06    13.756
  1990   07    11.135
  1990   08     9.330
  1990   09     8.802
  1990   10    10.029
  1990   11    12.132
  1990   12    14.814
  1991   01    16.325
  1991   02    17.375
  1991   03    17.502
  1991   04    16.947
  1991   05    15.645
  1991   06    13.514
  1991   07    10.579
  1991   08     9.038
  1991   09     8.401
  1991   10    10.099
  1991   11    12.151
  1991   12    14.785
  1992   01    16.189
  1992   02    17.084
  1992   03    17.598
  1992   04    17.074
  1992   05    15.579
  1992   06    12.957
  1992   07    10.785
  1992   08     9.312
  1992   09     8.882
  1992   10    10.840
  1992   11    12.501
  1992   12    14.846
  1993   01    16.478
  1993   02    17.558
  1993   03    17.488
  1993   04    16.907
  1993   05    16.015
  1993   06    13.204
  1993   07    10.475
  1993   08     9.248
  1993   09     8.916
  1993   10    10.135
  1993   11    12.209
  1993   12    14.461
  1994   01    16.521
  1994   02    17.487
  1994   03    17.668
  1994   04    17.152
  1994   05    15.798
  1994   06    13.734
  1994   07    11.156
  1994   08     8.892
  1994   09     8.317
  1994   10    10.450
  1994   11    12.181
  1994   12    14.641
  1995   01    16.096
  1995   02    17.581
  1995   03    17.667
  1995   04    16.695
  1995   05    15.586
  1995   06    13.572
  1995   07    10.502
  1995   08     8.665
  1995   09     8.002
  1995   10     9.712
  1995   11    11.802
  1995   12    14.326
  1996   01    16.583
  1996   02    17.592
  1996   03    17.909
  1996   04    17.177
  1996   05    15.742
  1996   06    13.377
  1996   07    10.494
  1996   08     8.099
  1996   09     7.307
  1996   10     9.072
  1996   11    11.574
  1996   12    13.954
  1997   01    15.891
  1997   02    17.293
  1997   03    17.478
  1997   04    17.143
  1997   05    15.877
  1997   06    13.495
  1997   07    10.633
  1997   08     8.490
  1997   09     7.962
  1997   10     9.664
  1997   11    11.779
  1997   12    14.321
  1998   01    16.254
  1998   02    17.579
  1998   03    17.754
  1998   04    17.143
  1998   05    15.828
  1998   06    13.435
  1998   07     9.579
  1998   08     8.057
  1998   09     7.825
  1998   10     9.239
  1998   11    11.838
  1998   12    14.128
  1999   01    15.989
  1999   02    17.130
  1999   03    17.082
  1999   04    16.779
  1999   05    15.474
  1999   06    13.172
  1999   07    10.385
  1999   08     7.921
  1999   09     7.351
  1999   10     9.096
  1999   11    11.680
  1999   12    14.195
  2000   01    16.171
  2000   02    16.960
  2000   03    17.024
  2000   04    16.715
  2000   05    15.350
  2000   06    12.600
  2000   07    10.133
  2000   08     7.576
  2000   09     7.068
  2000   10     8.674
  2000   11    11.555
  2000   12    14.465
  2001   01    15.841
  2001   02    16.481
  2001   03    17.135
  2001   04    16.300
  2001   05    14.286
  2001   06    11.991
  2001   07     9.504
  2001   08     7.327
  2001   09     7.153
  2001   10     8.541
  2001   11    10.549
  2001   12    13.465
  2002   01    15.461
  2002   02    16.356
  2002   03    17.020
  2002   04    16.200
  2002   05    14.619
  2002   06    12.681
  2002   07     9.998
  2002   08     7.570
  2002   09     7.302
  2002   10     8.684
  2002   11    11.027
  2002   12    13.490
  2003   01    15.689
  2003   02    16.674
  2003   03    17.244
  2003   04    16.700
  2003   05    15.149
  2003   06    12.628
  2003   07     9.807
  2003   08     7.879
  2003   09     6.920
  2003   10     8.506
  2003   11    11.365
  2003   12    13.944
  2004   01    16.083
  2004   02    17.112
  2004   03    17.349
  2004   04    17.362
  2004   05    15.889
  2004   06    12.435
  2004   07     8.978
  2004   08     7.247
  2004   09     6.651
  2004   10     8.061
  2004   11    10.690
  2004   12    13.647
  2005   01    15.787
  2005   02    16.677
  2005   03    16.943
  2005   04    16.524
  2005   05    15.054
  2005   06    12.129
  2005   07     9.695
  2005   08     7.970
  2005   09     7.877
  2005   10     9.548
  2005   11    11.081
  2005   12    13.623
  2006   01    15.568
  2006   02    16.216
  2006   03    16.634
  2006   04    15.972
  2006   05    14.418
  2006   06    11.820
  2006   07     9.523
  2006   08     7.663
  2006   09     7.363
  2006   10     8.873
  2006   11    11.123
  2006   12    12.955
  2007   01    14.872
  2007   02    15.974
  2007   03    16.155
  2007   04    15.611
  2007   05    14.484
  2007   06    12.116
  2007   07     9.545
  2007   08     7.172
  2007   09     6.828
  2007   10     8.467
  2007   11    10.769
  2007   12    13.391
  2008   01    15.105
  2008   02    16.036
  2008   03    16.261
  2008   04    15.925
  2008   05    14.577
  2008   06    12.545
  2008   07     9.829
  2008   08     7.355
  2008   09     6.671
  2008   10     8.759
  2008   11    11.074
  2008   12    13.341
  2009   01    15.253
  2009   02    16.392
  2009   03    16.796
  2009   04    16.318
  2009   05    14.411
  2009   06    12.031
  2009   07     9.672
  2009   08     7.425
  2009   09     7.117
  2009   10     8.704
  2009   11    10.507
  2009   12    12.958
  2010   01    15.232
  2010   02    16.472
  2010   03    16.617
  2010   04    15.956
  2010   05    14.567
  2010   06    12.039
  2010   07     9.786
  2010   08     8.046
  2010   09     7.289
  2010   10     9.061
  2010   11    10.732
  2010   12    13.033
  2011   01    15.345
  2011   02    15.987
  2011   03    16.166
  2011   04    15.994
  2011   05    14.676
  2011   06    11.637
  2011   07     8.777
  2011   08     7.165
  2011   09     6.740
  2011   10     7.928
  2011   11    10.127
  2011   12    12.360
  2012   01    14.375
  2012   02    15.507
  2012   03    15.706
  2012   04    15.270
  2012   05    13.231
  2012   06    11.239
  2012   07     8.779
  2012   08     6.530
  2012   09     5.899
  2012   10     7.892
  2012   11    10.075
  2012   12    12.706
  2013   01    14.703
  2013   02    15.194
  2013   03    15.574
  2013   04    15.495
  2013   05    14.191
  2013   06    11.615
  2013   07     8.325
  2013   08     6.738
  2013   09     6.019
  2013   10     7.614
  2013   11    10.028
  2013   12    12.642
  2014   01    14.563
  2014   02    15.465
  2014   03    15.716
  2014   04    15.396
  2014   05    14.177
  2014   06    11.551
  2014   07     8.654
  2014   08     6.440
  2014   09     5.103
  2014   10     7.100
  2014   11     9.998
  2014   12    12.260
  2015   01    14.026
  2015   02    15.438
  2015   03    15.530
  2015   04    15.177
  2015   05    13.481
  2015   06    11.423
  2015   07     8.564
  2015   08     6.592
  2015   09     6.071
  2015   10     7.706
  2015   11    10.131
  2015   12    12.302
  2016   01    14.163
  2016   02    15.193
  2016   03    15.404
  2016   04    14.884
  2016   05    13.088
  2016   06    10.935
  2016   07     8.243
  2016   08     5.973
  2016   09     5.162
  2016   10     6.738
  2016   11     9.733
  2016   12    11.972
  2017   01    14.527
  2017   02    15.241
  2017   03    15.546
  2017   04    14.918
  2017   05    13.281
  2017   06    10.776
  2017   07     8.407
  2017   08     6.875
  2017   09     5.999
  2017   10     7.762
  2017   11     9.762
  2017   12    12.158
  2018   01    13.999
  2018   02    14.944
  2018   03    15.393
  2018   04    14.784
  2018   05    13.323
  2018   06    11.085
  2018   07     7.900
  2018   08     6.521
  2018   09     6.206
  2018   10     7.254
  2018   11     9.453
  2018   12    11.535
  2019   01    13.049
  2019   02    13.973
  2019   03    14.377
  2019   04    13.998
  2019   05    12.483
  2019   06    10.584
  2019   07     7.766
  2019   08     5.835
  2019   09     5.212
  2019   10     6.608
  2019   11     9.195
  2019   12    11.108
  2020   01    13.041
  2020   02    13.916
  2020   03    14.124
  2020   04    13.551
  2020   05    11.772
  2020   06     9.403
  2020   07     7.043
  2020   08     4.991
  2020   09     4.282
  2020   10     5.902
  2020   11     8.379
  2020   12    10.332
  2021   01    12.878
  2021   02    14.269
  2021   03    14.399
  2021   04    13.961
  2021   05    12.351
  2021   06    10.058
  2021   07     7.516
  2021   08     5.233
  2021   09     4.406
  2021   10     5.816
  2021   11     8.932
  2021   12    11.385
  2022   01    13.386
  2022   02    14.364
  2022   03    14.580
  2022   04    14.091
  2022   05    12.691
  2022   06    10.833
  2022   07     7.766
  2022   08     4.512
  2022   09     3.331
  2022   10     5.724
  2022   11     9.396
  2022   12    11.452
  2023   01    13.470
  2023   02    14.541
  2023   03    14.840
  2023   04    14.425
  2023   05    12.852
  2023   06    10.549
  2023   07     7.996
  2023   08     5.344
  2023   09     4.297
  2023   10     6.312
  2023   11     8.673
  2023   12    11.556
  2024   01    13.416
  2024   02    14.406
  2024   03    14.721
  2024   04    14.072
  2024   05    12.575
  2024   06    10.308
  2024   07     7.642
  2024   08     5.227
  2024   09     4.509
  2024   10     6.434
  2024   11     9.140
  2024   12    11.470
  2025   01    13.630
  2025   02    14.529
  2025   03    14.965
  2025   04    14.403
  2025   05    12.527
  2025   06    10.345
  2025   07     8.312
  2025   08     5.549
  2025   09     4.515
  2025   10     6.586
  2025   11     9.263
  2025   12    10.856
  2026   01    13.198
  2026   02    14.043
  2026   03    14.345
  2026   04    13.713
  2026   05    12.199
  2026   06     9.979
  2026   07     6.684
  2026   08     4.223
  2026   09     3.836
  2026   10     5.151
  2026   11     8.870
  2026   12    10.949
  2027   01    12.914
  2027   02    13.659
  2027   03    14.153
  2027   04    13.755
  2027   05    12.274
  2027   06     9.439
  2027   07     6.874
  2027   08     3.652
  2027   09     3.221
  2027   10     4.666
  2027   11     8.641
  2027   12    11.067
  2028   01    13.083
  2028   02    13.916
  2028   03    14.241
  2028   04    13.678
  2028   05    12.109
  2028   06     9.813
  2028   07     7.406
  2028   08     3.928
  2028   09     3.112
  2028   10     5.608
  2028   11     8.921
  2028   12    10.874
  2029   01    12.930
  2029   02    13.873
  2029   03    13.962
  2029   04    13.511
  2029   05    11.870
  2029   06     9.001
  2029   07     6.629
  2029   08     3.757
  2029   09     3.315
  2029   10     4.914
  2029   11     7.968
  2029   12    10.700
  2030   01    12.514
  2030   02    13.727
  2030   03    13.854
  2030   04    13.477
  2030   05    12.311
  2030   06     9.326
  2030   07     6.814
  2030   08     4.019
  2030   09     3.348
  2030   10     4.747
  2030   11     7.156
  2030   12    10.016
  2031   01    12.197
  2031   02    13.469
  2031   03    13.874
  2031   04    13.193
  2031   05    11.830
  2031   06     9.564
  2031   07     6.100
  2031   08     3.139
  2031   09     2.466
  2031   10     3.825
  2031   11     7.180
  2031   12    10.476
  2032   01    12.283
  2032   02    13.386
  2032   03    13.613
  2032   04    13.130
  2032   05    11.679
  2032   06     9.583
  2032   07     6.822
  2032   08     3.255
  2032   09     2.594
  2032   10     4.605
  2032   11     8.146
  2032   12    10.684
  2033   01    12.651
  2033   02    13.457
  2033   03    13.933
  2033   04    12.986
  2033   05    11.729
  2033   06     9.233
  2033   07     5.987
  2033   08     2.897
  2033   09     2.492
  2033   10     4.159
  2033   11     7.169
  2033   12    10.071
  2034   01    11.934
  2034   02    12.980
  2034   03    13.401
  2034   04    12.540
  2034   05    11.171
  2034   06     9.083
  2034   07     6.510
  2034   08     2.666
  2034   09     1.719
  2034   10     3.567
  2034   11     6.095
  2034   12     9.787
  2035   01    12.217
  2035   02    13.420
  2035   03    13.953
  2035   04    13.619
  2035   05    11.519
  2035   06     9.031
  2035   07     6.273
  2035   08     3.457
  2035   09     2.935
  2035   10     4.267
  2035   11     6.896
  2035   12     9.641
  2036   01    11.917
  2036   02    13.524
  2036   03    13.996
  2036   04    13.499
  2036   05    10.919
  2036   06     8.428
  2036   07     6.098
  2036   08     2.195
  2036   09     1.224
  2036   10     3.515
  2036   11     7.809
  2036   12    10.026
  2037   01    12.118
  2037   02    13.453
  2037   03    13.836
  2037   04    12.993
  2037   05    11.133
  2037   06     8.372
  2037   07     5.510
  2037   08     1.477
  2037   09     0.957
  2037   10     2.815
  2037   11     5.740
  2037   12     9.378
  2038   01    11.817
  2038   02    12.910
  2038   03    13.091
  2038   04    12.501
  2038   05    10.975
  2038   06     8.508
  2038   07     5.199
  2038   08     0.690
  2038   09     0.404
  2038   10     1.382
  2038   11     5.357
  2038   12     9.220
  2039   01    11.668
  2039   02    12.919
  2039   03    13.322
  2039   04    13.059
  2039   05    11.676
  2039   06     8.896
  2039   07     4.762
  2039   08     2.201
  2039   09     1.668
  2039   10     3.235
  2039   11     6.412
  2039   12     9.236
  2040   01    11.805
  2040   02    13.112
  2040   03    13.357
  2040   04    12.568
  2040   05    11.492
  2040   06     8.980
  2040   07     5.694
  2040   08     2.933
  2040   09     1.822
  2040   10     3.506
  2040   11     6.238
  2040   12     9.006
  2041   01    11.572
  2041   02    12.710
  2041   03    13.231
  2041   04    12.752
  2041   05    11.474
  2041   06     9.300
  2041   07     5.518
  2041   08     1.535
  2041   09     1.323
  2041   10     3.126
  2041   11     6.082
  2041   12     9.601
  2042   01    11.921
  2042   02    13.313
  2042   03    13.869
  2042   04    13.318
  2042   05    11.670
  2042   06     9.222
  2042   07     6.163
  2042   08     2.739
  2042   09     1.961
  2042   10     3.607
  2042   11     6.119
  2042   12     9.347
  2043   01    11.641
  2043   02    13.038
  2043   03    13.080
  2043   04    12.462
  2043   05    10.866
  2043   06     8.564
  2043   07     4.336
  2043   08     1.835
  2043   09     1.107
  2043   10     2.604
  2043   11     5.627
  2043   12     9.470
  2044   01    11.616
  2044   02    12.807
  2044   03    12.853
  2044   04    12.241
  2044   05    11.053
  2044   06     8.459
  2044   07     5.460
  2044   08     1.954
  2044   09     0.855
  2044   10     3.546
  2044   11     6.197
  2044   12     8.684
  2045   01    10.986
  2045   02    12.394
  2045   03    12.856
  2045   04    11.817
  2045   05    10.464
  2045   06     7.918
  2045   07     5.383
  2045   08     2.231
  2045   09     1.665
  2045   10     3.348
  2045   11     6.305
  2045   12     8.414
  2046   01    10.574
  2046   02    12.197
  2046   03    12.434
  2046   04    11.874
  2046   05    10.354
  2046   06     7.544
  2046   07     3.520
  2046   08     1.315
  2046   09     0.920
  2046   10     1.850
  2046   11     4.809
  2046   12     8.368
  2047   01    10.553
  2047   02    11.710
  2047   03    11.971
  2047   04    11.498
  2047   05    10.169
  2047   06     7.648
  2047   07     3.401
  2047   08     0.833
  2047   09     0.732
  2047   10     1.850
  2047   11     4.972
  2047   12     8.164
  2048   01    10.235
  2048   02    11.910
  2048   03    12.367
  2048   04    11.861
  2048   05    10.251
  2048   06     8.091
  2048   07     4.753
  2048   08     1.482
  2048   09     1.185
  2048   10     2.584
  2048   11     4.934
  2048   12     8.194
  2049   01    10.348
  2049   02    11.780
  2049   03    12.106
  2049   04    11.682
  2049   05     9.953
  2049   06     7.634
  2049   07     3.971
  2049   08     0.870
  2049   09     0.624
  2049   10     1.520
  2049   11     4.030
  2049   12     7.884
  2050   01    10.469
  2050   02    11.848
  2050   03    12.110
  2050   04    11.595
  2050   05     9.647
  2050   06     7.384
  2050   07     3.911
  2050   08     0.522
  2050   09     0.323
  2050   10     0.674
  2050   11     3.047
  2050   12     7.014
  2051   01     9.947
  2051   02    11.306
  2051   03    11.833
  2051   04    11.166
  2051   05     8.783
  2051   06     6.171
  2051   07     2.946
  2051   08     0.853
  2051   09     0.579
  2051   10     1.337
  2051   11     3.370
  2051   12     6.722
  2052   01     9.624
  2052   02    10.896
  2052   03    11.717
  2052   04    11.515
  2052   05     9.825
  2052   06     6.976
  2052   07     2.179
  2052   08     0.420
  2052   09     0.224
  2052   10     0.759
  2052   11     2.735
  2052   12     5.963
  2053   01     9.432
  2053   02    11.259
  2053   03    11.709
  2053   04    11.114
  2053   05     9.303
  2053   06     6.708
  2053   07     1.959
  2053   08     0.625
  2053   09     0.394
  2053   10     1.067
  2053   11     2.432
  2053   12     6.433
  2054   01     9.254
  2054   02    11.061
  2054   03    11.606
  2054   04    11.315
  2054   05     9.152
  2054   06     6.813
  2054   07     2.629
  2054   08     1.044
  2054   09     0.717
  2054   10     1.293
  2054   11     2.739
  2054   12     6.018
  2055   01     9.268
  2055   02    11.119
  2055   03    11.953
  2055   04    10.932
  2055   05     8.824
  2055   06     6.980
  2055   07     1.707
  2055   08     0.126
  2055   09     0.143
  2055   10     0.389
  2055   11     2.322
  2055   12     6.188
  2056   01     9.338
  2056   02    10.972
  2056   03    11.443
  2056   04    10.611
  2056   05     8.638
  2056   06     6.634
  2056   07     1.833
  2056   08     0.288
  2056   09     0.150
  2056   10     0.602
  2056   11     1.848
  2056   12     5.594
  2057   01     9.279
  2057   02    10.266
  2057   03    10.779
  2057   04    10.297
  2057   05     9.162
  2057   06     6.272
  2057   07     1.798
  2057   08     0.302
  2057   09     0.222
  2057   10     0.647
  2057   11     1.560
  2057   12     4.019
  2058   01     7.522
  2058   02     9.923
  2058   03    11.149
  2058   04    10.626
  2058   05     9.084
  2058   06     5.613
  2058   07     1.411
  2058   08     0.212
  2058   09     0.238
  2058   10     0.572
  2058   11     1.777
  2058   12     4.516
  2059   01     7.974
  2059   02    10.227
  2059   03    11.160
  2059   04    10.765
  2059   05     8.711
  2059   06     6.000
  2059   07     1.684
  2059   08     0.274
  2059   09     0.126
  2059   10     0.657
  2059   11     2.501
  2059   12     5.922
  2060   01     8.446
  2060   02    10.357
  2060   03    11.272
  2060   04    10.637
  2060   05     8.734
  2060   06     5.603
  2060   07     1.471
  2060   08     0.129
  2060   09     0.097
  2060   10     0.362
  2060   11     1.095
  2060   12     3.905
  2061   01     7.293
  2061   02     9.522
  2061   03    10.203
  2061   04     9.581
  2061   05     8.126
  2061   06     5.217
  2061   07     0.594
  2061   08     0.080
  2061   09     0.010
  2061   10     0.183
  2061   11     1.115
  2061   12     4.387
  2062   01     8.475
  2062   02    10.320
  2062   03    10.942
  2062   04    10.131
  2062   05     8.651
  2062   06     6.314
  2062   07     1.532
  2062   08     0.189
  2062   09     0.067
  2062   10     0.472
  2062   11     1.742
  2062   12     4.723
  2063   01     8.513
  2063   02    10.022
  2063   03    10.541
  2063   04     9.966
  2063   05     8.226
  2063   06     5.992
  2063   07     1.072
  2063   08     0.197
  2063   09     0.149
  2063   10     0.529
  2063   11     1.408
  2063   12     4.269
  2064   01     7.363
  2064   02     9.233
  2064   03    10.503
  2064   04     9.769
  2064   05     7.906
  2064   06     5.500
  2064   07     1.213
  2064   08     0.046
  2064   09     0.000
  2064   10     0.151
  2064   11     0.969
  2064   12     3.949
  2065   01     7.621
  2065   02     9.745
  2065   03    10.476
  2065   04    10.147
  2065   05     8.357
  2065   06     5.591
  2065   07     0.520
  2065   08     0.008
  2065   09     0.002
  2065   10     0.051
  2065   11     0.552
  2065   12     3.734
  2066   01     7.663
  2066   02     9.539
  2066   03    10.320
  2066   04     9.665
  2066   05     7.857
  2066   06     4.542
  2066   07     0.643
  2066   08     0.062
  2066   09     0.033
  2066   10     0.273
  2066   11     1.375
  2066   12     3.765
  2067   01     6.036
  2067   02     9.133
  2067   03    10.272
  2067   04     9.564
  2067   05     7.865
  2067   06     5.208
  2067   07     0.497
  2067   08     0.012
  2067   09     0.000
  2067   10     0.068
  2067   11     0.576
  2067   12     3.382
  2068   01     6.488
  2068   02     9.057
  2068   03     9.913
  2068   04     9.103
  2068   05     7.538
  2068   06     4.381
  2068   07     0.393
  2068   08     0.062
  2068   09     0.021
  2068   10     0.170
  2068   11     0.781
  2068   12     2.782
  2069   01     6.503
  2069   02     9.182
  2069   03     9.930
  2069   04     9.251
  2069   05     6.966
  2069   06     3.236
  2069   07     0.307
  2069   08     0.013
  2069   09     0.008
  2069   10     0.125
  2069   11     0.689
  2069   12     2.967
  2070   01     5.828
  2070   02     8.870
  2070   03     9.938
  2070   04     9.291
  2070   05     7.581
  2070   06     3.604
  2070   07     0.517
  2070   08     0.056
  2070   09     0.034
  2070   10     0.143
  2070   11     0.542
  2070   12     2.546
  2071   01     6.253
  2071   02     9.419
  2071   03    10.338
  2071   04     9.601
  2071   05     7.151
  2071   06     4.056
  2071   07     0.312
  2071   08     0.006
  2071   09     0.000
  2071   10     0.056
  2071   11     0.402
  2071   12     2.262
  2072   01     6.956
  2072   02     9.391
  2072   03    10.014
  2072   04     9.413
  2072   05     7.790
  2072   06     4.808
  2072   07     0.739
  2072   08     0.067
  2072   09     0.065
  2072   10     0.233
  2072   11     0.561
  2072   12     3.170
  2073   01     6.244
  2073   02     8.524
  2073   03     9.152
  2073   04     8.774
  2073   05     7.448
  2073   06     3.513
  2073   07     0.162
  2073   08     0.045
  2073   09     0.042
  2073   10     0.108
  2073   11     0.488
  2073   12     2.436
  2074   01     5.245
  2074   02     7.853
  2074   03     8.955
  2074   04     8.662
  2074   05     6.956
  2074   06     3.156
  2074   07     0.147
  2074   08     0.009
  2074   09     0.000
  2074   10     0.028
  2074   11     0.306
  2074   12     1.723
  2075   01     4.607
  2075   02     7.436
  2075   03     8.475
  2075   04     7.949
  2075   05     6.623
  2075   06     3.264
  2075   07     0.094
  2075   08     0.000
  2075   09     0.000
  2075   10     0.037
  2075   11     0.297
  2075   12     1.972
  2076   01     4.460
  2076   02     7.209
  2076   03     8.193
  2076   04     7.521
  2076   05     6.204
  2076   06     3.167
  2076   07     0.063
  2076   08     0.000
  2076   09     0.000
  2076   10     0.075
  2076   11     0.323
  2076   12     2.013
  2077   01     4.558
  2077   02     7.420
  2077   03     8.493
  2077   04     7.255
  2077   05     4.785
  2077   06     1.790
  2077   07     0.208
  2077   08     0.026
  2077   09     0.000
  2077   10     0.032
  2077   11     0.266
  2077   12     1.682
  2078   01     3.890
  2078   02     5.401
  2078   03     6.423
  2078   04     5.642
  2078   05     4.007
  2078   06     1.499
  2078   07     0.223
  2078   08     0.000
  2078   09     0.000
  2078   10     0.042
  2078   11     0.144
  2078   12     1.504
  2079   01     3.660
  2079   02     5.271
  2079   03     7.176
  2079   04     6.327
  2079   05     4.014
  2079   06     0.950
  2079   07     0.070
  2079   08     0.004
  2079   09     0.000
  2079   10     0.040
  2079   11     0.128
  2079   12     1.268
  2080   01     3.381
  2080   02     5.379
  2080   03     6.353
  2080   04     6.019
  2080   05     4.020
  2080   06     1.582
  2080   07     0.085
  2080   08     0.006
  2080   09     0.002
  2080   10     0.000
  2080   11     0.108
  2080   12     1.625
  2081   01     4.094
  2081   02     5.769
  2081   03     7.617
  2081   04     6.886
  2081   05     4.532
  2081   06     1.003
  2081   07     0.004
  2081   08     0.000
  2081   09     0.000
  2081   10     0.021
  2081   11     0.155
  2081   12     1.150
  2082   01     3.606
  2082   02     6.266
  2082   03     7.560
  2082   04     7.144
  2082   05     5.195
  2082   06     1.671
  2082   07     0.036
  2082   08     0.008
  2082   09     0.002
  2082   10     0.039
  2082   11     0.212
  2082   12     1.560
  2083   01     3.732
  2083   02     5.751
  2083   03     7.665
  2083   04     7.043
  2083   05     4.990
  2083   06     1.774
  2083   07     0.075
  2083   08     0.000
  2083   09     0.000
  2083   10     0.028
  2083   11     0.074
  2083   12     1.373
  2084   01     3.387
  2084   02     5.037
  2084   03     5.447
  2084   04     4.884
  2084   05     3.384
  2084   06     1.352
  2084   07     0.035
  2084   08     0.004
  2084   09     0.000
  2084   10     0.007
  2084   11     0.072
  2084   12     0.961
  2085   01     2.953
  2085   02     4.986
  2085   03     5.682
  2085   04     5.773
  2085   05     3.676
  2085   06     1.311
  2085   07     0.076
  2085   08     0.002
  2085   09     0.000
  2085   10     0.016
  2085   11     0.142
  2085   12     1.296
  2086   01     3.285
  2086   02     4.996
  2086   03     6.288
  2086   04     5.755
  2086   05     3.830
  2086   06     1.329
  2086   07     0.092
  2086   08     0.003
  2086   09     0.000
  2086   10     0.026
  2086   11     0.071
  2086   12     0.816
  2087   01     3.049
  2087   02     4.270
  2087   03     5.220
  2087   04     4.711
  2087   05     3.139
  2087   06     0.701
  2087   07     0.062
  2087   08     0.000
  2087   09     0.000
  2087   10     0.014
  2087   11     0.078
  2087   12     0.876
  2088   01     2.832
  2088   02     4.358
  2088   03     4.986
  2088   04     4.425
  2088   05     3.189
  2088   06     0.547
  2088   07     0.029
  2088   08     0.000
  2088   09     0.000
  2088   10     0.035
  2088   11     0.101
  2088   12     0.631
  2089   01     2.035
  2089   02     3.742
  2089   03     4.464
  2089   04     4.110
  2089   05     2.515
  2089   06     0.531
  2089   07     0.015
  2089   08     0.002
  2089   09     0.000
  2089   10     0.035
  2089   11     0.096
  2089   12     0.604
  2090   01     2.092
  2090   02     3.965
  2090   03     4.781
  2090   04     4.298
  2090   05     2.907
  2090   06     0.559
  2090   07     0.016
  2090   08     0.000
  2090   09     0.000
  2090   10     0.000
  2090   11     0.037
  2090   12     0.407
  2091   01     2.655
  2091   02     3.719
  2091   03     4.672
  2091   04     4.149
  2091   05     2.690
  2091   06     0.487
  2091   07     0.008
  2091   08     0.000
  2091   09     0.000
  2091   10     0.000
  2091   11     0.047
  2091   12     0.689
  2092   01     2.112
  2092   02     3.685
  2092   03     4.609
  2092   04     4.385
  2092   05     2.802
  2092   06     0.472
  2092   07     0.023
  2092   08     0.004
  2092   09     0.000
  2092   10     0.030
  2092   11     0.119
  2092   12     0.683
  2093   01     2.162
  2093   02     3.055
  2093   03     4.366
  2093   04     3.757
  2093   05     2.538
  2093   06     0.637
  2093   07     0.007
  2093   08     0.000
  2093   09     0.000
  2093   10     0.000
  2093   11     0.061
  2093   12     0.401
  2094   01     2.241
  2094   02     4.109
  2094   03     4.650
  2094   04     4.310
  2094   05     2.984
  2094   06     0.662
  2094   07     0.058
  2094   08     0.002
  2094   09     0.000
  2094   10     0.000
  2094   11     0.093
  2094   12     0.928
  2095   01     2.557
  2095   02     4.082
  2095   03     4.907
  2095   04     4.458
  2095   05     2.899
  2095   06     0.799
  2095   07     0.013
  2095   08     0.000
  2095   09     0.000
  2095   10     0.000
  2095   11     0.083
  2095   12     0.457
  2096   01     2.134
  2096   02     3.661
  2096   03     4.260
  2096   04     3.384
  2096   05     2.384
  2096   06     0.596
  2096   07     0.063
  2096   08     0.009
  2096   09     0.000
  2096   10     0.000
  2096   11     0.147
  2096   12     0.692
  2097   01     2.243
  2097   02     3.082
  2097   03     3.630
  2097   04     3.505
  2097   05     2.291
  2097   06     0.256
  2097   07     0.005
  2097   08     0.000
  2097   09     0.000
  2097   10     0.000
  2097   11     0.000
  2097   12     0.529
  2098   01     2.343
  2098   02     3.502
  2098   03     4.078
  2098   04     3.358
  2098   05     2.386
  2098   06     0.409
  2098   07     0.010
  2098   08     0.000
  2098   09     0.000
  2098   10     0.000
  2098   11     0.026
  2098   12     0.460
  2099   01     1.894
  2099   02     3.238
  2099   03     3.940
  2099   04     3.638
  2099   05     2.366
  2099   06     0.505
  2099   07     0.002
  2099   08     0.000
  2099   09     0.000
  2099   10     0.000
  2099   11     0.047
  2099   12     0.446
  2100   01     2.193
  2100   02     3.694
  2100   03     4.148
  2100   04     3.840
  2100   05     2.786
  2100   06     0.441
  2100   07     0.065
  2100   08     0.000
  2100   09     0.000
  2100   10     0.000
  2100   11     0.098
  2100   12     0.618
