  1850   01    19.665
  1850   02    20.421
  1850   03    20.531
  1850   04    19.497
  1850   05    17.717
  1850   06    15.142
  1850   07    12.033
  1850   08    10.457
  1850   09    10.691
  1850   10    12.271
  1850   11    15.088
  1850   12    17.170
  1851   01    19.100
  1851   02    20.005
  1851   03    20.356
  1851   04    19.955
  1851   05    17.827
  1851   06    15.678
  1851   07    13.288
  1851   08    10.857
  1851   09    11.186
  1851   10    12.725
  1851   11    15.216
  1851   12    17.525
  1852   01    19.012
  1852   02    20.031
  1852   03    20.251
  1852   04    19.699
  1852   05    18.172
  1852   06    14.981
  1852   07    13.436
  1852   08    11.352
  1852   09    11.480
  1852   10    12.541
  1852   11    14.424
  1852   12    16.983
  1853   01    18.431
  1853   02    19.750
  1853   03    20.099
  1853   04    19.492
  1853   05    17.863
  1853   06    14.844
  1853   07    12.613
  1853   08    10.387
  1853   09    10.432
  1853   10    11.712
  1853   11    14.101
  1853   12    16.307
  1854   01    17.848
  1854   02    19.091
  1854   03    19.817
  1854   04    19.323
  1854   05    17.820
  1854   06    15.617
  1854   07    12.200
  1854   08    10.332
  1854   09    10.566
  1854   10    12.313
  1854   11    14.580
  1854   12    17.081
  1855   01    18.227
  1855   02    19.179
  1855   03    19.409
  1855   04    19.231
  1855   05    17.500
  1855   06    14.840
  1855   07    12.708
  1855   08    10.090
  1855   09     9.973
  1855   10    11.898
  1855   11    14.362
  1855   12    16.805
  1856   01    18.463
  1856   02    19.303
  1856   03    19.518
  1856   04    18.300
  1856   05    16.930
  1856   06    14.759
  1856   07    11.790
  1856   08    10.577
  1856   09    10.796
  1856   10    12.524
  1856   11    15.001
  1856   12    16.897
  1857   01    18.462
  1857   02    19.411
  1857   03    19.873
  1857   04    19.151
  1857   05    17.201
  1857   06    15.448
  1857   07    12.709
  1857   08    10.443
  1857   09    10.363
  1857   10    12.529
  1857   11    14.719
  1857   12    16.714
  1858   01    18.197
  1858   02    19.282
  1858   03    19.232
  1858   04    18.869
  1858   05    17.182
  1858   06    14.839
  1858   07    12.782
  1858   08    10.449
  1858   09    10.147
  1858   10    12.663
  1858   11    14.741
  1858   12    16.691
  1859   01    18.398
  1859   02    19.514
  1859   03    19.858
  1859   04    19.428
  1859   05    17.481
  1859   06    15.646
  1859   07    12.034
  1859   08     9.940
  1859   09     9.936
  1859   10    12.300
  1859   11    14.650
  1859   12    17.141
  1860   01    18.358
  1860   02    19.217
  1860   03    19.143
  1860   04    18.531
  1860   05    17.107
  1860   06    15.227
  1860   07    12.767
  1860   08     9.829
  1860   09     9.844
  1860   10    12.813
  1860   11    14.760
  1860   12    17.202
  1861   01    18.216
  1861   02    18.860
  1861   03    18.998
  1861   04    18.018
  1861   05    17.101
  1861   06    15.224
  1861   07    12.494
  1861   08     9.986
  1861   09     9.823
  1861   10    12.187
  1861   11    14.662
  1861   12    16.917
  1862   01    18.152
  1862   02    18.869
  1862   03    19.150
  1862   04    18.693
  1862   05    16.890
  1862   06    14.576
  1862   07    11.838
  1862   08     9.983
  1862   09     9.727
  1862   10    11.657
  1862   11    13.867
  1862   12    15.786
  1863   01    17.575
  1863   02    18.457
  1863   03    18.742
  1863   04    18.327
  1863   05    17.002
  1863   06    15.107
  1863   07    13.173
  1863   08    10.322
  1863   09    10.729
  1863   10    12.220
  1863   11    14.629
  1863   12    16.986
  1864   01    18.396
  1864   02    19.195
  1864   03    19.232
  1864   04    18.737
  1864   05    17.203
  1864   06    14.934
  1864   07    11.838
  1864   08     9.829
  1864   09     9.691
  1864   10    11.242
  1864   11    13.728
  1864   12    16.400
  1865   01    17.809
  1865   02    18.681
  1865   03    19.220
  1865   04    18.597
  1865   05    17.166
  1865   06    14.726
  1865   07    11.587
  1865   08     9.135
  1865   09     9.591
  1865   10    11.911
  1865   11    14.191
  1865   12    16.413
  1866   01    17.917
  1866   02    18.758
  1866   03    19.249
  1866   04    18.292
  1866   05    16.501
  1866   06    13.942
  1866   07    11.195
  1866   08     8.699
  1866   09     8.633
  1866   10    11.113
  1866   11    13.665
  1866   12    16.078
  1867   01    17.907
  1867   02    18.854
  1867   03    19.158
  1867   04    18.770
  1867   05    16.825
  1867   06    14.777
  1867   07    11.564
  1867   08     9.434
  1867   09     9.416
  1867   10    11.768
  1867   11    14.091
  1867   12    15.930
  1868   01    17.673
  1868   02    18.789
  1868   03    19.323
  1868   04    18.357
  1868   05    17.069
  1868   06    14.662
  1868   07    11.559
  1868   08     8.296
  1868   09     7.619
  1868   10    11.364
  1868   11    13.909
  1868   12    16.187
  1869   01    17.342
  1869   02    18.216
  1869   03    18.755
  1869   04    18.471
  1869   05    16.626
  1869   06    14.697
  1869   07    12.372
  1869   08     9.461
  1869   09     9.511
  1869   10    11.662
  1869   11    13.407
  1869   12    15.741
  1870   01    17.056
  1870   02    18.040
  1870   03    18.581
  1870   04    18.303
  1870   05    16.761
  1870   06    13.900
  1870   07    11.194
  1870   08     9.140
  1870   09     9.067
  1870   10    10.700
  1870   11    13.270
  1870   12    15.968
  1871   01    17.201
  1871   02    18.083
  1871   03    18.728
  1871   04    18.204
  1871   05    16.163
  1871   06    13.526
  1871   07    10.623
  1871   08     7.541
  1871   09     8.075
  1871   10    10.420
  1871   11    13.028
  1871   12    15.113
  1872   01    17.168
  1872   02    18.044
  1872   03    18.462
  1872   04    18.025
  1872   05    15.890
  1872   06    13.942
  1872   07    11.435
  1872   08     9.390
  1872   09     9.338
  1872   10    11.521
  1872   11    13.253
  1872   12    15.130
  1873   01    16.845
  1873   02    17.930
  1873   03    18.443
  1873   04    17.582
  1873   05    16.475
  1873   06    14.178
  1873   07    10.759
  1873   08     9.452
  1873   09     9.628
  1873   10    11.332
  1873   11    13.114
  1873   12    15.787
  1874   01    17.155
  1874   02    18.448
  1874   03    18.736
  1874   04    17.982
  1874   05    16.246
  1874   06    14.315
  1874   07    11.394
  1874   08     8.886
  1874   09     8.964
  1874   10    11.092
  1874   11    13.577
  1874   12    15.913
  1875   01    17.595
  1875   02    18.589
  1875   03    19.067
  1875   04    17.767
  1875   05    16.118
  1875   06    13.946
  1875   07    11.024
  1875   08     8.495
  1875   09     8.176
  1875   10    11.122
  1875   11    13.506
  1875   12    15.499
  1876   01    17.149
  1876   02    17.996
  1876   03    18.195
  1876   04    17.598
  1876   05    15.792
  1876   06    13.203
  1876   07    10.657
  1876   08     8.077
  1876   09     8.125
  1876   10    10.674
  1876   11    13.191
  1876   12    15.495
  1877   01    16.642
  1877   02    17.409
  1877   03    17.897
  1877   04    17.585
  1877   05    15.865
  1877   06    13.370
  1877   07    10.635
  1877   08     8.677
  1877   09     8.379
  1877   10    10.897
  1877   11    13.321
  1877   12    15.444
  1878   01    16.761
  1878   02    17.625
  1878   03    18.139
  1878   04    17.525
  1878   05    15.990
  1878   06    13.775
  1878   07    10.635
  1878   08     8.048
  1878   09     8.572
  1878   10    11.008
  1878   11    13.332
  1878   12    15.749
  1879   01    17.466
  1879   02    18.209
  1879   03    18.130
  1879   04    17.470
  1879   05    16.166
  1879   06    13.823
  1879   07    10.933
  1879   08     9.349
  1879   09     9.116
  1879   10    10.875
  1879   11    12.932
  1879   12    15.349
  1880   01    16.648
  1880   02    17.260
  1880   03    17.524
  1880   04    17.169
  1880   05    15.670
  1880   06    13.180
  1880   07    10.297
  1880   08     8.570
  1880   09     8.515
  1880   10    10.704
  1880   11    12.895
  1880   12    14.871
  1881   01    16.626
  1881   02    17.139
  1881   03    17.437
  1881   04    16.947
  1881   05    15.420
  1881   06    13.445
  1881   07    11.381
  1881   08     9.669
  1881   09     9.909
  1881   10    11.145
  1881   11    13.010
  1881   12    15.338
  1882   01    16.346
  1882   02    17.133
  1882   03    17.632
  1882   04    17.128
  1882   05    15.990
  1882   06    14.086
  1882   07    12.192
  1882   08     9.548
  1882   09     9.933
  1882   10    11.865
  1882   11    14.021
  1882   12    15.962
  1883   01    17.121
  1883   02    17.788
  1883   03    17.771
  1883   04    17.599
  1883   05    15.994
  1883   06    14.091
  1883   07    11.224
  1883   08     9.429
  1883   09     9.636
  1883   10    11.883
  1883   11    14.725
  1883   12    16.328
  1884   01    17.750
  1884   02    18.507
  1884   03    18.495
  1884   04    18.066
  1884   05    16.152
  1884   06    14.205
  1884   07    11.766
  1884   08     8.598
  1884   09     8.649
  1884   10    11.370
  1884   11    13.312
  1884   12    15.720
  1885   01    17.011
  1885   02    17.848
  1885   03    18.315
  1885   04    17.709
  1885   05    16.200
  1885   06    13.929
  1885   07    11.762
  1885   08     9.438
  1885   09     9.708
  1885   10    11.373
  1885   11    13.292
  1885   12    16.030
  1886   01    17.013
  1886   02    17.931
  1886   03    18.153
  1886   04    17.555
  1886   05    15.944
  1886   06    14.421
  1886   07    11.339
  1886   08     8.784
  1886   09     9.302
  1886   10    11.189
  1886   11    13.684
  1886   12    15.700
  1887   01    17.103
  1887   02    17.998
  1887   03    17.983
  1887   04    17.313
  1887   05    16.411
  1887   06    13.986
  1887   07    10.774
  1887   08     8.984
  1887   09     9.772
  1887   10    11.666
  1887   11    13.993
  1887   12    16.152
  1888   01    17.393
  1888   02    17.976
  1888   03    18.171
  1888   04    17.549
  1888   05    16.745
  1888   06    14.392
  1888   07    11.414
  1888   08     9.547
  1888   09     9.952
  1888   10    11.597
  1888   11    13.791
  1888   12    16.060
  1889   01    17.289
  1889   02    17.863
  1889   03    18.210
  1889   04    17.571
  1889   05    16.373
  1889   06    14.059
  1889   07    10.929
  1889   08     9.060
  1889   09     9.043
  1889   10    11.152
  1889   11    13.151
  1889   12    15.495
  1890   01    17.048
  1890   02    17.634
  1890   03    18.228
  1890   04    17.739
  1890   05    16.445
  1890   06    14.035
  1890   07    11.114
  1890   08     9.090
  1890   09     9.750
  1890   10    11.399
  1890   11    13.530
  1890   12    16.181
  1891   01    17.644
  1891   02    18.775
  1891   03    18.958
  1891   04    18.539
  1891   05    16.022
  1891   06    13.280
  1891   07    11.353
  1891   08     9.410
  1891   09    10.192
  1891   10    11.988
  1891   11    13.977
  1891   12    15.916
  1892   01    17.726
  1892   02    18.639
  1892   03    18.555
  1892   04    18.302
  1892   05    16.406
  1892   06    13.845
  1892   07    11.391
  1892   08    10.078
  1892   09     9.803
  1892   10    12.034
  1892   11    13.959
  1892   12    16.039
  1893   01    17.618
  1893   02    18.602
  1893   03    18.731
  1893   04    18.465
  1893   05    16.817
  1893   06    14.476
  1893   07    11.393
  1893   08     8.937
  1893   09     8.959
  1893   10    10.812
  1893   11    13.434
  1893   12    15.648
  1894   01    17.350
  1894   02    18.312
  1894   03    18.735
  1894   04    18.586
  1894   05    16.787
  1894   06    14.264
  1894   07    11.308
  1894   08     8.424
  1894   09     8.964
  1894   10    11.244
  1894   11    13.926
  1894   12    15.977
  1895   01    17.758
  1895   02    18.716
  1895   03    18.788
  1895   04    18.279
  1895   05    16.725
  1895   06    14.609
  1895   07    12.440
  1895   08     9.975
  1895   09    10.026
  1895   10    11.835
  1895   11    14.338
  1895   12    16.375
  1896   01    17.900
  1896   02    18.669
  1896   03    18.990
  1896   04    18.555
  1896   05    16.776
  1896   06    14.444
  1896   07    10.800
  1896   08     9.473
  1896   09     9.431
  1896   10    11.178
  1896   11    13.735
  1896   12    16.233
  1897   01    17.815
  1897   02    18.780
  1897   03    18.820
  1897   04    18.104
  1897   05    16.617
  1897   06    13.818
  1897   07    10.976
  1897   08     9.897
  1897   09    10.293
  1897   10    11.441
  1897   11    13.324
  1897   12    15.167
  1898   01    16.895
  1898   02    17.794
  1898   03    18.080
  1898   04    17.389
  1898   05    15.684
  1898   06    13.391
  1898   07    11.016
  1898   08     7.964
  1898   09     8.226
  1898   10    10.655
  1898   11    12.808
  1898   12    15.254
  1899   01    16.718
  1899   02    17.841
  1899   03    18.273
  1899   04    17.634
  1899   05    16.063
  1899   06    14.090
  1899   07    11.475
  1899   08     9.064
  1899   09     8.834
  1899   10    11.204
  1899   11    13.455
  1899   12    15.487
  1900   01    16.900
  1900   02    17.928
  1900   03    18.588
  1900   04    18.179
  1900   05    16.440
  1900   06    13.832
  1900   07    10.505
  1900   08     8.674
  1900   09     8.568
  1900   10    10.817
  1900   11    12.820
  1900   12    15.345
  1901   01    17.272
  1901   02    18.435
  1901   03    18.828
  1901   04    18.010
  1901   05    16.372
  1901   06    14.221
  1901   07    11.196
  1901   08     8.824
  1901   09     8.695
  1901   10    10.962
  1901   11    13.279
  1901   12    15.531
  1902   01    17.092
  1902   02    18.163
  1902   03    18.757
  1902   04    17.677
  1902   05    15.797
  1902   06    13.781
  1902   07    11.182
  1902   08     9.575
  1902   09     9.704
  1902   10    11.340
  1902   11    13.264
  1902   12    15.563
  1903   01    16.966
  1903   02    17.787
  1903   03    18.266
  1903   04    18.057
  1903   05    16.127
  1903   06    14.290
  1903   07    12.441
  1903   08    10.034
  1903   09     9.909
  1903   10    12.043
  1903   11    13.635
  1903   12    16.163
  1904   01    17.775
  1904   02    18.947
  1904   03    19.341
  1904   04    18.112
  1904   05    16.804
  1904   06    14.300
  1904   07    10.783
  1904   08     8.937
  1904   09     8.789
  1904   10    10.791
  1904   11    13.460
  1904   12    15.873
  1905   01    17.650
  1905   02    19.009
  1905   03    19.404
  1905   04    19.129
  1905   05    17.279
  1905   06    14.599
  1905   07    11.092
  1905   08     8.504
  1905   09     8.861
  1905   10    11.740
  1905   11    14.167
  1905   12    16.674
  1906   01    18.022
  1906   02    18.627
  1906   03    19.138
  1906   04    18.338
  1906   05    16.817
  1906   06    15.188
  1906   07    11.972
  1906   08     9.278
  1906   09     9.336
  1906   10    11.278
  1906   11    13.935
  1906   12    16.248
  1907   01    17.792
  1907   02    18.558
  1907   03    18.883
  1907   04    18.503
  1907   05    17.000
  1907   06    14.711
  1907   07    11.500
  1907   08     9.626
  1907   09     9.542
  1907   10    11.871
  1907   11    14.354
  1907   12    16.749
  1908   01    17.691
  1908   02    18.749
  1908   03    18.788
  1908   04    18.336
  1908   05    16.594
  1908   06    14.215
  1908   07    11.300
  1908   08     9.790
  1908   09     9.726
  1908   10    11.818
  1908   11    14.019
  1908   12    16.222
  1909   01    17.771
  1909   02    18.728
  1909   03    18.745
  1909   04    18.182
  1909   05    16.525
  1909   06    14.177
  1909   07    11.781
  1909   08     9.700
  1909   09     9.867
  1909   10    11.612
  1909   11    13.482
  1909   12    15.659
  1910   01    17.543
  1910   02    18.594
  1910   03    19.088
  1910   04    18.395
  1910   05    16.685
  1910   06    14.237
  1910   07    11.385
  1910   08     8.794
  1910   09     8.423
  1910   10    11.147
  1910   11    13.399
  1910   12    15.598
  1911   01    17.326
  1911   02    18.153
  1911   03    18.430
  1911   04    17.992
  1911   05    16.434
  1911   06    14.296
  1911   07    11.626
  1911   08     8.693
  1911   09     8.240
  1911   10    10.830
  1911   11    13.745
  1911   12    15.651
  1912   01    16.780
  1912   02    18.025
  1912   03    18.582
  1912   04    17.738
  1912   05    16.038
  1912   06    13.518
  1912   07    11.693
  1912   08     8.435
  1912   09     8.352
  1912   10    10.736
  1912   11    12.993
  1912   12    15.700
  1913   01    16.598
  1913   02    17.435
  1913   03    17.903
  1913   04    17.474
  1913   05    15.704
  1913   06    13.489
  1913   07    10.548
  1913   08     8.372
  1913   09     8.482
  1913   10    10.339
  1913   11    13.077
  1913   12    14.973
  1914   01    16.613
  1914   02    17.546
  1914   03    17.684
  1914   04    17.429
  1914   05    15.897
  1914   06    14.221
  1914   07    10.958
  1914   08     8.557
  1914   09     8.774
  1914   10    10.694
  1914   11    13.063
  1914   12    15.482
  1915   01    16.993
  1915   02    17.753
  1915   03    18.208
  1915   04    17.603
  1915   05    16.143
  1915   06    14.313
  1915   07    11.760
  1915   08     9.302
  1915   09     9.860
  1915   10    11.649
  1915   11    13.651
  1915   12    15.883
  1916   01    17.575
  1916   02    18.465
  1916   03    18.710
  1916   04    17.751
  1916   05    16.756
  1916   06    14.626
  1916   07    12.207
  1916   08    10.052
  1916   09    10.296
  1916   10    11.874
  1916   11    14.149
  1916   12    16.328
  1917   01    17.609
  1917   02    18.067
  1917   03    18.475
  1917   04    18.124
  1917   05    16.439
  1917   06    15.090
  1917   07    11.710
  1917   08     9.010
  1917   09     8.782
  1917   10    11.429
  1917   11    14.017
  1917   12    16.158
  1918   01    17.531
  1918   02    18.537
  1918   03    18.721
  1918   04    17.947
  1918   05    16.065
  1918   06    13.961
  1918   07    11.025
  1918   08     8.984
  1918   09     9.349
  1918   10    11.404
  1918   11    13.636
  1918   12    15.666
  1919   01    17.282
  1919   02    18.210
  1919   03    18.372
  1919   04    18.061
  1919   05    16.352
  1919   06    13.907
  1919   07    10.888
  1919   08     8.823
  1919   09     8.546
  1919   10    11.333
  1919   11    13.411
  1919   12    15.920
  1920   01    17.143
  1920   02    18.005
  1920   03    18.375
  1920   04    17.753
  1920   05    16.613
  1920   06    13.829
  1920   07    11.021
  1920   08     8.857
  1920   09     8.660
  1920   10    11.478
  1920   11    13.561
  1920   12    15.515
  1921   01    16.849
  1921   02    17.965
  1921   03    18.176
  1921   04    17.536
  1921   05    16.038
  1921   06    13.996
  1921   07    11.368
  1921   08     8.904
  1921   09     9.156
  1921   10    11.615
  1921   11    13.649
  1921   12    15.575
  1922   01    17.284
  1922   02    17.974
  1922   03    17.788
  1922   04    17.287
  1922   05    16.228
  1922   06    14.269
  1922   07    11.787
  1922   08     9.555
  1922   09     9.960
  1922   10    11.739
  1922   11    13.922
  1922   12    15.928
  1923   01    17.310
  1923   02    17.801
  1923   03    18.015
  1923   04    17.555
  1923   05    16.300
  1923   06    13.946
  1923   07    11.574
  1923   08     9.215
  1923   09     9.134
  1923   10    11.017
  1923   11    12.885
  1923   12    15.115
  1924   01    16.533
  1924   02    17.448
  1924   03    17.682
  1924   04    16.886
  1924   05    15.599
  1924   06    13.849
  1924   07    11.311
  1924   08     8.174
  1924   09     8.800
  1924   10    11.125
  1924   11    12.900
  1924   12    15.595
  1925   01    16.701
  1925   02    17.570
  1925   03    17.864
  1925   04    17.336
  1925   05    15.662
  1925   06    13.545
  1925   07    10.885
  1925   08     9.161
  1925   09     9.134
  1925   10    11.197
  1925   11    13.661
  1925   12    15.874
  1926   01    17.311
  1926   02    18.071
  1926   03    18.001
  1926   04    17.877
  1926   05    15.774
  1926   06    14.012
  1926   07    10.925
  1926   08     8.909
  1926   09     9.035
  1926   10    10.980
  1926   11    13.351
  1926   12    16.059
  1927   01    17.557
  1927   02    18.275
  1927   03    18.662
  1927   04    17.805
  1927   05    16.317
  1927   06    14.120
  1927   07    10.938
  1927   08     8.933
  1927   09     9.313
  1927   10    11.276
  1927   11    13.513
  1927   12    15.676
  1928   01    17.069
  1928   02    17.943
  1928   03    18.242
  1928   04    17.555
  1928   05    16.138
  1928   06    13.509
  1928   07    11.550
  1928   08     9.245
  1928   09     9.235
  1928   10    11.395
  1928   11    13.690
  1928   12    15.744
  1929   01    16.913
  1929   02    17.715
  1929   03    18.141
  1929   04    17.563
  1929   05    15.764
  1929   06    14.290
  1929   07    11.650
  1929   08    10.098
  1929   09    10.530
  1929   10    11.827
  1929   11    14.093
  1929   12    15.995
  1930   01    17.378
  1930   02    18.206
  1930   03    18.716
  1930   04    18.016
  1930   05    16.747
  1930   06    14.710
  1930   07    11.013
  1930   08     9.142
  1930   09     9.516
  1930   10    11.254
  1930   11    14.045
  1930   12    16.089
  1931   01    17.349
  1931   02    17.998
  1931   03    18.428
  1931   04    17.847
  1931   05    16.431
  1931   06    14.046
  1931   07    11.581
  1931   08     9.815
  1931   09     9.820
  1931   10    12.153
  1931   11    14.099
  1931   12    16.226
  1932   01    17.679
  1932   02    18.529
  1932   03    18.695
  1932   04    18.068
  1932   05    16.356
  1932   06    14.704
  1932   07    12.264
  1932   08    10.447
  1932   09    10.676
  1932   10    12.428
  1932   11    14.592
  1932   12    16.549
  1933   01    17.866
  1933   02    18.649
  1933   03    18.560
  1933   04    18.041
  1933   05    16.965
  1933   06    14.792
  1933   07    11.721
  1933   08     9.092
  1933   09     9.583
  1933   10    12.311
  1933   11    14.532
  1933   12    16.673
  1934   01    17.769
  1934   02    18.476
  1934   03    18.677
  1934   04    17.897
  1934   05    16.522
  1934   06    14.425
  1934   07    11.744
  1934   08     8.853
  1934   09     9.101
  1934   10    11.033
  1934   11    13.699
  1934   12    16.189
  1935   01    17.569
  1935   02    18.487
  1935   03    18.511
  1935   04    17.870
  1935   05    16.202
  1935   06    14.124
  1935   07    11.956
  1935   08     9.212
  1935   09     9.595
  1935   10    12.060
  1935   11    14.378
  1935   12    16.309
  1936   01    18.112
  1936   02    18.690
  1936   03    18.959
  1936   04    17.696
  1936   05    16.454
  1936   06    14.372
  1936   07    11.486
  1936   08     9.389
  1936   09     9.163
  1936   10    11.303
  1936   11    13.192
  1936   12    15.428
  1937   01    16.730
  1937   02    17.458
  1937   03    18.075
  1937   04    17.093
  1937   05    15.721
  1937   06    14.142
  1937   07    10.875
  1937   08     8.917
  1937   09     8.776
  1937   10    10.922
  1937   11    13.405
  1937   12    15.652
  1938   01    16.920
  1938   02    17.675
  1938   03    18.080
  1938   04    18.029
  1938   05    16.797
  1938   06    14.326
  1938   07    10.550
  1938   08     9.195
  1938   09     9.258
  1938   10    11.126
  1938   11    13.761
  1938   12    16.000
  1939   01    17.799
  1939   02    18.486
  1939   03    18.581
  1939   04    17.996
  1939   05    16.615
  1939   06    14.142
  1939   07    11.038
  1939   08     9.526
  1939   09     9.478
  1939   10    10.715
  1939   11    12.915
  1939   12    15.765
  1940   01    17.058
  1940   02    17.585
  1940   03    17.668
  1940   04    17.200
  1940   05    15.246
  1940   06    12.163
  1940   07     9.350
  1940   08     8.143
  1940   09     8.408
  1940   10    10.149
  1940   11    12.369
  1940   12    14.885
  1941   01    16.500
  1941   02    17.100
  1941   03    17.566
  1941   04    17.101
  1941   05    15.306
  1941   06    13.467
  1941   07    10.926
  1941   08     8.892
  1941   09     8.890
  1941   10    10.907
  1941   11    12.957
  1941   12    14.717
  1942   01    16.197
  1942   02    17.524
  1942   03    17.586
  1942   04    16.729
  1942   05    15.501
  1942   06    13.238
  1942   07    10.930
  1942   08     8.456
  1942   09     8.550
  1942   10    10.476
  1942   11    12.233
  1942   12    14.950
  1943   01    16.539
  1943   02    17.570
  1943   03    17.882
  1943   04    17.297
  1943   05    15.718
  1943   06    13.255
  1943   07    10.645
  1943   08     8.984
  1943   09     8.994
  1943   10    10.787
  1943   11    12.263
  1943   12    15.017
  1944   01    16.457
  1944   02    17.180
  1944   03    17.060
  1944   04    16.603
  1944   05    15.346
  1944   06    13.500
  1944   07     9.974
  1944   08     7.586
  1944   09     7.744
  1944   10    10.235
  1944   11    12.900
  1944   12    14.946
  1945   01    16.251
  1945   02    17.024
  1945   03    17.450
  1945   04    16.551
  1945   05    15.424
  1945   06    13.930
  1945   07    10.805
  1945   08     9.327
  1945   09     9.726
  1945   10    11.518
  1945   11    13.217
  1945   12    15.234
  1946   01    16.954
  1946   02    17.661
  1946   03    17.914
  1946   04    17.299
  1946   05    16.072
  1946   06    13.347
  1946   07    10.785
  1946   08     8.707
  1946   09     8.837
  1946   10    10.425
  1946   11    12.947
  1946   12    14.910
  1947   01    16.582
  1947   02    17.566
  1947   03    17.833
  1947   04    17.264
  1947   05    15.587
  1947   06    13.651
  1947   07    10.972
  1947   08     9.181
  1947   09     9.514
  1947   10    11.265
  1947   11    13.223
  1947   12    15.358
  1948   01    16.764
  1948   02    17.825
  1948   03    17.993
  1948   04    17.316
  1948   05    15.841
  1948   06    13.517
  1948   07    10.598
  1948   08     8.290
  1948   09     8.903
  1948   10    11.044
  1948   11    13.320
  1948   12    14.948
  1949   01    16.159
  1949   02    17.209
  1949   03    17.658
  1949   04    16.753
  1949   05    15.345
  1949   06    12.978
  1949   07    10.408
  1949   08     8.471
  1949   09     8.709
  1949   10    10.405
  1949   11    12.616
  1949   12    15.060
  1950   01    16.464
  1950   02    17.288
  1950   03    17.689
  1950   04    16.535
  1950   05    15.391
  1950   06    13.557
  1950   07    11.295
  1950   08     8.909
  1950   09     8.941
  1950   10    11.033
  1950   11    13.035
  1950   12    15.309
  1951   01    16.300
  1951   02    17.121
  1951   03    17.170
  1951   04    16.562
  1951   05    15.086
  1951   06    12.704
  1951   07    10.170
  1951   08     8.251
  1951   09     8.118
  1951   10    10.200
  1951   11    12.536
  1951   12    14.517
  1952   01    16.104
  1952   02    16.854
  1952   03    17.157
  1952   04    16.575
  1952   05    15.044
  1952   06    13.057
  1952   07    10.671
  1952   08     8.438
  1952   09     8.742
  1952   10    10.698
  1952   11    13.294
  1952   12    14.704
  1953   01    15.997
  1953   02    17.096
  1953   03    17.201
  1953   04    16.426
  1953   05    15.017
  1953   06    13.164
  1953   07     9.826
  1953   08     7.818
  1953   09     7.924
  1953   10     9.895
  1953   11    12.747
  1953   12    15.014
  1954   01    16.266
  1954   02    16.968
  1954   03    17.232
  1954   04    16.704
  1954   05    15.548
  1954   06    13.168
  1954   07    10.329
  1954   08     8.814
  1954   09     8.384
  1954   10    10.051
  1954   11    12.502
  1954   12    15.109
  1955   01    16.610
  1955   02    17.824
  1955   03    18.119
  1955   04    17.040
  1955   05    15.794
  1955   06    13.961
  1955   07    10.780
  1955   08     8.854
  1955   09     8.945
  1955   10    11.186
  1955   11    13.336
  1955   12    15.450
  1956   01    16.802
  1956   02    17.535
  1956   03    18.027
  1956   04    17.552
  1956   05    16.260
  1956   06    14.419
  1956   07    11.724
  1956   08    10.243
  1956   09    10.577
  1956   10    12.157
  1956   11    14.414
  1956   12    16.266
  1957   01    17.416
  1957   02    17.874
  1957   03    17.975
  1957   04    17.436
  1957   05    16.412
  1957   06    13.996
  1957   07    11.739
  1957   08     9.516
  1957   09     9.539
  1957   10    11.335
  1957   11    13.496
  1957   12    15.622
  1958   01    16.997
  1958   02    17.504
  1958   03    18.049
  1958   04    17.319
  1958   05    15.822
  1958   06    14.083
  1958   07    10.838
  1958   08     8.402
  1958   09     8.711
  1958   10    10.578
  1958   11    13.044
  1958   12    15.466
  1959   01    16.900
  1959   02    17.523
  1959   03    17.871
  1959   04    17.605
  1959   05    15.713
  1959   06    13.810
  1959   07    10.594
  1959   08     8.405
  1959   09     8.442
  1959   10    10.720
  1959   11    13.092
  1959   12    15.657
  1960   01    17.366
  1960   02    17.986
  1960   03    18.131
  1960   04    17.292
  1960   05    15.874
  1960   06    13.045
  1960   07     9.205
  1960   08     7.754
  1960   09     7.787
  1960   10    10.123
  1960   11    12.569
  1960   12    15.087
  1961   01    16.810
  1961   02    17.618
  1961   03    18.057
  1961   04    17.595
  1961   05    16.274
  1961   06    14.024
  1961   07    10.531
  1961   08     7.884
  1961   09     8.011
  1961   10    10.862
  1961   11    13.369
  1961   12    15.456
  1962   01    16.826
  1962   02    17.519
  1962   03    17.505
  1962   04    17.108
  1962   05    15.821
  1962   06    13.610
  1962   07    10.495
  1962   08     8.467
  1962   09     8.934
  1962   10    10.920
  1962   11    13.658
  1962   12    15.701
  1963   01    17.318
  1963   02    18.156
  1963   03    18.227
  1963   04    17.767
  1963   05    16.009
  1963   06    14.469
  1963   07    11.236
  1963   08     9.568
  1963   09     9.652
  1963   10    11.375
  1963   11    13.459
  1963   12    15.643
  1964   01    16.816
  1964   02    17.245
  1964   03    17.764
  1964   04    17.245
  1964   05    15.995
  1964   06    14.242
  1964   07    11.432
  1964   08     9.459
  1964   09     9.553
  1964   10    11.434
  1964   11    13.909
  1964   12    15.727
  1965   01    17.353
  1965   02    18.205
  1965   03    18.591
  1965   04    18.092
  1965   05    16.126
  1965   06    13.405
  1965   07    11.499
  1965   08     9.523
  1965   09    10.003
  1965   10    11.380
  1965   11    13.043
  1965   12    15.874
  1966   01    17.071
  1966   02    17.806
  1966   03    18.233
  1966   04    17.952
  1966   05    16.329
  1966   06    13.728
  1966   07    11.132
  1966   08     9.938
  1966   09     9.722
  1966   10    11.256
  1966   11    13.276
  1966   12    15.038
  1967   01    16.884
  1967   02    17.572
  1967   03    17.778
  1967   04    17.294
  1967   05    15.841
  1967   06    14.091
  1967   07    11.037
  1967   08     8.671
  1967   09     8.750
  1967   10    10.807
  1967   11    13.281
  1967   12    15.832
  1968   01    16.962
  1968   02    17.725
  1968   03    18.163
  1968   04    17.678
  1968   05    15.903
  1968   06    13.560
  1968   07    10.480
  1968   08     9.050
  1968   09     8.974
  1968   10    11.408
  1968   11    13.478
  1968   12    15.924
  1969   01    17.649
  1969   02    18.152
  1969   03    18.191
  1969   04    17.567
  1969   05    16.198
  1969   06    13.356
  1969   07    11.192
  1969   08     8.277
  1969   09     8.308
  1969   10    10.478
  1969   11    12.854
  1969   12    15.359
  1970   01    16.822
  1970   02    17.875
  1970   03    18.329
  1970   04    17.506
  1970   05    16.497
  1970   06    13.731
  1970   07    10.899
  1970   08     8.746
  1970   09     8.142
  1970   10    10.803
  1970   11    13.077
  1970   12    14.882
  1971   01    16.675
  1971   02    17.416
  1971   03    17.593
  1971   04    17.048
  1971   05    15.394
  1971   06    13.614
  1971   07    10.843
  1971   08     8.941
  1971   09     9.138
  1971   10    11.088
  1971   11    13.292
  1971   12    15.223
  1972   01    16.428
  1972   02    17.592
  1972   03    17.668
  1972   04    16.869
  1972   05    16.018
  1972   06    14.116
  1972   07    11.186
  1972   08     9.234
  1972   09     9.059
  1972   10    11.334
  1972   11    13.446
  1972   12    15.896
  1973   01    17.291
  1973   02    17.926
  1973   03    18.322
  1973   04    17.508
  1973   05    16.374
  1973   06    14.033
  1973   07    10.967
  1973   08     9.049
  1973   09     9.243
  1973   10    10.941
  1973   11    12.862
  1973   12    15.402
  1974   01    16.789
  1974   02    17.376
  1974   03    17.670
  1974   04    17.343
  1974   05    15.956
  1974   06    13.387
  1974   07    10.653
  1974   08     8.365
  1974   09     8.602
  1974   10    10.405
  1974   11    12.479
  1974   12    15.133
  1975   01    16.357
  1975   02    17.193
  1975   03    17.961
  1975   04    17.472
  1975   05    15.807
  1975   06    13.394
  1975   07     9.820
  1975   08     8.625
  1975   09     8.535
  1975   10    10.546
  1975   11    11.909
  1975   12    14.763
  1976   01    16.563
  1976   02    17.096
  1976   03    17.501
  1976   04    17.065
  1976   05    15.673
  1976   06    13.090
  1976   07     9.799
  1976   08     8.178
  1976   09     8.435
  1976   10    10.020
  1976   11    12.642
  1976   12    15.150
  1977   01    16.496
  1977   02    17.151
  1977   03    17.360
  1977   04    16.639
  1977   05    15.316
  1977   06    12.734
  1977   07     9.876
  1977   08     8.043
  1977   09     8.354
  1977   10     9.945
  1977   11    12.364
  1977   12    14.975
  1978   01    16.183
  1978   02    16.750
  1978   03    16.832
  1978   04    16.502
  1978   05    15.473
  1978   06    13.130
  1978   07    10.318
  1978   08     9.035
  1978   09     8.711
  1978   10    10.772
  1978   11    12.782
  1978   12    15.028
  1979   01    16.496
  1979   02    17.003
  1979   03    17.304
  1979   04    16.697
  1979   05    15.224
  1979   06    12.777
  1979   07     9.416
  1979   08     7.967
  1979   09     8.010
  1979   10     9.807
  1979   11    12.111
  1979   12    14.192
  1980   01    15.703
  1980   02    16.668
  1980   03    16.894
  1980   04    16.286
  1980   05    14.486
  1980   06    12.399
  1980   07     9.070
  1980   08     7.223
  1980   09     7.589
  1980   10     9.735
  1980   11    12.154
  1980   12    14.437
  1981   01    15.927
  1981   02    16.861
  1981   03    17.323
  1981   04    16.874
  1981   05    15.097
  1981   06    12.893
  1981   07    10.638
  1981   08     7.823
  1981   09     7.940
  1981   10    10.485
  1981   11    12.394
  1981   12    14.536
  1982   01    16.022
  1982   02    17.145
  1982   03    17.257
  1982   04    16.406
  1982   05    14.534
  1982   06    12.634
  1982   07     9.871
  1982   08     7.589
  1982   09     8.060
  1982   10     9.816
  1982   11    12.018
  1982   12    14.117
  1983   01    15.720
  1983   02    16.560
  1983   03    16.931
  1983   04    16.328
  1983   05    14.815
  1983   06    13.091
  1983   07    10.714
  1983   08     8.824
  1983   09     9.070
  1983   10    10.878
  1983   11    12.707
  1983   12    14.873
  1984   01    16.195
  1984   02    16.776
  1984   03    17.071
  1984   04    16.513
  1984   05    15.366
  1984   06    12.782
  1984   07     9.946
  1984   08     7.502
  1984   09     7.548
  1984   10    10.327
  1984   11    12.293
  1984   12    14.805
  1985   01    16.337
  1985   02    17.013
  1985   03    17.140
  1985   04    16.729
  1985   05    15.412
  1985   06    13.118
  1985   07    10.158
  1985   08     8.170
  1985   09     8.087
  1985   10    10.435
  1985   11    12.269
  1985   12    14.814
  1986   01    16.183
  1986   02    17.041
  1986   03    17.512
  1986   04    16.660
  1986   05    15.172
  1986   06    12.716
  1986   07     9.422
  1986   08     7.494
  1986   09     8.101
  1986   10     9.883
  1986   11    12.262
  1986   12    14.691
  1987   01    16.315
  1987   02    17.279
  1987   03    17.379
  1987   04    16.596
  1987   05    15.644
  1987   06    13.406
  1987   07    10.474
  1987   08     8.584
  1987   09     8.442
  1987   10    11.070
  1987   11    13.181
  1987   12    15.082
  1988   01    16.343
  1988   02    17.199
  1988   03    17.657
  1988   04    16.962
  1988   05    15.191
  1988   06    12.975
  1988   07     9.798
  1988   08     8.101
  1988   09     8.160
  1988   10    10.138
  1988   11    12.761
  1988   12    14.964
  1989   01    16.425
  1989   02    17.127
  1989   03    17.437
  1989   04    16.695
  1989   05    15.327
  1989   06    13.025
  1989   07     9.729
  1989   08     8.236
  1989   09     7.890
  1989   10    10.155
  1989   11    12.512
  1989   12    15.336
  1990   01    16.425
  1990   02    16.937
  1990   03    17.169
  1990   04    16.904
  1990   05    15.468
  1990   06    13.202
  1990   07     9.636
  1990   08     8.505
  1990   09     8.636
  1990   10    10.078
  1990   11    12.439
  1990   12    14.903
  1991   01    16.061
  1991   02    17.077
  1991   03    17.505
  1991   04    16.484
  1991   05    14.944
  1991   06    13.163
  1991   07    10.789
  1991   08     8.504
  1991   09     8.777
  1991   10    10.437
  1991   11    12.885
  1991   12    14.793
  1992   01    16.386
  1992   02    17.192
  1992   03    17.426
  1992   04    16.860
  1992   05    15.110
  1992   06    12.559
  1992   07    10.272
  1992   08     7.822
  1992   09     8.335
  1992   10    10.886
  1992   11    12.842
  1992   12    14.744
  1993   01    15.973
  1993   02    16.616
  1993   03    16.643
  1993   04    16.132
  1993   05    14.498
  1993   06    12.218
  1993   07     9.173
  1993   08     7.382
  1993   09     7.642
  1993   10     9.244
  1993   11    11.631
  1993   12    14.302
  1994   01    15.677
  1994   02    16.422
  1994   03    16.465
  1994   04    16.164
  1994   05    14.915
  1994   06    12.762
  1994   07     9.113
  1994   08     7.387
  1994   09     7.164
  1994   10     9.727
  1994   11    12.855
  1994   12    14.857
  1995   01    16.115
  1995   02    16.788
  1995   03    17.027
  1995   04    16.221
  1995   05    15.010
  1995   06    12.852
  1995   07    10.199
  1995   08     7.864
  1995   09     7.421
  1995   10     9.802
  1995   11    12.136
  1995   12    14.107
  1996   01    15.811
  1996   02    16.296
  1996   03    16.746
  1996   04    16.369
  1996   05    14.749
  1996   06    13.136
  1996   07     9.893
  1996   08     8.602
  1996   09     9.002
  1996   10    10.601
  1996   11    12.652
  1996   12    14.649
  1997   01    15.719
  1997   02    16.342
  1997   03    16.784
  1997   04    16.163
  1997   05    14.910
  1997   06    12.651
  1997   07     9.321
  1997   08     7.889
  1997   09     7.825
  1997   10     9.365
  1997   11    11.455
  1997   12    13.868
  1998   01    15.716
  1998   02    16.271
  1998   03    16.598
  1998   04    16.457
  1998   05    15.054
  1998   06    12.475
  1998   07     9.554
  1998   08     7.318
  1998   09     7.066
  1998   10     9.234
  1998   11    11.700
  1998   12    14.034
  1999   01    15.566
  1999   02    16.021
  1999   03    16.566
  1999   04    16.315
  1999   05    14.383
  1999   06    12.826
  1999   07     9.915
  1999   08     8.117
  1999   09     7.834
  1999   10     9.460
  1999   11    11.609
  1999   12    13.708
  2000   01    15.279
  2000   02    16.170
  2000   03    16.432
  2000   04    15.934
  2000   05    14.622
  2000   06    12.556
  2000   07     9.438
  2000   08     7.204
  2000   09     7.322
  2000   10    10.398
  2000   11    12.348
  2000   12    14.879
  2001   01    15.868
  2001   02    16.738
  2001   03    16.796
  2001   04    16.398
  2001   05    15.303
  2001   06    13.397
  2001   07     9.996
  2001   08     8.336
  2001   09     8.459
  2001   10    10.600
  2001   11    12.784
  2001   12    14.792
  2002   01    15.889
  2002   02    16.535
  2002   03    16.716
  2002   04    16.571
  2002   05    14.911
  2002   06    13.483
  2002   07    10.202
  2002   08     7.742
  2002   09     7.877
  2002   10     9.711
  2002   11    12.267
  2002   12    14.375
  2003   01    15.536
  2003   02    16.324
  2003   03    16.869
  2003   04    16.035
  2003   05    14.310
  2003   06    12.595
  2003   07     8.856
  2003   08     7.723
  2003   09     7.506
  2003   10     9.445
  2003   11    11.961
  2003   12    14.069
  2004   01    15.562
  2004   02    16.332
  2004   03    16.526
  2004   04    15.721
  2004   05    14.292
  2004   06    11.674
  2004   07     9.150
  2004   08     8.044
  2004   09     7.576
  2004   10     9.120
  2004   11    11.078
  2004   12    13.870
  2005   01    15.155
  2005   02    15.557
  2005   03    16.051
  2005   04    15.658
  2005   05    14.477
  2005   06    12.068
  2005   07     9.069
  2005   08     7.937
  2005   09     7.946
  2005   10     9.693
  2005   11    11.493
  2005   12    13.749
  2006   01    15.072
  2006   02    15.673
  2006   03    16.034
  2006   04    15.449
  2006   05    14.145
  2006   06    12.040
  2006   07     8.701
  2006   08     6.819
  2006   09     7.214
  2006   10     9.563
  2006   11    11.603
  2006   12    13.828
  2007   01    14.599
  2007   02    15.297
  2007   03    15.450
  2007   04    14.744
  2007   05    13.652
  2007   06    11.635
  2007   07     8.993
  2007   08     7.808
  2007   09     8.038
  2007   10     9.556
  2007   11    11.109
  2007   12    12.952
  2008   01    14.253
  2008   02    15.039
  2008   03    15.487
  2008   04    14.664
  2008   05    13.720
  2008   06    11.788
  2008   07     9.002
  2008   08     6.472
  2008   09     6.525
  2008   10     9.519
  2008   11    11.722
  2008   12    13.257
  2009   01    14.171
  2009   02    14.942
  2009   03    15.308
  2009   04    15.128
  2009   05    14.318
  2009   06    11.845
  2009   07     8.980
  2009   08     7.352
  2009   09     7.522
  2009   10     9.196
  2009   11    11.133
  2009   12    13.162
  2010   01    14.624
  2010   02    15.395
  2010   03    15.594
  2010   04    15.116
  2010   05    13.628
  2010   06    11.823
  2010   07     8.492
  2010   08     6.924
  2010   09     7.017
  2010   10     8.438
  2010   11    10.476
  2010   12    12.864
  2011   01    14.250
  2011   02    15.315
  2011   03    15.534
  2011   04    14.773
  2011   05    13.486
  2011   06    11.495
  2011   07     8.719
  2011   08     7.315
  2011   09     7.004
  2011   10     8.644
  2011   11    11.046
  2011   12    13.145
  2012   01    14.315
  2012   02    15.086
  2012   03    15.288
  2012   04    14.517
  2012   05    13.041
  2012   06    11.613
  2012   07     8.793
  2012   08     7.319
  2012   09     6.941
  2012   10     8.884
  2012   11    10.947
  2012   12    12.618
  2013   01    14.353
  2013   02    15.257
  2013   03    15.562
  2013   04    15.076
  2013   05    14.226
  2013   06    12.010
  2013   07     9.601
  2013   08     7.737
  2013   09     7.798
  2013   10     9.478
  2013   11    11.358
  2013   12    13.774
  2014   01    15.078
  2014   02    15.543
  2014   03    15.810
  2014   04    15.428
  2014   05    14.102
  2014   06    11.727
  2014   07     9.152
  2014   08     7.627
  2014   09     7.542
  2014   10     8.920
  2014   11    11.341
  2014   12    13.138
  2015   01    14.255
  2015   02    14.940
  2015   03    15.032
  2015   04    14.382
  2015   05    12.975
  2015   06    10.853
  2015   07     7.751
  2015   08     7.037
  2015   09     7.028
  2015   10     8.200
  2015   11    10.880
  2015   12    12.883
  2016   01    14.455
  2016   02    15.417
  2016   03    15.552
  2016   04    15.202
  2016   05    14.115
  2016   06    11.665
  2016   07     7.973
  2016   08     6.166
  2016   09     6.247
  2016   10     8.544
  2016   11    11.305
  2016   12    13.233
  2017   01    14.713
  2017   02    15.303
  2017   03    15.571
  2017   04    15.180
  2017   05    13.668
  2017   06    11.523
  2017   07     7.798
  2017   08     5.168
  2017   09     4.910
  2017   10     6.675
  2017   11    10.364
  2017   12    12.939
  2018   01    14.561
  2018   02    15.215
  2018   03    15.466
  2018   04    14.928
  2018   05    13.544
  2018   06    11.046
  2018   07     8.085
  2018   08     5.960
  2018   09     5.608
  2018   10     7.878
  2018   11    10.769
  2018   12    12.676
  2019   01    14.348
  2019   02    15.029
  2019   03    15.351
  2019   04    14.829
  2019   05    13.600
  2019   06    11.812
  2019   07     9.447
  2019   08     7.559
  2019   09     7.487
  2019   10     9.333
  2019   11    11.493
  2019   12    13.573
  2020   01    14.986
  2020   02    15.830
  2020   03    15.972
  2020   04    15.587
  2020   05    14.340
  2020   06    11.412
  2020   07     7.911
  2020   08     6.127
  2020   09     5.935
  2020   10     8.623
  2020   11    11.138
  2020   12    13.831
  2021   01    15.052
  2021   02    15.742
  2021   03    15.873
  2021   04    15.228
  2021   05    13.548
  2021   06    11.616
  2021   07     8.725
  2021   08     5.944
  2021   09     6.294
  2021   10     9.027
  2021   11    11.077
  2021   12    13.374
  2022   01    14.667
  2022   02    15.460
  2022   03    15.682
  2022   04    15.276
  2022   05    13.742
  2022   06    11.744
  2022   07     8.345
  2022   08     6.013
  2022   09     5.993
  2022   10     8.158
  2022   11    11.014
  2022   12    13.303
  2023   01    15.053
  2023   02    15.631
  2023   03    15.637
  2023   04    15.039
  2023   05    13.927
  2023   06    12.463
  2023   07     8.883
  2023   08     6.196
  2023   09     5.842
  2023   10     7.983
  2023   11    10.772
  2023   12    12.926
  2024   01    14.575
  2024   02    15.195
  2024   03    15.578
  2024   04    14.971
  2024   05    13.755
  2024   06    11.178
  2024   07     8.089
  2024   08     6.715
  2024   09     6.576
  2024   10     8.279
  2024   11    10.546
  2024   12    12.620
  2025   01    14.088
  2025   02    14.980
  2025   03    15.254
  2025   04    14.865
  2025   05    13.900
  2025   06    11.320
  2025   07     8.345
  2025   08     7.005
  2025   09     7.084
  2025   10     8.316
  2025   11    10.713
  2025   12    13.033
  2026   01    14.344
  2026   02    14.843
  2026   03    15.086
  2026   04    14.908
  2026   05    13.865
  2026   06    11.628
  2026   07     8.239
  2026   08     6.207
  2026   09     6.096
  2026   10     7.931
  2026   11    10.544
  2026   12    13.114
  2027   01    14.455
  2027   02    15.206
  2027   03    15.636
  2027   04    15.209
  2027   05    13.874
  2027   06    11.475
  2027   07     7.671
  2027   08     6.181
  2027   09     6.192
  2027   10     8.237
  2027   11    10.702
  2027   12    13.534
  2028   01    15.098
  2028   02    15.813
  2028   03    16.164
  2028   04    15.634
  2028   05    14.484
  2028   06    12.112
  2028   07     8.910
  2028   08     6.548
  2028   09     6.711
  2028   10     8.675
  2028   11    11.169
  2028   12    13.713
  2029   01    15.266
  2029   02    16.141
  2029   03    16.274
  2029   04    15.786
  2029   05    14.330
  2029   06    12.194
  2029   07     8.985
  2029   08     6.881
  2029   09     6.784
  2029   10     9.055
  2029   11    11.575
  2029   12    13.434
  2030   01    15.001
  2030   02    15.897
  2030   03    16.064
  2030   04    15.422
  2030   05    14.272
  2030   06    11.824
  2030   07     8.628
  2030   08     6.227
  2030   09     6.367
  2030   10     8.981
  2030   11    11.390
  2030   12    13.871
  2031   01    15.286
  2031   02    15.941
  2031   03    16.167
  2031   04    15.384
  2031   05    14.415
  2031   06    12.482
  2031   07     9.168
  2031   08     7.379
  2031   09     7.410
  2031   10     9.468
  2031   11    11.624
  2031   12    13.613
  2032   01    15.360
  2032   02    15.781
  2032   03    16.077
  2032   04    15.410
  2032   05    14.316
  2032   06    11.534
  2032   07     7.993
  2032   08     6.686
  2032   09     6.791
  2032   10     8.404
  2032   11    10.599
  2032   12    13.136
  2033   01    14.818
  2033   02    15.833
  2033   03    16.368
  2033   04    15.855
  2033   05    14.226
  2033   06    11.575
  2033   07     8.012
  2033   08     6.741
  2033   09     6.880
  2033   10     8.278
  2033   11    10.577
  2033   12    13.005
  2034   01    14.489
  2034   02    15.462
  2034   03    15.801
  2034   04    15.270
  2034   05    13.527
  2034   06    11.005
  2034   07     7.394
  2034   08     5.754
  2034   09     5.719
  2034   10     7.502
  2034   11    10.191
  2034   12    12.953
  2035   01    14.188
  2035   02    14.891
  2035   03    15.248
  2035   04    15.051
  2035   05    13.621
  2035   06    10.982
  2035   07     7.666
  2035   08     6.916
  2035   09     6.569
  2035   10     7.583
  2035   11    10.312
  2035   12    12.698
  2036   01    14.120
  2036   02    14.791
  2036   03    14.837
  2036   04    14.595
  2036   05    13.377
  2036   06    10.644
  2036   07     7.456
  2036   08     5.921
  2036   09     5.661
  2036   10     7.556
  2036   11    10.193
  2036   12    12.786
  2037   01    14.151
  2037   02    14.988
  2037   03    15.386
  2037   04    14.858
  2037   05    13.095
  2037   06    11.387
  2037   07     6.616
  2037   08     5.637
  2037   09     5.213
  2037   10     6.692
  2037   11     9.849
  2037   12    12.555
  2038   01    14.397
  2038   02    14.974
  2038   03    15.402
  2038   04    14.918
  2038   05    13.327
  2038   06    10.304
  2038   07     7.295
  2038   08     5.153
  2038   09     5.079
  2038   10     6.890
  2038   11     9.105
  2038   12    11.990
  2039   01    13.816
  2039   02    14.971
  2039   03    14.932
  2039   04    14.437
  2039   05    13.177
  2039   06    10.449
  2039   07     7.067
  2039   08     4.473
  2039   09     4.286
  2039   10     6.842
  2039   11     9.006
  2039   12    11.444
  2040   01    13.346
  2040   02    14.471
  2040   03    14.928
  2040   04    14.304
  2040   05    12.999
  2040   06    10.289
  2040   07     6.659
  2040   08     5.014
  2040   09     5.049
  2040   10     7.252
  2040   11    10.426
  2040   12    12.792
  2041   01    14.362
  2041   02    15.115
  2041   03    15.728
  2041   04    15.137
  2041   05    13.988
  2041   06    11.202
  2041   07     7.584
  2041   08     4.575
  2041   09     4.556
  2041   10     7.026
  2041   11    10.105
  2041   12    12.191
  2042   01    13.706
  2042   02    14.710
  2042   03    15.025
  2042   04    14.407
  2042   05    13.361
  2042   06    10.522
  2042   07     7.248
  2042   08     4.288
  2042   09     3.949
  2042   10     6.736
  2042   11     9.986
  2042   12    12.315
  2043   01    13.747
  2043   02    14.782
  2043   03    15.209
  2043   04    15.085
  2043   05    13.494
  2043   06    11.174
  2043   07     7.327
  2043   08     5.563
  2043   09     4.733
  2043   10     6.668
  2043   11    10.127
  2043   12    12.485
  2044   01    14.196
  2044   02    14.840
  2044   03    15.231
  2044   04    14.742
  2044   05    13.206
  2044   06    10.846
  2044   07     7.408
  2044   08     5.070
  2044   09     4.623
  2044   10     7.073
  2044   11    10.107
  2044   12    12.367
  2045   01    13.894
  2045   02    14.677
  2045   03    15.025
  2045   04    14.708
  2045   05    13.445
  2045   06    11.394
  2045   07     7.361
  2045   08     4.818
  2045   09     4.407
  2045   10     6.428
  2045   11    10.282
  2045   12    12.234
  2046   01    13.852
  2046   02    14.635
  2046   03    14.944
  2046   04    14.501
  2046   05    13.353
  2046   06    10.728
  2046   07     6.815
  2046   08     5.024
  2046   09     4.721
  2046   10     6.827
  2046   11     9.719
  2046   12    12.137
  2047   01    14.047
  2047   02    15.113
  2047   03    15.504
  2047   04    15.010
  2047   05    13.703
  2047   06    11.548
  2047   07     8.494
  2047   08     5.906
  2047   09     4.785
  2047   10     7.848
  2047   11    10.630
  2047   12    12.773
  2048   01    14.315
  2048   02    14.996
  2048   03    15.256
  2048   04    14.808
  2048   05    13.266
  2048   06    11.013
  2048   07     7.081
  2048   08     5.372
  2048   09     4.693
  2048   10     6.911
  2048   11    10.520
  2048   12    12.404
  2049   01    13.871
  2049   02    14.686
  2049   03    14.819
  2049   04    14.803
  2049   05    13.080
  2049   06    10.255
  2049   07     6.938
  2049   08     5.309
  2049   09     5.117
  2049   10     6.893
  2049   11     9.795
  2049   12    12.425
  2050   01    14.070
  2050   02    14.927
  2050   03    15.336
  2050   04    14.868
  2050   05    13.854
  2050   06    10.954
  2050   07     7.353
  2050   08     4.234
  2050   09     3.781
  2050   10     6.015
  2050   11     9.875
  2050   12    12.734
  2051   01    14.505
  2051   02    15.544
  2051   03    15.817
  2051   04    15.388
  2051   05    13.953
  2051   06    11.626
  2051   07     8.429
  2051   08     5.528
  2051   09     5.518
  2051   10     8.342
  2051   11    11.131
  2051   12    13.105
  2052   01    14.688
  2052   02    15.202
  2052   03    15.489
  2052   04    15.142
  2052   05    13.859
  2052   06    11.581
  2052   07     8.681
  2052   08     6.057
  2052   09     5.154
  2052   10     8.754
  2052   11    11.198
  2052   12    13.344
  2053   01    14.726
  2053   02    15.568
  2053   03    15.722
  2053   04    15.307
  2053   05    14.122
  2053   06    11.567
  2053   07     8.583
  2053   08     5.773
  2053   09     5.534
  2053   10     8.231
  2053   11    10.990
  2053   12    13.358
  2054   01    14.666
  2054   02    15.524
  2054   03    15.737
  2054   04    15.262
  2054   05    13.949
  2054   06    11.863
  2054   07     8.608
  2054   08     6.324
  2054   09     5.843
  2054   10     8.793
  2054   11    11.029
  2054   12    13.172
  2055   01    15.131
  2055   02    15.549
  2055   03    15.752
  2055   04    15.527
  2055   05    14.642
  2055   06    11.924
  2055   07     8.083
  2055   08     6.353
  2055   09     6.442
  2055   10     7.810
  2055   11    10.388
  2055   12    13.182
  2056   01    14.824
  2056   02    15.516
  2056   03    15.611
  2056   04    15.240
  2056   05    13.872
  2056   06    11.581
  2056   07     7.894
  2056   08     5.541
  2056   09     5.120
  2056   10     7.729
  2056   11    10.790
  2056   12    12.861
  2057   01    14.256
  2057   02    15.311
  2057   03    15.507
  2057   04    14.893
  2057   05    14.000
  2057   06    11.818
  2057   07     7.493
  2057   08     5.894
  2057   09     5.870
  2057   10     7.753
  2057   11    10.436
  2057   12    12.518
  2058   01    14.015
  2058   02    14.854
  2058   03    15.204
  2058   04    14.789
  2058   05    13.527
  2058   06    10.937
  2058   07     7.120
  2058   08     4.791
  2058   09     4.840
  2058   10     6.866
  2058   11    10.272
  2058   12    12.504
  2059   01    13.998
  2059   02    14.713
  2059   03    15.112
  2059   04    14.758
  2059   05    13.432
  2059   06    11.363
  2059   07     7.876
  2059   08     4.991
  2059   09     4.544
  2059   10     7.111
  2059   11    10.188
  2059   12    12.611
  2060   01    14.047
  2060   02    15.121
  2060   03    15.448
  2060   04    14.542
  2060   05    13.356
  2060   06    11.269
  2060   07     7.681
  2060   08     5.307
  2060   09     5.184
  2060   10     7.187
  2060   11     9.961
  2060   12    12.088
  2061   01    13.815
  2061   02    14.396
  2061   03    14.735
  2061   04    14.140
  2061   05    12.755
  2061   06    10.836
  2061   07     7.371
  2061   08     4.741
  2061   09     4.629
  2061   10     6.958
  2061   11     9.910
  2061   12    11.840
  2062   01    13.446
  2062   02    14.212
  2062   03    14.357
  2062   04    14.204
  2062   05    13.226
  2062   06    11.082
  2062   07     7.423
  2062   08     4.103
  2062   09     3.999
  2062   10     6.737
  2062   11    10.614
  2062   12    12.592
  2063   01    13.731
  2063   02    14.350
  2063   03    14.544
  2063   04    14.402
  2063   05    13.099
  2063   06    10.693
  2063   07     7.194
  2063   08     5.209
  2063   09     5.240
  2063   10     6.806
  2063   11     9.578
  2063   12    11.993
  2064   01    13.706
  2064   02    14.463
  2064   03    14.849
  2064   04    14.207
  2064   05    12.781
  2064   06    10.713
  2064   07     7.523
  2064   08     3.929
  2064   09     4.133
  2064   10     7.088
  2064   11    10.073
  2064   12    12.573
  2065   01    13.836
  2065   02    14.427
  2065   03    14.801
  2065   04    14.201
  2065   05    13.155
  2065   06    11.531
  2065   07     6.575
  2065   08     2.973
  2065   09     2.448
  2065   10     5.138
  2065   11     9.890
  2065   12    12.474
  2066   01    14.055
  2066   02    14.680
  2066   03    14.739
  2066   04    14.119
  2066   05    13.114
  2066   06    10.952
  2066   07     6.274
  2066   08     4.050
  2066   09     4.195
  2066   10     5.886
  2066   11     8.217
  2066   12    11.361
  2067   01    13.509
  2067   02    14.171
  2067   03    14.204
  2067   04    14.043
  2067   05    12.847
  2067   06    10.639
  2067   07     7.020
  2067   08     3.366
  2067   09     3.067
  2067   10     6.138
  2067   11     9.144
  2067   12    11.597
  2068   01    13.185
  2068   02    14.407
  2068   03    14.552
  2068   04    14.046
  2068   05    12.601
  2068   06     9.900
  2068   07     6.830
  2068   08     3.768
  2068   09     2.515
  2068   10     5.827
  2068   11     9.661
  2068   12    12.059
  2069   01    13.748
  2069   02    14.146
  2069   03    14.532
  2069   04    14.221
  2069   05    13.143
  2069   06    10.447
  2069   07     6.700
  2069   08     4.525
  2069   09     4.149
  2069   10     6.482
  2069   11     9.400
  2069   12    12.066
  2070   01    13.571
  2070   02    14.191
  2070   03    14.547
  2070   04    14.354
  2070   05    13.166
  2070   06    10.439
  2070   07     7.023
  2070   08     3.922
  2070   09     3.258
  2070   10     5.980
  2070   11    10.224
  2070   12    12.098
  2071   01    13.559
  2071   02    14.367
  2071   03    14.702
  2071   04    14.284
  2071   05    13.094
  2071   06    10.613
  2071   07     6.724
  2071   08     4.651
  2071   09     4.512
  2071   10     6.387
  2071   11     9.319
  2071   12    12.302
  2072   01    13.722
  2072   02    14.513
  2072   03    14.531
  2072   04    13.975
  2072   05    12.536
  2072   06     9.471
  2072   07     6.899
  2072   08     3.971
  2072   09     4.078
  2072   10     6.866
  2072   11     9.408
  2072   12    11.806
  2073   01    13.700
  2073   02    14.628
  2073   03    14.959
  2073   04    14.546
  2073   05    13.238
  2073   06    10.925
  2073   07     8.198
  2073   08     4.819
  2073   09     4.299
  2073   10     6.907
  2073   11    10.364
  2073   12    12.019
  2074   01    13.719
  2074   02    14.587
  2074   03    14.773
  2074   04    14.180
  2074   05    13.323
  2074   06    10.577
  2074   07     7.108
  2074   08     4.395
  2074   09     4.311
  2074   10     7.015
  2074   11     9.886
  2074   12    12.358
  2075   01    13.922
  2075   02    14.756
  2075   03    15.222
  2075   04    14.964
  2075   05    13.651
  2075   06    10.297
  2075   07     6.655
  2075   08     3.946
  2075   09     2.568
  2075   10     5.981
  2075   11     9.687
  2075   12    11.985
  2076   01    13.884
  2076   02    14.778
  2076   03    15.343
  2076   04    15.076
  2076   05    13.766
  2076   06    11.553
  2076   07     7.168
  2076   08     4.189
  2076   09     4.313
  2076   10     7.180
  2076   11    10.439
  2076   12    12.531
  2077   01    13.865
  2077   02    14.398
  2077   03    14.971
  2077   04    14.714
  2077   05    13.316
  2077   06    11.199
  2077   07     7.040
  2077   08     5.099
  2077   09     4.839
  2077   10     7.009
  2077   11     9.968
  2077   12    12.252
  2078   01    13.768
  2078   02    14.671
  2078   03    14.909
  2078   04    14.806
  2078   05    13.374
  2078   06    11.186
  2078   07     7.462
  2078   08     3.852
  2078   09     3.775
  2078   10     7.039
  2078   11    10.307
  2078   12    12.340
  2079   01    14.048
  2079   02    14.795
  2079   03    15.083
  2079   04    14.412
  2079   05    13.424
  2079   06    11.335
  2079   07     7.168
  2079   08     4.849
  2079   09     4.621
  2079   10     6.717
  2079   11     9.762
  2079   12    12.030
  2080   01    13.842
  2080   02    14.555
  2080   03    14.791
  2080   04    14.428
  2080   05    13.433
  2080   06    11.072
  2080   07     8.015
  2080   08     3.746
  2080   09     3.971
  2080   10     7.122
  2080   11    10.149
  2080   12    12.363
  2081   01    14.167
  2081   02    14.852
  2081   03    15.207
  2081   04    15.138
  2081   05    14.037
  2081   06    11.810
  2081   07     7.335
  2081   08     4.316
  2081   09     3.722
  2081   10     6.656
  2081   11    10.669
  2081   12    12.755
  2082   01    14.183
  2082   02    14.666
  2082   03    15.209
  2082   04    14.910
  2082   05    13.194
  2082   06    10.865
  2082   07     8.094
  2082   08     4.881
  2082   09     4.326
  2082   10     7.527
  2082   11    10.592
  2082   12    12.614
  2083   01    13.756
  2083   02    14.609
  2083   03    14.808
  2083   04    14.289
  2083   05    13.055
  2083   06    11.074
  2083   07     7.342
  2083   08     3.899
  2083   09     3.353
  2083   10     5.948
  2083   11     9.452
  2083   12    11.620
  2084   01    13.539
  2084   02    14.259
  2084   03    14.438
  2084   04    14.220
  2084   05    12.824
  2084   06    10.210
  2084   07     6.770
  2084   08     4.981
  2084   09     4.441
  2084   10     6.309
  2084   11     9.273
  2084   12    11.458
  2085   01    12.890
  2085   02    13.787
  2085   03    14.105
  2085   04    13.830
  2085   05    12.539
  2085   06    10.297
  2085   07     6.688
  2085   08     4.455
  2085   09     4.149
  2085   10     6.455
  2085   11     9.341
  2085   12    12.172
  2086   01    13.621
  2086   02    14.246
  2086   03    14.562
  2086   04    13.846
  2086   05    12.664
  2086   06    10.552
  2086   07     7.498
  2086   08     4.202
  2086   09     3.886
  2086   10     6.553
  2086   11     9.892
  2086   12    11.783
  2087   01    13.528
  2087   02    14.217
  2087   03    14.490
  2087   04    13.951
  2087   05    12.875
  2087   06    10.459
  2087   07     7.067
  2087   08     3.724
  2087   09     3.162
  2087   10     6.124
  2087   11     8.649
  2087   12    11.630
  2088   01    13.390
  2088   02    14.466
  2088   03    14.764
  2088   04    14.306
  2088   05    12.870
  2088   06    10.306
  2088   07     7.399
  2088   08     2.545
  2088   09     2.446
  2088   10     7.117
  2088   11     9.545
  2088   12    12.052
  2089   01    13.352
  2089   02    14.251
  2089   03    14.807
  2089   04    14.177
  2089   05    12.991
  2089   06    10.410
  2089   07     6.831
  2089   08     3.436
  2089   09     2.869
  2089   10     5.802
  2089   11     8.484
  2089   12    12.200
  2090   01    13.850
  2090   02    14.387
  2090   03    14.796
  2090   04    14.193
  2090   05    13.006
  2090   06     9.861
  2090   07     6.646
  2090   08     4.052
  2090   09     3.846
  2090   10     5.843
  2090   11     8.841
  2090   12    11.676
  2091   01    12.997
  2091   02    13.811
  2091   03    13.949
  2091   04    13.596
  2091   05    12.629
  2091   06     9.849
  2091   07     7.321
  2091   08     3.652
  2091   09     3.775
  2091   10     6.381
  2091   11     8.962
  2091   12    11.534
  2092   01    12.829
  2092   02    13.676
  2092   03    13.898
  2092   04    13.629
  2092   05    12.404
  2092   06     9.854
  2092   07     5.908
  2092   08     4.034
  2092   09     3.250
  2092   10     5.929
  2092   11     8.913
  2092   12    11.336
  2093   01    12.557
  2093   02    13.528
  2093   03    13.797
  2093   04    13.436
  2093   05    12.020
  2093   06     9.887
  2093   07     6.253
  2093   08     3.014
  2093   09     2.083
  2093   10     5.002
  2093   11     8.656
  2093   12    11.092
  2094   01    12.734
  2094   02    13.320
  2094   03    13.491
  2094   04    12.934
  2094   05    12.036
  2094   06     9.229
  2094   07     5.998
  2094   08     4.056
  2094   09     3.990
  2094   10     5.331
  2094   11     8.318
  2094   12    10.862
  2095   01    12.755
  2095   02    13.176
  2095   03    13.325
  2095   04    12.736
  2095   05    11.633
  2095   06     8.214
  2095   07     5.323
  2095   08     2.634
  2095   09     2.655
  2095   10     4.483
  2095   11     8.314
  2095   12    10.777
  2096   01    12.661
  2096   02    13.210
  2096   03    13.571
  2096   04    13.487
  2096   05    12.475
  2096   06     9.575
  2096   07     6.108
  2096   08     3.252
  2096   09     2.769
  2096   10     5.615
  2096   11     8.588
  2096   12    11.311
  2097   01    12.853
  2097   02    13.612
  2097   03    13.972
  2097   04    13.844
  2097   05    13.033
  2097   06    10.330
  2097   07     6.272
  2097   08     3.359
  2097   09     3.118
  2097   10     5.214
  2097   11     8.613
  2097   12    11.325
  2098   01    12.842
  2098   02    13.590
  2098   03    13.790
  2098   04    13.361
  2098   05    12.286
  2098   06     9.407
  2098   07     5.168
  2098   08     3.116
  2098   09     3.140
  2098   10     5.128
  2098   11     8.157
  2098   12    10.909
  2099   01    12.893
  2099   02    13.511
  2099   03    13.778
  2099   04    13.216
  2099   05    12.236
  2099   06     8.791
  2099   07     5.491
  2099   08     2.340
  2099   09     1.654
  2099   10     5.244
  2099   11     8.740
  2099   12    11.097
  2100   01    12.867
  2100   02    13.666
  2100   03    13.837
  2100   04    13.641
  2100   05    12.546
  2100   06    10.130
  2100   07     5.759
  2100   08     3.458
  2100   09     2.680
  2100   10     5.242
  2100   11     9.142
  2100   12    12.003
