  1850   01    13.117
  1850   02    14.119
  1850   03    14.164
  1850   04    14.103
  1850   05    12.918
  1850   06    11.113
  1850   07     6.531
  1850   08     0.773
  1850   09     0.471
  1850   10     1.780
  1850   11     5.455
  1850   12    10.360
  1851   01    13.615
  1851   02    14.555
  1851   03    14.650
  1851   04    14.405
  1851   05    13.397
  1851   06    11.587
  1851   07     8.172
  1851   08     1.653
  1851   09     0.768
  1851   10     3.361
  1851   11     8.186
  1851   12    11.845
  1852   01    13.351
  1852   02    14.235
  1852   03    14.511
  1852   04    14.328
  1852   05    13.355
  1852   06    11.756
  1852   07     8.031
  1852   08     0.169
  1852   09     0.123
  1852   10     0.786
  1852   11     6.088
  1852   12    11.161
  1853   01    13.998
  1853   02    15.230
  1853   03    15.234
  1853   04    14.903
  1853   05    14.023
  1853   06    11.872
  1853   07     8.285
  1853   08     2.464
  1853   09     0.990
  1853   10     3.615
  1853   11     7.692
  1853   12    11.585
  1854   01    13.822
  1854   02    14.454
  1854   03    14.929
  1854   04    14.487
  1854   05    13.674
  1854   06    11.541
  1854   07     8.044
  1854   08     1.892
  1854   09     0.903
  1854   10     2.988
  1854   11     8.263
  1854   12    11.669
  1855   01    13.875
  1855   02    14.677
  1855   03    14.764
  1855   04    14.574
  1855   05    13.749
  1855   06    11.843
  1855   07     8.445
  1855   08     3.698
  1855   09     2.489
  1855   10     4.718
  1855   11     8.294
  1855   12    11.761
  1856   01    13.672
  1856   02    14.202
  1856   03    14.210
  1856   04    14.122
  1856   05    13.022
  1856   06    11.102
  1856   07     7.814
  1856   08     2.194
  1856   09     1.009
  1856   10     3.616
  1856   11     7.844
  1856   12    10.991
  1857   01    13.255
  1857   02    14.130
  1857   03    14.512
  1857   04    14.088
  1857   05    13.097
  1857   06    11.116
  1857   07     8.387
  1857   08     0.837
  1857   09     0.454
  1857   10     2.118
  1857   11     8.047
  1857   12    11.120
  1858   01    13.275
  1858   02    14.330
  1858   03    14.498
  1858   04    14.088
  1858   05    13.054
  1858   06    11.507
  1858   07     8.162
  1858   08     2.026
  1858   09     1.177
  1858   10     3.272
  1858   11     8.329
  1858   12    11.186
  1859   01    13.229
  1859   02    13.917
  1859   03    14.055
  1859   04    13.758
  1859   05    12.735
  1859   06    11.219
  1859   07     6.641
  1859   08     1.061
  1859   09     0.494
  1859   10     1.609
  1859   11     5.902
  1859   12    10.371
  1860   01    13.095
  1860   02    13.731
  1860   03    13.904
  1860   04    13.885
  1860   05    12.802
  1860   06    11.214
  1860   07     7.735
  1860   08     0.570
  1860   09     0.262
  1860   10     1.731
  1860   11     6.468
  1860   12    10.628
  1861   01    13.241
  1861   02    14.016
  1861   03    14.342
  1861   04    14.014
  1861   05    13.137
  1861   06    11.441
  1861   07     7.799
  1861   08     2.114
  1861   09     0.802
  1861   10     3.132
  1861   11     7.458
  1861   12    10.996
  1862   01    13.262
  1862   02    13.873
  1862   03    14.054
  1862   04    13.824
  1862   05    12.816
  1862   06    11.110
  1862   07     6.629
  1862   08     0.921
  1862   09     0.465
  1862   10     2.335
  1862   11     6.638
  1862   12    10.422
  1863   01    13.310
  1863   02    13.954
  1863   03    14.337
  1863   04    13.967
  1863   05    12.839
  1863   06    11.021
  1863   07     6.731
  1863   08     1.855
  1863   09     0.676
  1863   10     2.674
  1863   11     6.288
  1863   12    10.138
  1864   01    12.830
  1864   02    13.801
  1864   03    14.045
  1864   04    13.782
  1864   05    12.869
  1864   06    10.909
  1864   07     6.893
  1864   08     0.398
  1864   09     0.242
  1864   10     0.809
  1864   11     5.694
  1864   12    10.559
  1865   01    12.783
  1865   02    13.650
  1865   03    14.288
  1865   04    14.237
  1865   05    13.111
  1865   06    10.715
  1865   07     6.884
  1865   08     0.865
  1865   09     0.173
  1865   10     1.892
  1865   11     6.468
  1865   12    10.207
  1866   01    12.955
  1866   02    13.823
  1866   03    14.244
  1866   04    14.033
  1866   05    12.673
  1866   06    11.148
  1866   07     6.428
  1866   08     1.790
  1866   09     1.079
  1866   10     2.403
  1866   11     6.031
  1866   12    10.167
  1867   01    12.753
  1867   02    13.976
  1867   03    14.331
  1867   04    14.054
  1867   05    13.048
  1867   06    11.251
  1867   07     7.579
  1867   08     2.213
  1867   09     0.886
  1867   10     2.986
  1867   11     6.946
  1867   12    10.756
  1868   01    13.238
  1868   02    13.895
  1868   03    14.236
  1868   04    14.017
  1868   05    12.858
  1868   06    11.322
  1868   07     7.794
  1868   08     1.418
  1868   09     0.894
  1868   10     2.858
  1868   11     7.204
  1868   12    11.604
  1869   01    13.303
  1869   02    14.080
  1869   03    14.254
  1869   04    14.057
  1869   05    13.228
  1869   06    11.183
  1869   07     7.886
  1869   08     1.513
  1869   09     0.882
  1869   10     2.459
  1869   11     6.695
  1869   12    10.410
  1870   01    13.138
  1870   02    14.257
  1870   03    14.675
  1870   04    14.199
  1870   05    13.143
  1870   06    11.283
  1870   07     7.361
  1870   08     1.675
  1870   09     0.755
  1870   10     3.267
  1870   11     7.847
  1870   12    11.093
  1871   01    13.348
  1871   02    14.138
  1871   03    14.505
  1871   04    14.319
  1871   05    13.404
  1871   06    11.602
  1871   07     8.640
  1871   08     2.741
  1871   09     0.134
  1871   10     4.177
  1871   11     8.765
  1871   12    11.509
  1872   01    13.879
  1872   02    14.615
  1872   03    14.994
  1872   04    14.647
  1872   05    13.254
  1872   06    11.867
  1872   07     8.856
  1872   08     0.727
  1872   09     0.160
  1872   10     2.042
  1872   11     8.850
  1872   12    11.377
  1873   01    13.547
  1873   02    14.336
  1873   03    14.622
  1873   04    14.290
  1873   05    13.164
  1873   06    11.361
  1873   07     7.938
  1873   08     0.693
  1873   09     0.383
  1873   10     2.171
  1873   11     7.422
  1873   12    11.221
  1874   01    13.709
  1874   02    14.389
  1874   03    14.618
  1874   04    14.191
  1874   05    13.131
  1874   06    11.236
  1874   07     7.776
  1874   08     1.892
  1874   09     0.804
  1874   10     3.515
  1874   11     7.715
  1874   12    10.694
  1875   01    12.835
  1875   02    13.892
  1875   03    14.261
  1875   04    14.016
  1875   05    12.944
  1875   06    11.102
  1875   07     7.288
  1875   08     0.206
  1875   09     0.145
  1875   10     1.258
  1875   11     7.335
  1875   12    10.541
  1876   01    13.124
  1876   02    14.119
  1876   03    14.343
  1876   04    13.979
  1876   05    13.051
  1876   06    11.451
  1876   07     6.906
  1876   08     2.534
  1876   09     1.566
  1876   10     3.160
  1876   11     6.841
  1876   12    11.513
  1877   01    13.275
  1877   02    14.222
  1877   03    14.563
  1877   04    14.048
  1877   05    13.037
  1877   06    11.329
  1877   07     6.398
  1877   08     1.246
  1877   09     0.706
  1877   10     2.260
  1877   11     6.219
  1877   12    10.594
  1878   01    13.446
  1878   02    14.340
  1878   03    14.280
  1878   04    14.009
  1878   05    13.149
  1878   06    11.363
  1878   07     7.603
  1878   08     2.118
  1878   09     1.169
  1878   10     3.784
  1878   11     7.110
  1878   12    10.709
  1879   01    13.544
  1879   02    14.302
  1879   03    14.757
  1879   04    14.551
  1879   05    13.318
  1879   06    11.372
  1879   07     8.081
  1879   08     1.601
  1879   09     0.355
  1879   10     2.573
  1879   11     7.533
  1879   12    10.671
  1880   01    13.401
  1880   02    14.347
  1880   03    14.691
  1880   04    14.259
  1880   05    13.371
  1880   06    11.346
  1880   07     7.399
  1880   08     2.360
  1880   09     1.285
  1880   10     3.799
  1880   11     7.901
  1880   12    11.392
  1881   01    13.362
  1881   02    14.283
  1881   03    14.524
  1881   04    14.338
  1881   05    13.401
  1881   06    11.568
  1881   07     8.189
  1881   08     1.424
  1881   09     0.535
  1881   10     3.289
  1881   11     7.684
  1881   12    11.355
  1882   01    13.588
  1882   02    14.474
  1882   03    14.748
  1882   04    14.292
  1882   05    13.315
  1882   06    11.524
  1882   07     7.889
  1882   08     1.840
  1882   09     0.424
  1882   10     3.134
  1882   11     7.144
  1882   12    10.472
  1883   01    13.597
  1883   02    14.444
  1883   03    14.706
  1883   04    14.119
  1883   05    13.119
  1883   06    11.358
  1883   07     7.272
  1883   08     1.313
  1883   09     0.767
  1883   10     2.712
  1883   11     6.763
  1883   12    10.279
  1884   01    13.415
  1884   02    14.290
  1884   03    14.728
  1884   04    14.285
  1884   05    13.304
  1884   06    11.789
  1884   07     9.004
  1884   08     4.769
  1884   09     3.019
  1884   10     5.827
  1884   11     9.026
  1884   12    11.717
  1885   01    13.731
  1885   02    14.478
  1885   03    14.588
  1885   04    14.296
  1885   05    13.345
  1885   06    11.891
  1885   07     7.781
  1885   08     2.991
  1885   09     1.903
  1885   10     4.074
  1885   11     8.177
  1885   12    11.467
  1886   01    13.767
  1886   02    14.353
  1886   03    14.478
  1886   04    13.942
  1886   05    13.079
  1886   06    11.584
  1886   07     7.225
  1886   08     1.454
  1886   09     0.775
  1886   10     3.008
  1886   11     7.068
  1886   12    11.521
  1887   01    13.429
  1887   02    14.101
  1887   03    14.206
  1887   04    13.878
  1887   05    12.955
  1887   06    11.211
  1887   07     6.153
  1887   08     0.378
  1887   09     0.306
  1887   10     1.046
  1887   11     6.076
  1887   12    11.050
  1888   01    13.499
  1888   02    14.511
  1888   03    14.739
  1888   04    14.386
  1888   05    12.926
  1888   06    10.835
  1888   07     6.360
  1888   08     0.380
  1888   09     0.272
  1888   10     1.264
  1888   11     5.149
  1888   12     9.997
  1889   01    13.310
  1889   02    14.372
  1889   03    14.774
  1889   04    14.394
  1889   05    13.251
  1889   06    11.288
  1889   07     7.363
  1889   08     0.977
  1889   09     0.470
  1889   10     1.801
  1889   11     6.884
  1889   12    11.132
  1890   01    13.339
  1890   02    14.343
  1890   03    14.297
  1890   04    14.267
  1890   05    13.194
  1890   06    11.327
  1890   07     7.820
  1890   08     1.541
  1890   09     0.842
  1890   10     2.835
  1890   11     7.623
  1890   12    11.175
  1891   01    13.284
  1891   02    14.162
  1891   03    14.531
  1891   04    14.108
  1891   05    13.030
  1891   06    10.834
  1891   07     6.996
  1891   08     0.433
  1891   09     0.187
  1891   10     1.669
  1891   11     7.104
  1891   12    11.425
  1892   01    13.477
  1892   02    14.408
  1892   03    14.738
  1892   04    14.432
  1892   05    13.464
  1892   06    11.010
  1892   07     7.202
  1892   08     1.270
  1892   09     0.375
  1892   10     2.015
  1892   11     6.663
  1892   12    10.451
  1893   01    13.322
  1893   02    14.177
  1893   03    14.430
  1893   04    14.202
  1893   05    13.273
  1893   06    11.205
  1893   07     7.169
  1893   08     0.647
  1893   09     0.211
  1893   10     1.861
  1893   11     6.216
  1893   12    10.563
  1894   01    13.278
  1894   02    14.351
  1894   03    14.383
  1894   04    14.092
  1894   05    12.998
  1894   06    11.112
  1894   07     7.387
  1894   08     0.616
  1894   09     0.184
  1894   10     2.662
  1894   11     7.162
  1894   12    10.648
  1895   01    13.481
  1895   02    14.074
  1895   03    14.212
  1895   04    14.064
  1895   05    13.044
  1895   06    11.030
  1895   07     6.445
  1895   08     0.453
  1895   09     0.232
  1895   10     0.983
  1895   11     5.453
  1895   12     9.793
  1896   01    13.384
  1896   02    14.259
  1896   03    14.208
  1896   04    13.929
  1896   05    13.201
  1896   06    11.439
  1896   07     6.589
  1896   08     1.172
  1896   09     0.492
  1896   10     2.750
  1896   11     6.989
  1896   12    10.673
  1897   01    13.498
  1897   02    14.159
  1897   03    14.151
  1897   04    13.756
  1897   05    13.101
  1897   06    11.836
  1897   07     8.209
  1897   08     3.739
  1897   09     2.236
  1897   10     4.526
  1897   11     8.284
  1897   12    11.240
  1898   01    13.132
  1898   02    14.227
  1898   03    14.324
  1898   04    14.085
  1898   05    12.961
  1898   06    10.688
  1898   07     7.322
  1898   08     1.376
  1898   09     0.276
  1898   10     2.693
  1898   11     7.183
  1898   12    10.996
  1899   01    13.653
  1899   02    14.406
  1899   03    14.613
  1899   04    14.192
  1899   05    13.105
  1899   06    10.721
  1899   07     8.177
  1899   08     3.347
  1899   09     0.819
  1899   10     4.029
  1899   11     7.686
  1899   12    10.746
  1900   01    13.087
  1900   02    14.218
  1900   03    14.601
  1900   04    14.171
  1900   05    13.249
  1900   06    11.579
  1900   07     7.391
  1900   08     0.708
  1900   09     0.412
  1900   10     2.358
  1900   11     7.555
  1900   12    10.283
  1901   01    12.936
  1901   02    13.972
  1901   03    14.183
  1901   04    13.930
  1901   05    13.000
  1901   06    10.868
  1901   07     7.477
  1901   08     1.216
  1901   09     0.692
  1901   10     2.688
  1901   11     8.257
  1901   12    11.425
  1902   01    13.376
  1902   02    14.150
  1902   03    14.138
  1902   04    13.965
  1902   05    13.014
  1902   06    10.983
  1902   07     7.575
  1902   08     2.321
  1902   09     0.888
  1902   10     3.509
  1902   11     7.464
  1902   12    11.156
  1903   01    13.234
  1903   02    13.945
  1903   03    14.117
  1903   04    13.574
  1903   05    12.667
  1903   06    10.861
  1903   07     7.520
  1903   08     2.001
  1903   09     0.791
  1903   10     4.080
  1903   11     7.999
  1903   12    10.918
  1904   01    13.404
  1904   02    14.102
  1904   03    14.246
  1904   04    13.817
  1904   05    12.506
  1904   06    11.110
  1904   07     7.108
  1904   08     0.709
  1904   09     0.413
  1904   10     1.682
  1904   11     5.848
  1904   12    10.776
  1905   01    13.082
  1905   02    14.031
  1905   03    14.248
  1905   04    13.914
  1905   05    13.032
  1905   06    11.141
  1905   07     7.180
  1905   08     0.376
  1905   09     0.268
  1905   10     1.718
  1905   11     7.019
  1905   12    10.714
  1906   01    13.006
  1906   02    13.871
  1906   03    14.064
  1906   04    13.620
  1906   05    12.767
  1906   06    11.502
  1906   07     7.097
  1906   08     0.838
  1906   09     0.556
  1906   10     1.809
  1906   11     7.089
  1906   12    11.083
  1907   01    13.202
  1907   02    13.642
  1907   03    13.853
  1907   04    13.738
  1907   05    13.225
  1907   06    11.320
  1907   07     8.659
  1907   08     4.448
  1907   09     2.789
  1907   10     5.005
  1907   11     8.820
  1907   12    11.560
  1908   01    13.351
  1908   02    13.966
  1908   03    14.325
  1908   04    13.824
  1908   05    12.801
  1908   06    11.422
  1908   07     7.948
  1908   08     2.120
  1908   09     1.016
  1908   10     3.172
  1908   11     7.674
  1908   12    10.982
  1909   01    13.347
  1909   02    13.971
  1909   03    13.924
  1909   04    13.486
  1909   05    12.547
  1909   06    11.297
  1909   07     8.060
  1909   08     3.211
  1909   09     1.862
  1909   10     4.280
  1909   11     7.490
  1909   12    10.527
  1910   01    13.083
  1910   02    13.813
  1910   03    14.240
  1910   04    13.844
  1910   05    12.950
  1910   06    11.543
  1910   07     7.391
  1910   08     1.658
  1910   09     0.895
  1910   10     2.671
  1910   11     7.120
  1910   12    11.237
  1911   01    13.706
  1911   02    14.349
  1911   03    14.726
  1911   04    14.399
  1911   05    13.496
  1911   06    11.614
  1911   07     7.126
  1911   08     0.172
  1911   09     0.141
  1911   10     0.881
  1911   11     6.099
  1911   12    10.670
  1912   01    13.258
  1912   02    14.140
  1912   03    14.527
  1912   04    14.163
  1912   05    13.238
  1912   06    11.436
  1912   07     6.310
  1912   08     0.229
  1912   09     0.220
  1912   10     1.288
  1912   11     6.456
  1912   12    10.850
  1913   01    13.534
  1913   02    14.439
  1913   03    14.741
  1913   04    14.216
  1913   05    13.099
  1913   06    11.557
  1913   07     7.586
  1913   08     0.472
  1913   09     0.223
  1913   10     1.808
  1913   11     6.527
  1913   12    10.507
  1914   01    13.439
  1914   02    14.443
  1914   03    14.657
  1914   04    14.385
  1914   05    13.270
  1914   06    11.098
  1914   07     7.397
  1914   08     0.934
  1914   09     0.278
  1914   10     2.310
  1914   11     6.602
  1914   12    11.193
  1915   01    13.292
  1915   02    13.953
  1915   03    14.235
  1915   04    13.828
  1915   05    13.212
  1915   06    11.282
  1915   07     8.005
  1915   08     2.418
  1915   09     1.188
  1915   10     3.302
  1915   11     7.465
  1915   12    10.500
  1916   01    13.189
  1916   02    13.863
  1916   03    14.269
  1916   04    14.094
  1916   05    13.178
  1916   06    10.873
  1916   07     7.723
  1916   08     2.806
  1916   09     0.678
  1916   10     3.975
  1916   11     8.149
  1916   12    10.859
  1917   01    13.156
  1917   02    13.973
  1917   03    14.269
  1917   04    14.092
  1917   05    12.973
  1917   06    11.107
  1917   07     7.555
  1917   08     2.607
  1917   09     0.692
  1917   10     4.080
  1917   11     7.669
  1917   12    10.411
  1918   01    13.099
  1918   02    14.189
  1918   03    14.447
  1918   04    13.909
  1918   05    12.849
  1918   06    10.875
  1918   07     6.010
  1918   08     0.556
  1918   09     0.531
  1918   10     2.001
  1918   11     6.017
  1918   12    10.353
  1919   01    12.717
  1919   02    13.842
  1919   03    14.511
  1919   04    14.202
  1919   05    13.112
  1919   06    10.740
  1919   07     7.819
  1919   08     1.156
  1919   09     0.612
  1919   10     2.105
  1919   11     6.884
  1919   12    10.470
  1920   01    12.905
  1920   02    13.688
  1920   03    13.978
  1920   04    13.880
  1920   05    13.083
  1920   06    10.806
  1920   07     7.809
  1920   08     1.705
  1920   09     0.201
  1920   10     2.476
  1920   11     7.125
  1920   12    10.285
  1921   01    12.680
  1921   02    13.647
  1921   03    13.975
  1921   04    13.652
  1921   05    12.928
  1921   06    10.853
  1921   07     7.182
  1921   08     1.373
  1921   09     0.120
  1921   10     2.339
  1921   11     6.275
  1921   12    10.033
  1922   01    12.853
  1922   02    13.881
  1922   03    14.133
  1922   04    13.702
  1922   05    12.340
  1922   06    10.890
  1922   07     7.231
  1922   08     0.846
  1922   09     0.476
  1922   10     2.402
  1922   11     6.923
  1922   12    10.442
  1923   01    13.055
  1923   02    13.913
  1923   03    14.275
  1923   04    13.795
  1923   05    12.883
  1923   06    10.867
  1923   07     7.633
  1923   08     1.770
  1923   09     0.268
  1923   10     2.523
  1923   11     6.946
  1923   12    10.710
  1924   01    12.696
  1924   02    13.568
  1924   03    14.106
  1924   04    13.838
  1924   05    12.833
  1924   06    11.150
  1924   07     7.288
  1924   08     2.068
  1924   09     0.894
  1924   10     2.849
  1924   11     7.097
  1924   12    10.279
  1925   01    12.843
  1925   02    13.970
  1925   03    14.189
  1925   04    13.909
  1925   05    13.169
  1925   06    11.126
  1925   07     7.708
  1925   08     2.333
  1925   09     1.683
  1925   10     3.379
  1925   11     7.917
  1925   12    10.744
  1926   01    13.008
  1926   02    13.791
  1926   03    14.276
  1926   04    13.837
  1926   05    12.703
  1926   06    11.431
  1926   07     7.535
  1926   08     1.055
  1926   09     0.312
  1926   10     2.214
  1926   11     7.305
  1926   12    10.421
  1927   01    12.814
  1927   02    13.831
  1927   03    14.257
  1927   04    14.105
  1927   05    13.160
  1927   06    11.158
  1927   07     7.071
  1927   08     1.024
  1927   09     0.474
  1927   10     2.389
  1927   11     7.045
  1927   12    10.745
  1928   01    13.420
  1928   02    14.310
  1928   03    14.384
  1928   04    14.099
  1928   05    12.969
  1928   06    11.109
  1928   07     6.669
  1928   08     0.580
  1928   09     0.214
  1928   10     1.798
  1928   11     5.409
  1928   12     9.975
  1929   01    13.032
  1929   02    14.207
  1929   03    14.489
  1929   04    14.142
  1929   05    13.252
  1929   06    10.707
  1929   07     7.987
  1929   08     0.805
  1929   09     0.102
  1929   10     1.699
  1929   11     6.439
  1929   12    10.424
  1930   01    13.124
  1930   02    14.061
  1930   03    14.484
  1930   04    14.183
  1930   05    13.355
  1930   06    11.220
  1930   07     8.023
  1930   08     1.933
  1930   09     0.405
  1930   10     3.073
  1930   11     7.657
  1930   12    11.224
  1931   01    13.448
  1931   02    14.288
  1931   03    14.447
  1931   04    13.985
  1931   05    12.894
  1931   06    11.286
  1931   07     7.692
  1931   08     1.510
  1931   09     0.456
  1931   10     2.172
  1931   11     6.853
  1931   12    11.064
  1932   01    13.438
  1932   02    14.300
  1932   03    14.444
  1932   04    13.976
  1932   05    13.021
  1932   06    10.956
  1932   07     7.333
  1932   08     2.359
  1932   09     0.578
  1932   10     3.429
  1932   11     7.429
  1932   12    10.892
  1933   01    13.587
  1933   02    14.303
  1933   03    14.413
  1933   04    14.209
  1933   05    13.208
  1933   06    11.020
  1933   07     7.405
  1933   08     1.736
  1933   09     0.834
  1933   10     2.611
  1933   11     6.894
  1933   12    11.217
  1934   01    13.501
  1934   02    13.985
  1934   03    14.233
  1934   04    13.992
  1934   05    13.119
  1934   06    10.670
  1934   07     7.340
  1934   08     0.852
  1934   09     0.309
  1934   10     1.686
  1934   11     6.875
  1934   12    10.391
  1935   01    13.411
  1935   02    14.356
  1935   03    14.570
  1935   04    13.916
  1935   05    12.909
  1935   06    11.098
  1935   07     6.074
  1935   08     0.429
  1935   09     0.257
  1935   10     1.583
  1935   11     5.431
  1935   12     9.924
  1936   01    13.117
  1936   02    13.876
  1936   03    14.190
  1936   04    13.908
  1936   05    12.791
  1936   06    11.123
  1936   07     6.499
  1936   08     0.324
  1936   09     0.301
  1936   10     1.240
  1936   11     5.671
  1936   12    10.568
  1937   01    13.260
  1937   02    13.950
  1937   03    14.278
  1937   04    13.794
  1937   05    12.879
  1937   06    11.072
  1937   07     7.585
  1937   08     0.459
  1937   09     0.305
  1937   10     1.542
  1937   11     7.390
  1937   12    11.249
  1938   01    13.526
  1938   02    14.337
  1938   03    14.585
  1938   04    14.233
  1938   05    13.130
  1938   06    11.197
  1938   07     6.652
  1938   08     1.594
  1938   09     0.343
  1938   10     2.043
  1938   11     6.423
  1938   12    10.245
  1939   01    13.254
  1939   02    14.081
  1939   03    14.418
  1939   04    14.159
  1939   05    13.243
  1939   06    10.374
  1939   07     6.227
  1939   08     0.103
  1939   09     0.112
  1939   10     0.568
  1939   11     5.060
  1939   12     9.448
  1940   01    13.182
  1940   02    13.973
  1940   03    14.176
  1940   04    14.005
  1940   05    13.113
  1940   06    11.162
  1940   07     7.668
  1940   08     0.029
  1940   09     0.002
  1940   10     0.525
  1940   11     6.141
  1940   12    10.542
  1941   01    12.954
  1941   02    13.885
  1941   03    14.160
  1941   04    13.906
  1941   05    12.941
  1941   06    11.140
  1941   07     6.387
  1941   08     0.147
  1941   09     0.112
  1941   10     1.011
  1941   11     5.519
  1941   12    10.247
  1942   01    13.079
  1942   02    13.914
  1942   03    14.311
  1942   04    14.135
  1942   05    13.249
  1942   06    11.019
  1942   07     5.377
  1942   08     0.198
  1942   09     0.095
  1942   10     1.042
  1942   11     5.096
  1942   12     9.686
  1943   01    12.908
  1943   02    13.768
  1943   03    14.085
  1943   04    13.653
  1943   05    12.597
  1943   06    10.693
  1943   07     6.322
  1943   08     0.640
  1943   09     0.172
  1943   10     1.813
  1943   11     5.663
  1943   12     9.586
  1944   01    13.011
  1944   02    14.011
  1944   03    14.286
  1944   04    14.007
  1944   05    13.047
  1944   06    11.197
  1944   07     7.499
  1944   08     2.377
  1944   09     0.922
  1944   10     3.623
  1944   11     7.297
  1944   12    10.221
  1945   01    13.085
  1945   02    14.219
  1945   03    14.416
  1945   04    14.003
  1945   05    12.902
  1945   06    10.929
  1945   07     7.015
  1945   08     0.362
  1945   09     0.155
  1945   10     1.081
  1945   11     5.815
  1945   12     9.901
  1946   01    12.568
  1946   02    13.760
  1946   03    13.847
  1946   04    13.504
  1946   05    12.243
  1946   06    10.568
  1946   07     5.119
  1946   08     0.320
  1946   09     0.246
  1946   10     0.947
  1946   11     4.517
  1946   12     9.586
  1947   01    12.301
  1947   02    13.096
  1947   03    13.672
  1947   04    13.425
  1947   05    12.401
  1947   06    10.537
  1947   07     5.800
  1947   08     0.344
  1947   09     0.228
  1947   10     1.040
  1947   11     4.665
  1947   12     9.137
  1948   01    12.423
  1948   02    13.329
  1948   03    13.681
  1948   04    13.243
  1948   05    12.189
  1948   06    10.342
  1948   07     6.352
  1948   08     0.328
  1948   09     0.196
  1948   10     1.172
  1948   11     6.069
  1948   12     9.814
  1949   01    12.319
  1949   02    13.349
  1949   03    13.644
  1949   04    13.650
  1949   05    12.558
  1949   06    10.534
  1949   07     5.996
  1949   08     0.339
  1949   09     0.190
  1949   10     0.790
  1949   11     3.727
  1949   12     9.075
  1950   01    12.401
  1950   02    13.202
  1950   03    13.579
  1950   04    13.412
  1950   05    12.383
  1950   06    10.482
  1950   07     5.999
  1950   08     0.134
  1950   09     0.080
  1950   10     0.563
  1950   11     4.484
  1950   12     9.177
  1951   01    11.966
  1951   02    13.313
  1951   03    13.827
  1951   04    13.744
  1951   05    12.559
  1951   06    10.602
  1951   07     7.232
  1951   08     0.100
  1951   09     0.001
  1951   10     0.524
  1951   11     6.636
  1951   12     9.906
  1952   01    12.696
  1952   02    13.625
  1952   03    13.803
  1952   04    13.722
  1952   05    13.009
  1952   06    11.170
  1952   07     5.751
  1952   08     0.212
  1952   09     0.188
  1952   10     1.010
  1952   11     5.238
  1952   12     9.622
  1953   01    13.104
  1953   02    13.901
  1953   03    13.962
  1953   04    13.556
  1953   05    12.901
  1953   06    11.149
  1953   07     6.314
  1953   08     0.235
  1953   09     0.113
  1953   10     1.218
  1953   11     5.398
  1953   12     9.529
  1954   01    12.758
  1954   02    13.661
  1954   03    13.974
  1954   04    13.752
  1954   05    12.709
  1954   06    10.857
  1954   07     6.330
  1954   08     0.354
  1954   09     0.163
  1954   10     1.024
  1954   11     3.923
  1954   12     9.245
  1955   01    12.428
  1955   02    13.620
  1955   03    13.789
  1955   04    13.490
  1955   05    12.477
  1955   06    10.265
  1955   07     4.672
  1955   08     0.127
  1955   09     0.079
  1955   10     0.433
  1955   11     3.344
  1955   12     8.528
  1956   01    12.074
  1956   02    13.409
  1956   03    13.725
  1956   04    13.653
  1956   05    12.896
  1956   06    11.030
  1956   07     6.996
  1956   08     0.008
  1956   09     0.001
  1956   10     0.248
  1956   11     5.208
  1956   12    10.253
  1957   01    13.147
  1957   02    13.705
  1957   03    13.945
  1957   04    13.826
  1957   05    12.691
  1957   06    11.421
  1957   07     6.264
  1957   08     0.313
  1957   09     0.161
  1957   10     1.633
  1957   11     5.879
  1957   12     9.701
  1958   01    12.732
  1958   02    13.831
  1958   03    13.971
  1958   04    13.701
  1958   05    12.933
  1958   06    11.410
  1958   07     6.974
  1958   08     0.818
  1958   09     0.426
  1958   10     1.438
  1958   11     5.709
  1958   12     9.778
  1959   01    13.058
  1959   02    13.725
  1959   03    13.910
  1959   04    13.476
  1959   05    12.326
  1959   06    10.702
  1959   07     5.838
  1959   08     0.854
  1959   09     0.308
  1959   10     1.560
  1959   11     4.229
  1959   12     9.024
  1960   01    12.688
  1960   02    13.581
  1960   03    14.040
  1960   04    13.813
  1960   05    13.022
  1960   06    11.223
  1960   07     6.671
  1960   08     0.167
  1960   09     0.102
  1960   10     0.622
  1960   11     4.595
  1960   12     9.517
  1961   01    12.621
  1961   02    13.988
  1961   03    14.293
  1961   04    13.896
  1961   05    12.512
  1961   06     9.928
  1961   07     6.694
  1961   08     0.138
  1961   09     0.008
  1961   10     0.730
  1961   11     5.754
  1961   12     9.770
  1962   01    13.145
  1962   02    14.161
  1962   03    14.283
  1962   04    14.010
  1962   05    13.275
  1962   06    11.057
  1962   07     7.515
  1962   08     0.706
  1962   09     0.093
  1962   10     2.117
  1962   11     7.187
  1962   12    10.728
  1963   01    13.177
  1963   02    14.098
  1963   03    14.343
  1963   04    14.083
  1963   05    13.234
  1963   06    11.293
  1963   07     6.448
  1963   08     0.180
  1963   09     0.093
  1963   10     0.533
  1963   11     4.952
  1963   12     9.902
  1964   01    13.073
  1964   02    13.950
  1964   03    14.218
  1964   04    13.992
  1964   05    12.871
  1964   06    11.055
  1964   07     6.498
  1964   08     0.605
  1964   09     0.246
  1964   10     1.829
  1964   11     5.947
  1964   12    10.409
  1965   01    13.239
  1965   02    14.247
  1965   03    14.427
  1965   04    14.221
  1965   05    12.917
  1965   06    10.899
  1965   07     7.054
  1965   08     0.234
  1965   09     0.147
  1965   10     0.781
  1965   11     5.631
  1965   12    10.333
  1966   01    13.352
  1966   02    14.024
  1966   03    14.464
  1966   04    14.152
  1966   05    12.958
  1966   06    11.053
  1966   07     7.410
  1966   08     0.527
  1966   09     0.290
  1966   10     1.432
  1966   11     6.365
  1966   12     9.976
  1967   01    13.120
  1967   02    13.864
  1967   03    14.222
  1967   04    13.804
  1967   05    12.713
  1967   06    10.820
  1967   07     7.313
  1967   08     0.493
  1967   09     0.295
  1967   10     1.159
  1967   11     5.699
  1967   12    10.245
  1968   01    12.701
  1968   02    13.697
  1968   03    14.268
  1968   04    14.210
  1968   05    13.130
  1968   06    11.287
  1968   07     6.890
  1968   08     0.211
  1968   09     0.089
  1968   10     0.639
  1968   11     5.574
  1968   12    10.268
  1969   01    13.102
  1969   02    13.952
  1969   03    14.253
  1969   04    13.772
  1969   05    12.866
  1969   06    10.995
  1969   07     6.765
  1969   08     0.076
  1969   09     0.067
  1969   10     0.667
  1969   11     5.704
  1969   12     9.975
  1970   01    12.827
  1970   02    13.959
  1970   03    14.183
  1970   04    13.926
  1970   05    12.850
  1970   06    10.937
  1970   07     6.519
  1970   08     0.608
  1970   09     0.226
  1970   10     1.310
  1970   11     6.070
  1970   12     9.395
  1971   01    12.551
  1971   02    13.616
  1971   03    14.200
  1971   04    13.898
  1971   05    12.803
  1971   06    10.963
  1971   07     6.548
  1971   08     0.254
  1971   09     0.183
  1971   10     0.958
  1971   11     5.207
  1971   12     9.328
  1972   01    12.688
  1972   02    14.108
  1972   03    14.441
  1972   04    14.140
  1972   05    13.002
  1972   06    10.444
  1972   07     6.064
  1972   08     0.159
  1972   09     0.135
  1972   10     0.592
  1972   11     3.836
  1972   12     9.746
  1973   01    12.815
  1973   02    14.020
  1973   03    14.471
  1973   04    14.308
  1973   05    13.040
  1973   06    11.396
  1973   07     7.046
  1973   08     0.663
  1973   09     0.243
  1973   10     1.160
  1973   11     5.697
  1973   12    10.024
  1974   01    13.017
  1974   02    13.916
  1974   03    14.347
  1974   04    14.255
  1974   05    13.315
  1974   06    11.825
  1974   07     7.024
  1974   08     0.409
  1974   09     0.219
  1974   10     1.109
  1974   11     5.655
  1974   12    10.126
  1975   01    13.010
  1975   02    14.313
  1975   03    14.455
  1975   04    13.904
  1975   05    12.989
  1975   06    11.174
  1975   07     6.354
  1975   08     0.869
  1975   09     0.387
  1975   10     1.825
  1975   11     6.008
  1975   12    10.082
  1976   01    12.683
  1976   02    13.736
  1976   03    14.088
  1976   04    13.712
  1976   05    12.884
  1976   06    10.966
  1976   07     7.660
  1976   08     0.134
  1976   09     0.098
  1976   10     0.875
  1976   11     6.983
  1976   12    10.760
  1977   01    13.412
  1977   02    14.381
  1977   03    14.778
  1977   04    14.355
  1977   05    13.080
  1977   06    10.399
  1977   07     6.860
  1977   08     0.135
  1977   09     0.074
  1977   10     0.385
  1977   11     5.130
  1977   12     9.247
  1978   01    12.754
  1978   02    14.147
  1978   03    14.180
  1978   04    13.835
  1978   05    12.668
  1978   06    10.576
  1978   07     6.394
  1978   08     0.541
  1978   09     0.237
  1978   10     1.133
  1978   11     6.003
  1978   12    10.508
  1979   01    12.853
  1979   02    14.097
  1979   03    14.283
  1979   04    13.905
  1979   05    13.128
  1979   06    11.179
  1979   07     7.431
  1979   08     0.169
  1979   09     0.029
  1979   10     0.750
  1979   11     6.434
  1979   12    10.182
  1980   01    13.060
  1980   02    13.794
  1980   03    14.190
  1980   04    14.050
  1980   05    13.118
  1980   06    11.531
  1980   07     6.608
  1980   08     0.223
  1980   09     0.139
  1980   10     1.400
  1980   11     6.127
  1980   12    10.194
  1981   01    13.188
  1981   02    14.080
  1981   03    14.319
  1981   04    14.119
  1981   05    13.152
  1981   06    10.838
  1981   07     6.575
  1981   08     0.092
  1981   09     0.007
  1981   10     0.242
  1981   11     4.769
  1981   12     9.211
  1982   01    12.521
  1982   02    13.751
  1982   03    14.194
  1982   04    13.957
  1982   05    12.975
  1982   06    10.850
  1982   07     6.321
  1982   08     0.192
  1982   09     0.159
  1982   10     0.776
  1982   11     4.391
  1982   12     9.849
  1983   01    12.450
  1983   02    13.492
  1983   03    13.899
  1983   04    13.631
  1983   05    12.645
  1983   06    10.895
  1983   07     7.169
  1983   08     1.491
  1983   09     0.515
  1983   10     2.649
  1983   11     7.131
  1983   12    10.028
  1984   01    12.527
  1984   02    13.558
  1984   03    14.061
  1984   04    13.925
  1984   05    12.918
  1984   06    10.832
  1984   07     7.481
  1984   08     0.689
  1984   09     0.219
  1984   10     1.595
  1984   11     6.310
  1984   12    10.582
  1985   01    13.039
  1985   02    14.097
  1985   03    14.459
  1985   04    14.293
  1985   05    12.975
  1985   06    10.415
  1985   07     6.164
  1985   08     0.077
  1985   09     0.049
  1985   10     0.389
  1985   11     3.676
  1985   12     9.219
  1986   01    12.869
  1986   02    14.108
  1986   03    14.312
  1986   04    14.099
  1986   05    13.159
  1986   06    11.403
  1986   07     6.455
  1986   08     0.187
  1986   09     0.057
  1986   10     0.575
  1986   11     5.461
  1986   12     9.755
  1987   01    13.530
  1987   02    14.395
  1987   03    14.539
  1987   04    14.493
  1987   05    13.249
  1987   06    10.958
  1987   07     4.630
  1987   08     0.025
  1987   09     0.000
  1987   10     0.188
  1987   11     2.430
  1987   12     8.382
  1988   01    12.564
  1988   02    14.312
  1988   03    14.569
  1988   04    14.177
  1988   05    12.951
  1988   06    10.537
  1988   07     4.688
  1988   08     0.026
  1988   09     0.010
  1988   10     0.325
  1988   11     2.037
  1988   12     7.964
  1989   01    12.164
  1989   02    13.818
  1989   03    14.142
  1989   04    14.108
  1989   05    13.194
  1989   06    11.057
  1989   07     5.614
  1989   08     0.127
  1989   09     0.061
  1989   10     0.557
  1989   11     3.624
  1989   12     9.279
  1990   01    12.559
  1990   02    13.780
  1990   03    14.134
  1990   04    13.759
  1990   05    12.618
  1990   06    10.620
  1990   07     6.074
  1990   08     0.072
  1990   09     0.008
  1990   10     0.200
  1990   11     3.684
  1990   12     8.690
  1991   01    12.221
  1991   02    13.896
  1991   03    14.429
  1991   04    14.272
  1991   05    12.982
  1991   06    10.513
  1991   07     5.078
  1991   08     0.136
  1991   09     0.087
  1991   10     0.455
  1991   11     2.454
  1991   12     7.586
  1992   01    12.397
  1992   02    13.905
  1992   03    14.505
  1992   04    14.275
  1992   05    13.489
  1992   06    11.629
  1992   07     7.037
  1992   08     0.133
  1992   09     0.109
  1992   10     1.890
  1992   11     7.014
  1992   12    11.025
  1993   01    13.533
  1993   02    14.354
  1993   03    14.713
  1993   04    14.583
  1993   05    13.218
  1993   06    11.362
  1993   07     6.593
  1993   08     0.735
  1993   09     0.151
  1993   10     1.819
  1993   11     6.146
  1993   12    10.164
  1994   01    13.078
  1994   02    14.154
  1994   03    14.440
  1994   04    14.254
  1994   05    13.203
  1994   06    11.157
  1994   07     6.446
  1994   08     0.410
  1994   09     0.269
  1994   10     1.100
  1994   11     4.670
  1994   12     9.721
  1995   01    12.894
  1995   02    13.844
  1995   03    14.355
  1995   04    14.101
  1995   05    12.614
  1995   06    10.269
  1995   07     5.768
  1995   08     0.230
  1995   09     0.082
  1995   10     0.372
  1995   11     3.492
  1995   12     9.197
  1996   01    11.969
  1996   02    13.510
  1996   03    13.931
  1996   04    13.597
  1996   05    12.606
  1996   06    10.377
  1996   07     6.419
  1996   08     0.235
  1996   09     0.146
  1996   10     0.924
  1996   11     4.639
  1996   12     9.534
  1997   01    12.524
  1997   02    13.522
  1997   03    13.776
  1997   04    13.498
  1997   05    12.775
  1997   06    10.700
  1997   07     6.265
  1997   08     0.197
  1997   09     0.091
  1997   10     0.463
  1997   11     2.949
  1997   12     9.096
  1998   01    12.633
  1998   02    13.772
  1998   03    13.907
  1998   04    13.723
  1998   05    12.679
  1998   06    10.757
  1998   07     6.251
  1998   08     0.089
  1998   09     0.041
  1998   10     0.199
  1998   11     1.962
  1998   12     8.150
  1999   01    12.040
  1999   02    13.609
  1999   03    13.990
  1999   04    13.950
  1999   05    12.947
  1999   06    10.621
  1999   07     5.389
  1999   08     0.008
  1999   09     0.005
  1999   10     0.244
  1999   11     2.577
  1999   12     9.198
  2000   01    12.338
  2000   02    13.619
  2000   03    13.974
  2000   04    13.536
  2000   05    12.579
  2000   06    10.397
  2000   07     6.052
  2000   08     0.477
  2000   09     0.343
  2000   10     1.534
  2000   11     5.247
  2000   12     9.670
  2001   01    12.484
  2001   02    13.722
  2001   03    14.201
  2001   04    13.995
  2001   05    12.915
  2001   06    10.672
  2001   07     6.266
  2001   08     0.154
  2001   09     0.077
  2001   10     0.378
  2001   11     3.578
  2001   12     8.664
  2002   01    12.880
  2002   02    14.043
  2002   03    14.465
  2002   04    14.114
  2002   05    12.830
  2002   06    10.402
  2002   07     5.722
  2002   08     0.176
  2002   09     0.085
  2002   10     0.403
  2002   11     2.023
  2002   12     8.446
  2003   01    12.213
  2003   02    13.717
  2003   03    14.345
  2003   04    14.058
  2003   05    13.019
  2003   06    11.223
  2003   07     5.170
  2003   08     0.023
  2003   09     0.005
  2003   10     0.208
  2003   11     1.562
  2003   12     8.592
  2004   01    12.384
  2004   02    13.647
  2004   03    14.211
  2004   04    13.991
  2004   05    12.914
  2004   06    11.317
  2004   07     5.174
  2004   08     0.059
  2004   09     0.006
  2004   10     0.186
  2004   11     2.610
  2004   12     8.159
  2005   01    12.278
  2005   02    13.769
  2005   03    14.173
  2005   04    13.927
  2005   05    12.892
  2005   06    10.874
  2005   07     5.512
  2005   08     0.020
  2005   09     0.001
  2005   10     0.199
  2005   11     2.471
  2005   12     8.841
  2006   01    12.518
  2006   02    13.661
  2006   03    14.013
  2006   04    13.849
  2006   05    12.543
  2006   06    10.034
  2006   07     6.382
  2006   08     0.135
  2006   09     0.077
  2006   10     0.426
  2006   11     3.433
  2006   12     9.703
  2007   01    12.628
  2007   02    13.716
  2007   03    14.209
  2007   04    14.021
  2007   05    12.965
  2007   06    10.696
  2007   07     6.184
  2007   08     0.172
  2007   09     0.100
  2007   10     0.549
  2007   11     3.536
  2007   12     9.055
  2008   01    12.247
  2008   02    13.866
  2008   03    14.404
  2008   04    14.128
  2008   05    12.973
  2008   06    11.043
  2008   07     6.480
  2008   08     0.106
  2008   09     0.052
  2008   10     0.744
  2008   11     5.007
  2008   12     9.742
  2009   01    12.530
  2009   02    13.870
  2009   03    14.326
  2009   04    14.290
  2009   05    13.148
  2009   06    11.134
  2009   07     6.910
  2009   08     1.202
  2009   09     0.196
  2009   10     1.713
  2009   11     4.837
  2009   12     9.244
  2010   01    12.798
  2010   02    13.848
  2010   03    14.231
  2010   04    14.108
  2010   05    13.221
  2010   06    11.590
  2010   07     5.984
  2010   08     0.347
  2010   09     0.211
  2010   10     0.820
  2010   11     3.529
  2010   12     9.027
  2011   01    12.544
  2011   02    13.608
  2011   03    13.949
  2011   04    13.741
  2011   05    12.952
  2011   06    10.418
  2011   07     7.587
  2011   08     0.292
  2011   09     0.151
  2011   10     0.897
  2011   11     5.510
  2011   12     9.596
  2012   01    12.460
  2012   02    13.562
  2012   03    14.193
  2012   04    14.071
  2012   05    13.326
  2012   06    11.471
  2012   07     6.221
  2012   08     0.104
  2012   09     0.088
  2012   10     0.451
  2012   11     4.410
  2012   12     9.506
  2013   01    12.536
  2013   02    13.702
  2013   03    14.095
  2013   04    13.818
  2013   05    12.722
  2013   06    10.771
  2013   07     3.590
  2013   08     0.073
  2013   09     0.037
  2013   10     0.201
  2013   11     1.457
  2013   12     6.975
  2014   01    11.296
  2014   02    13.557
  2014   03    14.093
  2014   04    13.825
  2014   05    12.951
  2014   06    11.001
  2014   07     5.743
  2014   08     0.001
  2014   09     0.000
  2014   10     0.145
  2014   11     2.427
  2014   12     8.325
  2015   01    12.048
  2015   02    13.515
  2015   03    13.720
  2015   04    13.399
  2015   05    12.535
  2015   06    10.490
  2015   07     5.566
  2015   08     0.634
  2015   09     0.329
  2015   10     1.187
  2015   11     3.450
  2015   12     8.865
  2016   01    12.053
  2016   02    13.585
  2016   03    14.028
  2016   04    13.886
  2016   05    12.687
  2016   06     9.940
  2016   07     5.739
  2016   08     0.192
  2016   09     0.125
  2016   10     0.416
  2016   11     3.243
  2016   12     7.865
  2017   01    11.585
  2017   02    13.098
  2017   03    13.786
  2017   04    13.471
  2017   05    12.337
  2017   06    10.342
  2017   07     5.324
  2017   08     0.283
  2017   09     0.141
  2017   10     0.983
  2017   11     4.423
  2017   12     9.154
  2018   01    12.032
  2018   02    13.275
  2018   03    14.011
  2018   04    13.982
  2018   05    12.359
  2018   06     9.640
  2018   07     5.401
  2018   08     0.228
  2018   09     0.107
  2018   10     0.635
  2018   11     5.549
  2018   12     9.125
  2019   01    11.981
  2019   02    13.193
  2019   03    13.689
  2019   04    13.318
  2019   05    12.468
  2019   06    10.448
  2019   07     6.392
  2019   08     0.485
  2019   09     0.186
  2019   10     1.698
  2019   11     6.061
  2019   12     9.602
  2020   01    12.085
  2020   02    13.302
  2020   03    13.986
  2020   04    13.654
  2020   05    12.515
  2020   06     9.853
  2020   07     5.753
  2020   08     1.183
  2020   09     0.402
  2020   10     2.603
  2020   11     6.016
  2020   12     9.662
  2021   01    11.908
  2021   02    13.278
  2021   03    13.691
  2021   04    13.530
  2021   05    12.785
  2021   06    10.367
  2021   07     5.483
  2021   08     0.744
  2021   09     0.480
  2021   10     1.959
  2021   11     4.335
  2021   12     9.020
  2022   01    12.623
  2022   02    13.699
  2022   03    14.106
  2022   04    13.886
  2022   05    12.536
  2022   06     9.430
  2022   07     4.902
  2022   08     0.314
  2022   09     0.232
  2022   10     0.812
  2022   11     3.612
  2022   12     8.116
  2023   01    11.604
  2023   02    13.545
  2023   03    13.910
  2023   04    13.907
  2023   05    12.811
  2023   06    10.158
  2023   07     5.229
  2023   08     0.330
  2023   09     0.193
  2023   10     0.757
  2023   11     4.359
  2023   12     8.938
  2024   01    12.438
  2024   02    13.995
  2024   03    14.480
  2024   04    14.241
  2024   05    13.209
  2024   06    10.857
  2024   07     4.641
  2024   08     0.199
  2024   09     0.155
  2024   10     0.643
  2024   11     3.115
  2024   12     8.157
  2025   01    11.967
  2025   02    13.650
  2025   03    14.003
  2025   04    13.797
  2025   05    12.838
  2025   06    10.167
  2025   07     5.465
  2025   08     0.349
  2025   09     0.126
  2025   10     0.875
  2025   11     3.573
  2025   12     8.404
  2026   01    11.989
  2026   02    13.367
  2026   03    14.113
  2026   04    13.914
  2026   05    12.351
  2026   06     9.252
  2026   07     3.927
  2026   08     0.254
  2026   09     0.168
  2026   10     0.398
  2026   11     2.423
  2026   12     7.711
  2027   01    11.324
  2027   02    13.498
  2027   03    14.172
  2027   04    13.928
  2027   05    12.576
  2027   06     9.868
  2027   07     4.016
  2027   08     0.055
  2027   09     0.023
  2027   10     0.319
  2027   11     2.765
  2027   12     7.872
  2028   01    11.582
  2028   02    13.229
  2028   03    13.651
  2028   04    13.521
  2028   05    12.157
  2028   06     9.740
  2028   07     3.382
  2028   08     0.165
  2028   09     0.090
  2028   10     0.372
  2028   11     1.516
  2028   12     6.920
  2029   01    10.398
  2029   02    12.429
  2029   03    13.348
  2029   04    13.249
  2029   05    12.268
  2029   06     9.581
  2029   07     4.016
  2029   08     0.137
  2029   09     0.091
  2029   10     0.326
  2029   11     1.754
  2029   12     6.946
  2030   01    10.452
  2030   02    12.788
  2030   03    13.479
  2030   04    13.533
  2030   05    12.270
  2030   06     9.514
  2030   07     3.208
  2030   08     0.079
  2030   09     0.057
  2030   10     0.140
  2030   11     1.152
  2030   12     6.743
  2031   01    10.537
  2031   02    12.776
  2031   03    13.398
  2031   04    13.183
  2031   05    12.224
  2031   06     9.776
  2031   07     5.329
  2031   08     0.050
  2031   09     0.007
  2031   10     0.229
  2031   11     3.230
  2031   12     8.981
  2032   01    11.598
  2032   02    13.119
  2032   03    13.510
  2032   04    13.278
  2032   05    12.679
  2032   06     9.901
  2032   07     6.245
  2032   08     0.256
  2032   09     0.069
  2032   10     1.484
  2032   11     4.859
  2032   12     9.361
  2033   01    11.956
  2033   02    13.350
  2033   03    13.711
  2033   04    13.522
  2033   05    12.454
  2033   06     9.906
  2033   07     4.657
  2033   08     0.466
  2033   09     0.298
  2033   10     0.814
  2033   11     2.116
  2033   12     7.439
  2034   01    11.051
  2034   02    13.063
  2034   03    13.811
  2034   04    13.633
  2034   05    12.463
  2034   06     9.703
  2034   07     4.456
  2034   08     0.297
  2034   09     0.256
  2034   10     0.562
  2034   11     2.060
  2034   12     6.934
  2035   01    11.121
  2035   02    12.956
  2035   03    13.640
  2035   04    13.475
  2035   05    12.584
  2035   06     9.969
  2035   07     4.051
  2035   08     0.225
  2035   09     0.130
  2035   10     0.271
  2035   11     1.411
  2035   12     7.047
  2036   01    10.787
  2036   02    12.936
  2036   03    13.559
  2036   04    13.204
  2036   05    12.206
  2036   06     9.176
  2036   07     3.381
  2036   08     0.046
  2036   09     0.044
  2036   10     0.205
  2036   11     1.679
  2036   12     6.764
  2037   01    10.584
  2037   02    13.090
  2037   03    13.757
  2037   04    13.725
  2037   05    12.562
  2037   06    10.006
  2037   07     4.469
  2037   08     0.070
  2037   09     0.053
  2037   10     0.295
  2037   11     2.425
  2037   12     8.486
  2038   01    11.699
  2038   02    13.260
  2038   03    13.728
  2038   04    13.466
  2038   05    12.661
  2038   06     9.763
  2038   07     3.349
  2038   08     0.078
  2038   09     0.062
  2038   10     0.336
  2038   11     1.644
  2038   12     6.363
  2039   01     9.717
  2039   02    12.868
  2039   03    13.663
  2039   04    13.474
  2039   05    12.352
  2039   06     9.609
  2039   07     2.323
  2039   08     0.043
  2039   09     0.026
  2039   10     0.155
  2039   11     0.984
  2039   12     5.727
  2040   01     9.873
  2040   02    12.820
  2040   03    13.466
  2040   04    13.141
  2040   05    11.836
  2040   06     9.116
  2040   07     3.117
  2040   08     0.061
  2040   09     0.041
  2040   10     0.223
  2040   11     0.967
  2040   12     5.008
  2041   01    10.306
  2041   02    12.326
  2041   03    13.036
  2041   04    12.848
  2041   05    11.732
  2041   06     9.056
  2041   07     4.409
  2041   08     0.093
  2041   09     0.052
  2041   10     0.145
  2041   11     1.499
  2041   12     7.329
  2042   01    11.100
  2042   02    12.728
  2042   03    13.230
  2042   04    13.265
  2042   05    12.169
  2042   06     9.742
  2042   07     3.590
  2042   08     0.097
  2042   09     0.026
  2042   10     0.222
  2042   11     1.621
  2042   12     6.736
  2043   01    11.002
  2043   02    12.976
  2043   03    13.651
  2043   04    13.379
  2043   05    12.341
  2043   06     9.414
  2043   07     3.897
  2043   08     0.083
  2043   09     0.059
  2043   10     0.141
  2043   11     1.179
  2043   12     7.429
  2044   01    11.042
  2044   02    12.591
  2044   03    13.233
  2044   04    13.117
  2044   05    12.269
  2044   06    10.113
  2044   07     4.172
  2044   08     0.084
  2044   09     0.061
  2044   10     0.181
  2044   11     1.405
  2044   12     6.853
  2045   01    11.187
  2045   02    12.843
  2045   03    13.531
  2045   04    13.257
  2045   05    12.368
  2045   06     9.568
  2045   07     3.365
  2045   08     0.071
  2045   09     0.047
  2045   10     0.278
  2045   11     1.691
  2045   12     7.494
  2046   01    11.611
  2046   02    13.234
  2046   03    13.742
  2046   04    13.383
  2046   05    12.042
  2046   06     9.441
  2046   07     4.209
  2046   08     0.040
  2046   09     0.006
  2046   10     0.114
  2046   11     2.391
  2046   12     7.249
  2047   01    10.155
  2047   02    12.445
  2047   03    13.169
  2047   04    12.889
  2047   05    11.442
  2047   06     8.826
  2047   07     2.905
  2047   08     0.047
  2047   09     0.007
  2047   10     0.143
  2047   11     0.721
  2047   12     5.801
  2048   01    10.679
  2048   02    12.484
  2048   03    13.223
  2048   04    12.940
  2048   05    12.093
  2048   06     9.446
  2048   07     4.023
  2048   08     0.034
  2048   09     0.003
  2048   10     0.127
  2048   11     1.288
  2048   12     7.292
  2049   01    10.754
  2049   02    12.314
  2049   03    13.073
  2049   04    12.919
  2049   05    12.257
  2049   06     9.440
  2049   07     3.531
  2049   08     0.000
  2049   09     0.000
  2049   10     0.056
  2049   11     0.670
  2049   12     6.277
  2050   01    10.713
  2050   02    12.662
  2050   03    13.321
  2050   04    13.174
  2050   05    12.075
  2050   06     9.655
  2050   07     3.192
  2050   08     0.029
  2050   09     0.000
  2050   10     0.057
  2050   11     1.069
  2050   12     6.256
  2051   01    11.002
  2051   02    12.702
  2051   03    13.046
  2051   04    12.967
  2051   05    12.096
  2051   06     9.788
  2051   07     3.806
  2051   08     0.145
  2051   09     0.069
  2051   10     0.283
  2051   11     1.693
  2051   12     6.542
  2052   01    10.681
  2052   02    12.873
  2052   03    13.365
  2052   04    13.128
  2052   05    11.918
  2052   06     9.257
  2052   07     2.702
  2052   08     0.197
  2052   09     0.152
  2052   10     0.359
  2052   11     1.287
  2052   12     5.929
  2053   01     9.919
  2053   02    12.449
  2053   03    13.167
  2053   04    13.026
  2053   05    11.610
  2053   06     8.948
  2053   07     1.866
  2053   08     0.130
  2053   09     0.085
  2053   10     0.192
  2053   11     0.827
  2053   12     4.376
  2054   01     9.366
  2054   02    12.375
  2054   03    13.021
  2054   04    12.792
  2054   05    11.772
  2054   06     9.506
  2054   07     3.704
  2054   08     0.084
  2054   09     0.045
  2054   10     0.220
  2054   11     0.977
  2054   12     6.761
  2055   01    10.796
  2055   02    12.523
  2055   03    13.491
  2055   04    13.346
  2055   05    12.229
  2055   06     9.243
  2055   07     2.796
  2055   08     0.045
  2055   09     0.002
  2055   10     0.095
  2055   11     0.529
  2055   12     4.093
  2056   01     9.612
  2056   02    12.274
  2056   03    13.031
  2056   04    12.978
  2056   05    11.912
  2056   06     9.329
  2056   07     0.904
  2056   08     0.031
  2056   09     0.007
  2056   10     0.087
  2056   11     0.459
  2056   12     3.465
  2057   01     8.906
  2057   02    11.996
  2057   03    12.839
  2057   04    12.794
  2057   05    11.561
  2057   06     9.223
  2057   07     1.618
  2057   08     0.000
  2057   09     0.000
  2057   10     0.005
  2057   11     0.537
  2057   12     4.706
  2058   01     9.667
  2058   02    12.256
  2058   03    13.126
  2058   04    12.764
  2058   05    11.590
  2058   06     9.118
  2058   07     2.192
  2058   08     0.041
  2058   09     0.008
  2058   10     0.088
  2058   11     0.520
  2058   12     4.242
  2059   01     9.063
  2059   02    12.180
  2059   03    13.150
  2059   04    12.838
  2059   05    11.438
  2059   06     8.581
  2059   07     1.700
  2059   08     0.051
  2059   09     0.009
  2059   10     0.100
  2059   11     0.465
  2059   12     4.714
  2060   01     9.521
  2060   02    12.180
  2060   03    13.129
  2060   04    13.059
  2060   05    12.032
  2060   06     9.018
  2060   07     2.578
  2060   08     0.004
  2060   09     0.000
  2060   10     0.070
  2060   11     0.457
  2060   12     4.314
  2061   01    10.300
  2061   02    12.245
  2061   03    12.898
  2061   04    12.807
  2061   05    11.504
  2061   06     9.380
  2061   07     3.174
  2061   08     0.003
  2061   09     0.000
  2061   10     0.098
  2061   11     0.512
  2061   12     7.125
  2062   01    10.680
  2062   02    12.709
  2062   03    13.297
  2062   04    13.146
  2062   05    11.551
  2062   06     8.096
  2062   07     2.100
  2062   08     0.046
  2062   09     0.034
  2062   10     0.072
  2062   11     0.179
  2062   12     3.078
  2063   01     8.426
  2063   02    11.467
  2063   03    12.436
  2063   04    12.361
  2063   05    11.091
  2063   06     8.829
  2063   07     0.757
  2063   08     0.049
  2063   09     0.007
  2063   10     0.137
  2063   11     0.579
  2063   12     3.396
  2064   01     9.264
  2064   02    12.019
  2064   03    12.995
  2064   04    12.895
  2064   05    11.670
  2064   06     8.851
  2064   07     2.942
  2064   08     0.050
  2064   09     0.020
  2064   10     0.112
  2064   11     0.573
  2064   12     3.953
  2065   01     9.977
  2065   02    11.898
  2065   03    12.609
  2065   04    12.704
  2065   05    11.560
  2065   06     8.699
  2065   07     4.005
  2065   08     0.017
  2065   09     0.000
  2065   10     0.056
  2065   11     0.699
  2065   12     6.243
  2066   01    10.006
  2066   02    11.690
  2066   03    12.466
  2066   04    12.402
  2066   05    11.545
  2066   06     8.554
  2066   07     2.063
  2066   08     0.014
  2066   09     0.000
  2066   10     0.085
  2066   11     0.481
  2066   12     4.243
  2067   01     9.184
  2067   02    11.616
  2067   03    12.817
  2067   04    12.462
  2067   05    11.431
  2067   06     8.943
  2067   07     2.236
  2067   08     0.040
  2067   09     0.028
  2067   10     0.095
  2067   11     0.495
  2067   12     3.368
  2068   01     8.634
  2068   02    11.649
  2068   03    12.848
  2068   04    12.893
  2068   05    11.781
  2068   06     8.708
  2068   07     1.322
  2068   08     0.028
  2068   09     0.000
  2068   10     0.044
  2068   11     0.584
  2068   12     4.077
  2069   01     9.929
  2069   02    12.658
  2069   03    13.303
  2069   04    12.819
  2069   05    11.509
  2069   06     8.620
  2069   07     1.802
  2069   08     0.028
  2069   09     0.001
  2069   10     0.090
  2069   11     0.441
  2069   12     3.457
  2070   01     9.242
  2070   02    12.064
  2070   03    12.955
  2070   04    12.803
  2070   05    11.994
  2070   06     9.339
  2070   07     0.111
  2070   08     0.001
  2070   09     0.000
  2070   10     0.002
  2070   11     0.228
  2070   12     3.539
  2071   01     9.741
  2071   02    12.330
  2071   03    12.778
  2071   04    12.594
  2071   05    11.769
  2071   06     9.092
  2071   07     4.123
  2071   08     0.002
  2071   09     0.000
  2071   10     0.015
  2071   11     0.554
  2071   12     5.850
  2072   01    10.116
  2072   02    12.158
  2072   03    12.951
  2072   04    12.649
  2072   05    11.333
  2072   06     8.514
  2072   07     2.395
  2072   08     0.077
  2072   09     0.053
  2072   10     0.086
  2072   11     0.396
  2072   12     2.429
  2073   01     8.475
  2073   02    11.922
  2073   03    12.859
  2073   04    13.001
  2073   05    11.982
  2073   06     8.803
  2073   07     0.653
  2073   08     0.022
  2073   09     0.001
  2073   10     0.025
  2073   11     0.235
  2073   12     2.258
  2074   01     7.425
  2074   02    11.268
  2074   03    12.302
  2074   04    12.341
  2074   05    11.246
  2074   06     8.738
  2074   07     0.549
  2074   08     0.022
  2074   09     0.001
  2074   10     0.052
  2074   11     0.234
  2074   12     2.744
  2075   01     8.991
  2075   02    11.769
  2075   03    12.817
  2075   04    12.733
  2075   05    11.908
  2075   06     9.227
  2075   07     1.377
  2075   08     0.036
  2075   09     0.001
  2075   10     0.054
  2075   11     0.484
  2075   12     3.528
  2076   01     9.212
  2076   02    11.739
  2076   03    12.678
  2076   04    12.268
  2076   05    11.007
  2076   06     8.783
  2076   07     1.331
  2076   08     0.041
  2076   09     0.016
  2076   10     0.056
  2076   11     0.188
  2076   12     2.217
  2077   01     7.874
  2077   02    11.227
  2077   03    12.356
  2077   04    12.467
  2077   05    11.375
  2077   06     8.469
  2077   07     0.178
  2077   08     0.006
  2077   09     0.001
  2077   10     0.030
  2077   11     0.181
  2077   12     1.924
  2078   01     6.487
  2078   02    10.413
  2078   03    12.314
  2078   04    12.357
  2078   05    11.266
  2078   06     8.253
  2078   07     0.076
  2078   08     0.001
  2078   09     0.000
  2078   10     0.008
  2078   11     0.164
  2078   12     2.187
  2079   01     5.314
  2079   02     9.714
  2079   03    12.155
  2079   04    12.004
  2079   05    11.099
  2079   06     7.963
  2079   07     0.892
  2079   08     0.004
  2079   09     0.000
  2079   10     0.045
  2079   11     0.230
  2079   12     2.668
  2080   01     7.426
  2080   02    10.805
  2080   03    12.478
  2080   04    12.413
  2080   05    11.243
  2080   06     8.941
  2080   07     0.793
  2080   08     0.012
  2080   09     0.000
  2080   10     0.057
  2080   11     0.272
  2080   12     3.037
  2081   01     8.279
  2081   02    11.503
  2081   03    12.398
  2081   04    12.275
  2081   05    11.234
  2081   06     9.107
  2081   07     1.381
  2081   08     0.015
  2081   09     0.001
  2081   10     0.012
  2081   11     0.274
  2081   12     2.956
  2082   01     9.272
  2082   02    11.269
  2082   03    12.203
  2082   04    12.363
  2082   05    11.646
  2082   06     8.189
  2082   07     0.611
  2082   08     0.000
  2082   09     0.000
  2082   10     0.000
  2082   11     0.133
  2082   12     2.705
  2083   01     8.178
  2083   02    11.591
  2083   03    12.739
  2083   04    12.687
  2083   05    11.535
  2083   06     8.419
  2083   07     0.391
  2083   08     0.000
  2083   09     0.000
  2083   10     0.000
  2083   11     0.094
  2083   12     1.695
  2084   01     7.742
  2084   02    11.617
  2084   03    12.430
  2084   04    12.284
  2084   05    11.379
  2084   06     8.320
  2084   07     0.170
  2084   08     0.000
  2084   09     0.000
  2084   10     0.000
  2084   11     0.158
  2084   12     1.790
  2085   01     7.435
  2085   02    11.193
  2085   03    12.333
  2085   04    12.492
  2085   05    11.383
  2085   06     7.346
  2085   07     1.100
  2085   08     0.082
  2085   09     0.023
  2085   10     0.115
  2085   11     0.362
  2085   12     2.718
  2086   01     7.927
  2086   02    11.204
  2086   03    12.495
  2086   04    12.445
  2086   05    11.022
  2086   06     8.088
  2086   07     0.195
  2086   08     0.026
  2086   09     0.001
  2086   10     0.044
  2086   11     0.334
  2086   12     2.665
  2087   01     6.768
  2087   02    10.233
  2087   03    12.125
  2087   04    12.113
  2087   05    10.661
  2087   06     6.822
  2087   07     0.186
  2087   08     0.000
  2087   09     0.000
  2087   10     0.000
  2087   11     0.116
  2087   12     1.175
  2088   01     4.510
  2088   02     9.438
  2088   03    11.288
  2088   04    11.415
  2088   05    10.657
  2088   06     7.932
  2088   07     0.107
  2088   08     0.000
  2088   09     0.000
  2088   10     0.000
  2088   11     0.069
  2088   12     1.250
  2089   01     4.805
  2089   02     9.111
  2089   03    11.845
  2089   04    11.899
  2089   05    10.770
  2089   06     7.553
  2089   07     0.166
  2089   08     0.000
  2089   09     0.000
  2089   10     0.000
  2089   11     0.187
  2089   12     1.867
  2090   01     6.108
  2090   02     9.804
  2090   03    11.770
  2090   04    11.710
  2090   05    11.087
  2090   06     8.147
  2090   07     0.471
  2090   08     0.008
  2090   09     0.000
  2090   10     0.001
  2090   11     0.179
  2090   12     1.934
  2091   01     6.971
  2091   02    11.137
  2091   03    11.942
  2091   04    11.897
  2091   05    10.264
  2091   06     7.887
  2091   07     0.032
  2091   08     0.000
  2091   09     0.000
  2091   10     0.000
  2091   11     0.152
  2091   12     1.585
  2092   01     5.921
  2092   02    10.088
  2092   03    11.545
  2092   04    11.616
  2092   05    10.201
  2092   06     8.050
  2092   07     0.571
  2092   08     0.018
  2092   09     0.000
  2092   10     0.043
  2092   11     0.265
  2092   12     2.275
  2093   01     6.856
  2093   02    10.287
  2093   03    11.798
  2093   04    11.846
  2093   05    10.704
  2093   06     8.318
  2093   07     1.087
  2093   08     0.000
  2093   09     0.000
  2093   10     0.000
  2093   11     0.204
  2093   12     2.254
  2094   01     6.433
  2094   02    10.352
  2094   03    11.364
  2094   04    11.362
  2094   05    10.488
  2094   06     7.859
  2094   07     0.116
  2094   08     0.001
  2094   09     0.000
  2094   10     0.001
  2094   11     0.158
  2094   12     1.731
  2095   01     5.435
  2095   02     9.459
  2095   03    11.197
  2095   04    10.995
  2095   05     9.695
  2095   06     6.637
  2095   07     0.161
  2095   08     0.001
  2095   09     0.000
  2095   10     0.001
  2095   11     0.133
  2095   12     1.439
  2096   01     4.937
  2096   02     9.002
  2096   03    10.906
  2096   04    10.915
  2096   05    10.081
  2096   06     7.095
  2096   07     0.269
  2096   08     0.000
  2096   09     0.000
  2096   10     0.000
  2096   11     0.089
  2096   12     1.488
  2097   01     4.281
  2097   02     8.754
  2097   03    10.971
  2097   04    11.107
  2097   05     9.855
  2097   06     6.308
  2097   07     0.052
  2097   08     0.000
  2097   09     0.000
  2097   10     0.000
  2097   11     0.086
  2097   12     1.122
  2098   01     4.316
  2098   02     8.247
  2098   03    11.199
  2098   04    11.457
  2098   05    10.557
  2098   06     7.732
  2098   07     0.042
  2098   08     0.000
  2098   09     0.000
  2098   10     0.000
  2098   11     0.146
  2098   12     1.289
  2099   01     4.642
  2099   02     8.980
  2099   03    11.208
  2099   04    11.368
  2099   05     9.881
  2099   06     6.450
  2099   07     0.201
  2099   08     0.000
  2099   09     0.000
  2099   10     0.000
  2099   11     0.179
  2099   12     2.033
  2100   01     5.577
  2100   02     9.816
  2100   03    11.177
  2100   04    11.112
  2100   05    10.311
  2100   06     7.491
  2100   07     0.495
  2100   08     0.001
  2100   09     0.000
  2100   10     0.002
  2100   11     0.218
  2100   12     2.003
