  1850   01    16.758
  1850   02    18.018
  1850   03    18.082
  1850   04    17.276
  1850   05    14.758
  1850   06    12.464
  1850   07    10.909
  1850   08     8.710
  1850   09     7.909
  1850   10     9.734
  1850   11    12.379
  1850   12    14.701
  1851   01    16.720
  1851   02    17.791
  1851   03    17.504
  1851   04    16.479
  1851   05    14.782
  1851   06    12.358
  1851   07     9.571
  1851   08     7.382
  1851   09     6.468
  1851   10     8.735
  1851   11    11.453
  1851   12    13.951
  1852   01    15.914
  1852   02    17.432
  1852   03    17.379
  1852   04    16.910
  1852   05    14.458
  1852   06    11.961
  1852   07    10.026
  1852   08     8.063
  1852   09     7.675
  1852   10     8.930
  1852   11    11.301
  1852   12    13.701
  1853   01    15.325
  1853   02    16.718
  1853   03    16.886
  1853   04    16.300
  1853   05    14.158
  1853   06    11.965
  1853   07     9.439
  1853   08     7.055
  1853   09     6.838
  1853   10     8.912
  1853   11    10.992
  1853   12    13.147
  1854   01    15.068
  1854   02    16.367
  1854   03    16.279
  1854   04    15.225
  1854   05    13.843
  1854   06    11.746
  1854   07     9.324
  1854   08     7.213
  1854   09     6.798
  1854   10     8.754
  1854   11    10.896
  1854   12    13.423
  1855   01    15.307
  1855   02    16.491
  1855   03    17.157
  1855   04    16.043
  1855   05    14.015
  1855   06    11.547
  1855   07     9.480
  1855   08     7.811
  1855   09     7.213
  1855   10     8.825
  1855   11    11.306
  1855   12    13.966
  1856   01    15.414
  1856   02    16.296
  1856   03    16.797
  1856   04    15.991
  1856   05    14.003
  1856   06    11.380
  1856   07     9.270
  1856   08     7.638
  1856   09     7.500
  1856   10     8.926
  1856   11    11.639
  1856   12    13.938
  1857   01    15.950
  1857   02    17.030
  1857   03    16.906
  1857   04    15.899
  1857   05    14.121
  1857   06    12.417
  1857   07    10.390
  1857   08     7.519
  1857   09     7.571
  1857   10     9.523
  1857   11    11.866
  1857   12    14.033
  1858   01    15.970
  1858   02    17.183
  1858   03    17.231
  1858   04    15.958
  1858   05    13.958
  1858   06    11.966
  1858   07     9.590
  1858   08     7.584
  1858   09     7.401
  1858   10     9.200
  1858   11    11.980
  1858   12    14.353
  1859   01    15.677
  1859   02    16.683
  1859   03    17.071
  1859   04    15.976
  1859   05    14.054
  1859   06    11.725
  1859   07     8.773
  1859   08     6.443
  1859   09     6.669
  1859   10     8.365
  1859   11    11.175
  1859   12    13.719
  1860   01    15.683
  1860   02    17.041
  1860   03    17.104
  1860   04    16.305
  1860   05    13.984
  1860   06    12.070
  1860   07     9.972
  1860   08     8.321
  1860   09     7.442
  1860   10     9.693
  1860   11    12.190
  1860   12    14.374
  1861   01    16.101
  1861   02    17.262
  1861   03    17.490
  1861   04    16.019
  1861   05    13.561
  1861   06    11.216
  1861   07     8.442
  1861   08     6.498
  1861   09     6.124
  1861   10     7.566
  1861   11    11.459
  1861   12    13.562
  1862   01    14.801
  1862   02    16.446
  1862   03    16.861
  1862   04    16.309
  1862   05    14.472
  1862   06    11.930
  1862   07     9.549
  1862   08     7.167
  1862   09     7.147
  1862   10     8.812
  1862   11    11.544
  1862   12    14.235
  1863   01    15.908
  1863   02    17.392
  1863   03    17.302
  1863   04    16.223
  1863   05    13.861
  1863   06    11.265
  1863   07     9.649
  1863   08     8.487
  1863   09     7.967
  1863   10     9.519
  1863   11    11.486
  1863   12    13.541
  1864   01    15.224
  1864   02    16.333
  1864   03    16.603
  1864   04    15.917
  1864   05    14.143
  1864   06    11.797
  1864   07     9.526
  1864   08     7.564
  1864   09     7.342
  1864   10     8.978
  1864   11    11.022
  1864   12    13.435
  1865   01    15.552
  1865   02    16.547
  1865   03    16.356
  1865   04    15.474
  1865   05    13.576
  1865   06    11.958
  1865   07     9.889
  1865   08     7.737
  1865   09     6.994
  1865   10     9.466
  1865   11    11.543
  1865   12    13.967
  1866   01    15.478
  1866   02    16.604
  1866   03    17.209
  1866   04    16.044
  1866   05    14.268
  1866   06    12.445
  1866   07     9.487
  1866   08     6.969
  1866   09     6.930
  1866   10     9.208
  1866   11    12.104
  1866   12    13.967
  1867   01    15.871
  1867   02    16.647
  1867   03    16.613
  1867   04    16.218
  1867   05    14.428
  1867   06    12.175
  1867   07    10.272
  1867   08     8.248
  1867   09     7.757
  1867   10     9.990
  1867   11    11.568
  1867   12    14.522
  1868   01    16.409
  1868   02    17.861
  1868   03    17.776
  1868   04    16.600
  1868   05    14.778
  1868   06    12.076
  1868   07     9.671
  1868   08     8.329
  1868   09     8.069
  1868   10     9.734
  1868   11    11.730
  1868   12    15.064
  1869   01    16.598
  1869   02    17.427
  1869   03    17.546
  1869   04    16.510
  1869   05    14.513
  1869   06    12.343
  1869   07    10.176
  1869   08     7.862
  1869   09     7.094
  1869   10     9.140
  1869   11    11.500
  1869   12    14.128
  1870   01    16.350
  1870   02    17.257
  1870   03    17.393
  1870   04    16.160
  1870   05    13.865
  1870   06    11.859
  1870   07     9.538
  1870   08     7.682
  1870   09     7.253
  1870   10     8.890
  1870   11    11.439
  1870   12    14.087
  1871   01    15.778
  1871   02    16.472
  1871   03    16.828
  1871   04    15.638
  1871   05    13.784
  1871   06    11.574
  1871   07     9.514
  1871   08     7.890
  1871   09     7.365
  1871   10     9.437
  1871   11    11.586
  1871   12    14.172
  1872   01    15.687
  1872   02    16.759
  1872   03    17.168
  1872   04    15.990
  1872   05    14.466
  1872   06    12.074
  1872   07     9.995
  1872   08     8.024
  1872   09     7.392
  1872   10     8.975
  1872   11    11.743
  1872   12    14.232
  1873   01    15.745
  1873   02    16.899
  1873   03    16.947
  1873   04    15.834
  1873   05    14.460
  1873   06    11.817
  1873   07     9.754
  1873   08     7.624
  1873   09     6.855
  1873   10     9.426
  1873   11    12.017
  1873   12    14.489
  1874   01    16.258
  1874   02    17.586
  1874   03    18.004
  1874   04    16.920
  1874   05    15.666
  1874   06    11.952
  1874   07     9.767
  1874   08     7.851
  1874   09     7.583
  1874   10     8.994
  1874   11    11.321
  1874   12    14.665
  1875   01    16.050
  1875   02    17.074
  1875   03    17.415
  1875   04    16.251
  1875   05    14.872
  1875   06    11.754
  1875   07     9.922
  1875   08     8.707
  1875   09     7.778
  1875   10     9.540
  1875   11    11.747
  1875   12    14.189
  1876   01    16.174
  1876   02    17.490
  1876   03    17.880
  1876   04    16.896
  1876   05    14.542
  1876   06    11.715
  1876   07     9.613
  1876   08     7.698
  1876   09     7.334
  1876   10     8.658
  1876   11    11.090
  1876   12    14.343
  1877   01    16.311
  1877   02    17.229
  1877   03    17.745
  1877   04    16.452
  1877   05    14.430
  1877   06    12.226
  1877   07     9.634
  1877   08     7.921
  1877   09     7.560
  1877   10     9.488
  1877   11    11.879
  1877   12    14.228
  1878   01    16.269
  1878   02    17.673
  1878   03    17.987
  1878   04    16.774
  1878   05    15.101
  1878   06    12.461
  1878   07    10.508
  1878   08     7.991
  1878   09     7.226
  1878   10     9.146
  1878   11    12.116
  1878   12    14.345
  1879   01    16.363
  1879   02    17.609
  1879   03    17.957
  1879   04    16.383
  1879   05    14.274
  1879   06    12.426
  1879   07     9.627
  1879   08     6.944
  1879   09     6.150
  1879   10     8.179
  1879   11    11.687
  1879   12    14.241
  1880   01    15.897
  1880   02    17.195
  1880   03    17.794
  1880   04    16.523
  1880   05    14.691
  1880   06    12.706
  1880   07    10.411
  1880   08     8.018
  1880   09     7.724
  1880   10     9.551
  1880   11    11.952
  1880   12    14.776
  1881   01    16.956
  1881   02    18.070
  1881   03    18.634
  1881   04    17.398
  1881   05    15.200
  1881   06    12.055
  1881   07    10.664
  1881   08     7.710
  1881   09     6.891
  1881   10     9.630
  1881   11    12.201
  1881   12    14.331
  1882   01    16.385
  1882   02    17.229
  1882   03    17.784
  1882   04    16.998
  1882   05    15.066
  1882   06    12.404
  1882   07    10.186
  1882   08     7.749
  1882   09     7.477
  1882   10     9.322
  1882   11    11.402
  1882   12    14.880
  1883   01    17.062
  1883   02    18.296
  1883   03    18.097
  1883   04    16.753
  1883   05    14.625
  1883   06    12.579
  1883   07     9.842
  1883   08     8.511
  1883   09     8.753
  1883   10     9.911
  1883   11    12.385
  1883   12    15.128
  1884   01    16.915
  1884   02    18.555
  1884   03    18.463
  1884   04    17.051
  1884   05    14.663
  1884   06    12.012
  1884   07    10.256
  1884   08     8.536
  1884   09     8.566
  1884   10    10.318
  1884   11    12.261
  1884   12    15.187
  1885   01    16.943
  1885   02    18.317
  1885   03    18.671
  1885   04    17.771
  1885   05    15.290
  1885   06    12.975
  1885   07    10.554
  1885   08     8.306
  1885   09     7.955
  1885   10     9.966
  1885   11    12.427
  1885   12    15.007
  1886   01    16.733
  1886   02    18.253
  1886   03    18.813
  1886   04    17.339
  1886   05    15.444
  1886   06    12.782
  1886   07    10.449
  1886   08     8.615
  1886   09     8.563
  1886   10    10.358
  1886   11    11.928
  1886   12    14.881
  1887   01    16.398
  1887   02    18.151
  1887   03    18.331
  1887   04    16.986
  1887   05    14.652
  1887   06    12.037
  1887   07    10.059
  1887   08     8.988
  1887   09     8.692
  1887   10     9.840
  1887   11    12.006
  1887   12    15.050
  1888   01    17.264
  1888   02    18.489
  1888   03    19.056
  1888   04    18.205
  1888   05    15.169
  1888   06    12.932
  1888   07    10.336
  1888   08     7.814
  1888   09     7.479
  1888   10     9.438
  1888   11    12.341
  1888   12    15.265
  1889   01    16.960
  1889   02    17.941
  1889   03    18.310
  1889   04    17.644
  1889   05    15.681
  1889   06    13.035
  1889   07    10.934
  1889   08     9.173
  1889   09     9.033
  1889   10    10.531
  1889   11    12.731
  1889   12    15.183
  1890   01    17.075
  1890   02    18.243
  1890   03    18.642
  1890   04    17.464
  1890   05    14.858
  1890   06    12.216
  1890   07     9.886
  1890   08     8.083
  1890   09     8.013
  1890   10     9.820
  1890   11    11.529
  1890   12    14.191
  1891   01    16.438
  1891   02    17.738
  1891   03    17.851
  1891   04    16.806
  1891   05    14.848
  1891   06    12.401
  1891   07    10.307
  1891   08     8.181
  1891   09     8.264
  1891   10     9.775
  1891   11    11.903
  1891   12    14.731
  1892   01    16.884
  1892   02    18.127
  1892   03    18.242
  1892   04    16.875
  1892   05    15.019
  1892   06    12.426
  1892   07    10.157
  1892   08     8.291
  1892   09     8.143
  1892   10     9.700
  1892   11    11.961
  1892   12    14.428
  1893   01    16.631
  1893   02    18.186
  1893   03    18.627
  1893   04    17.601
  1893   05    15.439
  1893   06    12.793
  1893   07    10.416
  1893   08     7.886
  1893   09     7.431
  1893   10     9.375
  1893   11    12.069
  1893   12    14.079
  1894   01    16.226
  1894   02    17.504
  1894   03    17.884
  1894   04    16.973
  1894   05    14.592
  1894   06    12.612
  1894   07     9.647
  1894   08     7.635
  1894   09     7.147
  1894   10     9.346
  1894   11    11.656
  1894   12    13.902
  1895   01    15.872
  1895   02    17.498
  1895   03    17.892
  1895   04    16.636
  1895   05    14.538
  1895   06    12.527
  1895   07    10.187
  1895   08     7.981
  1895   09     6.761
  1895   10     9.290
  1895   11    11.735
  1895   12    14.254
  1896   01    16.183
  1896   02    17.474
  1896   03    17.886
  1896   04    16.263
  1896   05    14.305
  1896   06    12.097
  1896   07     9.255
  1896   08     7.367
  1896   09     7.289
  1896   10     9.324
  1896   11    11.862
  1896   12    14.001
  1897   01    16.308
  1897   02    17.678
  1897   03    17.830
  1897   04    16.933
  1897   05    14.800
  1897   06    12.311
  1897   07     9.945
  1897   08     7.459
  1897   09     7.097
  1897   10     8.826
  1897   11    11.677
  1897   12    14.456
  1898   01    16.417
  1898   02    17.530
  1898   03    17.834
  1898   04    16.505
  1898   05    14.604
  1898   06    12.296
  1898   07    10.002
  1898   08     7.613
  1898   09     7.220
  1898   10     9.467
  1898   11    11.458
  1898   12    14.196
  1899   01    16.182
  1899   02    17.627
  1899   03    17.806
  1899   04    16.652
  1899   05    14.844
  1899   06    12.609
  1899   07    10.195
  1899   08     7.982
  1899   09     7.804
  1899   10     9.289
  1899   11    12.085
  1899   12    14.283
  1900   01    16.244
  1900   02    17.510
  1900   03    17.591
  1900   04    16.143
  1900   05    14.546
  1900   06    12.555
  1900   07    10.465
  1900   08     7.853
  1900   09     7.534
  1900   10     9.808
  1900   11    11.618
  1900   12    14.380
  1901   01    16.241
  1901   02    17.486
  1901   03    17.941
  1901   04    16.797
  1901   05    14.929
  1901   06    12.385
  1901   07    10.059
  1901   08     8.298
  1901   09     7.981
  1901   10    10.161
  1901   11    12.359
  1901   12    14.851
  1902   01    16.376
  1902   02    17.475
  1902   03    17.825
  1902   04    17.136
  1902   05    15.208
  1902   06    12.015
  1902   07     9.773
  1902   08     7.901
  1902   09     7.549
  1902   10     9.202
  1902   11    11.367
  1902   12    14.264
  1903   01    16.856
  1903   02    18.244
  1903   03    18.705
  1903   04    17.778
  1903   05    15.081
  1903   06    12.319
  1903   07     9.799
  1903   08     7.859
  1903   09     7.527
  1903   10     9.396
  1903   11    12.358
  1903   12    14.672
  1904   01    16.497
  1904   02    18.417
  1904   03    18.672
  1904   04    17.652
  1904   05    14.988
  1904   06    12.476
  1904   07     9.809
  1904   08     7.535
  1904   09     7.286
  1904   10     9.730
  1904   11    12.249
  1904   12    14.749
  1905   01    16.632
  1905   02    18.286
  1905   03    18.411
  1905   04    17.829
  1905   05    15.006
  1905   06    12.363
  1905   07    10.350
  1905   08     8.349
  1905   09     8.097
  1905   10     9.939
  1905   11    12.149
  1905   12    14.811
  1906   01    16.369
  1906   02    17.744
  1906   03    18.029
  1906   04    16.765
  1906   05    14.500
  1906   06    12.075
  1906   07    10.009
  1906   08     8.491
  1906   09     8.136
  1906   10     9.452
  1906   11    11.341
  1906   12    14.418
  1907   01    16.508
  1907   02    17.649
  1907   03    18.046
  1907   04    17.178
  1907   05    15.353
  1907   06    12.473
  1907   07    10.488
  1907   08     7.853
  1907   09     7.583
  1907   10     9.301
  1907   11    11.873
  1907   12    14.615
  1908   01    16.855
  1908   02    17.985
  1908   03    17.982
  1908   04    16.997
  1908   05    14.637
  1908   06    12.061
  1908   07     9.625
  1908   08     7.747
  1908   09     7.188
  1908   10     9.255
  1908   11    11.365
  1908   12    13.959
  1909   01    16.022
  1909   02    17.258
  1909   03    17.371
  1909   04    16.063
  1909   05    13.897
  1909   06    12.081
  1909   07     9.437
  1909   08     7.581
  1909   09     7.225
  1909   10     8.869
  1909   11    11.001
  1909   12    13.923
  1910   01    16.015
  1910   02    17.231
  1910   03    17.476
  1910   04    16.454
  1910   05    13.904
  1910   06    12.004
  1910   07     9.562
  1910   08     7.458
  1910   09     7.059
  1910   10     8.898
  1910   11    11.317
  1910   12    13.978
  1911   01    16.014
  1911   02    17.326
  1911   03    17.741
  1911   04    16.545
  1911   05    14.671
  1911   06    12.123
  1911   07    10.221
  1911   08     7.895
  1911   09     7.608
  1911   10     9.270
  1911   11    11.758
  1911   12    14.179
  1912   01    15.864
  1912   02    16.685
  1912   03    17.380
  1912   04    16.489
  1912   05    14.581
  1912   06    12.181
  1912   07     9.809
  1912   08     8.419
  1912   09     8.392
  1912   10    10.330
  1912   11    12.127
  1912   12    15.038
  1913   01    16.653
  1913   02    18.045
  1913   03    18.231
  1913   04    17.438
  1913   05    15.425
  1913   06    12.563
  1913   07    10.574
  1913   08     8.608
  1913   09     8.604
  1913   10     9.759
  1913   11    12.404
  1913   12    14.584
  1914   01    16.907
  1914   02    18.450
  1914   03    18.795
  1914   04    18.149
  1914   05    14.919
  1914   06    12.657
  1914   07     9.997
  1914   08     7.835
  1914   09     7.593
  1914   10     9.829
  1914   11    12.052
  1914   12    14.219
  1915   01    16.716
  1915   02    18.154
  1915   03    18.274
  1915   04    17.603
  1915   05    15.461
  1915   06    12.961
  1915   07    10.716
  1915   08     8.086
  1915   09     7.748
  1915   10    10.022
  1915   11    12.508
  1915   12    14.553
  1916   01    16.557
  1916   02    17.488
  1916   03    17.496
  1916   04    16.274
  1916   05    14.550
  1916   06    12.910
  1916   07    10.347
  1916   08     8.251
  1916   09     7.994
  1916   10     9.944
  1916   11    12.150
  1916   12    14.442
  1917   01    16.831
  1917   02    18.132
  1917   03    18.277
  1917   04    17.509
  1917   05    15.675
  1917   06    12.936
  1917   07    10.178
  1917   08     8.574
  1917   09     7.938
  1917   10     9.948
  1917   11    12.241
  1917   12    14.827
  1918   01    16.897
  1918   02    18.081
  1918   03    18.111
  1918   04    17.390
  1918   05    15.408
  1918   06    13.200
  1918   07     9.976
  1918   08     8.473
  1918   09     7.844
  1918   10     9.373
  1918   11    11.779
  1918   12    14.738
  1919   01    16.666
  1919   02    17.878
  1919   03    18.398
  1919   04    17.509
  1919   05    15.593
  1919   06    12.641
  1919   07    10.342
  1919   08     8.080
  1919   09     8.335
  1919   10     9.653
  1919   11    11.645
  1919   12    14.634
  1920   01    16.745
  1920   02    17.551
  1920   03    17.824
  1920   04    16.454
  1920   05    14.242
  1920   06    12.230
  1920   07     9.985
  1920   08     7.784
  1920   09     7.454
  1920   10     8.793
  1920   11    10.953
  1920   12    13.862
  1921   01    15.270
  1921   02    16.423
  1921   03    16.500
  1921   04    15.495
  1921   05    13.649
  1921   06    11.613
  1921   07     8.780
  1921   08     7.147
  1921   09     6.860
  1921   10     8.369
  1921   11    11.198
  1921   12    13.798
  1922   01    15.825
  1922   02    17.216
  1922   03    17.845
  1922   04    16.949
  1922   05    14.695
  1922   06    12.218
  1922   07    10.517
  1922   08     8.312
  1922   09     7.879
  1922   10     9.638
  1922   11    11.529
  1922   12    14.122
  1923   01    16.406
  1923   02    17.832
  1923   03    18.247
  1923   04    17.657
  1923   05    15.288
  1923   06    12.405
  1923   07    10.113
  1923   08     8.319
  1923   09     7.764
  1923   10     9.566
  1923   11    12.133
  1923   12    14.739
  1924   01    16.588
  1924   02    18.017
  1924   03    18.413
  1924   04    17.493
  1924   05    14.998
  1924   06    12.373
  1924   07     9.638
  1924   08     8.376
  1924   09     7.657
  1924   10     9.695
  1924   11    12.192
  1924   12    14.676
  1925   01    16.963
  1925   02    17.990
  1925   03    18.417
  1925   04    17.543
  1925   05    15.239
  1925   06    12.162
  1925   07     9.609
  1925   08     7.388
  1925   09     7.130
  1925   10     8.839
  1925   11    11.129
  1925   12    14.719
  1926   01    17.081
  1926   02    18.229
  1926   03    18.909
  1926   04    17.606
  1926   05    15.244
  1926   06    12.474
  1926   07     9.062
  1926   08     7.259
  1926   09     6.610
  1926   10     8.418
  1926   11    11.720
  1926   12    14.741
  1927   01    17.367
  1927   02    19.128
  1927   03    19.543
  1927   04    18.562
  1927   05    15.896
  1927   06    12.032
  1927   07     9.024
  1927   08     6.644
  1927   09     6.096
  1927   10     7.961
  1927   11    11.360
  1927   12    13.724
  1928   01    16.082
  1928   02    17.648
  1928   03    18.254
  1928   04    17.226
  1928   05    15.260
  1928   06    12.174
  1928   07     9.755
  1928   08     7.645
  1928   09     7.638
  1928   10     9.334
  1928   11    12.011
  1928   12    14.546
  1929   01    16.779
  1929   02    18.091
  1929   03    17.980
  1929   04    17.017
  1929   05    15.130
  1929   06    12.682
  1929   07     9.773
  1929   08     7.657
  1929   09     6.959
  1929   10     9.238
  1929   11    11.299
  1929   12    14.778
  1930   01    16.614
  1930   02    17.854
  1930   03    17.935
  1930   04    16.403
  1930   05    14.434
  1930   06    12.156
  1930   07     9.369
  1930   08     6.970
  1930   09     6.942
  1930   10     8.332
  1930   11    12.368
  1930   12    14.570
  1931   01    16.743
  1931   02    17.854
  1931   03    18.174
  1931   04    17.832
  1931   05    14.590
  1931   06    12.426
  1931   07     8.998
  1931   08     6.909
  1931   09     6.298
  1931   10     8.756
  1931   11    11.855
  1931   12    14.393
  1932   01    16.612
  1932   02    17.730
  1932   03    17.959
  1932   04    17.249
  1932   05    14.528
  1932   06    11.901
  1932   07     9.841
  1932   08     7.484
  1932   09     6.690
  1932   10     8.076
  1932   11    12.058
  1932   12    14.611
  1933   01    17.001
  1933   02    17.780
  1933   03    17.654
  1933   04    16.545
  1933   05    14.241
  1933   06    11.766
  1933   07     9.617
  1933   08     7.707
  1933   09     7.584
  1933   10     9.352
  1933   11    12.166
  1933   12    14.066
  1934   01    16.343
  1934   02    17.365
  1934   03    17.533
  1934   04    16.449
  1934   05    14.930
  1934   06    12.786
  1934   07    10.025
  1934   08     7.687
  1934   09     6.695
  1934   10     9.260
  1934   11    12.084
  1934   12    14.577
  1935   01    16.538
  1935   02    17.636
  1935   03    17.591
  1935   04    16.381
  1935   05    14.774
  1935   06    11.973
  1935   07     9.339
  1935   08     7.592
  1935   09     7.358
  1935   10     8.673
  1935   11    11.385
  1935   12    14.098
  1936   01    16.344
  1936   02    17.350
  1936   03    17.413
  1936   04    15.846
  1936   05    13.576
  1936   06    11.314
  1936   07     9.285
  1936   08     7.320
  1936   09     7.115
  1936   10     8.433
  1936   11    11.060
  1936   12    14.100
  1937   01    15.792
  1937   02    16.994
  1937   03    17.214
  1937   04    16.530
  1937   05    14.142
  1937   06    11.772
  1937   07     9.335
  1937   08     6.230
  1937   09     5.337
  1937   10     7.384
  1937   11    11.317
  1937   12    14.153
  1938   01    15.903
  1938   02    16.805
  1938   03    17.204
  1938   04    15.972
  1938   05    14.361
  1938   06    11.763
  1938   07     9.126
  1938   08     6.196
  1938   09     6.103
  1938   10     7.723
  1938   11    11.818
  1938   12    14.281
  1939   01    16.211
  1939   02    17.301
  1939   03    17.334
  1939   04    16.406
  1939   05    14.716
  1939   06    12.422
  1939   07    10.134
  1939   08     7.730
  1939   09     7.385
  1939   10     9.104
  1939   11    12.347
  1939   12    14.250
  1940   01    16.079
  1940   02    17.115
  1940   03    17.304
  1940   04    16.467
  1940   05    14.645
  1940   06    12.389
  1940   07    10.093
  1940   08     7.814
  1940   09     7.321
  1940   10     9.602
  1940   11    12.119
  1940   12    14.662
  1941   01    16.742
  1941   02    17.567
  1941   03    17.442
  1941   04    16.642
  1941   05    14.994
  1941   06    12.704
  1941   07    10.934
  1941   08     8.118
  1941   09     7.719
  1941   10     9.654
  1941   11    11.807
  1941   12    14.346
  1942   01    16.291
  1942   02    17.078
  1942   03    16.767
  1942   04    16.177
  1942   05    14.605
  1942   06    12.333
  1942   07     9.971
  1942   08     8.171
  1942   09     7.729
  1942   10     9.680
  1942   11    11.656
  1942   12    13.916
  1943   01    15.628
  1943   02    16.543
  1943   03    16.843
  1943   04    15.942
  1943   05    14.175
  1943   06    12.193
  1943   07     9.424
  1943   08     6.797
  1943   09     6.695
  1943   10     8.631
  1943   11    11.424
  1943   12    13.815
  1944   01    15.894
  1944   02    17.030
  1944   03    17.089
  1944   04    16.215
  1944   05    14.272
  1944   06    11.545
  1944   07     9.489
  1944   08     8.232
  1944   09     7.715
  1944   10     9.061
  1944   11    11.113
  1944   12    13.724
  1945   01    15.287
  1945   02    16.286
  1945   03    16.451
  1945   04    15.490
  1945   05    13.658
  1945   06    11.811
  1945   07     9.921
  1945   08     8.055
  1945   09     6.995
  1945   10     9.322
  1945   11    12.188
  1945   12    13.698
  1946   01    15.693
  1946   02    16.551
  1946   03    16.723
  1946   04    15.854
  1946   05    13.734
  1946   06    12.171
  1946   07     9.904
  1946   08     7.794
  1946   09     7.502
  1946   10     9.645
  1946   11    11.961
  1946   12    14.342
  1947   01    15.601
  1947   02    16.681
  1947   03    16.874
  1947   04    16.107
  1947   05    14.224
  1947   06    12.104
  1947   07    10.086
  1947   08     7.607
  1947   09     6.758
  1947   10     8.958
  1947   11    11.849
  1947   12    14.212
  1948   01    16.022
  1948   02    17.285
  1948   03    17.514
  1948   04    16.731
  1948   05    14.331
  1948   06    11.889
  1948   07     9.778
  1948   08     7.038
  1948   09     6.769
  1948   10     8.474
  1948   11    11.615
  1948   12    14.069
  1949   01    15.982
  1949   02    17.240
  1949   03    17.371
  1949   04    16.208
  1949   05    14.150
  1949   06    11.793
  1949   07     9.207
  1949   08     6.402
  1949   09     5.773
  1949   10     7.730
  1949   11    11.094
  1949   12    13.870
  1950   01    15.546
  1950   02    16.379
  1950   03    16.934
  1950   04    16.126
  1950   05    13.898
  1950   06    11.806
  1950   07     9.457
  1950   08     7.170
  1950   09     6.256
  1950   10     8.512
  1950   11    11.041
  1950   12    13.499
  1951   01    15.484
  1951   02    16.654
  1951   03    16.851
  1951   04    15.909
  1951   05    13.840
  1951   06    11.874
  1951   07     9.713
  1951   08     6.285
  1951   09     5.447
  1951   10     7.594
  1951   11    10.583
  1951   12    13.611
  1952   01    15.153
  1952   02    15.962
  1952   03    16.128
  1952   04    15.001
  1952   05    13.631
  1952   06    12.276
  1952   07     9.449
  1952   08     6.952
  1952   09     6.360
  1952   10     8.554
  1952   11    11.560
  1952   12    13.770
  1953   01    15.447
  1953   02    16.359
  1953   03    16.440
  1953   04    15.546
  1953   05    13.700
  1953   06    11.776
  1953   07     9.320
  1953   08     6.514
  1953   09     6.144
  1953   10     8.188
  1953   11    10.852
  1953   12    13.387
  1954   01    15.108
  1954   02    15.798
  1954   03    16.050
  1954   04    15.257
  1954   05    13.514
  1954   06    11.581
  1954   07     8.594
  1954   08     6.518
  1954   09     6.069
  1954   10     7.572
  1954   11    11.168
  1954   12    13.377
  1955   01    15.111
  1955   02    15.962
  1955   03    16.085
  1955   04    15.627
  1955   05    13.855
  1955   06    11.360
  1955   07     9.157
  1955   08     6.969
  1955   09     6.521
  1955   10     8.753
  1955   11    11.686
  1955   12    13.715
  1956   01    15.374
  1956   02    16.545
  1956   03    16.705
  1956   04    15.602
  1956   05    13.959
  1956   06    12.152
  1956   07     9.730
  1956   08     6.897
  1956   09     6.257
  1956   10     8.848
  1956   11    11.678
  1956   12    13.671
  1957   01    15.535
  1957   02    16.492
  1957   03    16.733
  1957   04    15.760
  1957   05    14.288
  1957   06    12.015
  1957   07     9.715
  1957   08     7.480
  1957   09     6.739
  1957   10     8.711
  1957   11    10.961
  1957   12    13.834
  1958   01    15.280
  1958   02    16.259
  1958   03    16.400
  1958   04    15.181
  1958   05    13.618
  1958   06    11.793
  1958   07     8.982
  1958   08     6.917
  1958   09     6.396
  1958   10     9.089
  1958   11    11.387
  1958   12    13.601
  1959   01    15.370
  1959   02    16.304
  1959   03    16.887
  1959   04    15.552
  1959   05    13.923
  1959   06    12.153
  1959   07     9.802
  1959   08     6.791
  1959   09     5.591
  1959   10     8.200
  1959   11    11.151
  1959   12    13.933
  1960   01    15.663
  1960   02    16.713
  1960   03    17.040
  1960   04    15.904
  1960   05    14.299
  1960   06    11.734
  1960   07     9.361
  1960   08     6.477
  1960   09     5.963
  1960   10     7.706
  1960   11    11.245
  1960   12    13.171
  1961   01    15.288
  1961   02    16.548
  1961   03    16.656
  1961   04    15.649
  1961   05    13.883
  1961   06    11.091
  1961   07     9.203
  1961   08     7.594
  1961   09     6.739
  1961   10     8.257
  1961   11    10.846
  1961   12    13.658
  1962   01    15.048
  1962   02    15.795
  1962   03    15.970
  1962   04    14.827
  1962   05    13.247
  1962   06    11.552
  1962   07     8.352
  1962   08     5.975
  1962   09     5.368
  1962   10     7.346
  1962   11    10.932
  1962   12    13.387
  1963   01    15.182
  1963   02    16.154
  1963   03    16.075
  1963   04    15.172
  1963   05    13.347
  1963   06    11.459
  1963   07     8.882
  1963   08     6.174
  1963   09     5.877
  1963   10     7.561
  1963   11    11.191
  1963   12    13.127
  1964   01    14.991
  1964   02    15.967
  1964   03    15.688
  1964   04    14.706
  1964   05    13.565
  1964   06    11.115
  1964   07     8.660
  1964   08     6.637
  1964   09     6.546
  1964   10     7.503
  1964   11    10.454
  1964   12    12.846
  1965   01    14.822
  1965   02    15.614
  1965   03    15.611
  1965   04    14.953
  1965   05    13.338
  1965   06    11.555
  1965   07     8.793
  1965   08     6.546
  1965   09     6.298
  1965   10     8.210
  1965   11    10.407
  1965   12    13.197
  1966   01    15.118
  1966   02    16.184
  1966   03    16.329
  1966   04    15.250
  1966   05    13.672
  1966   06    11.461
  1966   07     8.601
  1966   08     6.056
  1966   09     5.532
  1966   10     7.070
  1966   11    11.506
  1966   12    13.484
  1967   01    15.103
  1967   02    15.813
  1967   03    15.840
  1967   04    14.825
  1967   05    13.613
  1967   06    11.561
  1967   07     8.897
  1967   08     6.396
  1967   09     6.293
  1967   10     7.872
  1967   11    10.345
  1967   12    12.899
  1968   01    14.450
  1968   02    15.678
  1968   03    15.732
  1968   04    15.187
  1968   05    13.360
  1968   06    11.071
  1968   07     9.172
  1968   08     6.735
  1968   09     5.962
  1968   10     7.812
  1968   11    10.403
  1968   12    13.107
  1969   01    15.031
  1969   02    15.898
  1969   03    15.645
  1969   04    14.718
  1969   05    12.918
  1969   06    11.459
  1969   07     8.880
  1969   08     6.623
  1969   09     6.653
  1969   10     8.188
  1969   11    10.177
  1969   12    13.025
  1970   01    14.850
  1970   02    16.036
  1970   03    16.009
  1970   04    15.186
  1970   05    13.740
  1970   06    11.803
  1970   07     9.689
  1970   08     7.634
  1970   09     6.954
  1970   10     9.303
  1970   11    11.710
  1970   12    13.889
  1971   01    15.464
  1971   02    16.481
  1971   03    16.658
  1971   04    15.705
  1971   05    13.996
  1971   06    11.789
  1971   07     9.762
  1971   08     7.296
  1971   09     6.613
  1971   10     8.435
  1971   11    11.607
  1971   12    13.781
  1972   01    15.138
  1972   02    16.183
  1972   03    16.263
  1972   04    15.659
  1972   05    14.108
  1972   06    12.410
  1972   07    10.268
  1972   08     7.627
  1972   09     7.113
  1972   10     9.875
  1972   11    11.673
  1972   12    13.807
  1973   01    15.445
  1973   02    16.220
  1973   03    16.180
  1973   04    15.692
  1973   05    13.868
  1973   06    11.879
  1973   07     8.747
  1973   08     6.012
  1973   09     5.667
  1973   10     7.376
  1973   11    11.232
  1973   12    13.810
  1974   01    15.521
  1974   02    16.168
  1974   03    16.349
  1974   04    15.019
  1974   05    13.155
  1974   06    11.506
  1974   07     8.950
  1974   08     6.817
  1974   09     7.003
  1974   10     8.624
  1974   11    11.207
  1974   12    14.027
  1975   01    15.719
  1975   02    16.558
  1975   03    16.902
  1975   04    16.160
  1975   05    14.596
  1975   06    12.126
  1975   07    10.188
  1975   08     7.422
  1975   09     6.949
  1975   10     8.671
  1975   11    11.013
  1975   12    13.642
  1976   01    15.850
  1976   02    17.119
  1976   03    17.172
  1976   04    16.137
  1976   05    13.821
  1976   06    12.079
  1976   07     9.157
  1976   08     6.650
  1976   09     5.906
  1976   10     8.584
  1976   11    11.512
  1976   12    13.887
  1977   01    15.725
  1977   02    16.583
  1977   03    16.726
  1977   04    15.920
  1977   05    14.299
  1977   06    11.985
  1977   07     9.174
  1977   08     6.363
  1977   09     5.676
  1977   10     7.434
  1977   11    11.031
  1977   12    13.492
  1978   01    15.611
  1978   02    16.258
  1978   03    16.538
  1978   04    15.826
  1978   05    13.478
  1978   06    11.705
  1978   07     9.756
  1978   08     7.094
  1978   09     6.962
  1978   10     8.619
  1978   11    10.469
  1978   12    12.896
  1979   01    14.886
  1979   02    15.767
  1979   03    15.701
  1979   04    14.725
  1979   05    13.227
  1979   06    10.867
  1979   07     8.434
  1979   08     6.638
  1979   09     6.467
  1979   10     8.232
  1979   11    11.727
  1979   12    12.952
  1980   01    14.790
  1980   02    15.770
  1980   03    15.889
  1980   04    15.066
  1980   05    12.872
  1980   06    11.447
  1980   07     8.902
  1980   08     5.939
  1980   09     5.278
  1980   10     7.162
  1980   11    10.952
  1980   12    12.863
  1981   01    14.477
  1981   02    15.461
  1981   03    15.131
  1981   04    14.403
  1981   05    12.723
  1981   06    11.096
  1981   07     8.410
  1981   08     7.103
  1981   09     6.757
  1981   10     8.271
  1981   11    10.484
  1981   12    13.009
  1982   01    15.039
  1982   02    16.058
  1982   03    15.894
  1982   04    15.002
  1982   05    12.931
  1982   06    11.088
  1982   07     9.041
  1982   08     6.645
  1982   09     5.788
  1982   10     7.753
  1982   11    10.191
  1982   12    12.959
  1983   01    14.705
  1983   02    15.832
  1983   03    15.881
  1983   04    15.117
  1983   05    13.515
  1983   06    11.559
  1983   07     8.941
  1983   08     6.822
  1983   09     6.380
  1983   10     8.625
  1983   11    11.624
  1983   12    13.628
  1984   01    15.286
  1984   02    15.989
  1984   03    16.195
  1984   04    15.353
  1984   05    13.562
  1984   06    11.470
  1984   07     9.353
  1984   08     6.930
  1984   09     6.076
  1984   10     8.060
  1984   11    11.488
  1984   12    13.262
  1985   01    14.937
  1985   02    16.254
  1985   03    16.300
  1985   04    14.973
  1985   05    13.321
  1985   06    11.309
  1985   07     8.941
  1985   08     6.847
  1985   09     6.260
  1985   10     8.039
  1985   11    10.891
  1985   12    13.461
  1986   01    15.448
  1986   02    16.343
  1986   03    16.674
  1986   04    15.485
  1986   05    13.543
  1986   06    11.231
  1986   07     8.199
  1986   08     6.470
  1986   09     5.805
  1986   10     7.365
  1986   11    10.598
  1986   12    13.543
  1987   01    15.546
  1987   02    16.094
  1987   03    16.196
  1987   04    15.302
  1987   05    13.397
  1987   06    11.178
  1987   07     8.247
  1987   08     5.654
  1987   09     5.435
  1987   10     6.829
  1987   11    10.144
  1987   12    12.824
  1988   01    14.462
  1988   02    15.522
  1988   03    15.852
  1988   04    14.986
  1988   05    12.943
  1988   06    11.250
  1988   07     8.939
  1988   08     6.472
  1988   09     5.440
  1988   10     7.527
  1988   11    10.492
  1988   12    12.880
  1989   01    14.767
  1989   02    15.288
  1989   03    15.572
  1989   04    14.351
  1989   05    12.623
  1989   06    11.037
  1989   07     8.156
  1989   08     5.691
  1989   09     5.271
  1989   10     6.835
  1989   11     9.818
  1989   12    12.861
  1990   01    14.516
  1990   02    15.391
  1990   03    15.502
  1990   04    15.068
  1990   05    13.456
  1990   06    11.246
  1990   07     7.752
  1990   08     5.359
  1990   09     4.756
  1990   10     6.270
  1990   11    10.731
  1990   12    12.945
  1991   01    14.892
  1991   02    15.993
  1991   03    15.756
  1991   04    14.653
  1991   05    13.047
  1991   06    10.797
  1991   07     8.560
  1991   08     6.656
  1991   09     6.137
  1991   10     7.758
  1991   11     9.604
  1991   12    12.510
  1992   01    14.277
  1992   02    15.619
  1992   03    15.804
  1992   04    14.691
  1992   05    12.929
  1992   06    10.893
  1992   07     8.702
  1992   08     6.178
  1992   09     5.486
  1992   10     7.698
  1992   11    11.142
  1992   12    12.701
  1993   01    14.920
  1993   02    15.963
  1993   03    15.869
  1993   04    15.060
  1993   05    13.488
  1993   06    11.031
  1993   07     8.870
  1993   08     6.025
  1993   09     4.949
  1993   10     6.861
  1993   11    10.682
  1993   12    13.053
  1994   01    14.398
  1994   02    15.591
  1994   03    15.737
  1994   04    15.109
  1994   05    13.290
  1994   06    10.603
  1994   07     8.401
  1994   08     6.119
  1994   09     5.265
  1994   10     6.721
  1994   11     9.729
  1994   12    12.788
  1995   01    14.743
  1995   02    15.897
  1995   03    15.653
  1995   04    14.774
  1995   05    13.027
  1995   06    10.684
  1995   07     8.235
  1995   08     5.768
  1995   09     5.095
  1995   10     6.388
  1995   11     9.639
  1995   12    12.780
  1996   01    14.673
  1996   02    15.511
  1996   03    15.796
  1996   04    14.804
  1996   05    13.020
  1996   06    10.767
  1996   07     7.456
  1996   08     4.641
  1996   09     4.438
  1996   10     6.740
  1996   11    10.121
  1996   12    12.622
  1997   01    14.516
  1997   02    15.614
  1997   03    15.586
  1997   04    14.813
  1997   05    12.687
  1997   06    10.732
  1997   07     7.851
  1997   08     4.851
  1997   09     3.759
  1997   10     6.079
  1997   11     9.658
  1997   12    12.513
  1998   01    14.484
  1998   02    15.301
  1998   03    15.549
  1998   04    14.797
  1998   05    13.117
  1998   06    11.336
  1998   07     8.108
  1998   08     5.159
  1998   09     3.852
  1998   10     7.369
  1998   11    10.526
  1998   12    12.749
  1999   01    14.500
  1999   02    15.300
  1999   03    15.670
  1999   04    15.217
  1999   05    13.451
  1999   06    11.258
  1999   07     8.628
  1999   08     5.212
  1999   09     4.039
  1999   10     6.619
  1999   11    10.053
  1999   12    12.777
  2000   01    15.010
  2000   02    15.934
  2000   03    16.128
  2000   04    15.191
  2000   05    13.664
  2000   06    11.144
  2000   07     8.756
  2000   08     6.973
  2000   09     5.415
  2000   10     8.000
  2000   11    10.446
  2000   12    13.087
  2001   01    14.873
  2001   02    16.229
  2001   03    15.920
  2001   04    14.980
  2001   05    13.100
  2001   06    11.386
  2001   07     8.063
  2001   08     5.500
  2001   09     4.259
  2001   10     6.241
  2001   11    10.625
  2001   12    13.037
  2002   01    14.771
  2002   02    15.866
  2002   03    15.893
  2002   04    14.929
  2002   05    13.137
  2002   06    11.166
  2002   07     8.739
  2002   08     5.393
  2002   09     4.948
  2002   10     6.557
  2002   11    10.388
  2002   12    13.025
  2003   01    15.211
  2003   02    16.141
  2003   03    16.377
  2003   04    15.367
  2003   05    13.476
  2003   06    11.585
  2003   07     8.848
  2003   08     5.424
  2003   09     3.900
  2003   10     7.093
  2003   11    10.987
  2003   12    12.806
  2004   01    14.632
  2004   02    15.733
  2004   03    15.776
  2004   04    14.824
  2004   05    13.409
  2004   06    11.474
  2004   07     8.201
  2004   08     6.135
  2004   09     5.230
  2004   10     7.080
  2004   11     9.915
  2004   12    12.277
  2005   01    14.535
  2005   02    15.637
  2005   03    15.835
  2005   04    14.979
  2005   05    13.091
  2005   06    11.515
  2005   07     7.976
  2005   08     4.224
  2005   09     3.237
  2005   10     5.035
  2005   11     8.958
  2005   12    12.402
  2006   01    14.028
  2006   02    15.103
  2006   03    15.156
  2006   04    14.314
  2006   05    12.608
  2006   06    10.401
  2006   07     7.114
  2006   08     4.865
  2006   09     4.292
  2006   10     6.167
  2006   11     8.560
  2006   12    11.972
  2007   01    14.163
  2007   02    15.424
  2007   03    15.676
  2007   04    14.837
  2007   05    12.718
  2007   06    10.887
  2007   07     7.515
  2007   08     4.263
  2007   09     3.673
  2007   10     5.802
  2007   11     9.433
  2007   12    12.385
  2008   01    14.623
  2008   02    15.577
  2008   03    15.941
  2008   04    15.137
  2008   05    12.868
  2008   06    10.074
  2008   07     7.278
  2008   08     4.524
  2008   09     3.308
  2008   10     5.393
  2008   11     9.041
  2008   12    12.332
  2009   01    13.647
  2009   02    14.520
  2009   03    14.693
  2009   04    14.012
  2009   05    12.163
  2009   06    10.161
  2009   07     7.664
  2009   08     5.265
  2009   09     4.445
  2009   10     5.838
  2009   11     8.923
  2009   12    12.077
  2010   01    13.916
  2010   02    14.889
  2010   03    14.928
  2010   04    14.008
  2010   05    12.586
  2010   06    10.909
  2010   07     7.578
  2010   08     5.377
  2010   09     4.565
  2010   10     6.410
  2010   11     9.579
  2010   12    12.380
  2011   01    13.971
  2011   02    15.167
  2011   03    15.595
  2011   04    14.683
  2011   05    13.018
  2011   06    11.540
  2011   07     8.535
  2011   08     5.791
  2011   09     4.508
  2011   10     7.663
  2011   11    10.540
  2011   12    12.577
  2012   01    14.218
  2012   02    15.628
  2012   03    15.727
  2012   04    14.967
  2012   05    13.037
  2012   06    11.069
  2012   07     8.136
  2012   08     4.750
  2012   09     3.785
  2012   10     5.353
  2012   11     9.090
  2012   12    12.444
  2013   01    14.182
  2013   02    15.258
  2013   03    15.420
  2013   04    14.539
  2013   05    12.924
  2013   06    11.018
  2013   07     7.742
  2013   08     5.225
  2013   09     4.491
  2013   10     6.188
  2013   11    10.212
  2013   12    12.426
  2014   01    13.844
  2014   02    14.961
  2014   03    15.443
  2014   04    14.627
  2014   05    12.899
  2014   06    10.256
  2014   07     7.678
  2014   08     5.879
  2014   09     4.935
  2014   10     5.855
  2014   11     8.731
  2014   12    11.750
  2015   01    14.356
  2015   02    15.528
  2015   03    15.711
  2015   04    15.132
  2015   05    13.142
  2015   06    10.539
  2015   07     7.536
  2015   08     5.506
  2015   09     4.857
  2015   10     6.446
  2015   11     9.154
  2015   12    11.740
  2016   01    14.268
  2016   02    15.335
  2016   03    15.381
  2016   04    14.743
  2016   05    12.425
  2016   06    10.458
  2016   07     7.920
  2016   08     4.565
  2016   09     3.205
  2016   10     5.585
  2016   11     9.526
  2016   12    12.636
  2017   01    14.487
  2017   02    15.513
  2017   03    15.546
  2017   04    14.416
  2017   05    12.845
  2017   06    10.518
  2017   07     7.402
  2017   08     3.964
  2017   09     3.444
  2017   10     5.975
  2017   11     9.597
  2017   12    11.916
  2018   01    14.238
  2018   02    15.331
  2018   03    15.357
  2018   04    14.353
  2018   05    12.931
  2018   06    10.644
  2018   07     6.626
  2018   08     3.825
  2018   09     2.531
  2018   10     4.573
  2018   11     8.740
  2018   12    11.667
  2019   01    13.719
  2019   02    14.946
  2019   03    14.842
  2019   04    13.969
  2019   05    12.370
  2019   06     9.802
  2019   07     6.645
  2019   08     3.203
  2019   09     1.956
  2019   10     3.751
  2019   11     7.209
  2019   12    11.592
  2020   01    13.352
  2020   02    14.952
  2020   03    15.396
  2020   04    14.273
  2020   05    12.434
  2020   06    10.181
  2020   07     7.436
  2020   08     2.942
  2020   09     1.924
  2020   10     3.785
  2020   11     8.958
  2020   12    11.960
  2021   01    13.750
  2021   02    14.565
  2021   03    14.915
  2021   04    14.380
  2021   05    12.610
  2021   06    10.049
  2021   07     6.738
  2021   08     3.069
  2021   09     2.157
  2021   10     3.723
  2021   11     8.644
  2021   12    11.788
  2022   01    14.118
  2022   02    15.024
  2022   03    15.328
  2022   04    14.370
  2022   05    12.912
  2022   06    10.118
  2022   07     6.349
  2022   08     2.491
  2022   09     1.664
  2022   10     3.539
  2022   11     7.441
  2022   12    12.281
  2023   01    14.543
  2023   02    16.015
  2023   03    16.165
  2023   04    15.092
  2023   05    12.750
  2023   06    10.372
  2023   07     7.038
  2023   08     3.747
  2023   09     1.351
  2023   10     3.879
  2023   11     7.808
  2023   12    12.017
  2024   01    14.107
  2024   02    15.476
  2024   03    15.532
  2024   04    14.762
  2024   05    12.867
  2024   06    10.541
  2024   07     7.007
  2024   08     3.613
  2024   09     2.749
  2024   10     4.435
  2024   11     8.185
  2024   12    11.842
  2025   01    13.916
  2025   02    14.889
  2025   03    14.939
  2025   04    14.150
  2025   05    12.595
  2025   06    10.016
  2025   07     6.906
  2025   08     3.890
  2025   09     2.416
  2025   10     4.965
  2025   11     8.281
  2025   12    11.810
  2026   01    14.004
  2026   02    15.288
  2026   03    15.457
  2026   04    14.519
  2026   05    12.592
  2026   06    10.746
  2026   07     7.530
  2026   08     3.031
  2026   09     1.400
  2026   10     3.935
  2026   11     9.272
  2026   12    11.779
  2027   01    14.093
  2027   02    15.153
  2027   03    15.478
  2027   04    14.745
  2027   05    13.106
  2027   06    10.516
  2027   07     7.511
  2027   08     4.435
  2027   09     3.059
  2027   10     5.188
  2027   11     9.073
  2027   12    11.852
  2028   01    13.835
  2028   02    15.625
  2028   03    15.811
  2028   04    14.556
  2028   05    12.859
  2028   06    10.473
  2028   07     7.715
  2028   08     4.214
  2028   09     2.905
  2028   10     5.303
  2028   11     8.412
  2028   12    11.232
  2029   01    13.326
  2029   02    14.407
  2029   03    14.641
  2029   04    14.047
  2029   05    12.714
  2029   06    10.005
  2029   07     7.422
  2029   08     3.698
  2029   09     2.151
  2029   10     4.599
  2029   11     9.362
  2029   12    11.910
  2030   01    14.235
  2030   02    15.287
  2030   03    15.158
  2030   04    14.448
  2030   05    12.735
  2030   06    10.557
  2030   07     7.664
  2030   08     3.453
  2030   09     1.542
  2030   10     5.209
  2030   11     8.932
  2030   12    11.603
  2031   01    13.516
  2031   02    14.961
  2031   03    15.379
  2031   04    14.294
  2031   05    12.440
  2031   06    10.432
  2031   07     6.970
  2031   08     3.525
  2031   09     2.856
  2031   10     4.767
  2031   11     8.281
  2031   12    11.739
  2032   01    13.836
  2032   02    14.904
  2032   03    14.866
  2032   04    14.148
  2032   05    12.899
  2032   06    10.794
  2032   07     7.309
  2032   08     4.117
  2032   09     2.666
  2032   10     5.264
  2032   11     8.632
  2032   12    12.283
  2033   01    13.973
  2033   02    14.849
  2033   03    15.050
  2033   04    14.262
  2033   05    12.869
  2033   06    11.148
  2033   07     7.572
  2033   08     3.310
  2033   09     2.492
  2033   10     4.251
  2033   11     8.469
  2033   12    11.922
  2034   01    13.707
  2034   02    14.383
  2034   03    14.701
  2034   04    13.840
  2034   05    12.173
  2034   06    10.243
  2034   07     7.048
  2034   08     2.494
  2034   09     1.362
  2034   10     3.794
  2034   11     7.062
  2034   12    10.980
  2035   01    13.213
  2035   02    14.417
  2035   03    14.511
  2035   04    13.861
  2035   05    12.310
  2035   06    10.108
  2035   07     6.460
  2035   08     2.561
  2035   09     1.838
  2035   10     3.670
  2035   11     8.316
  2035   12    11.326
  2036   01    13.656
  2036   02    14.809
  2036   03    15.177
  2036   04    14.004
  2036   05    12.627
  2036   06    10.652
  2036   07     6.958
  2036   08     2.079
  2036   09     1.547
  2036   10     3.323
  2036   11     7.687
  2036   12    10.674
  2037   01    12.689
  2037   02    13.897
  2037   03    14.372
  2037   04    13.636
  2037   05    11.589
  2037   06     9.036
  2037   07     6.597
  2037   08     3.043
  2037   09     1.095
  2037   10     3.493
  2037   11     7.598
  2037   12    10.847
  2038   01    13.248
  2038   02    14.259
  2038   03    14.419
  2038   04    13.506
  2038   05    12.174
  2038   06     9.704
  2038   07     6.617
  2038   08     2.595
  2038   09     1.608
  2038   10     3.507
  2038   11     7.398
  2038   12    10.653
  2039   01    12.927
  2039   02    13.959
  2039   03    14.244
  2039   04    13.449
  2039   05    11.891
  2039   06     9.995
  2039   07     6.238
  2039   08     2.362
  2039   09     1.582
  2039   10     3.576
  2039   11     6.332
  2039   12    11.267
  2040   01    13.190
  2040   02    14.727
  2040   03    15.136
  2040   04    14.193
  2040   05    12.530
  2040   06     9.888
  2040   07     6.973
  2040   08     3.524
  2040   09     2.387
  2040   10     4.371
  2040   11     8.268
  2040   12    11.764
  2041   01    13.651
  2041   02    15.164
  2041   03    15.186
  2041   04    14.205
  2041   05    12.365
  2041   06     9.670
  2041   07     7.174
  2041   08     3.393
  2041   09     2.075
  2041   10     3.695
  2041   11     7.185
  2041   12    10.072
  2042   01    12.233
  2042   02    13.290
  2042   03    13.627
  2042   04    13.129
  2042   05    11.574
  2042   06     9.325
  2042   07     6.612
  2042   08     3.005
  2042   09     1.857
  2042   10     3.482
  2042   11     7.047
  2042   12    10.662
  2043   01    12.695
  2043   02    14.205
  2043   03    14.148
  2043   04    13.308
  2043   05    11.801
  2043   06     9.902
  2043   07     6.446
  2043   08     3.136
  2043   09     1.950
  2043   10     3.762
  2043   11     6.877
  2043   12    10.583
  2044   01    12.531
  2044   02    13.859
  2044   03    14.383
  2044   04    13.636
  2044   05    12.076
  2044   06    10.097
  2044   07     5.804
  2044   08     1.431
  2044   09     0.713
  2044   10     2.556
  2044   11     6.342
  2044   12    10.463
  2045   01    12.679
  2045   02    13.449
  2045   03    13.979
  2045   04    13.198
  2045   05    12.022
  2045   06     9.659
  2045   07     5.437
  2045   08     1.142
  2045   09     0.688
  2045   10     2.023
  2045   11     5.534
  2045   12    10.779
  2046   01    12.740
  2046   02    14.124
  2046   03    14.707
  2046   04    14.107
  2046   05    12.631
  2046   06     9.794
  2046   07     5.884
  2046   08     1.641
  2046   09     0.525
  2046   10     2.177
  2046   11     6.011
  2046   12    10.368
  2047   01    12.321
  2047   02    13.373
  2047   03    13.842
  2047   04    13.035
  2047   05    11.315
  2047   06     9.155
  2047   07     5.611
  2047   08     1.652
  2047   09     0.711
  2047   10     2.214
  2047   11     4.753
  2047   12     9.733
  2048   01    12.435
  2048   02    13.239
  2048   03    13.369
  2048   04    12.931
  2048   05    11.193
  2048   06     9.165
  2048   07     5.970
  2048   08     1.252
  2048   09     0.658
  2048   10     2.003
  2048   11     5.025
  2048   12    10.829
  2049   01    12.392
  2049   02    13.443
  2049   03    13.689
  2049   04    12.965
  2049   05    11.573
  2049   06     8.787
  2049   07     4.720
  2049   08     0.949
  2049   09     0.711
  2049   10     1.482
  2049   11     3.923
  2049   12     8.722
  2050   01    12.192
  2050   02    13.392
  2050   03    13.778
  2050   04    12.997
  2050   05    11.243
  2050   06     8.358
  2050   07     3.901
  2050   08     0.516
  2050   09     0.499
  2050   10     1.400
  2050   11     4.087
  2050   12     9.217
  2051   01    11.771
  2051   02    13.195
  2051   03    13.121
  2051   04    12.461
  2051   05    11.004
  2051   06     8.834
  2051   07     3.825
  2051   08     0.183
  2051   09     0.043
  2051   10     0.394
  2051   11     2.148
  2051   12     8.919
  2052   01    12.118
  2052   02    13.325
  2052   03    13.493
  2052   04    12.772
  2052   05    11.480
  2052   06     9.005
  2052   07     4.994
  2052   08     1.021
  2052   09     0.640
  2052   10     1.581
  2052   11     6.359
  2052   12    10.086
  2053   01    12.846
  2053   02    14.351
  2053   03    14.495
  2053   04    13.533
  2053   05    11.556
  2053   06     9.099
  2053   07     5.752
  2053   08     2.099
  2053   09     0.865
  2053   10     2.368
  2053   11     6.141
  2053   12    10.227
  2054   01    12.862
  2054   02    13.693
  2054   03    13.960
  2054   04    13.579
  2054   05    11.883
  2054   06     9.750
  2054   07     5.958
  2054   08     1.698
  2054   09     1.224
  2054   10     2.757
  2054   11     6.892
  2054   12    10.938
  2055   01    12.855
  2055   02    14.211
  2055   03    14.333
  2055   04    13.503
  2055   05    11.997
  2055   06     9.897
  2055   07     4.796
  2055   08     0.456
  2055   09     0.256
  2055   10     1.148
  2055   11     3.295
  2055   12     9.632
  2056   01    12.770
  2056   02    13.752
  2056   03    13.627
  2056   04    12.634
  2056   05    11.308
  2056   06     9.236
  2056   07     5.842
  2056   08     1.229
  2056   09     0.618
  2056   10     1.812
  2056   11     5.443
  2056   12     9.817
  2057   01    12.718
  2057   02    13.598
  2057   03    13.720
  2057   04    12.829
  2057   05    11.419
  2057   06     9.130
  2057   07     5.571
  2057   08     1.056
  2057   09     0.842
  2057   10     1.428
  2057   11     4.357
  2057   12    10.091
  2058   01    12.356
  2058   02    13.573
  2058   03    13.925
  2058   04    13.217
  2058   05    11.756
  2058   06     9.106
  2058   07     5.263
  2058   08     0.248
  2058   09     0.008
  2058   10     0.838
  2058   11     3.893
  2058   12     8.310
  2059   01    12.291
  2059   02    13.230
  2059   03    13.312
  2059   04    12.773
  2059   05    11.305
  2059   06     9.426
  2059   07     5.277
  2059   08     0.333
  2059   09     0.237
  2059   10     1.198
  2059   11     4.498
  2059   12     9.918
  2060   01    13.077
  2060   02    14.036
  2060   03    14.180
  2060   04    13.842
  2060   05    12.338
  2060   06    10.157
  2060   07     4.793
  2060   08     0.031
  2060   09     0.037
  2060   10     0.190
  2060   11     4.493
  2060   12    10.064
  2061   01    12.557
  2061   02    13.746
  2061   03    13.792
  2061   04    13.015
  2061   05    11.811
  2061   06    10.122
  2061   07     5.573
  2061   08     0.480
  2061   09     0.322
  2061   10     1.557
  2061   11     4.633
  2061   12     9.898
  2062   01    12.409
  2062   02    13.427
  2062   03    13.836
  2062   04    12.947
  2062   05    11.409
  2062   06     9.621
  2062   07     6.128
  2062   08     0.925
  2062   09     0.511
  2062   10     1.153
  2062   11     4.930
  2062   12    10.779
  2063   01    12.541
  2063   02    13.208
  2063   03    13.386
  2063   04    12.912
  2063   05    11.128
  2063   06     9.047
  2063   07     4.700
  2063   08     0.893
  2063   09     0.527
  2063   10     1.128
  2063   11     3.434
  2063   12     9.475
  2064   01    12.120
  2064   02    13.653
  2064   03    13.849
  2064   04    13.340
  2064   05    11.679
  2064   06     8.737
  2064   07     4.309
  2064   08     0.538
  2064   09     0.174
  2064   10     0.835
  2064   11     3.787
  2064   12     8.218
  2065   01    12.046
  2065   02    13.445
  2065   03    13.796
  2065   04    13.440
  2065   05    11.971
  2065   06     9.082
  2065   07     4.345
  2065   08     0.661
  2065   09     0.612
  2065   10     1.816
  2065   11     5.082
  2065   12     9.850
  2066   01    12.232
  2066   02    13.382
  2066   03    13.831
  2066   04    13.333
  2066   05    11.952
  2066   06     9.700
  2066   07     4.628
  2066   08     0.669
  2066   09     0.640
  2066   10     1.367
  2066   11     4.911
  2066   12    10.897
  2067   01    12.974
  2067   02    13.527
  2067   03    13.855
  2067   04    13.238
  2067   05    11.910
  2067   06     8.958
  2067   07     5.372
  2067   08     1.883
  2067   09     1.111
  2067   10     2.004
  2067   11     5.305
  2067   12    10.369
  2068   01    12.841
  2068   02    14.163
  2068   03    14.516
  2068   04    13.509
  2068   05    12.216
  2068   06     9.998
  2068   07     5.327
  2068   08     1.288
  2068   09     0.764
  2068   10     1.616
  2068   11     5.968
  2068   12    10.827
  2069   01    12.766
  2069   02    13.958
  2069   03    14.180
  2069   04    13.292
  2069   05    11.800
  2069   06     9.467
  2069   07     4.805
  2069   08     0.586
  2069   09     0.368
  2069   10     1.766
  2069   11     4.916
  2069   12    10.802
  2070   01    12.545
  2070   02    13.583
  2070   03    13.854
  2070   04    13.022
  2070   05    11.571
  2070   06     9.825
  2070   07     5.425
  2070   08     0.721
  2070   09     0.241
  2070   10     0.904
  2070   11     3.988
  2070   12     9.589
  2071   01    12.256
  2071   02    13.297
  2071   03    13.475
  2071   04    13.002
  2071   05    11.280
  2071   06     9.432
  2071   07     5.561
  2071   08     0.201
  2071   09     0.011
  2071   10     0.528
  2071   11     4.359
  2071   12     9.614
  2072   01    11.855
  2072   02    13.050
  2072   03    13.338
  2072   04    12.594
  2072   05    11.383
  2072   06     9.624
  2072   07     5.996
  2072   08     2.106
  2072   09     1.173
  2072   10     2.834
  2072   11     6.861
  2072   12    10.519
  2073   01    12.289
  2073   02    13.120
  2073   03    13.611
  2073   04    12.753
  2073   05    10.867
  2073   06     8.750
  2073   07     3.718
  2073   08     1.078
  2073   09     0.840
  2073   10     1.556
  2073   11     3.622
  2073   12     8.656
  2074   01    11.533
  2074   02    13.136
  2074   03    13.641
  2074   04    12.657
  2074   05    11.103
  2074   06     8.583
  2074   07     3.878
  2074   08     0.378
  2074   09     0.207
  2074   10     0.923
  2074   11     4.218
  2074   12     9.589
  2075   01    11.671
  2075   02    12.704
  2075   03    12.928
  2075   04    12.525
  2075   05    10.793
  2075   06     8.603
  2075   07     4.390
  2075   08     0.786
  2075   09     0.496
  2075   10     0.985
  2075   11     2.488
  2075   12     7.798
  2076   01    10.907
  2076   02    12.607
  2076   03    12.794
  2076   04    12.360
  2076   05    10.874
  2076   06     8.137
  2076   07     2.763
  2076   08     0.375
  2076   09     0.260
  2076   10     0.694
  2076   11     2.640
  2076   12     7.735
  2077   01    11.910
  2077   02    12.994
  2077   03    13.217
  2077   04    12.162
  2077   05    10.885
  2077   06     8.328
  2077   07     4.209
  2077   08     0.388
  2077   09     0.180
  2077   10     0.944
  2077   11     3.689
  2077   12     8.452
  2078   01    11.598
  2078   02    12.535
  2078   03    12.887
  2078   04    12.358
  2078   05    11.314
  2078   06     9.021
  2078   07     3.392
  2078   08     0.500
  2078   09     0.438
  2078   10     0.882
  2078   11     3.505
  2078   12     7.993
  2079   01    11.927
  2079   02    13.146
  2079   03    13.444
  2079   04    12.800
  2079   05    11.422
  2079   06     8.960
  2079   07     4.750
  2079   08     0.859
  2079   09     0.383
  2079   10     1.430
  2079   11     4.609
  2079   12     9.736
  2080   01    12.058
  2080   02    12.968
  2080   03    13.307
  2080   04    12.439
  2080   05    11.153
  2080   06     9.092
  2080   07     4.813
  2080   08     0.296
  2080   09     0.084
  2080   10     0.571
  2080   11     2.814
  2080   12     8.672
  2081   01    11.276
  2081   02    13.059
  2081   03    13.299
  2081   04    12.295
  2081   05    11.059
  2081   06     8.655
  2081   07     3.113
  2081   08     0.376
  2081   09     0.162
  2081   10     0.713
  2081   11     2.608
  2081   12     8.532
  2082   01    11.566
  2082   02    12.711
  2082   03    13.082
  2082   04    12.642
  2082   05    11.387
  2082   06     8.436
  2082   07     4.374
  2082   08     1.084
  2082   09     0.976
  2082   10     1.691
  2082   11     4.105
  2082   12     9.138
  2083   01    12.156
  2083   02    12.992
  2083   03    12.881
  2083   04    12.410
  2083   05    11.192
  2083   06     8.682
  2083   07     4.995
  2083   08     0.532
  2083   09     0.374
  2083   10     1.350
  2083   11     4.736
  2083   12     9.721
  2084   01    11.638
  2084   02    12.787
  2084   03    12.865
  2084   04    12.432
  2084   05    11.449
  2084   06     8.598
  2084   07     4.292
  2084   08     0.411
  2084   09     0.132
  2084   10     0.773
  2084   11     2.864
  2084   12     8.626
  2085   01    11.715
  2085   02    13.002
  2085   03    12.998
  2085   04    12.430
  2085   05    11.138
  2085   06     8.507
  2085   07     3.362
  2085   08     0.056
  2085   09     0.010
  2085   10     0.531
  2085   11     2.187
  2085   12     8.820
  2086   01    11.933
  2086   02    13.073
  2086   03    13.233
  2086   04    12.642
  2086   05    10.821
  2086   06     8.447
  2086   07     4.489
  2086   08     0.581
  2086   09     0.510
  2086   10     1.064
  2086   11     4.151
  2086   12     9.052
  2087   01    11.676
  2087   02    13.038
  2087   03    13.070
  2087   04    12.563
  2087   05    11.213
  2087   06     8.822
  2087   07     4.466
  2087   08     0.121
  2087   09     0.077
  2087   10     0.753
  2087   11     3.227
  2087   12     9.176
  2088   01    11.755
  2088   02    12.710
  2088   03    13.085
  2088   04    12.732
  2088   05    11.155
  2088   06     8.586
  2088   07     3.941
  2088   08     0.054
  2088   09     0.013
  2088   10     0.442
  2088   11     2.130
  2088   12     8.017
  2089   01    12.015
  2089   02    13.031
  2089   03    12.989
  2089   04    12.288
  2089   05    11.133
  2089   06     8.981
  2089   07     2.954
  2089   08     0.025
  2089   09     0.002
  2089   10     0.199
  2089   11     2.597
  2089   12     9.605
  2090   01    11.896
  2090   02    12.706
  2090   03    12.830
  2090   04    12.173
  2090   05    11.170
  2090   06     8.956
  2090   07     4.203
  2090   08     0.836
  2090   09     0.648
  2090   10     1.407
  2090   11     4.581
  2090   12    10.099
  2091   01    12.104
  2091   02    13.270
  2091   03    13.658
  2091   04    13.069
  2091   05    11.217
  2091   06     8.825
  2091   07     5.224
  2091   08     0.934
  2091   09     0.660
  2091   10     1.575
  2091   11     4.570
  2091   12     9.591
  2092   01    12.104
  2092   02    13.202
  2092   03    13.658
  2092   04    12.688
  2092   05    11.260
  2092   06     8.925
  2092   07     4.927
  2092   08     0.841
  2092   09     0.520
  2092   10     1.527
  2092   11     4.301
  2092   12     9.628
  2093   01    11.882
  2093   02    12.569
  2093   03    12.933
  2093   04    12.435
  2093   05    11.036
  2093   06     8.986
  2093   07     5.464
  2093   08     0.775
  2093   09     0.632
  2093   10     1.159
  2093   11     3.509
  2093   12     7.087
  2094   01    10.830
  2094   02    12.186
  2094   03    12.723
  2094   04    12.170
  2094   05    10.805
  2094   06     8.532
  2094   07     3.868
  2094   08     0.736
  2094   09     0.378
  2094   10     1.215
  2094   11     3.839
  2094   12     9.828
  2095   01    12.010
  2095   02    13.181
  2095   03    13.169
  2095   04    12.408
  2095   05    11.016
  2095   06     8.646
  2095   07     5.143
  2095   08     0.896
  2095   09     0.543
  2095   10     1.509
  2095   11     5.167
  2095   12     9.894
  2096   01    12.324
  2096   02    13.415
  2096   03    13.586
  2096   04    13.255
  2096   05    11.377
  2096   06     8.778
  2096   07     5.777
  2096   08     0.662
  2096   09     0.158
  2096   10     1.889
  2096   11     5.231
  2096   12    10.262
  2097   01    12.670
  2097   02    13.732
  2097   03    13.735
  2097   04    12.619
  2097   05    11.593
  2097   06     8.886
  2097   07     5.552
  2097   08     1.799
  2097   09     0.526
  2097   10     1.836
  2097   11     5.044
  2097   12     9.805
  2098   01    12.179
  2098   02    12.933
  2098   03    13.379
  2098   04    12.600
  2098   05    11.498
  2098   06     9.179
  2098   07     4.601
  2098   08     0.676
  2098   09     0.498
  2098   10     1.459
  2098   11     4.827
  2098   12    10.338
  2099   01    12.153
  2099   02    13.581
  2099   03    13.804
  2099   04    12.908
  2099   05    11.630
  2099   06     9.405
  2099   07     4.484
  2099   08     0.761
  2099   09     0.468
  2099   10     0.934
  2099   11     3.669
  2099   12     8.141
  2100   01    11.957
  2100   02    13.150
  2100   03    13.316
  2100   04    12.929
  2100   05    11.176
  2100   06     8.867
  2100   07     5.218
  2100   08     0.746
  2100   09     0.333
  2100   10     1.327
  2100   11     5.215
  2100   12    10.098
