  1850   01    15.554
  1850   02    16.201
  1850   03    16.299
  1850   04    15.818
  1850   05    14.433
  1850   06    12.506
  1850   07     9.429
  1850   08     7.412
  1850   09     7.014
  1850   10     9.860
  1850   11    11.970
  1850   12    14.432
  1851   01    15.844
  1851   02    16.435
  1851   03    16.654
  1851   04    15.762
  1851   05    14.524
  1851   06    12.172
  1851   07     9.486
  1851   08     7.363
  1851   09     7.034
  1851   10     9.390
  1851   11    11.284
  1851   12    14.068
  1852   01    15.501
  1852   02    16.374
  1852   03    16.620
  1852   04    16.120
  1852   05    14.424
  1852   06    12.445
  1852   07     9.197
  1852   08     7.796
  1852   09     7.302
  1852   10    10.016
  1852   11    12.297
  1852   12    14.596
  1853   01    15.969
  1853   02    16.468
  1853   03    16.579
  1853   04    16.020
  1853   05    15.056
  1853   06    13.049
  1853   07     9.470
  1853   08     7.542
  1853   09     7.027
  1853   10     9.676
  1853   11    11.829
  1853   12    14.339
  1854   01    15.447
  1854   02    16.282
  1854   03    16.348
  1854   04    15.676
  1854   05    14.586
  1854   06    12.272
  1854   07     9.663
  1854   08     8.263
  1854   09     7.713
  1854   10     9.671
  1854   11    11.534
  1854   12    14.080
  1855   01    15.444
  1855   02    16.223
  1855   03    16.244
  1855   04    15.446
  1855   05    14.222
  1855   06    12.725
  1855   07     9.682
  1855   08     7.419
  1855   09     7.296
  1855   10     9.355
  1855   11    11.675
  1855   12    14.262
  1856   01    15.822
  1856   02    16.412
  1856   03    16.346
  1856   04    15.767
  1856   05    14.701
  1856   06    11.774
  1856   07     9.500
  1856   08     7.770
  1856   09     7.522
  1856   10     9.254
  1856   11    11.740
  1856   12    13.782
  1857   01    15.248
  1857   02    16.055
  1857   03    16.113
  1857   04    15.228
  1857   05    13.980
  1857   06    12.008
  1857   07     9.394
  1857   08     7.783
  1857   09     7.483
  1857   10     9.828
  1857   11    11.498
  1857   12    13.962
  1858   01    15.225
  1858   02    15.861
  1858   03    15.925
  1858   04    15.519
  1858   05    13.861
  1858   06    12.179
  1858   07     9.079
  1858   08     7.400
  1858   09     6.680
  1858   10     9.532
  1858   11    11.905
  1858   12    14.150
  1859   01    15.533
  1859   02    16.542
  1859   03    16.675
  1859   04    15.702
  1859   05    14.507
  1859   06    12.558
  1859   07     9.742
  1859   08     7.392
  1859   09     6.854
  1859   10    10.183
  1859   11    12.145
  1859   12    14.423
  1860   01    15.791
  1860   02    16.578
  1860   03    16.648
  1860   04    15.959
  1860   05    14.876
  1860   06    12.978
  1860   07     9.918
  1860   08     7.801
  1860   09     7.099
  1860   10     9.824
  1860   11    12.981
  1860   12    14.806
  1861   01    16.316
  1861   02    16.655
  1861   03    16.687
  1861   04    16.169
  1861   05    14.890
  1861   06    12.944
  1861   07    10.651
  1861   08     8.488
  1861   09     8.064
  1861   10    10.161
  1861   11    12.916
  1861   12    14.660
  1862   01    15.807
  1862   02    16.530
  1862   03    16.319
  1862   04    15.594
  1862   05    14.312
  1862   06    12.882
  1862   07    10.768
  1862   08     8.277
  1862   09     8.048
  1862   10     9.996
  1862   11    12.651
  1862   12    14.385
  1863   01    16.155
  1863   02    16.825
  1863   03    16.630
  1863   04    16.073
  1863   05    14.831
  1863   06    13.006
  1863   07    10.233
  1863   08     8.021
  1863   09     7.750
  1863   10    10.051
  1863   11    12.395
  1863   12    14.703
  1864   01    16.277
  1864   02    16.812
  1864   03    16.412
  1864   04    15.737
  1864   05    14.597
  1864   06    13.024
  1864   07     9.877
  1864   08     8.624
  1864   09     8.174
  1864   10     9.912
  1864   11    12.134
  1864   12    14.575
  1865   01    16.146
  1865   02    16.860
  1865   03    16.566
  1865   04    15.711
  1865   05    14.635
  1865   06    12.771
  1865   07     9.834
  1865   08     7.798
  1865   09     7.721
  1865   10    10.183
  1865   11    12.393
  1865   12    14.516
  1866   01    15.874
  1866   02    16.829
  1866   03    16.663
  1866   04    16.018
  1866   05    14.753
  1866   06    12.886
  1866   07    10.362
  1866   08     8.447
  1866   09     7.599
  1866   10     9.985
  1866   11    12.757
  1866   12    14.444
  1867   01    15.866
  1867   02    16.353
  1867   03    16.466
  1867   04    15.612
  1867   05    14.242
  1867   06    12.445
  1867   07     9.220
  1867   08     6.892
  1867   09     6.436
  1867   10     9.553
  1867   11    11.969
  1867   12    14.418
  1868   01    15.763
  1868   02    16.750
  1868   03    16.609
  1868   04    15.473
  1868   05    14.389
  1868   06    12.320
  1868   07    10.008
  1868   08     8.046
  1868   09     7.005
  1868   10     9.702
  1868   11    11.659
  1868   12    14.301
  1869   01    15.496
  1869   02    16.084
  1869   03    16.181
  1869   04    15.710
  1869   05    14.247
  1869   06    12.160
  1869   07     8.602
  1869   08     6.922
  1869   09     6.243
  1869   10     9.284
  1869   11    11.386
  1869   12    14.043
  1870   01    15.676
  1870   02    16.188
  1870   03    16.159
  1870   04    15.294
  1870   05    14.054
  1870   06    12.128
  1870   07     9.471
  1870   08     7.577
  1870   09     6.821
  1870   10     9.192
  1870   11    11.517
  1870   12    13.746
  1871   01    15.455
  1871   02    16.069
  1871   03    16.063
  1871   04    15.475
  1871   05    13.860
  1871   06    12.283
  1871   07     9.687
  1871   08     7.724
  1871   09     7.359
  1871   10     9.849
  1871   11    11.851
  1871   12    14.118
  1872   01    15.844
  1872   02    16.111
  1872   03    16.165
  1872   04    15.220
  1872   05    13.452
  1872   06    11.895
  1872   07     9.365
  1872   08     7.267
  1872   09     6.833
  1872   10     9.069
  1872   11    11.279
  1872   12    13.945
  1873   01    15.269
  1873   02    16.028
  1873   03    15.929
  1873   04    15.295
  1873   05    13.914
  1873   06    11.927
  1873   07     9.205
  1873   08     7.944
  1873   09     7.641
  1873   10     9.445
  1873   11    11.427
  1873   12    13.791
  1874   01    15.328
  1874   02    16.152
  1874   03    16.381
  1874   04    15.586
  1874   05    13.974
  1874   06    12.229
  1874   07     9.660
  1874   08     7.725
  1874   09     6.635
  1874   10     9.692
  1874   11    11.914
  1874   12    14.435
  1875   01    15.927
  1875   02    16.537
  1875   03    16.700
  1875   04    15.750
  1875   05    14.542
  1875   06    12.432
  1875   07    10.066
  1875   08     8.989
  1875   09     8.352
  1875   10    10.002
  1875   11    11.894
  1875   12    14.548
  1876   01    16.124
  1876   02    16.921
  1876   03    16.804
  1876   04    15.973
  1876   05    14.359
  1876   06    12.366
  1876   07     9.658
  1876   08     7.830
  1876   09     7.466
  1876   10     9.678
  1876   11    11.925
  1876   12    14.581
  1877   01    16.097
  1877   02    16.961
  1877   03    16.832
  1877   04    16.053
  1877   05    14.742
  1877   06    12.942
  1877   07    10.426
  1877   08     8.707
  1877   09     8.278
  1877   10    10.528
  1877   11    12.464
  1877   12    14.615
  1878   01    15.949
  1878   02    16.796
  1878   03    16.587
  1878   04    15.639
  1878   05    14.454
  1878   06    12.654
  1878   07    10.008
  1878   08     8.745
  1878   09     8.438
  1878   10    10.195
  1878   11    12.351
  1878   12    14.613
  1879   01    15.938
  1879   02    16.557
  1879   03    16.692
  1879   04    16.047
  1879   05    14.539
  1879   06    12.650
  1879   07     9.776
  1879   08     7.781
  1879   09     7.395
  1879   10     9.867
  1879   11    12.073
  1879   12    14.498
  1880   01    16.120
  1880   02    16.922
  1880   03    16.798
  1880   04    16.220
  1880   05    14.889
  1880   06    12.772
  1880   07     9.967
  1880   08     8.364
  1880   09     8.044
  1880   10    10.028
  1880   11    11.887
  1880   12    14.617
  1881   01    15.835
  1881   02    16.492
  1881   03    16.523
  1881   04    15.890
  1881   05    14.481
  1881   06    12.749
  1881   07    10.488
  1881   08     8.303
  1881   09     7.791
  1881   10    10.131
  1881   11    12.345
  1881   12    14.698
  1882   01    15.903
  1882   02    16.491
  1882   03    16.402
  1882   04    15.806
  1882   05    14.201
  1882   06    12.477
  1882   07     9.418
  1882   08     7.094
  1882   09     7.302
  1882   10     9.227
  1882   11    11.453
  1882   12    14.239
  1883   01    15.417
  1883   02    16.177
  1883   03    16.294
  1883   04    15.762
  1883   05    14.647
  1883   06    12.691
  1883   07     9.582
  1883   08     7.608
  1883   09     7.147
  1883   10    10.012
  1883   11    12.547
  1883   12    14.513
  1884   01    15.809
  1884   02    16.444
  1884   03    16.459
  1884   04    15.446
  1884   05    13.992
  1884   06    12.275
  1884   07     9.407
  1884   08     7.918
  1884   09     7.650
  1884   10     9.802
  1884   11    12.447
  1884   12    14.385
  1885   01    15.784
  1885   02    16.443
  1885   03    16.398
  1885   04    15.784
  1885   05    14.241
  1885   06    12.366
  1885   07    10.071
  1885   08     8.092
  1885   09     7.973
  1885   10     9.876
  1885   11    12.377
  1885   12    14.475
  1886   01    15.760
  1886   02    16.347
  1886   03    16.507
  1886   04    15.670
  1886   05    14.617
  1886   06    12.802
  1886   07     9.929
  1886   08     7.788
  1886   09     7.260
  1886   10     9.515
  1886   11    12.155
  1886   12    14.270
  1887   01    15.794
  1887   02    16.514
  1887   03    16.384
  1887   04    15.614
  1887   05    14.062
  1887   06    12.383
  1887   07    10.255
  1887   08     7.781
  1887   09     6.622
  1887   10    10.223
  1887   11    12.794
  1887   12    14.609
  1888   01    15.884
  1888   02    16.663
  1888   03    16.564
  1888   04    15.780
  1888   05    14.557
  1888   06    12.420
  1888   07     9.653
  1888   08     8.288
  1888   09     7.713
  1888   10     9.714
  1888   11    12.486
  1888   12    14.407
  1889   01    15.916
  1889   02    16.431
  1889   03    16.444
  1889   04    15.806
  1889   05    14.728
  1889   06    12.892
  1889   07     9.675
  1889   08     7.627
  1889   09     7.021
  1889   10     9.853
  1889   11    11.911
  1889   12    14.642
  1890   01    16.138
  1890   02    16.874
  1890   03    17.058
  1890   04    16.256
  1890   05    14.891
  1890   06    12.857
  1890   07    10.084
  1890   08     8.158
  1890   09     7.295
  1890   10    10.454
  1890   11    12.771
  1890   12    15.000
  1891   01    16.271
  1891   02    17.162
  1891   03    17.072
  1891   04    16.427
  1891   05    14.896
  1891   06    13.018
  1891   07     9.977
  1891   08     7.974
  1891   09     7.612
  1891   10     9.910
  1891   11    11.979
  1891   12    14.539
  1892   01    16.145
  1892   02    16.941
  1892   03    16.708
  1892   04    15.912
  1892   05    14.149
  1892   06    12.414
  1892   07     9.819
  1892   08     9.196
  1892   09     8.893
  1892   10     9.993
  1892   11    11.889
  1892   12    14.237
  1893   01    15.729
  1893   02    16.718
  1893   03    16.600
  1893   04    15.999
  1893   05    14.567
  1893   06    12.707
  1893   07     9.400
  1893   08     8.041
  1893   09     7.516
  1893   10    10.297
  1893   11    12.301
  1893   12    14.499
  1894   01    16.047
  1894   02    16.881
  1894   03    16.606
  1894   04    15.913
  1894   05    14.843
  1894   06    12.952
  1894   07    10.404
  1894   08     8.635
  1894   09     8.479
  1894   10    10.610
  1894   11    12.680
  1894   12    14.873
  1895   01    15.869
  1895   02    16.848
  1895   03    16.712
  1895   04    15.943
  1895   05    14.761
  1895   06    13.092
  1895   07    10.615
  1895   08     8.746
  1895   09     8.595
  1895   10    10.522
  1895   11    12.876
  1895   12    14.649
  1896   01    16.074
  1896   02    16.605
  1896   03    16.563
  1896   04    15.685
  1896   05    14.583
  1896   06    12.843
  1896   07     9.954
  1896   08     7.849
  1896   09     7.659
  1896   10    10.088
  1896   11    12.546
  1896   12    14.741
  1897   01    16.052
  1897   02    17.026
  1897   03    16.734
  1897   04    16.160
  1897   05    14.688
  1897   06    13.112
  1897   07     9.936
  1897   08     8.327
  1897   09     8.004
  1897   10    10.041
  1897   11    12.424
  1897   12    14.565
  1898   01    15.882
  1898   02    16.647
  1898   03    16.702
  1898   04    16.125
  1898   05    14.771
  1898   06    12.650
  1898   07    10.023
  1898   08     8.508
  1898   09     8.271
  1898   10    10.228
  1898   11    12.110
  1898   12    14.478
  1899   01    16.017
  1899   02    16.663
  1899   03    16.688
  1899   04    16.244
  1899   05    15.068
  1899   06    13.144
  1899   07    10.149
  1899   08     8.853
  1899   09     8.178
  1899   10    10.546
  1899   11    12.449
  1899   12    14.693
  1900   01    15.841
  1900   02    16.392
  1900   03    16.463
  1900   04    15.851
  1900   05    14.906
  1900   06    13.278
  1900   07    10.369
  1900   08     8.716
  1900   09     8.505
  1900   10    10.652
  1900   11    12.741
  1900   12    14.875
  1901   01    16.029
  1901   02    16.837
  1901   03    17.052
  1901   04    16.447
  1901   05    15.184
  1901   06    12.851
  1901   07     9.790
  1901   08     8.554
  1901   09     8.528
  1901   10     9.981
  1901   11    12.412
  1901   12    14.345
  1902   01    15.683
  1902   02    16.280
  1902   03    15.925
  1902   04    15.416
  1902   05    14.055
  1902   06    12.491
  1902   07    10.021
  1902   08     7.930
  1902   09     7.318
  1902   10     9.695
  1902   11    11.946
  1902   12    14.408
  1903   01    15.994
  1903   02    16.413
  1903   03    16.606
  1903   04    15.804
  1903   05    14.892
  1903   06    12.383
  1903   07     9.346
  1903   08     7.930
  1903   09     7.859
  1903   10    10.080
  1903   11    12.306
  1903   12    14.428
  1904   01    16.006
  1904   02    16.763
  1904   03    16.558
  1904   04    16.051
  1904   05    14.589
  1904   06    12.648
  1904   07    10.050
  1904   08     7.701
  1904   09     7.370
  1904   10     9.829
  1904   11    12.148
  1904   12    14.020
  1905   01    15.349
  1905   02    16.206
  1905   03    15.862
  1905   04    15.397
  1905   05    14.120
  1905   06    12.445
  1905   07     9.927
  1905   08     8.336
  1905   09     8.291
  1905   10     9.926
  1905   11    12.029
  1905   12    14.135
  1906   01    15.357
  1906   02    16.099
  1906   03    16.174
  1906   04    15.568
  1906   05    14.050
  1906   06    12.132
  1906   07     9.350
  1906   08     7.089
  1906   09     6.931
  1906   10     9.503
  1906   11    11.898
  1906   12    14.173
  1907   01    15.562
  1907   02    16.375
  1907   03    16.413
  1907   04    15.739
  1907   05    14.313
  1907   06    12.577
  1907   07     9.437
  1907   08     7.796
  1907   09     6.897
  1907   10     9.496
  1907   11    11.594
  1907   12    14.043
  1908   01    15.594
  1908   02    16.432
  1908   03    16.445
  1908   04    15.686
  1908   05    14.783
  1908   06    12.112
  1908   07     9.524
  1908   08     7.602
  1908   09     7.073
  1908   10     9.468
  1908   11    11.806
  1908   12    14.338
  1909   01    15.661
  1909   02    16.618
  1909   03    16.050
  1909   04    15.663
  1909   05    14.307
  1909   06    12.456
  1909   07     9.845
  1909   08     8.419
  1909   09     7.722
  1909   10     9.633
  1909   11    11.762
  1909   12    14.226
  1910   01    15.646
  1910   02    16.198
  1910   03    16.022
  1910   04    15.431
  1910   05    14.353
  1910   06    12.460
  1910   07     9.301
  1910   08     7.024
  1910   09     6.552
  1910   10     9.392
  1910   11    11.942
  1910   12    14.258
  1911   01    15.719
  1911   02    16.495
  1911   03    16.434
  1911   04    15.834
  1911   05    14.404
  1911   06    12.543
  1911   07     9.746
  1911   08     8.184
  1911   09     8.082
  1911   10    10.099
  1911   11    12.344
  1911   12    14.496
  1912   01    16.052
  1912   02    16.554
  1912   03    16.214
  1912   04    15.751
  1912   05    14.338
  1912   06    12.498
  1912   07     9.747
  1912   08     8.088
  1912   09     7.835
  1912   10    10.024
  1912   11    11.849
  1912   12    14.421
  1913   01    15.926
  1913   02    16.640
  1913   03    16.864
  1913   04    15.887
  1913   05    14.696
  1913   06    12.661
  1913   07    10.092
  1913   08     8.459
  1913   09     8.060
  1913   10    10.123
  1913   11    12.221
  1913   12    14.392
  1914   01    15.887
  1914   02    16.578
  1914   03    16.632
  1914   04    15.869
  1914   05    14.643
  1914   06    12.721
  1914   07    10.423
  1914   08     8.516
  1914   09     8.259
  1914   10    10.064
  1914   11    12.246
  1914   12    14.680
  1915   01    16.230
  1915   02    16.947
  1915   03    16.630
  1915   04    15.864
  1915   05    14.227
  1915   06    12.761
  1915   07     9.908
  1915   08     8.051
  1915   09     7.441
  1915   10    10.253
  1915   11    12.192
  1915   12    14.510
  1916   01    15.832
  1916   02    16.772
  1916   03    16.853
  1916   04    16.263
  1916   05    15.111
  1916   06    13.110
  1916   07     9.860
  1916   08     8.039
  1916   09     7.642
  1916   10    10.308
  1916   11    12.123
  1916   12    14.683
  1917   01    16.103
  1917   02    16.765
  1917   03    16.766
  1917   04    15.881
  1917   05    14.474
  1917   06    12.954
  1917   07    10.644
  1917   08     8.281
  1917   09     7.966
  1917   10    10.563
  1917   11    12.545
  1917   12    14.700
  1918   01    16.272
  1918   02    16.631
  1918   03    16.716
  1918   04    16.033
  1918   05    14.874
  1918   06    13.249
  1918   07    10.693
  1918   08     9.383
  1918   09     8.778
  1918   10    10.966
  1918   11    13.142
  1918   12    15.213
  1919   01    16.204
  1919   02    16.783
  1919   03    16.822
  1919   04    16.021
  1919   05    14.534
  1919   06    13.026
  1919   07    10.652
  1919   08     8.690
  1919   09     8.268
  1919   10    10.300
  1919   11    12.729
  1919   12    14.841
  1920   01    15.895
  1920   02    16.836
  1920   03    16.478
  1920   04    15.857
  1920   05    14.554
  1920   06    12.996
  1920   07     9.931
  1920   08     8.806
  1920   09     8.504
  1920   10    10.204
  1920   11    12.026
  1920   12    14.363
  1921   01    15.798
  1921   02    16.480
  1921   03    16.469
  1921   04    15.580
  1921   05    14.285
  1921   06    12.509
  1921   07     9.710
  1921   08     8.151
  1921   09     7.810
  1921   10     9.875
  1921   11    12.230
  1921   12    14.424
  1922   01    15.492
  1922   02    16.343
  1922   03    16.382
  1922   04    15.788
  1922   05    14.629
  1922   06    12.542
  1922   07     9.933
  1922   08     8.148
  1922   09     7.859
  1922   10    10.173
  1922   11    12.008
  1922   12    14.558
  1923   01    15.687
  1923   02    16.618
  1923   03    16.673
  1923   04    15.817
  1923   05    14.597
  1923   06    12.795
  1923   07    10.279
  1923   08     8.181
  1923   09     7.588
  1923   10    10.252
  1923   11    12.140
  1923   12    14.367
  1924   01    15.873
  1924   02    16.528
  1924   03    16.671
  1924   04    15.768
  1924   05    14.552
  1924   06    12.720
  1924   07     9.864
  1924   08     7.538
  1924   09     6.944
  1924   10    10.124
  1924   11    12.159
  1924   12    14.524
  1925   01    16.245
  1925   02    16.621
  1925   03    16.525
  1925   04    15.742
  1925   05    14.174
  1925   06    11.928
  1925   07     8.549
  1925   08     7.092
  1925   09     6.712
  1925   10     9.637
  1925   11    11.604
  1925   12    14.244
  1926   01    15.706
  1926   02    16.525
  1926   03    16.489
  1926   04    15.759
  1926   05    14.265
  1926   06    12.359
  1926   07     9.708
  1926   08     8.229
  1926   09     7.601
  1926   10     9.818
  1926   11    12.229
  1926   12    14.454
  1927   01    15.734
  1927   02    16.743
  1927   03    16.754
  1927   04    16.078
  1927   05    14.922
  1927   06    13.012
  1927   07     9.956
  1927   08     7.274
  1927   09     7.176
  1927   10     9.816
  1927   11    12.110
  1927   12    14.529
  1928   01    16.007
  1928   02    16.386
  1928   03    16.394
  1928   04    15.723
  1928   05    14.429
  1928   06    12.287
  1928   07     9.555
  1928   08     7.538
  1928   09     7.005
  1928   10     9.943
  1928   11    12.217
  1928   12    14.638
  1929   01    16.142
  1929   02    16.754
  1929   03    16.735
  1929   04    15.866
  1929   05    14.666
  1929   06    12.483
  1929   07     9.966
  1929   08     7.752
  1929   09     8.071
  1929   10    10.015
  1929   11    12.314
  1929   12    14.866
  1930   01    15.861
  1930   02    16.669
  1930   03    16.579
  1930   04    15.793
  1930   05    14.489
  1930   06    12.749
  1930   07    10.358
  1930   08     8.794
  1930   09     8.231
  1930   10    10.461
  1930   11    12.441
  1930   12    14.693
  1931   01    16.000
  1931   02    16.627
  1931   03    16.680
  1931   04    16.026
  1931   05    14.438
  1931   06    12.720
  1931   07     9.602
  1931   08     8.167
  1931   09     7.931
  1931   10    10.010
  1931   11    12.311
  1931   12    14.583
  1932   01    16.294
  1932   02    16.938
  1932   03    16.858
  1932   04    16.191
  1932   05    14.689
  1932   06    12.499
  1932   07     9.213
  1932   08     8.009
  1932   09     7.301
  1932   10     9.687
  1932   11    12.001
  1932   12    14.617
  1933   01    16.022
  1933   02    16.805
  1933   03    16.916
  1933   04    16.441
  1933   05    14.996
  1933   06    12.693
  1933   07     9.599
  1933   08     7.613
  1933   09     7.393
  1933   10    10.067
  1933   11    11.655
  1933   12    14.384
  1934   01    15.790
  1934   02    16.765
  1934   03    16.729
  1934   04    15.821
  1934   05    14.618
  1934   06    12.484
  1934   07     9.981
  1934   08     7.608
  1934   09     6.797
  1934   10     9.660
  1934   11    11.824
  1934   12    14.459
  1935   01    15.688
  1935   02    16.342
  1935   03    16.470
  1935   04    15.683
  1935   05    13.900
  1935   06    11.955
  1935   07     9.256
  1935   08     7.705
  1935   09     7.619
  1935   10     9.511
  1935   11    11.436
  1935   12    13.673
  1936   01    15.328
  1936   02    15.975
  1936   03    16.046
  1936   04    15.411
  1936   05    14.119
  1936   06    12.286
  1936   07     9.199
  1936   08     7.372
  1936   09     6.940
  1936   10     9.607
  1936   11    11.362
  1936   12    14.067
  1937   01    15.740
  1937   02    16.230
  1937   03    16.127
  1937   04    15.689
  1937   05    14.433
  1937   06    12.517
  1937   07     9.844
  1937   08     8.488
  1937   09     7.983
  1937   10     9.721
  1937   11    11.874
  1937   12    14.268
  1938   01    15.469
  1938   02    16.011
  1938   03    15.999
  1938   04    15.485
  1938   05    14.055
  1938   06    11.847
  1938   07     9.559
  1938   08     7.626
  1938   09     7.252
  1938   10     9.838
  1938   11    11.993
  1938   12    14.131
  1939   01    15.466
  1939   02    16.156
  1939   03    16.098
  1939   04    15.636
  1939   05    14.259
  1939   06    12.418
  1939   07     9.822
  1939   08     7.802
  1939   09     7.551
  1939   10     9.560
  1939   11    11.632
  1939   12    14.046
  1940   01    15.374
  1940   02    16.167
  1940   03    16.211
  1940   04    15.534
  1940   05    14.254
  1940   06    11.876
  1940   07     9.442
  1940   08     7.556
  1940   09     7.127
  1940   10     9.566
  1940   11    11.498
  1940   12    13.942
  1941   01    15.270
  1941   02    16.252
  1941   03    16.407
  1941   04    15.783
  1941   05    14.535
  1941   06    12.643
  1941   07     9.817
  1941   08     7.463
  1941   09     6.813
  1941   10    10.037
  1941   11    12.420
  1941   12    14.502
  1942   01    15.724
  1942   02    16.435
  1942   03    16.647
  1942   04    15.914
  1942   05    14.577
  1942   06    12.128
  1942   07     9.100
  1942   08     7.091
  1942   09     6.669
  1942   10     9.139
  1942   11    11.400
  1942   12    14.157
  1943   01    15.826
  1943   02    16.733
  1943   03    16.742
  1943   04    15.949
  1943   05    13.978
  1943   06    11.482
  1943   07     8.959
  1943   08     7.513
  1943   09     7.278
  1943   10     9.388
  1943   11    11.173
  1943   12    13.712
  1944   01    15.079
  1944   02    15.877
  1944   03    16.237
  1944   04    15.508
  1944   05    14.094
  1944   06    12.596
  1944   07     9.873
  1944   08     7.594
  1944   09     7.137
  1944   10     9.926
  1944   11    11.975
  1944   12    14.267
  1945   01    15.685
  1945   02    16.272
  1945   03    16.306
  1945   04    15.785
  1945   05    14.461
  1945   06    12.737
  1945   07    10.027
  1945   08     7.658
  1945   09     7.209
  1945   10     9.844
  1945   11    12.229
  1945   12    14.290
  1946   01    15.682
  1946   02    16.462
  1946   03    16.394
  1946   04    15.860
  1946   05    14.411
  1946   06    12.358
  1946   07     9.603
  1946   08     7.819
  1946   09     7.596
  1946   10     9.530
  1946   11    11.751
  1946   12    14.352
  1947   01    15.511
  1947   02    16.307
  1947   03    16.354
  1947   04    15.592
  1947   05    14.461
  1947   06    12.511
  1947   07     9.885
  1947   08     8.345
  1947   09     8.073
  1947   10    10.006
  1947   11    12.345
  1947   12    14.307
  1948   01    15.663
  1948   02    16.644
  1948   03    16.163
  1948   04    15.729
  1948   05    14.382
  1948   06    12.818
  1948   07    10.405
  1948   08     8.615
  1948   09     8.325
  1948   10    10.282
  1948   11    12.478
  1948   12    14.476
  1949   01    15.983
  1949   02    16.634
  1949   03    16.376
  1949   04    15.712
  1949   05    14.402
  1949   06    12.259
  1949   07     9.277
  1949   08     7.530
  1949   09     7.293
  1949   10     9.822
  1949   11    11.804
  1949   12    14.429
  1950   01    15.766
  1950   02    16.366
  1950   03    16.350
  1950   04    15.615
  1950   05    14.499
  1950   06    12.428
  1950   07     9.416
  1950   08     8.093
  1950   09     7.690
  1950   10     9.691
  1950   11    11.658
  1950   12    14.055
  1951   01    15.335
  1951   02    16.109
  1951   03    16.073
  1951   04    15.252
  1951   05    13.652
  1951   06    11.884
  1951   07     9.013
  1951   08     7.392
  1951   09     7.240
  1951   10     9.002
  1951   11    11.142
  1951   12    13.911
  1952   01    15.279
  1952   02    16.239
  1952   03    16.232
  1952   04    15.532
  1952   05    14.031
  1952   06    11.593
  1952   07     9.060
  1952   08     7.477
  1952   09     7.393
  1952   10     9.354
  1952   11    11.341
  1952   12    13.905
  1953   01    15.400
  1953   02    16.093
  1953   03    16.138
  1953   04    15.337
  1953   05    14.240
  1953   06    12.316
  1953   07     9.233
  1953   08     7.713
  1953   09     7.457
  1953   10     9.673
  1953   11    11.864
  1953   12    14.501
  1954   01    15.823
  1954   02    16.756
  1954   03    16.884
  1954   04    16.021
  1954   05    14.442
  1954   06    12.644
  1954   07    10.395
  1954   08     8.577
  1954   09     8.361
  1954   10    10.288
  1954   11    12.172
  1954   12    14.583
  1955   01    16.043
  1955   02    16.753
  1955   03    16.818
  1955   04    16.279
  1955   05    14.474
  1955   06    12.684
  1955   07     9.710
  1955   08     7.706
  1955   09     7.581
  1955   10     9.874
  1955   11    12.077
  1955   12    14.481
  1956   01    15.808
  1956   02    16.474
  1956   03    16.485
  1956   04    16.135
  1956   05    14.454
  1956   06    12.427
  1956   07     9.818
  1956   08     8.222
  1956   09     7.689
  1956   10     9.925
  1956   11    12.166
  1956   12    14.492
  1957   01    16.013
  1957   02    17.031
  1957   03    16.584
  1957   04    16.088
  1957   05    14.514
  1957   06    12.572
  1957   07     9.343
  1957   08     8.009
  1957   09     7.632
  1957   10     9.772
  1957   11    11.520
  1957   12    14.134
  1958   01    15.526
  1958   02    16.231
  1958   03    16.265
  1958   04    15.771
  1958   05    14.166
  1958   06    12.113
  1958   07     9.584
  1958   08     8.371
  1958   09     8.079
  1958   10    10.046
  1958   11    12.287
  1958   12    14.439
  1959   01    15.863
  1959   02    16.577
  1959   03    16.664
  1959   04    15.726
  1959   05    14.732
  1959   06    12.573
  1959   07    10.268
  1959   08     8.333
  1959   09     8.119
  1959   10     9.920
  1959   11    12.022
  1959   12    14.298
  1960   01    15.759
  1960   02    16.399
  1960   03    16.388
  1960   04    15.927
  1960   05    14.304
  1960   06    12.364
  1960   07     9.594
  1960   08     7.210
  1960   09     6.773
  1960   10     9.683
  1960   11    12.142
  1960   12    14.218
  1961   01    15.334
  1961   02    15.865
  1961   03    15.869
  1961   04    15.358
  1961   05    14.130
  1961   06    12.409
  1961   07     9.847
  1961   08     8.187
  1961   09     7.934
  1961   10     9.777
  1961   11    11.529
  1961   12    14.073
  1962   01    15.609
  1962   02    16.001
  1962   03    16.055
  1962   04    15.473
  1962   05    14.288
  1962   06    12.265
  1962   07     9.904
  1962   08     8.182
  1962   09     8.092
  1962   10     9.863
  1962   11    11.839
  1962   12    14.383
  1963   01    15.692
  1963   02    16.422
  1963   03    16.359
  1963   04    15.505
  1963   05    14.412
  1963   06    12.848
  1963   07    10.255
  1963   08     8.688
  1963   09     8.370
  1963   10    10.246
  1963   11    12.158
  1963   12    14.441
  1964   01    15.935
  1964   02    16.882
  1964   03    16.556
  1964   04    15.854
  1964   05    14.454
  1964   06    12.416
  1964   07    10.336
  1964   08     8.867
  1964   09     8.542
  1964   10    10.346
  1964   11    12.657
  1964   12    14.677
  1965   01    15.783
  1965   02    16.519
  1965   03    16.497
  1965   04    15.961
  1965   05    14.735
  1965   06    12.912
  1965   07    10.063
  1965   08     8.288
  1965   09     8.336
  1965   10    10.399
  1965   11    12.360
  1965   12    14.584
  1966   01    15.972
  1966   02    16.601
  1966   03    16.508
  1966   04    15.911
  1966   05    14.660
  1966   06    12.744
  1966   07    10.160
  1966   08     8.408
  1966   09     8.265
  1966   10    10.133
  1966   11    12.302
  1966   12    14.733
  1967   01    16.191
  1967   02    16.897
  1967   03    16.967
  1967   04    16.101
  1967   05    14.479
  1967   06    12.851
  1967   07    10.036
  1967   08     8.050
  1967   09     7.561
  1967   10     9.954
  1967   11    12.515
  1967   12    14.716
  1968   01    16.305
  1968   02    16.743
  1968   03    16.902
  1968   04    16.034
  1968   05    14.821
  1968   06    12.933
  1968   07    10.513
  1968   08     8.894
  1968   09     8.633
  1968   10     9.976
  1968   11    12.247
  1968   12    14.517
  1969   01    15.868
  1969   02    16.559
  1969   03    16.400
  1969   04    15.840
  1969   05    14.691
  1969   06    12.117
  1969   07     9.657
  1969   08     8.282
  1969   09     7.952
  1969   10     9.710
  1969   11    12.116
  1969   12    14.558
  1970   01    15.856
  1970   02    16.525
  1970   03    16.328
  1970   04    15.669
  1970   05    14.473
  1970   06    12.120
  1970   07     9.746
  1970   08     8.043
  1970   09     7.672
  1970   10    10.029
  1970   11    12.127
  1970   12    14.715
  1971   01    15.856
  1971   02    16.696
  1971   03    16.605
  1971   04    15.737
  1971   05    14.509
  1971   06    12.866
  1971   07    10.439
  1971   08     8.511
  1971   09     7.980
  1971   10    10.370
  1971   11    12.379
  1971   12    15.046
  1972   01    16.210
  1972   02    17.000
  1972   03    17.156
  1972   04    16.421
  1972   05    15.342
  1972   06    13.679
  1972   07    10.489
  1972   08     8.322
  1972   09     7.707
  1972   10    10.304
  1972   11    12.416
  1972   12    14.780
  1973   01    16.249
  1973   02    17.288
  1973   03    17.195
  1973   04    16.562
  1973   05    15.285
  1973   06    12.922
  1973   07    10.522
  1973   08     9.171
  1973   09     9.022
  1973   10    10.593
  1973   11    12.610
  1973   12    15.029
  1974   01    16.110
  1974   02    17.145
  1974   03    16.996
  1974   04    16.561
  1974   05    14.762
  1974   06    12.823
  1974   07    10.654
  1974   08     8.769
  1974   09     8.367
  1974   10    10.287
  1974   11    12.629
  1974   12    14.430
  1975   01    15.939
  1975   02    16.732
  1975   03    16.964
  1975   04    16.443
  1975   05    15.194
  1975   06    13.053
  1975   07    10.004
  1975   08     8.212
  1975   09     7.777
  1975   10    10.045
  1975   11    12.387
  1975   12    14.553
  1976   01    15.915
  1976   02    16.668
  1976   03    16.700
  1976   04    16.284
  1976   05    14.853
  1976   06    13.158
  1976   07    10.377
  1976   08     8.804
  1976   09     8.788
  1976   10    10.221
  1976   11    12.804
  1976   12    14.888
  1977   01    16.087
  1977   02    16.665
  1977   03    16.548
  1977   04    15.998
  1977   05    14.257
  1977   06    12.842
  1977   07    10.392
  1977   08     8.221
  1977   09     7.616
  1977   10     9.837
  1977   11    12.045
  1977   12    14.463
  1978   01    15.820
  1978   02    16.549
  1978   03    16.299
  1978   04    15.776
  1978   05    14.742
  1978   06    13.013
  1978   07    10.983
  1978   08     9.100
  1978   09     8.309
  1978   10    10.606
  1978   11    12.786
  1978   12    14.806
  1979   01    15.948
  1979   02    16.749
  1979   03    16.770
  1979   04    15.563
  1979   05    14.504
  1979   06    12.985
  1979   07    10.330
  1979   08     8.838
  1979   09     8.737
  1979   10    10.378
  1979   11    12.483
  1979   12    14.736
  1980   01    16.166
  1980   02    16.767
  1980   03    16.675
  1980   04    15.848
  1980   05    14.712
  1980   06    13.119
  1980   07    10.336
  1980   08     8.707
  1980   09     8.402
  1980   10    10.220
  1980   11    12.224
  1980   12    14.920
  1981   01    16.331
  1981   02    17.119
  1981   03    17.135
  1981   04    16.301
  1981   05    15.064
  1981   06    13.166
  1981   07    11.025
  1981   08     9.271
  1981   09     9.201
  1981   10    10.951
  1981   11    13.244
  1981   12    15.037
  1982   01    16.492
  1982   02    17.141
  1982   03    16.937
  1982   04    16.460
  1982   05    15.398
  1982   06    13.186
  1982   07    10.121
  1982   08     8.503
  1982   09     8.154
  1982   10    10.488
  1982   11    12.663
  1982   12    14.834
  1983   01    16.301
  1983   02    16.895
  1983   03    16.825
  1983   04    16.176
  1983   05    14.809
  1983   06    13.173
  1983   07    10.469
  1983   08     8.692
  1983   09     8.299
  1983   10    10.557
  1983   11    13.162
  1983   12    15.070
  1984   01    16.192
  1984   02    16.576
  1984   03    16.705
  1984   04    16.048
  1984   05    14.727
  1984   06    12.913
  1984   07    10.028
  1984   08     8.788
  1984   09     8.531
  1984   10    10.021
  1984   11    12.229
  1984   12    14.631
  1985   01    16.203
  1985   02    16.720
  1985   03    16.610
  1985   04    16.266
  1985   05    14.773
  1985   06    12.757
  1985   07    10.614
  1985   08     8.815
  1985   09     8.525
  1985   10    10.102
  1985   11    12.334
  1985   12    14.799
  1986   01    15.967
  1986   02    16.850
  1986   03    16.872
  1986   04    15.987
  1986   05    14.643
  1986   06    12.601
  1986   07     9.762
  1986   08     8.073
  1986   09     7.548
  1986   10     9.950
  1986   11    12.128
  1986   12    14.673
  1987   01    15.982
  1987   02    16.807
  1987   03    16.897
  1987   04    16.068
  1987   05    14.349
  1987   06    11.841
  1987   07     9.102
  1987   08     7.400
  1987   09     6.966
  1987   10     9.260
  1987   11    11.384
  1987   12    14.105
  1988   01    15.507
  1988   02    16.433
  1988   03    16.481
  1988   04    15.662
  1988   05    14.378
  1988   06    12.036
  1988   07     9.524
  1988   08     7.576
  1988   09     6.746
  1988   10     9.913
  1988   11    11.704
  1988   12    14.250
  1989   01    15.653
  1989   02    16.541
  1989   03    16.498
  1989   04    15.852
  1989   05    14.707
  1989   06    12.380
  1989   07     9.432
  1989   08     7.694
  1989   09     6.877
  1989   10     9.801
  1989   11    11.884
  1989   12    14.528
  1990   01    16.005
  1990   02    16.495
  1990   03    16.478
  1990   04    15.639
  1990   05    14.332
  1990   06    12.156
  1990   07     9.621
  1990   08     8.069
  1990   09     7.331
  1990   10     9.543
  1990   11    11.558
  1990   12    14.055
  1991   01    15.458
  1991   02    16.208
  1991   03    15.971
  1991   04    15.574
  1991   05    14.132
  1991   06    11.997
  1991   07     8.862
  1991   08     7.195
  1991   09     6.755
  1991   10     9.235
  1991   11    11.596
  1991   12    13.904
  1992   01    15.464
  1992   02    16.098
  1992   03    16.157
  1992   04    15.261
  1992   05    14.218
  1992   06    12.558
  1992   07     9.546
  1992   08     8.080
  1992   09     7.597
  1992   10     9.564
  1992   11    12.031
  1992   12    14.426
  1993   01    15.991
  1993   02    16.654
  1993   03    16.520
  1993   04    15.841
  1993   05    14.196
  1993   06    12.183
  1993   07     9.045
  1993   08     7.542
  1993   09     7.379
  1993   10     9.434
  1993   11    11.400
  1993   12    14.251
  1994   01    15.682
  1994   02    16.554
  1994   03    16.286
  1994   04    15.647
  1994   05    14.270
  1994   06    12.418
  1994   07     9.298
  1994   08     7.827
  1994   09     7.837
  1994   10     9.662
  1994   11    11.734
  1994   12    14.227
  1995   01    15.694
  1995   02    16.234
  1995   03    16.415
  1995   04    15.981
  1995   05    14.660
  1995   06    12.733
  1995   07     9.774
  1995   08     8.230
  1995   09     8.026
  1995   10    10.120
  1995   11    12.223
  1995   12    14.748
  1996   01    16.074
  1996   02    16.954
  1996   03    16.419
  1996   04    16.061
  1996   05    14.735
  1996   06    12.617
  1996   07     9.767
  1996   08     7.896
  1996   09     7.597
  1996   10     9.971
  1996   11    11.813
  1996   12    14.632
  1997   01    16.265
  1997   02    16.863
  1997   03    16.934
  1997   04    16.281
  1997   05    14.483
  1997   06    12.410
  1997   07     9.511
  1997   08     7.528
  1997   09     6.934
  1997   10     9.548
  1997   11    11.332
  1997   12    13.999
  1998   01    15.602
  1998   02    16.307
  1998   03    16.394
  1998   04    15.849
  1998   05    14.511
  1998   06    12.360
  1998   07     9.689
  1998   08     8.144
  1998   09     7.591
  1998   10     9.781
  1998   11    11.941
  1998   12    14.599
  1999   01    15.995
  1999   02    16.770
  1999   03    16.716
  1999   04    16.059
  1999   05    14.727
  1999   06    12.333
  1999   07     9.340
  1999   08     7.634
  1999   09     7.306
  1999   10     9.606
  1999   11    11.621
  1999   12    14.060
  2000   01    15.738
  2000   02    16.422
  2000   03    16.289
  2000   04    15.684
  2000   05    14.231
  2000   06    12.693
  2000   07     9.837
  2000   08     8.374
  2000   09     7.545
  2000   10     9.764
  2000   11    11.592
  2000   12    14.232
  2001   01    15.815
  2001   02    16.224
  2001   03    16.189
  2001   04    15.645
  2001   05    13.942
  2001   06    12.186
  2001   07     9.341
  2001   08     7.421
  2001   09     6.835
  2001   10     9.548
  2001   11    11.327
  2001   12    13.813
  2002   01    15.301
  2002   02    15.801
  2002   03    15.970
  2002   04    15.376
  2002   05    13.953
  2002   06    12.197
  2002   07     9.227
  2002   08     7.439
  2002   09     7.274
  2002   10     9.708
  2002   11    11.383
  2002   12    13.872
  2003   01    15.207
  2003   02    16.227
  2003   03    16.216
  2003   04    15.419
  2003   05    14.291
  2003   06    12.603
  2003   07    10.075
  2003   08     8.255
  2003   09     7.202
  2003   10     9.780
  2003   11    11.632
  2003   12    14.368
  2004   01    15.803
  2004   02    16.469
  2004   03    16.014
  2004   04    15.040
  2004   05    13.931
  2004   06    12.187
  2004   07     9.200
  2004   08     7.862
  2004   09     7.142
  2004   10     9.242
  2004   11    11.261
  2004   12    13.649
  2005   01    15.173
  2005   02    15.951
  2005   03    15.855
  2005   04    15.025
  2005   05    13.825
  2005   06    11.856
  2005   07     8.458
  2005   08     6.679
  2005   09     6.186
  2005   10     8.356
  2005   11    10.784
  2005   12    13.369
  2006   01    14.775
  2006   02    15.539
  2006   03    15.389
  2006   04    14.595
  2006   05    13.263
  2006   06    11.247
  2006   07     8.763
  2006   08     6.548
  2006   09     6.169
  2006   10     8.788
  2006   11    10.866
  2006   12    13.422
  2007   01    14.663
  2007   02    15.448
  2007   03    15.131
  2007   04    14.441
  2007   05    13.172
  2007   06    11.395
  2007   07     8.970
  2007   08     7.305
  2007   09     6.796
  2007   10     8.980
  2007   11    10.769
  2007   12    13.176
  2008   01    14.627
  2008   02    15.589
  2008   03    15.622
  2008   04    14.654
  2008   05    13.169
  2008   06    11.008
  2008   07     8.441
  2008   08     7.035
  2008   09     6.375
  2008   10     8.234
  2008   11    10.456
  2008   12    13.003
  2009   01    14.872
  2009   02    15.642
  2009   03    15.638
  2009   04    14.737
  2009   05    13.313
  2009   06    10.930
  2009   07     8.015
  2009   08     6.266
  2009   09     5.795
  2009   10     8.296
  2009   11    10.546
  2009   12    13.394
  2010   01    14.914
  2010   02    15.679
  2010   03    15.778
  2010   04    15.266
  2010   05    13.786
  2010   06    11.593
  2010   07     9.194
  2010   08     6.987
  2010   09     6.113
  2010   10     8.651
  2010   11    10.776
  2010   12    13.465
  2011   01    14.818
  2011   02    15.527
  2011   03    15.604
  2011   04    14.861
  2011   05    13.495
  2011   06    11.341
  2011   07     8.673
  2011   08     6.657
  2011   09     5.223
  2011   10     8.718
  2011   11    11.109
  2011   12    13.478
  2012   01    14.963
  2012   02    15.561
  2012   03    15.557
  2012   04    15.078
  2012   05    13.494
  2012   06    11.611
  2012   07     8.406
  2012   08     6.217
  2012   09     5.318
  2012   10     8.482
  2012   11    10.791
  2012   12    13.434
  2013   01    14.848
  2013   02    15.478
  2013   03    15.531
  2013   04    14.966
  2013   05    13.513
  2013   06    11.851
  2013   07     9.303
  2013   08     7.920
  2013   09     7.135
  2013   10     9.381
  2013   11    11.034
  2013   12    13.498
  2014   01    15.323
  2014   02    15.889
  2014   03    15.539
  2014   04    14.960
  2014   05    13.443
  2014   06    11.167
  2014   07     8.434
  2014   08     6.553
  2014   09     5.764
  2014   10     8.418
  2014   11    10.416
  2014   12    12.843
  2015   01    14.487
  2015   02    15.172
  2015   03    15.213
  2015   04    14.691
  2015   05    13.098
  2015   06    11.224
  2015   07     8.657
  2015   08     6.684
  2015   09     6.036
  2015   10     8.785
  2015   11    10.710
  2015   12    13.109
  2016   01    14.468
  2016   02    15.289
  2016   03    15.241
  2016   04    14.617
  2016   05    13.359
  2016   06    11.243
  2016   07     8.686
  2016   08     5.690
  2016   09     4.917
  2016   10     8.422
  2016   11    10.379
  2016   12    13.058
  2017   01    14.415
  2017   02    15.332
  2017   03    15.312
  2017   04    14.467
  2017   05    13.349
  2017   06    11.284
  2017   07     8.790
  2017   08     6.625
  2017   09     5.963
  2017   10     8.729
  2017   11    10.306
  2017   12    12.960
  2018   01    14.305
  2018   02    15.248
  2018   03    15.290
  2018   04    14.481
  2018   05    13.030
  2018   06    11.191
  2018   07     8.600
  2018   08     6.419
  2018   09     5.858
  2018   10     9.068
  2018   11    10.694
  2018   12    13.128
  2019   01    14.534
  2019   02    15.248
  2019   03    15.098
  2019   04    14.742
  2019   05    13.556
  2019   06    11.245
  2019   07     8.611
  2019   08     6.750
  2019   09     6.043
  2019   10     8.323
  2019   11    10.659
  2019   12    12.975
  2020   01    14.604
  2020   02    15.375
  2020   03    15.281
  2020   04    14.885
  2020   05    13.643
  2020   06    11.473
  2020   07     9.083
  2020   08     6.807
  2020   09     5.688
  2020   10     8.410
  2020   11    10.799
  2020   12    13.289
  2021   01    15.157
  2021   02    15.868
  2021   03    15.787
  2021   04    14.750
  2021   05    13.490
  2021   06    10.979
  2021   07     8.361
  2021   08     6.670
  2021   09     6.165
  2021   10     8.755
  2021   11    10.907
  2021   12    12.710
  2022   01    14.855
  2022   02    15.630
  2022   03    15.485
  2022   04    14.615
  2022   05    13.328
  2022   06    11.169
  2022   07     8.615
  2022   08     6.676
  2022   09     5.829
  2022   10     8.210
  2022   11    10.656
  2022   12    13.083
  2023   01    14.626
  2023   02    15.356
  2023   03    15.303
  2023   04    14.516
  2023   05    13.321
  2023   06    11.509
  2023   07     8.978
  2023   08     6.922
  2023   09     5.745
  2023   10     8.204
  2023   11    10.135
  2023   12    12.644
  2024   01    14.365
  2024   02    15.218
  2024   03    14.883
  2024   04    13.980
  2024   05    12.663
  2024   06    10.580
  2024   07     7.695
  2024   08     5.760
  2024   09     5.188
  2024   10     7.499
  2024   11     9.937
  2024   12    12.380
  2025   01    13.895
  2025   02    14.777
  2025   03    14.709
  2025   04    13.952
  2025   05    12.753
  2025   06    10.883
  2025   07     7.886
  2025   08     6.175
  2025   09     5.059
  2025   10     8.048
  2025   11    10.708
  2025   12    12.830
  2026   01    14.039
  2026   02    14.571
  2026   03    14.612
  2026   04    14.002
  2026   05    13.050
  2026   06    11.167
  2026   07     7.995
  2026   08     5.055
  2026   09     4.294
  2026   10     7.268
  2026   11    10.065
  2026   12    12.662
  2027   01    14.005
  2027   02    14.935
  2027   03    14.810
  2027   04    14.344
  2027   05    13.064
  2027   06    10.743
  2027   07     8.428
  2027   08     5.683
  2027   09     4.628
  2027   10     7.733
  2027   11    10.251
  2027   12    12.677
  2028   01    14.251
  2028   02    14.863
  2028   03    14.756
  2028   04    14.163
  2028   05    12.970
  2028   06    11.289
  2028   07     7.826
  2028   08     5.269
  2028   09     4.158
  2028   10     6.772
  2028   11    10.025
  2028   12    12.797
  2029   01    14.369
  2029   02    14.906
  2029   03    15.014
  2029   04    14.208
  2029   05    12.840
  2029   06    10.541
  2029   07     7.502
  2029   08     5.189
  2029   09     3.610
  2029   10     6.977
  2029   11    10.001
  2029   12    12.619
  2030   01    14.278
  2030   02    15.018
  2030   03    14.972
  2030   04    14.311
  2030   05    12.809
  2030   06    10.194
  2030   07     7.968
  2030   08     5.898
  2030   09     4.607
  2030   10     7.457
  2030   11     9.940
  2030   12    12.682
  2031   01    13.792
  2031   02    14.424
  2031   03    14.701
  2031   04    14.047
  2031   05    12.881
  2031   06    10.454
  2031   07     7.125
  2031   08     5.291
  2031   09     3.805
  2031   10     6.828
  2031   11     9.587
  2031   12    12.269
  2032   01    14.166
  2032   02    14.741
  2032   03    14.683
  2032   04    14.260
  2032   05    12.817
  2032   06    10.673
  2032   07     7.435
  2032   08     4.136
  2032   09     3.238
  2032   10     6.155
  2032   11     9.879
  2032   12    12.568
  2033   01    13.790
  2033   02    14.468
  2033   03    14.604
  2033   04    13.860
  2033   05    12.824
  2033   06    10.781
  2033   07     7.825
  2033   08     5.863
  2033   09     4.447
  2033   10     7.274
  2033   11     9.782
  2033   12    12.216
  2034   01    13.666
  2034   02    14.351
  2034   03    14.472
  2034   04    13.976
  2034   05    12.570
  2034   06    10.429
  2034   07     7.419
  2034   08     5.934
  2034   09     5.084
  2034   10     7.139
  2034   11     9.717
  2034   12    11.883
  2035   01    13.959
  2035   02    14.608
  2035   03    14.481
  2035   04    13.876
  2035   05    12.789
  2035   06    10.364
  2035   07     7.426
  2035   08     4.984
  2035   09     4.044
  2035   10     6.411
  2035   11     9.856
  2035   12    11.878
  2036   01    13.913
  2036   02    14.659
  2036   03    14.603
  2036   04    14.149
  2036   05    12.937
  2036   06    10.464
  2036   07     7.304
  2036   08     4.214
  2036   09     2.917
  2036   10     7.010
  2036   11     9.873
  2036   12    12.109
  2037   01    13.733
  2037   02    14.509
  2037   03    14.632
  2037   04    14.135
  2037   05    12.941
  2037   06    10.688
  2037   07     8.304
  2037   08     4.427
  2037   09     3.373
  2037   10     7.015
  2037   11     9.796
  2037   12    12.028
  2038   01    13.792
  2038   02    14.599
  2038   03    14.647
  2038   04    14.111
  2038   05    12.689
  2038   06    10.139
  2038   07     7.799
  2038   08     5.085
  2038   09     3.910
  2038   10     6.681
  2038   11     9.620
  2038   12    11.626
  2039   01    13.282
  2039   02    14.159
  2039   03    14.351
  2039   04    13.779
  2039   05    12.465
  2039   06    10.300
  2039   07     7.952
  2039   08     4.773
  2039   09     3.513
  2039   10     5.896
  2039   11     8.972
  2039   12    11.308
  2040   01    13.236
  2040   02    14.181
  2040   03    14.265
  2040   04    13.970
  2040   05    12.744
  2040   06    10.123
  2040   07     7.675
  2040   08     5.106
  2040   09     3.747
  2040   10     6.481
  2040   11     9.475
  2040   12    11.543
  2041   01    13.595
  2041   02    14.076
  2041   03    14.152
  2041   04    13.711
  2041   05    12.487
  2041   06    10.499
  2041   07     7.853
  2041   08     5.011
  2041   09     4.020
  2041   10     5.835
  2041   11     9.221
  2041   12    11.735
  2042   01    13.530
  2042   02    14.407
  2042   03    14.228
  2042   04    13.788
  2042   05    12.182
  2042   06    10.433
  2042   07     8.089
  2042   08     3.382
  2042   09     2.075
  2042   10     5.843
  2042   11     9.624
  2042   12    11.633
  2043   01    13.362
  2043   02    14.235
  2043   03    14.370
  2043   04    13.829
  2043   05    12.496
  2043   06     9.909
  2043   07     7.600
  2043   08     4.767
  2043   09     3.437
  2043   10     6.631
  2043   11     9.491
  2043   12    11.543
  2044   01    13.412
  2044   02    14.064
  2044   03    14.224
  2044   04    13.409
  2044   05    12.274
  2044   06     9.911
  2044   07     7.313
  2044   08     4.553
  2044   09     3.006
  2044   10     6.113
  2044   11     9.089
  2044   12    11.204
  2045   01    13.079
  2045   02    13.999
  2045   03    13.929
  2045   04    13.234
  2045   05    12.100
  2045   06    10.214
  2045   07     6.838
  2045   08     4.128
  2045   09     3.248
  2045   10     5.278
  2045   11     9.252
  2045   12    11.293
  2046   01    13.253
  2046   02    14.103
  2046   03    14.152
  2046   04    13.577
  2046   05    12.294
  2046   06     9.749
  2046   07     6.799
  2046   08     4.775
  2046   09     2.549
  2046   10     5.794
  2046   11     9.481
  2046   12    11.522
  2047   01    13.592
  2047   02    14.132
  2047   03    14.287
  2047   04    13.551
  2047   05    12.082
  2047   06     9.725
  2047   07     7.090
  2047   08     4.638
  2047   09     2.799
  2047   10     5.689
  2047   11     9.163
  2047   12    11.290
  2048   01    12.950
  2048   02    13.716
  2048   03    13.727
  2048   04    13.180
  2048   05    11.871
  2048   06     9.305
  2048   07     6.855
  2048   08     4.445
  2048   09     2.851
  2048   10     5.447
  2048   11     9.038
  2048   12    10.971
  2049   01    12.412
  2049   02    13.552
  2049   03    13.712
  2049   04    12.847
  2049   05    11.627
  2049   06     9.027
  2049   07     6.162
  2049   08     2.948
  2049   09     2.050
  2049   10     3.908
  2049   11     8.068
  2049   12    10.878
  2050   01    12.646
  2050   02    13.443
  2050   03    13.518
  2050   04    12.825
  2050   05    11.781
  2050   06     9.369
  2050   07     6.282
  2050   08     2.747
  2050   09     1.482
  2050   10     4.091
  2050   11     8.340
  2050   12    10.809
  2051   01    12.652
  2051   02    13.494
  2051   03    13.522
  2051   04    12.925
  2051   05    11.913
  2051   06     9.383
  2051   07     6.063
  2051   08     3.167
  2051   09     1.724
  2051   10     4.159
  2051   11     8.763
  2051   12    10.595
  2052   01    12.494
  2052   02    13.421
  2052   03    13.839
  2052   04    13.278
  2052   05    11.543
  2052   06     9.389
  2052   07     6.001
  2052   08     2.089
  2052   09     0.841
  2052   10     2.671
  2052   11     8.204
  2052   12    11.052
  2053   01    12.870
  2053   02    13.651
  2053   03    13.719
  2053   04    13.330
  2053   05    12.274
  2053   06     9.778
  2053   07     7.506
  2053   08     3.707
  2053   09     0.874
  2053   10     4.130
  2053   11     8.732
  2053   12    11.132
  2054   01    12.804
  2054   02    13.650
  2054   03    14.006
  2054   04    13.146
  2054   05    11.917
  2054   06     9.547
  2054   07     6.316
  2054   08     2.946
  2054   09     1.761
  2054   10     3.848
  2054   11     8.509
  2054   12    10.612
  2055   01    12.653
  2055   02    13.494
  2055   03    13.736
  2055   04    13.199
  2055   05    12.005
  2055   06     9.888
  2055   07     6.058
  2055   08     2.139
  2055   09     0.971
  2055   10     3.575
  2055   11     8.068
  2055   12    10.665
  2056   01    12.809
  2056   02    13.733
  2056   03    13.930
  2056   04    13.371
  2056   05    11.828
  2056   06     9.006
  2056   07     5.609
  2056   08     2.109
  2056   09     0.797
  2056   10     2.932
  2056   11     8.061
  2056   12    10.766
  2057   01    12.786
  2057   02    13.610
  2057   03    13.608
  2057   04    12.891
  2057   05    11.947
  2057   06     9.289
  2057   07     6.080
  2057   08     2.245
  2057   09     0.328
  2057   10     2.437
  2057   11     8.131
  2057   12    10.701
  2058   01    12.521
  2058   02    13.572
  2058   03    13.601
  2058   04    12.968
  2058   05    11.817
  2058   06     9.218
  2058   07     6.003
  2058   08     2.188
  2058   09     0.514
  2058   10     2.705
  2058   11     7.671
  2058   12    10.410
  2059   01    12.163
  2059   02    12.976
  2059   03    13.403
  2059   04    12.870
  2059   05    11.863
  2059   06     9.454
  2059   07     5.453
  2059   08     0.813
  2059   09     0.114
  2059   10     1.406
  2059   11     6.662
  2059   12    10.260
  2060   01    12.197
  2060   02    13.320
  2060   03    13.314
  2060   04    12.536
  2060   05    10.853
  2060   06     8.080
  2060   07     5.077
  2060   08     0.930
  2060   09     0.001
  2060   10     0.608
  2060   11     6.564
  2060   12     9.657
  2061   01    12.092
  2061   02    13.195
  2061   03    13.340
  2061   04    12.920
  2061   05    11.119
  2061   06     8.812
  2061   07     5.767
  2061   08     2.056
  2061   09     0.560
  2061   10     2.688
  2061   11     7.434
  2061   12     9.882
  2062   01    12.169
  2062   02    13.066
  2062   03    13.244
  2062   04    12.832
  2062   05    11.545
  2062   06     9.161
  2062   07     5.763
  2062   08     1.360
  2062   09     0.472
  2062   10     1.854
  2062   11     6.672
  2062   12     9.822
  2063   01    11.927
  2063   02    12.858
  2063   03    13.134
  2063   04    12.352
  2063   05    11.075
  2063   06     7.957
  2063   07     5.459
  2063   08     2.294
  2063   09     0.660
  2063   10     2.068
  2063   11     6.948
  2063   12     9.552
  2064   01    11.357
  2064   02    12.475
  2064   03    12.937
  2064   04    12.045
  2064   05    10.582
  2064   06     8.218
  2064   07     5.648
  2064   08     1.380
  2064   09     0.325
  2064   10     2.612
  2064   11     6.941
  2064   12     9.632
  2065   01    11.679
  2065   02    12.942
  2065   03    13.148
  2065   04    12.475
  2065   05    10.564
  2065   06     8.067
  2065   07     4.838
  2065   08     0.303
  2065   09     0.067
  2065   10     0.591
  2065   11     5.497
  2065   12     9.767
  2066   01    11.698
  2066   02    12.714
  2066   03    12.972
  2066   04    12.316
  2066   05    10.497
  2066   06     8.186
  2066   07     5.223
  2066   08     0.745
  2066   09     0.005
  2066   10     1.502
  2066   11     4.993
  2066   12     8.993
  2067   01    11.149
  2067   02    12.178
  2067   03    12.496
  2067   04    11.875
  2067   05    10.109
  2067   06     8.175
  2067   07     4.952
  2067   08     0.087
  2067   09     0.010
  2067   10     0.284
  2067   11     4.748
  2067   12     9.039
  2068   01    11.011
  2068   02    12.027
  2068   03    12.305
  2068   04    11.242
  2068   05     9.852
  2068   06     7.750
  2068   07     3.607
  2068   08     0.003
  2068   09     0.000
  2068   10     0.154
  2068   11     5.412
  2068   12     8.831
  2069   01    10.864
  2069   02    11.512
  2069   03    12.031
  2069   04    11.253
  2069   05     9.657
  2069   06     7.647
  2069   07     3.819
  2069   08     0.067
  2069   09     0.002
  2069   10     0.210
  2069   11     5.600
  2069   12     9.526
  2070   01    11.080
  2070   02    12.101
  2070   03    12.417
  2070   04    12.120
  2070   05    10.037
  2070   06     7.708
  2070   07     3.890
  2070   08     0.069
  2070   09     0.001
  2070   10     0.956
  2070   11     5.257
  2070   12     9.383
  2071   01    11.126
  2071   02    12.170
  2071   03    12.319
  2071   04    11.770
  2071   05    10.599
  2071   06     8.400
  2071   07     4.610
  2071   08     0.011
  2071   09     0.002
  2071   10     0.361
  2071   11     4.819
  2071   12     9.134
  2072   01    11.201
  2072   02    12.281
  2072   03    12.349
  2072   04    11.644
  2072   05    10.031
  2072   06     7.870
  2072   07     4.314
  2072   08     0.001
  2072   09     0.000
  2072   10     0.101
  2072   11     5.822
  2072   12     8.843
  2073   01    10.534
  2073   02    11.956
  2073   03    12.403
  2073   04    11.989
  2073   05    10.274
  2073   06     7.853
  2073   07     3.646
  2073   08     0.000
  2073   09     0.000
  2073   10     0.099
  2073   11     4.510
  2073   12     9.310
  2074   01    11.070
  2074   02    12.052
  2074   03    12.338
  2074   04    11.949
  2074   05    10.276
  2074   06     8.327
  2074   07     3.663
  2074   08     0.103
  2074   09     0.037
  2074   10     0.329
  2074   11     4.599
  2074   12     9.279
  2075   01    11.097
  2075   02    12.092
  2075   03    12.179
  2075   04    11.292
  2075   05     9.910
  2075   06     7.796
  2075   07     4.406
  2075   08     0.557
  2075   09     0.000
  2075   10     0.496
  2075   11     5.055
  2075   12     9.497
  2076   01    10.962
  2076   02    11.934
  2076   03    12.312
  2076   04    11.582
  2076   05    10.016
  2076   06     7.622
  2076   07     4.361
  2076   08     0.000
  2076   09     0.000
  2076   10     0.278
  2076   11     4.048
  2076   12     8.731
  2077   01    10.749
  2077   02    12.019
  2077   03    12.022
  2077   04    11.165
  2077   05     9.526
  2077   06     7.371
  2077   07     4.058
  2077   08     0.115
  2077   09     0.000
  2077   10     0.127
  2077   11     5.061
  2077   12     8.606
  2078   01    10.516
  2078   02    11.713
  2078   03    11.900
  2078   04    11.323
  2078   05     9.915
  2078   06     7.932
  2078   07     3.955
  2078   08     0.001
  2078   09     0.000
  2078   10     0.081
  2078   11     3.706
  2078   12     8.871
  2079   01    10.700
  2079   02    11.541
  2079   03    11.786
  2079   04    11.092
  2079   05     9.460
  2079   06     7.792
  2079   07     3.485
  2079   08     0.003
  2079   09     0.000
  2079   10     0.072
  2079   11     2.894
  2079   12     8.596
  2080   01    10.499
  2080   02    11.374
  2080   03    11.828
  2080   04    11.126
  2080   05     9.153
  2080   06     6.717
  2080   07     2.733
  2080   08     0.000
  2080   09     0.000
  2080   10     0.021
  2080   11     3.410
  2080   12     8.137
  2081   01    10.590
  2081   02    11.309
  2081   03    11.502
  2081   04    10.926
  2081   05     9.395
  2081   06     6.899
  2081   07     1.949
  2081   08     0.010
  2081   09     0.000
  2081   10     0.077
  2081   11     1.309
  2081   12     6.537
  2082   01     9.822
  2082   02    10.726
  2082   03    11.135
  2082   04    10.244
  2082   05     9.117
  2082   06     6.569
  2082   07     0.108
  2082   08     0.000
  2082   09     0.000
  2082   10     0.014
  2082   11     0.912
  2082   12     4.808
  2083   01     9.521
  2083   02    10.855
  2083   03    11.044
  2083   04    10.583
  2083   05     9.561
  2083   06     6.325
  2083   07     0.008
  2083   08     0.000
  2083   09     0.000
  2083   10     0.049
  2083   11     1.498
  2083   12     7.334
  2084   01    10.141
  2084   02    11.051
  2084   03    11.292
  2084   04    10.560
  2084   05     9.104
  2084   06     7.565
  2084   07     2.166
  2084   08     0.000
  2084   09     0.000
  2084   10     0.050
  2084   11     0.916
  2084   12     6.848
  2085   01     9.676
  2085   02    10.780
  2085   03    10.942
  2085   04    10.344
  2085   05     9.177
  2085   06     6.911
  2085   07     0.525
  2085   08     0.000
  2085   09     0.000
  2085   10     0.021
  2085   11     1.119
  2085   12     6.126
  2086   01     9.170
  2086   02    10.593
  2086   03    10.748
  2086   04    10.125
  2086   05     9.004
  2086   06     5.934
  2086   07     0.691
  2086   08     0.000
  2086   09     0.000
  2086   10     0.028
  2086   11     0.807
  2086   12     4.997
  2087   01     8.873
  2087   02    10.328
  2087   03    10.471
  2087   04    10.045
  2087   05     8.993
  2087   06     6.727
  2087   07     0.124
  2087   08     0.000
  2087   09     0.000
  2087   10     0.007
  2087   11     1.035
  2087   12     4.912
  2088   01     9.069
  2088   02    10.732
  2088   03    10.843
  2088   04    10.340
  2088   05     8.795
  2088   06     6.214
  2088   07     0.642
  2088   08     0.000
  2088   09     0.000
  2088   10     0.017
  2088   11     1.440
  2088   12     6.136
  2089   01     9.412
  2089   02    10.836
  2089   03    10.917
  2089   04    10.294
  2089   05     9.427
  2089   06     6.346
  2089   07     0.371
  2089   08     0.000
  2089   09     0.000
  2089   10     0.044
  2089   11     0.676
  2089   12     4.352
  2090   01     9.129
  2090   02    10.493
  2090   03    10.630
  2090   04     9.968
  2090   05     8.663
  2090   06     6.198
  2090   07     0.259
  2090   08     0.000
  2090   09     0.000
  2090   10     0.025
  2090   11     0.693
  2090   12     5.512
  2091   01     8.531
  2091   02    10.374
  2091   03    10.737
  2091   04    10.061
  2091   05     9.011
  2091   06     6.027
  2091   07     0.008
  2091   08     0.000
  2091   09     0.000
  2091   10     0.061
  2091   11     0.671
  2091   12     4.961
  2092   01     9.282
  2092   02    10.545
  2092   03    10.813
  2092   04     9.819
  2092   05     8.432
  2092   06     6.267
  2092   07     1.010
  2092   08     0.000
  2092   09     0.000
  2092   10     0.013
  2092   11     0.753
  2092   12     6.096
  2093   01     9.268
  2093   02    10.186
  2093   03    10.472
  2093   04     9.899
  2093   05     8.984
  2093   06     6.308
  2093   07     0.056
  2093   08     0.000
  2093   09     0.000
  2093   10     0.020
  2093   11     0.699
  2093   12     5.649
  2094   01     9.620
  2094   02    10.552
  2094   03    10.711
  2094   04    10.006
  2094   05     8.930
  2094   06     5.929
  2094   07     0.011
  2094   08     0.000
  2094   09     0.000
  2094   10     0.016
  2094   11     0.680
  2094   12     5.670
  2095   01     9.114
  2095   02    10.132
  2095   03    10.187
  2095   04     9.852
  2095   05     8.796
  2095   06     6.643
  2095   07     0.000
  2095   08     0.000
  2095   09     0.000
  2095   10     0.047
  2095   11     0.711
  2095   12     5.587
  2096   01     8.505
  2096   02     9.801
  2096   03    10.326
  2096   04     9.799
  2096   05     8.665
  2096   06     5.902
  2096   07     0.012
  2096   08     0.000
  2096   09     0.000
  2096   10     0.016
  2096   11     0.577
  2096   12     4.193
  2097   01     8.534
  2097   02     9.763
  2097   03    10.052
  2097   04     9.557
  2097   05     8.277
  2097   06     5.844
  2097   07     0.000
  2097   08     0.000
  2097   09     0.000
  2097   10     0.005
  2097   11     0.746
  2097   12     2.958
  2098   01     7.901
  2098   02     9.822
  2098   03    10.207
  2098   04     9.435
  2098   05     8.518
  2098   06     5.719
  2098   07     0.000
  2098   08     0.000
  2098   09     0.000
  2098   10     0.016
  2098   11     0.366
  2098   12     3.262
  2099   01     8.260
  2099   02     9.791
  2099   03    10.594
  2099   04    10.033
  2099   05     8.751
  2099   06     6.275
  2099   07     0.102
  2099   08     0.000
  2099   09     0.000
  2099   10     0.078
  2099   11     0.576
  2099   12     3.033
  2100   01     8.150
  2100   02    10.313
  2100   03    10.618
  2100   04     9.809
  2100   05     8.034
  2100   06     5.102
  2100   07     0.035
  2100   08     0.000
  2100   09     0.000
  2100   10     0.058
  2100   11     0.655
  2100   12     4.033
