  1850   01    14.549
  1850   02    15.949
  1850   03    17.122
  1850   04    16.715
  1850   05    14.586
  1850   06    12.364
  1850   07    10.451
  1850   08     8.066
  1850   09     7.408
  1850   10     8.777
  1850   11    10.860
  1850   12    12.912
  1851   01    14.605
  1851   02    15.943
  1851   03    16.858
  1851   04    16.176
  1851   05    14.834
  1851   06    12.486
  1851   07     9.911
  1851   08     8.084
  1851   09     7.657
  1851   10     8.757
  1851   11    10.660
  1851   12    13.077
  1852   01    14.769
  1852   02    16.064
  1852   03    17.069
  1852   04    16.629
  1852   05    15.107
  1852   06    12.905
  1852   07    10.609
  1852   08     8.554
  1852   09     8.051
  1852   10     8.745
  1852   11    10.139
  1852   12    12.908
  1853   01    14.634
  1853   02    16.047
  1853   03    16.384
  1853   04    16.106
  1853   05    14.596
  1853   06    12.028
  1853   07     9.728
  1853   08     8.139
  1853   09     7.755
  1853   10     8.975
  1853   11    10.655
  1853   12    12.611
  1854   01    14.030
  1854   02    15.241
  1854   03    15.678
  1854   04    15.562
  1854   05    13.829
  1854   06    11.635
  1854   07     9.819
  1854   08     8.414
  1854   09     8.213
  1854   10     9.375
  1854   11    10.913
  1854   12    12.678
  1855   01    14.132
  1855   02    15.098
  1855   03    15.543
  1855   04    15.610
  1855   05    14.555
  1855   06    12.678
  1855   07    10.827
  1855   08     9.516
  1855   09     8.628
  1855   10     9.777
  1855   11    11.534
  1855   12    13.538
  1856   01    14.871
  1856   02    16.017
  1856   03    16.678
  1856   04    16.506
  1856   05    14.923
  1856   06    12.738
  1856   07    10.679
  1856   08     8.918
  1856   09     8.335
  1856   10     9.414
  1856   11    11.015
  1856   12    12.958
  1857   01    14.255
  1857   02    15.412
  1857   03    16.092
  1857   04    15.597
  1857   05    14.293
  1857   06    12.429
  1857   07     9.794
  1857   08     8.492
  1857   09     8.134
  1857   10     9.171
  1857   11    10.920
  1857   12    12.703
  1858   01    14.543
  1858   02    15.719
  1858   03    16.501
  1858   04    16.217
  1858   05    14.940
  1858   06    12.508
  1858   07    10.347
  1858   08     8.689
  1858   09     8.162
  1858   10     9.308
  1858   11    10.897
  1858   12    13.114
  1859   01    14.366
  1859   02    15.308
  1859   03    15.936
  1859   04    15.599
  1859   05    14.322
  1859   06    12.455
  1859   07    10.296
  1859   08     8.630
  1859   09     8.240
  1859   10     9.514
  1859   11    10.937
  1859   12    12.884
  1860   01    14.408
  1860   02    15.522
  1860   03    16.256
  1860   04    15.810
  1860   05    14.610
  1860   06    12.846
  1860   07    10.550
  1860   08     8.277
  1860   09     7.651
  1860   10     9.504
  1860   11    11.898
  1860   12    13.948
  1861   01    15.054
  1861   02    16.370
  1861   03    16.934
  1861   04    16.491
  1861   05    15.066
  1861   06    13.296
  1861   07    10.470
  1861   08     8.794
  1861   09     8.394
  1861   10     9.304
  1861   11    11.756
  1861   12    13.800
  1862   01    15.379
  1862   02    16.459
  1862   03    17.079
  1862   04    16.874
  1862   05    15.034
  1862   06    12.602
  1862   07     9.989
  1862   08     8.203
  1862   09     7.836
  1862   10     9.146
  1862   11    10.893
  1862   12    13.125
  1863   01    14.930
  1863   02    16.438
  1863   03    17.048
  1863   04    16.942
  1863   05    15.333
  1863   06    12.866
  1863   07    10.810
  1863   08     9.409
  1863   09     8.918
  1863   10    10.310
  1863   11    11.695
  1863   12    13.421
  1864   01    14.977
  1864   02    15.978
  1864   03    16.895
  1864   04    16.659
  1864   05    14.931
  1864   06    12.548
  1864   07    10.532
  1864   08     8.734
  1864   09     8.683
  1864   10     9.656
  1864   11    11.246
  1864   12    13.222
  1865   01    14.879
  1865   02    16.029
  1865   03    16.463
  1865   04    16.192
  1865   05    14.587
  1865   06    12.638
  1865   07    10.464
  1865   08     8.317
  1865   09     7.917
  1865   10     9.210
  1865   11    10.828
  1865   12    13.080
  1866   01    14.232
  1866   02    15.585
  1866   03    15.891
  1866   04    15.928
  1866   05    14.590
  1866   06    12.433
  1866   07    10.374
  1866   08     8.737
  1866   09     8.115
  1866   10     9.924
  1866   11    11.349
  1866   12    13.445
  1867   01    14.881
  1867   02    16.250
  1867   03    16.696
  1867   04    16.601
  1867   05    14.943
  1867   06    12.792
  1867   07    10.450
  1867   08     8.703
  1867   09     8.182
  1867   10     8.964
  1867   11    11.097
  1867   12    13.089
  1868   01    14.713
  1868   02    16.095
  1868   03    16.570
  1868   04    16.209
  1868   05    14.613
  1868   06    12.575
  1868   07    10.498
  1868   08     8.701
  1868   09     7.945
  1868   10     9.510
  1868   11    11.701
  1868   12    13.686
  1869   01    15.128
  1869   02    16.067
  1869   03    16.514
  1869   04    16.041
  1869   05    14.572
  1869   06    12.811
  1869   07    11.110
  1869   08     8.652
  1869   09     7.901
  1869   10     9.759
  1869   11    11.151
  1869   12    13.148
  1870   01    14.952
  1870   02    16.233
  1870   03    16.926
  1870   04    16.847
  1870   05    15.584
  1870   06    13.000
  1870   07    11.056
  1870   08     9.372
  1870   09     8.398
  1870   10     9.753
  1870   11    11.522
  1870   12    13.489
  1871   01    15.270
  1871   02    16.180
  1871   03    16.790
  1871   04    16.867
  1871   05    15.799
  1871   06    13.067
  1871   07    10.919
  1871   08     9.049
  1871   09     8.102
  1871   10     9.943
  1871   11    11.709
  1871   12    13.713
  1872   01    15.622
  1872   02    16.644
  1872   03    17.410
  1872   04    17.017
  1872   05    15.570
  1872   06    13.327
  1872   07    10.989
  1872   08     8.849
  1872   09     8.043
  1872   10     9.495
  1872   11    11.226
  1872   12    13.929
  1873   01    15.156
  1873   02    16.391
  1873   03    16.789
  1873   04    16.138
  1873   05    14.452
  1873   06    12.620
  1873   07    10.522
  1873   08     8.309
  1873   09     7.733
  1873   10     9.603
  1873   11    11.295
  1873   12    13.062
  1874   01    14.299
  1874   02    15.489
  1874   03    15.790
  1874   04    15.661
  1874   05    14.372
  1874   06    12.888
  1874   07    10.821
  1874   08     8.781
  1874   09     8.324
  1874   10     9.274
  1874   11    11.398
  1874   12    13.282
  1875   01    14.563
  1875   02    15.589
  1875   03    15.962
  1875   04    15.924
  1875   05    14.289
  1875   06    12.429
  1875   07    10.938
  1875   08     9.371
  1875   09     9.040
  1875   10    10.135
  1875   11    11.439
  1875   12    13.363
  1876   01    14.786
  1876   02    15.634
  1876   03    15.974
  1876   04    15.704
  1876   05    14.400
  1876   06    11.984
  1876   07    10.329
  1876   08     8.908
  1876   09     8.372
  1876   10     9.461
  1876   11    11.065
  1876   12    13.116
  1877   01    14.771
  1877   02    15.872
  1877   03    16.194
  1877   04    16.029
  1877   05    14.644
  1877   06    12.491
  1877   07    10.193
  1877   08     7.968
  1877   09     7.437
  1877   10     8.414
  1877   11    10.616
  1877   12    13.308
  1878   01    15.094
  1878   02    16.537
  1878   03    16.994
  1878   04    16.997
  1878   05    15.483
  1878   06    12.755
  1878   07    10.212
  1878   08     8.251
  1878   09     7.535
  1878   10     8.610
  1878   11    10.788
  1878   12    13.412
  1879   01    15.251
  1879   02    16.961
  1879   03    17.658
  1879   04    17.404
  1879   05    15.889
  1879   06    13.487
  1879   07    11.144
  1879   08     9.462
  1879   09     8.825
  1879   10    10.124
  1879   11    11.679
  1879   12    14.281
  1880   01    15.661
  1880   02    16.825
  1880   03    17.325
  1880   04    17.249
  1880   05    15.815
  1880   06    13.090
  1880   07    10.497
  1880   08     8.422
  1880   09     8.268
  1880   10     9.631
  1880   11    11.247
  1880   12    13.256
  1881   01    14.859
  1881   02    15.988
  1881   03    16.806
  1881   04    16.814
  1881   05    15.430
  1881   06    13.187
  1881   07    11.186
  1881   08     8.653
  1881   09     7.647
  1881   10     9.593
  1881   11    11.391
  1881   12    13.569
  1882   01    15.036
  1882   02    16.740
  1882   03    17.301
  1882   04    17.149
  1882   05    15.995
  1882   06    12.515
  1882   07    10.237
  1882   08     8.053
  1882   09     7.734
  1882   10     9.160
  1882   11    11.096
  1882   12    13.218
  1883   01    14.923
  1883   02    16.133
  1883   03    16.922
  1883   04    16.534
  1883   05    15.317
  1883   06    13.382
  1883   07    11.054
  1883   08     9.070
  1883   09     8.616
  1883   10    10.015
  1883   11    11.524
  1883   12    13.565
  1884   01    15.464
  1884   02    16.859
  1884   03    17.362
  1884   04    17.169
  1884   05    15.695
  1884   06    13.310
  1884   07    10.967
  1884   08     8.940
  1884   09     8.295
  1884   10     9.741
  1884   11    11.631
  1884   12    13.957
  1885   01    15.701
  1885   02    16.801
  1885   03    17.442
  1885   04    17.151
  1885   05    15.907
  1885   06    13.864
  1885   07    11.687
  1885   08     9.854
  1885   09     9.175
  1885   10    10.037
  1885   11    11.925
  1885   12    14.128
  1886   01    15.630
  1886   02    16.727
  1886   03    17.439
  1886   04    17.167
  1886   05    15.360
  1886   06    13.045
  1886   07    10.934
  1886   08     9.054
  1886   09     8.649
  1886   10     9.892
  1886   11    11.829
  1886   12    13.672
  1887   01    15.195
  1887   02    16.416
  1887   03    17.585
  1887   04    17.381
  1887   05    16.352
  1887   06    13.708
  1887   07    11.256
  1887   08     9.692
  1887   09     9.113
  1887   10    10.283
  1887   11    12.079
  1887   12    14.022
  1888   01    15.452
  1888   02    16.651
  1888   03    17.372
  1888   04    16.800
  1888   05    15.313
  1888   06    12.882
  1888   07    10.956
  1888   08     9.185
  1888   09     8.556
  1888   10     9.877
  1888   11    11.140
  1888   12    13.365
  1889   01    15.234
  1889   02    16.230
  1889   03    16.940
  1889   04    16.547
  1889   05    15.290
  1889   06    12.665
  1889   07    11.054
  1889   08     9.044
  1889   09     8.776
  1889   10    10.162
  1889   11    11.430
  1889   12    13.543
  1890   01    14.702
  1890   02    16.064
  1890   03    16.837
  1890   04    16.650
  1890   05    15.235
  1890   06    12.931
  1890   07    10.888
  1890   08     9.086
  1890   09     8.618
  1890   10     9.696
  1890   11    11.202
  1890   12    13.420
  1891   01    14.950
  1891   02    16.830
  1891   03    17.377
  1891   04    16.922
  1891   05    15.019
  1891   06    12.404
  1891   07    10.286
  1891   08     8.626
  1891   09     8.213
  1891   10     9.122
  1891   11    10.872
  1891   12    13.083
  1892   01    14.598
  1892   02    16.148
  1892   03    16.843
  1892   04    16.536
  1892   05    14.968
  1892   06    12.742
  1892   07    10.918
  1892   08     8.949
  1892   09     8.449
  1892   10     9.885
  1892   11    11.298
  1892   12    13.441
  1893   01    15.016
  1893   02    16.642
  1893   03    17.579
  1893   04    17.239
  1893   05    15.669
  1893   06    13.258
  1893   07    10.692
  1893   08     8.845
  1893   09     7.972
  1893   10     9.233
  1893   11    10.946
  1893   12    13.008
  1894   01    15.087
  1894   02    16.367
  1894   03    17.044
  1894   04    16.514
  1894   05    15.336
  1894   06    12.849
  1894   07    10.277
  1894   08     8.416
  1894   09     8.075
  1894   10     9.490
  1894   11    11.125
  1894   12    13.104
  1895   01    14.967
  1895   02    16.214
  1895   03    16.821
  1895   04    16.191
  1895   05    14.956
  1895   06    13.059
  1895   07    10.872
  1895   08     9.342
  1895   09     8.927
  1895   10     9.859
  1895   11    11.236
  1895   12    13.161
  1896   01    14.980
  1896   02    16.192
  1896   03    16.847
  1896   04    16.534
  1896   05    15.176
  1896   06    13.110
  1896   07    10.167
  1896   08     8.469
  1896   09     8.123
  1896   10     9.395
  1896   11    11.104
  1896   12    13.480
  1897   01    15.297
  1897   02    16.656
  1897   03    17.141
  1897   04    16.776
  1897   05    15.328
  1897   06    13.000
  1897   07    10.365
  1897   08     8.527
  1897   09     8.132
  1897   10     9.327
  1897   11    11.082
  1897   12    13.440
  1898   01    14.844
  1898   02    15.652
  1898   03    16.395
  1898   04    16.135
  1898   05    14.899
  1898   06    12.427
  1898   07    10.090
  1898   08     8.780
  1898   09     8.362
  1898   10     9.473
  1898   11    11.016
  1898   12    13.161
  1899   01    14.377
  1899   02    15.567
  1899   03    15.812
  1899   04    15.382
  1899   05    13.779
  1899   06    12.245
  1899   07    11.004
  1899   08     9.339
  1899   09     8.594
  1899   10     9.782
  1899   11    11.237
  1899   12    13.154
  1900   01    14.664
  1900   02    16.201
  1900   03    16.702
  1900   04    16.848
  1900   05    15.546
  1900   06    13.455
  1900   07    11.172
  1900   08     9.584
  1900   09     8.889
  1900   10    10.081
  1900   11    11.781
  1900   12    13.742
  1901   01    15.255
  1901   02    16.112
  1901   03    16.767
  1901   04    16.596
  1901   05    15.046
  1901   06    12.796
  1901   07    10.980
  1901   08     8.898
  1901   09     8.623
  1901   10     9.853
  1901   11    11.235
  1901   12    13.099
  1902   01    14.498
  1902   02    15.553
  1902   03    16.234
  1902   04    16.027
  1902   05    14.188
  1902   06    11.971
  1902   07     9.459
  1902   08     8.147
  1902   09     7.788
  1902   10     8.802
  1902   11    10.803
  1902   12    12.621
  1903   01    14.086
  1903   02    14.941
  1903   03    15.652
  1903   04    15.299
  1903   05    14.077
  1903   06    12.231
  1903   07    10.269
  1903   08     9.037
  1903   09     9.098
  1903   10    10.036
  1903   11    11.154
  1903   12    13.370
  1904   01    14.984
  1904   02    15.942
  1904   03    16.519
  1904   04    16.318
  1904   05    14.875
  1904   06    13.340
  1904   07    11.195
  1904   08     9.473
  1904   09     9.033
  1904   10    10.269
  1904   11    12.016
  1904   12    13.732
  1905   01    15.103
  1905   02    16.043
  1905   03    16.405
  1905   04    16.208
  1905   05    14.627
  1905   06    12.567
  1905   07    10.971
  1905   08     9.399
  1905   09     8.866
  1905   10    10.428
  1905   11    11.731
  1905   12    13.610
  1906   01    14.495
  1906   02    15.527
  1906   03    16.535
  1906   04    16.307
  1906   05    14.695
  1906   06    12.415
  1906   07    10.592
  1906   08     8.721
  1906   09     8.195
  1906   10     9.536
  1906   11    11.235
  1906   12    13.078
  1907   01    14.597
  1907   02    15.712
  1907   03    16.405
  1907   04    15.850
  1907   05    14.393
  1907   06    12.316
  1907   07    10.369
  1907   08     8.968
  1907   09     8.332
  1907   10     9.618
  1907   11    11.358
  1907   12    13.567
  1908   01    14.935
  1908   02    16.126
  1908   03    16.499
  1908   04    16.439
  1908   05    15.302
  1908   06    13.152
  1908   07    10.770
  1908   08     8.883
  1908   09     8.460
  1908   10     9.630
  1908   11    11.082
  1908   12    13.453
  1909   01    15.291
  1909   02    16.029
  1909   03    16.874
  1909   04    16.356
  1909   05    14.907
  1909   06    12.570
  1909   07    10.169
  1909   08     8.265
  1909   09     7.854
  1909   10     9.357
  1909   11    11.264
  1909   12    13.370
  1910   01    15.146
  1910   02    16.504
  1910   03    16.969
  1910   04    16.673
  1910   05    15.062
  1910   06    13.231
  1910   07    10.855
  1910   08     8.438
  1910   09     7.721
  1910   10     9.374
  1910   11    11.234
  1910   12    13.685
  1911   01    14.932
  1911   02    16.286
  1911   03    16.644
  1911   04    16.413
  1911   05    15.008
  1911   06    12.704
  1911   07    10.328
  1911   08     8.418
  1911   09     7.764
  1911   10     8.649
  1911   11    10.381
  1911   12    12.608
  1912   01    14.321
  1912   02    15.653
  1912   03    16.320
  1912   04    15.916
  1912   05    14.540
  1912   06    12.716
  1912   07    10.401
  1912   08     8.620
  1912   09     8.008
  1912   10     9.494
  1912   11    10.976
  1912   12    13.158
  1913   01    14.766
  1913   02    15.804
  1913   03    16.752
  1913   04    16.597
  1913   05    15.011
  1913   06    12.648
  1913   07    10.219
  1913   08     8.430
  1913   09     7.815
  1913   10     9.256
  1913   11    11.204
  1913   12    13.333
  1914   01    15.126
  1914   02    16.165
  1914   03    16.847
  1914   04    16.622
  1914   05    15.143
  1914   06    12.271
  1914   07    10.345
  1914   08     8.640
  1914   09     8.086
  1914   10     9.387
  1914   11    10.846
  1914   12    13.227
  1915   01    14.978
  1915   02    16.166
  1915   03    16.598
  1915   04    16.374
  1915   05    15.196
  1915   06    12.587
  1915   07    10.108
  1915   08     8.492
  1915   09     7.706
  1915   10     9.427
  1915   11    11.043
  1915   12    13.118
  1916   01    14.705
  1916   02    15.669
  1916   03    16.406
  1916   04    16.140
  1916   05    14.432
  1916   06    12.681
  1916   07    10.358
  1916   08     8.566
  1916   09     8.068
  1916   10     9.552
  1916   11    11.421
  1916   12    13.357
  1917   01    14.649
  1917   02    15.578
  1917   03    16.497
  1917   04    16.278
  1917   05    14.937
  1917   06    12.684
  1917   07    10.401
  1917   08     8.764
  1917   09     8.314
  1917   10     9.314
  1917   11    10.850
  1917   12    12.865
  1918   01    14.035
  1918   02    14.884
  1918   03    15.284
  1918   04    15.122
  1918   05    14.089
  1918   06    11.827
  1918   07     9.811
  1918   08     8.151
  1918   09     7.723
  1918   10     8.752
  1918   11    10.770
  1918   12    12.676
  1919   01    14.265
  1919   02    15.437
  1919   03    16.227
  1919   04    15.679
  1919   05    14.454
  1919   06    12.189
  1919   07     9.946
  1919   08     8.280
  1919   09     7.971
  1919   10     9.217
  1919   11    10.716
  1919   12    12.795
  1920   01    14.485
  1920   02    16.030
  1920   03    16.953
  1920   04    16.180
  1920   05    14.163
  1920   06    12.457
  1920   07    10.063
  1920   08     8.100
  1920   09     7.585
  1920   10     8.837
  1920   11    10.812
  1920   12    12.842
  1921   01    14.300
  1921   02    15.309
  1921   03    16.130
  1921   04    15.877
  1921   05    14.827
  1921   06    12.907
  1921   07    10.588
  1921   08     7.824
  1921   09     6.796
  1921   10     8.888
  1921   11    10.851
  1921   12    13.313
  1922   01    14.890
  1922   02    16.116
  1922   03    16.375
  1922   04    15.888
  1922   05    14.181
  1922   06    11.667
  1922   07     9.899
  1922   08     8.141
  1922   09     7.845
  1922   10     8.680
  1922   11    10.553
  1922   12    12.881
  1923   01    14.239
  1923   02    15.361
  1923   03    15.574
  1923   04    14.982
  1923   05    13.689
  1923   06    12.161
  1923   07    10.466
  1923   08     8.411
  1923   09     7.783
  1923   10     9.102
  1923   11    10.372
  1923   12    12.291
  1924   01    13.863
  1924   02    14.838
  1924   03    15.582
  1924   04    15.410
  1924   05    14.104
  1924   06    12.438
  1924   07    10.074
  1924   08     8.280
  1924   09     8.049
  1924   10     8.968
  1924   11    10.480
  1924   12    12.587
  1925   01    14.161
  1925   02    15.183
  1925   03    16.021
  1925   04    15.664
  1925   05    14.813
  1925   06    12.385
  1925   07    10.046
  1925   08     7.988
  1925   09     7.671
  1925   10     9.109
  1925   11    10.726
  1925   12    12.753
  1926   01    14.635
  1926   02    15.508
  1926   03    16.319
  1926   04    15.841
  1926   05    14.124
  1926   06    12.084
  1926   07    10.376
  1926   08     8.466
  1926   09     7.817
  1926   10     9.166
  1926   11    11.153
  1926   12    13.177
  1927   01    14.888
  1927   02    15.845
  1927   03    16.438
  1927   04    16.289
  1927   05    15.210
  1927   06    12.228
  1927   07     9.858
  1927   08     8.143
  1927   09     7.684
  1927   10     9.604
  1927   11    11.595
  1927   12    13.564
  1928   01    15.020
  1928   02    16.501
  1928   03    16.852
  1928   04    16.330
  1928   05    15.010
  1928   06    12.964
  1928   07    10.231
  1928   08     7.974
  1928   09     7.472
  1928   10     8.744
  1928   11    10.613
  1928   12    12.650
  1929   01    14.305
  1929   02    15.348
  1929   03    16.088
  1929   04    15.790
  1929   05    14.604
  1929   06    12.319
  1929   07    10.150
  1929   08     8.382
  1929   09     7.388
  1929   10     9.288
  1929   11    10.633
  1929   12    12.449
  1930   01    14.457
  1930   02    15.658
  1930   03    16.077
  1930   04    15.868
  1930   05    14.473
  1930   06    12.581
  1930   07     9.823
  1930   08     8.071
  1930   09     7.657
  1930   10     9.009
  1930   11    10.599
  1930   12    13.128
  1931   01    14.628
  1931   02    16.078
  1931   03    16.906
  1931   04    16.816
  1931   05    14.695
  1931   06    12.236
  1931   07     9.669
  1931   08     8.022
  1931   09     7.509
  1931   10     8.474
  1931   11    10.595
  1931   12    12.677
  1932   01    14.507
  1932   02    15.870
  1932   03    16.242
  1932   04    15.917
  1932   05    14.348
  1932   06    12.459
  1932   07     9.608
  1932   08     7.973
  1932   09     7.467
  1932   10     8.526
  1932   11    11.097
  1932   12    12.839
  1933   01    14.974
  1933   02    16.391
  1933   03    17.284
  1933   04    16.950
  1933   05    15.320
  1933   06    12.882
  1933   07    10.553
  1933   08     8.698
  1933   09     8.503
  1933   10     9.328
  1933   11    10.900
  1933   12    12.986
  1934   01    14.292
  1934   02    15.780
  1934   03    16.801
  1934   04    16.380
  1934   05    14.616
  1934   06    11.976
  1934   07     9.089
  1934   08     6.871
  1934   09     6.364
  1934   10     7.914
  1934   11    10.164
  1934   12    12.436
  1935   01    14.407
  1935   02    15.760
  1935   03    16.460
  1935   04    16.318
  1935   05    14.960
  1935   06    12.820
  1935   07    10.284
  1935   08     8.068
  1935   09     7.175
  1935   10     8.593
  1935   11    10.842
  1935   12    13.227
  1936   01    15.280
  1936   02    16.180
  1936   03    17.144
  1936   04    16.811
  1936   05    15.614
  1936   06    12.882
  1936   07    10.282
  1936   08     7.966
  1936   09     7.235
  1936   10     8.594
  1936   11    10.510
  1936   12    13.157
  1937   01    14.664
  1937   02    16.371
  1937   03    17.081
  1937   04    16.774
  1937   05    14.913
  1937   06    12.106
  1937   07     9.797
  1937   08     7.839
  1937   09     7.386
  1937   10     8.445
  1937   11    10.136
  1937   12    12.450
  1938   01    13.923
  1938   02    14.686
  1938   03    14.665
  1938   04    15.186
  1938   05    13.837
  1938   06    11.715
  1938   07     9.515
  1938   08     8.259
  1938   09     7.724
  1938   10     9.186
  1938   11    10.642
  1938   12    12.952
  1939   01    14.087
  1939   02    15.499
  1939   03    16.373
  1939   04    15.860
  1939   05    14.745
  1939   06    12.954
  1939   07    10.166
  1939   08     8.329
  1939   09     7.823
  1939   10     9.179
  1939   11    11.008
  1939   12    13.198
  1940   01    14.704
  1940   02    16.005
  1940   03    16.473
  1940   04    16.098
  1940   05    14.404
  1940   06    12.706
  1940   07    10.848
  1940   08     9.260
  1940   09     8.887
  1940   10     9.655
  1940   11    11.241
  1940   12    13.378
  1941   01    14.789
  1941   02    15.817
  1941   03    16.283
  1941   04    16.219
  1941   05    14.998
  1941   06    12.424
  1941   07    10.395
  1941   08     8.570
  1941   09     8.163
  1941   10     9.667
  1941   11    11.060
  1941   12    13.057
  1942   01    14.891
  1942   02    16.015
  1942   03    16.689
  1942   04    16.325
  1942   05    14.262
  1942   06    12.310
  1942   07     9.933
  1942   08     8.395
  1942   09     7.839
  1942   10     9.095
  1942   11    10.547
  1942   12    12.856
  1943   01    14.468
  1943   02    15.478
  1943   03    16.073
  1943   04    15.755
  1943   05    14.713
  1943   06    12.269
  1943   07    10.035
  1943   08     8.775
  1943   09     7.944
  1943   10     9.298
  1943   11    11.011
  1943   12    13.378
  1944   01    14.767
  1944   02    15.998
  1944   03    16.486
  1944   04    16.145
  1944   05    14.418
  1944   06    12.210
  1944   07    10.428
  1944   08     8.870
  1944   09     8.536
  1944   10     9.706
  1944   11    11.456
  1944   12    13.250
  1945   01    14.199
  1945   02    15.110
  1945   03    15.612
  1945   04    15.420
  1945   05    14.502
  1945   06    12.610
  1945   07    11.069
  1945   08     9.344
  1945   09     8.846
  1945   10     9.997
  1945   11    11.155
  1945   12    13.277
  1946   01    14.780
  1946   02    15.990
  1946   03    16.671
  1946   04    16.305
  1946   05    15.029
  1946   06    12.714
  1946   07    10.454
  1946   08     9.048
  1946   09     8.466
  1946   10     9.435
  1946   11    10.618
  1946   12    13.070
  1947   01    14.654
  1947   02    15.666
  1947   03    16.080
  1947   04    15.313
  1947   05    14.310
  1947   06    12.448
  1947   07    10.793
  1947   08     8.957
  1947   09     8.539
  1947   10     9.408
  1947   11    11.166
  1947   12    12.963
  1948   01    15.074
  1948   02    15.760
  1948   03    16.374
  1948   04    16.529
  1948   05    15.160
  1948   06    12.944
  1948   07    10.540
  1948   08     8.638
  1948   09     8.417
  1948   10     9.822
  1948   11    11.197
  1948   12    13.339
  1949   01    14.912
  1949   02    15.947
  1949   03    16.174
  1949   04    15.708
  1949   05    14.436
  1949   06    12.655
  1949   07    10.077
  1949   08     8.103
  1949   09     7.434
  1949   10     8.875
  1949   11    10.746
  1949   12    12.907
  1950   01    14.363
  1950   02    15.257
  1950   03    16.215
  1950   04    16.247
  1950   05    15.382
  1950   06    13.408
  1950   07    10.784
  1950   08     8.198
  1950   09     7.935
  1950   10     9.343
  1950   11    11.629
  1950   12    14.059
  1951   01    15.901
  1951   02    16.821
  1951   03    17.693
  1951   04    17.561
  1951   05    15.623
  1951   06    13.139
  1951   07    10.725
  1951   08     8.180
  1951   09     7.895
  1951   10     8.683
  1951   11    10.306
  1951   12    12.522
  1952   01    14.226
  1952   02    15.851
  1952   03    16.540
  1952   04    16.530
  1952   05    15.303
  1952   06    12.608
  1952   07     9.979
  1952   08     8.529
  1952   09     8.203
  1952   10     9.142
  1952   11    10.831
  1952   12    12.984
  1953   01    14.726
  1953   02    15.531
  1953   03    16.139
  1953   04    16.155
  1953   05    14.935
  1953   06    12.849
  1953   07    10.590
  1953   08     8.769
  1953   09     8.341
  1953   10     9.695
  1953   11    11.350
  1953   12    13.828
  1954   01    15.232
  1954   02    16.234
  1954   03    16.650
  1954   04    16.086
  1954   05    14.746
  1954   06    12.437
  1954   07    10.398
  1954   08     8.918
  1954   09     8.558
  1954   10     9.298
  1954   11    11.194
  1954   12    13.478
  1955   01    14.607
  1955   02    15.548
  1955   03    16.137
  1955   04    16.077
  1955   05    14.501
  1955   06    12.190
  1955   07    10.253
  1955   08     8.507
  1955   09     7.878
  1955   10     9.093
  1955   11    10.831
  1955   12    13.016
  1956   01    14.472
  1956   02    15.691
  1956   03    16.278
  1956   04    15.905
  1956   05    14.234
  1956   06    11.765
  1956   07     9.282
  1956   08     7.149
  1956   09     6.624
  1956   10     8.053
  1956   11    10.188
  1956   12    12.279
  1957   01    13.891
  1957   02    15.297
  1957   03    15.195
  1957   04    14.808
  1957   05    13.530
  1957   06    12.088
  1957   07    10.353
  1957   08     8.845
  1957   09     8.402
  1957   10     9.385
  1957   11    10.437
  1957   12    12.525
  1958   01    13.938
  1958   02    15.066
  1958   03    15.875
  1958   04    15.473
  1958   05    13.958
  1958   06    11.944
  1958   07    10.258
  1958   08     8.605
  1958   09     8.056
  1958   10     9.183
  1958   11    10.758
  1958   12    12.884
  1959   01    14.273
  1959   02    15.692
  1959   03    16.247
  1959   04    15.677
  1959   05    13.840
  1959   06    12.039
  1959   07    10.221
  1959   08     8.362
  1959   09     7.738
  1959   10     8.906
  1959   11    10.613
  1959   12    13.013
  1960   01    14.378
  1960   02    15.998
  1960   03    16.630
  1960   04    16.507
  1960   05    15.117
  1960   06    12.268
  1960   07    10.248
  1960   08     8.794
  1960   09     8.189
  1960   10     9.558
  1960   11    10.864
  1960   12    12.611
  1961   01    14.232
  1961   02    15.867
  1961   03    16.435
  1961   04    16.188
  1961   05    14.617
  1961   06    12.283
  1961   07     9.992
  1961   08     7.812
  1961   09     7.662
  1961   10     9.116
  1961   11    10.830
  1961   12    13.232
  1962   01    14.687
  1962   02    15.667
  1962   03    16.277
  1962   04    16.061
  1962   05    14.968
  1962   06    13.091
  1962   07    10.396
  1962   08     8.667
  1962   09     8.054
  1962   10     9.222
  1962   11    10.777
  1962   12    12.868
  1963   01    14.193
  1963   02    15.297
  1963   03    15.768
  1963   04    15.410
  1963   05    14.498
  1963   06    12.603
  1963   07     9.996
  1963   08     8.060
  1963   09     7.786
  1963   10     8.873
  1963   11    10.358
  1963   12    12.546
  1964   01    14.331
  1964   02    15.680
  1964   03    16.138
  1964   04    15.751
  1964   05    13.851
  1964   06    11.950
  1964   07     9.368
  1964   08     7.557
  1964   09     7.177
  1964   10     8.198
  1964   11     9.839
  1964   12    12.232
  1965   01    14.116
  1965   02    15.573
  1965   03    16.443
  1965   04    16.086
  1965   05    15.067
  1965   06    12.438
  1965   07    10.106
  1965   08     8.228
  1965   09     7.211
  1965   10     8.599
  1965   11    10.483
  1965   12    12.976
  1966   01    14.866
  1966   02    16.186
  1966   03    16.881
  1966   04    16.360
  1966   05    15.203
  1966   06    12.587
  1966   07    10.636
  1966   08     8.564
  1966   09     8.174
  1966   10     9.572
  1966   11    10.854
  1966   12    13.145
  1967   01    14.695
  1967   02    16.016
  1967   03    16.750
  1967   04    16.615
  1967   05    15.040
  1967   06    12.092
  1967   07     9.797
  1967   08     8.710
  1967   09     7.862
  1967   10     8.821
  1967   11    10.687
  1967   12    12.706
  1968   01    14.296
  1968   02    15.501
  1968   03    16.159
  1968   04    15.926
  1968   05    14.418
  1968   06    12.363
  1968   07    10.304
  1968   08     8.035
  1968   09     7.484
  1968   10     9.082
  1968   11    10.974
  1968   12    13.012
  1969   01    14.834
  1969   02    16.391
  1969   03    17.159
  1969   04    17.277
  1969   05    14.768
  1969   06    12.903
  1969   07    10.752
  1969   08     8.235
  1969   09     7.925
  1969   10     9.481
  1969   11    11.151
  1969   12    13.521
  1970   01    15.174
  1970   02    16.715
  1970   03    17.214
  1970   04    17.015
  1970   05    15.896
  1970   06    12.901
  1970   07    10.251
  1970   08     8.992
  1970   09     8.437
  1970   10     9.198
  1970   11    11.383
  1970   12    13.422
  1971   01    15.180
  1971   02    16.533
  1971   03    17.385
  1971   04    16.468
  1971   05    14.523
  1971   06    12.141
  1971   07    10.507
  1971   08     8.961
  1971   09     8.259
  1971   10     9.432
  1971   11    11.110
  1971   12    13.052
  1972   01    14.635
  1972   02    15.939
  1972   03    16.354
  1972   04    16.244
  1972   05    14.867
  1972   06    12.673
  1972   07    10.393
  1972   08     8.242
  1972   09     7.673
  1972   10     9.633
  1972   11    10.669
  1972   12    12.720
  1973   01    14.664
  1973   02    15.538
  1973   03    15.839
  1973   04    15.538
  1973   05    13.732
  1973   06    11.522
  1973   07    10.110
  1973   08     8.562
  1973   09     7.452
  1973   10     8.815
  1973   11    10.703
  1973   12    12.551
  1974   01    13.935
  1974   02    15.216
  1974   03    15.883
  1974   04    15.062
  1974   05    14.248
  1974   06    12.540
  1974   07    10.194
  1974   08     8.191
  1974   09     7.829
  1974   10     9.206
  1974   11    11.102
  1974   12    13.278
  1975   01    14.730
  1975   02    16.069
  1975   03    16.656
  1975   04    16.329
  1975   05    14.859
  1975   06    12.582
  1975   07    10.116
  1975   08     8.192
  1975   09     7.766
  1975   10     9.293
  1975   11    10.765
  1975   12    12.747
  1976   01    14.224
  1976   02    15.406
  1976   03    16.113
  1976   04    16.033
  1976   05    14.344
  1976   06    12.452
  1976   07    10.210
  1976   08     8.590
  1976   09     8.272
  1976   10     8.818
  1976   11    10.962
  1976   12    12.710
  1977   01    14.033
  1977   02    15.030
  1977   03    15.321
  1977   04    14.813
  1977   05    13.941
  1977   06    12.013
  1977   07    10.096
  1977   08     7.986
  1977   09     7.594
  1977   10     8.386
  1977   11    10.042
  1977   12    12.751
  1978   01    14.166
  1978   02    15.372
  1978   03    15.962
  1978   04    15.808
  1978   05    14.322
  1978   06    12.482
  1978   07    10.616
  1978   08     7.990
  1978   09     7.540
  1978   10     9.381
  1978   11    11.229
  1978   12    13.381
  1979   01    14.631
  1979   02    15.864
  1979   03    16.748
  1979   04    16.648
  1979   05    15.120
  1979   06    12.940
  1979   07    10.571
  1979   08     8.511
  1979   09     7.771
  1979   10     8.750
  1979   11    10.508
  1979   12    12.881
  1980   01    14.744
  1980   02    15.782
  1980   03    16.501
  1980   04    16.354
  1980   05    14.776
  1980   06    12.511
  1980   07     9.654
  1980   08     7.938
  1980   09     7.629
  1980   10     8.477
  1980   11    10.378
  1980   12    12.736
  1981   01    14.897
  1981   02    16.455
  1981   03    17.108
  1981   04    16.763
  1981   05    15.187
  1981   06    12.944
  1981   07    10.158
  1981   08     8.024
  1981   09     7.449
  1981   10     9.305
  1981   11    11.025
  1981   12    13.208
  1982   01    14.631
  1982   02    15.753
  1982   03    16.155
  1982   04    15.709
  1982   05    14.181
  1982   06    12.056
  1982   07     9.691
  1982   08     8.121
  1982   09     7.470
  1982   10     8.773
  1982   11    10.304
  1982   12    12.546
  1983   01    14.198
  1983   02    15.205
  1983   03    15.925
  1983   04    15.581
  1983   05    14.155
  1983   06    12.110
  1983   07    10.154
  1983   08     8.022
  1983   09     7.630
  1983   10     8.929
  1983   11    10.876
  1983   12    13.098
  1984   01    14.203
  1984   02    15.332
  1984   03    16.021
  1984   04    15.666
  1984   05    13.647
  1984   06    11.206
  1984   07     8.953
  1984   08     7.118
  1984   09     6.958
  1984   10     8.344
  1984   11    10.112
  1984   12    12.847
  1985   01    14.511
  1985   02    16.012
  1985   03    16.697
  1985   04    16.669
  1985   05    15.151
  1985   06    12.403
  1985   07    10.178
  1985   08     7.969
  1985   09     6.965
  1985   10     8.512
  1985   11    10.876
  1985   12    13.254
  1986   01    15.365
  1986   02    16.528
  1986   03    17.420
  1986   04    17.351
  1986   05    16.086
  1986   06    13.637
  1986   07    10.551
  1986   08     8.370
  1986   09     7.897
  1986   10     9.377
  1986   11    11.386
  1986   12    13.669
  1987   01    15.601
  1987   02    16.706
  1987   03    17.336
  1987   04    17.161
  1987   05    15.251
  1987   06    12.796
  1987   07    10.540
  1987   08     8.819
  1987   09     8.219
  1987   10     9.680
  1987   11    11.347
  1987   12    13.573
  1988   01    15.127
  1988   02    16.056
  1988   03    16.488
  1988   04    16.104
  1988   05    14.911
  1988   06    12.395
  1988   07    10.358
  1988   08     8.658
  1988   09     7.842
  1988   10     8.995
  1988   11    10.801
  1988   12    12.671
  1989   01    14.209
  1989   02    14.904
  1989   03    15.524
  1989   04    15.255
  1989   05    14.090
  1989   06    11.942
  1989   07     9.578
  1989   08     7.410
  1989   09     6.870
  1989   10     8.092
  1989   11    10.388
  1989   12    12.310
  1990   01    13.742
  1990   02    14.832
  1990   03    15.847
  1990   04    15.384
  1990   05    14.100
  1990   06    12.421
  1990   07    10.492
  1990   08     8.656
  1990   09     7.869
  1990   10     9.313
  1990   11    10.684
  1990   12    12.747
  1991   01    14.486
  1991   02    15.872
  1991   03    16.333
  1991   04    16.244
  1991   05    14.858
  1991   06    12.170
  1991   07     9.600
  1991   08     8.234
  1991   09     7.737
  1991   10     8.565
  1991   11    10.329
  1991   12    12.800
  1992   01    14.671
  1992   02    15.602
  1992   03    16.298
  1992   04    15.811
  1992   05    14.054
  1992   06    11.783
  1992   07     9.293
  1992   08     8.095
  1992   09     7.722
  1992   10     8.681
  1992   11    10.661
  1992   12    12.715
  1993   01    14.273
  1993   02    15.487
  1993   03    15.905
  1993   04    15.455
  1993   05    14.057
  1993   06    11.862
  1993   07     9.962
  1993   08     8.652
  1993   09     8.309
  1993   10     8.718
  1993   11    10.271
  1993   12    13.270
  1994   01    14.577
  1994   02    15.817
  1994   03    16.319
  1994   04    16.376
  1994   05    14.778
  1994   06    12.461
  1994   07    10.637
  1994   08     8.476
  1994   09     7.633
  1994   10     9.056
  1994   11    10.526
  1994   12    12.819
  1995   01    14.457
  1995   02    15.712
  1995   03    16.505
  1995   04    16.009
  1995   05    14.763
  1995   06    12.168
  1995   07    10.023
  1995   08     8.186
  1995   09     7.724
  1995   10     9.000
  1995   11    10.755
  1995   12    13.226
  1996   01    14.553
  1996   02    15.801
  1996   03    16.289
  1996   04    16.004
  1996   05    14.558
  1996   06    12.239
  1996   07    10.032
  1996   08     7.906
  1996   09     7.401
  1996   10     8.877
  1996   11    10.912
  1996   12    12.851
  1997   01    14.419
  1997   02    15.439
  1997   03    16.100
  1997   04    16.009
  1997   05    14.845
  1997   06    12.646
  1997   07    10.614
  1997   08     8.897
  1997   09     8.026
  1997   10     9.545
  1997   11    11.261
  1997   12    13.093
  1998   01    14.724
  1998   02    15.510
  1998   03    15.966
  1998   04    15.892
  1998   05    14.370
  1998   06    12.158
  1998   07     9.838
  1998   08     8.659
  1998   09     8.474
  1998   10     9.082
  1998   11    10.497
  1998   12    12.230
  1999   01    13.660
  1999   02    14.535
  1999   03    15.195
  1999   04    14.811
  1999   05    13.544
  1999   06    11.474
  1999   07     9.562
  1999   08     8.087
  1999   09     7.291
  1999   10     8.397
  1999   11     9.933
  1999   12    11.956
  2000   01    13.783
  2000   02    15.033
  2000   03    15.568
  2000   04    15.249
  2000   05    13.812
  2000   06    11.842
  2000   07     9.938
  2000   08     8.278
  2000   09     7.658
  2000   10     8.760
  2000   11    10.387
  2000   12    12.504
  2001   01    13.985
  2001   02    15.110
  2001   03    15.752
  2001   04    15.190
  2001   05    13.888
  2001   06    11.682
  2001   07     8.899
  2001   08     7.292
  2001   09     6.603
  2001   10     7.714
  2001   11     9.501
  2001   12    11.669
  2002   01    13.123
  2002   02    14.010
  2002   03    14.705
  2002   04    14.319
  2002   05    12.390
  2002   06    10.863
  2002   07     9.187
  2002   08     6.971
  2002   09     6.436
  2002   10     7.607
  2002   11     9.862
  2002   12    11.965
  2003   01    13.518
  2003   02    14.146
  2003   03    14.942
  2003   04    14.565
  2003   05    13.341
  2003   06    11.876
  2003   07     9.849
  2003   08     7.002
  2003   09     6.433
  2003   10     7.945
  2003   11     9.563
  2003   12    12.116
  2004   01    13.164
  2004   02    14.404
  2004   03    14.798
  2004   04    14.228
  2004   05    13.062
  2004   06    11.501
  2004   07     9.769
  2004   08     7.994
  2004   09     7.350
  2004   10     8.414
  2004   11    10.578
  2004   12    11.944
  2005   01    14.166
  2005   02    15.112
  2005   03    15.521
  2005   04    15.371
  2005   05    14.071
  2005   06    11.925
  2005   07     9.066
  2005   08     7.577
  2005   09     7.098
  2005   10     8.307
  2005   11    10.145
  2005   12    12.447
  2006   01    13.774
  2006   02    14.977
  2006   03    15.276
  2006   04    14.906
  2006   05    13.907
  2006   06    11.931
  2006   07     9.517
  2006   08     7.793
  2006   09     7.387
  2006   10     8.309
  2006   11    10.343
  2006   12    12.249
  2007   01    13.522
  2007   02    14.719
  2007   03    15.118
  2007   04    15.015
  2007   05    13.580
  2007   06    11.835
  2007   07     9.608
  2007   08     7.337
  2007   09     6.483
  2007   10     7.868
  2007   11    10.475
  2007   12    12.310
  2008   01    13.546
  2008   02    14.700
  2008   03    15.133
  2008   04    15.048
  2008   05    13.557
  2008   06    11.596
  2008   07     9.072
  2008   08     6.417
  2008   09     5.923
  2008   10     7.490
  2008   11     9.914
  2008   12    12.241
  2009   01    13.650
  2009   02    14.717
  2009   03    14.944
  2009   04    14.061
  2009   05    12.622
  2009   06    11.171
  2009   07     8.934
  2009   08     6.821
  2009   09     6.495
  2009   10     7.918
  2009   11     9.775
  2009   12    11.852
  2010   01    13.462
  2010   02    14.536
  2010   03    14.920
  2010   04    14.649
  2010   05    13.411
  2010   06    11.852
  2010   07    10.170
  2010   08     7.267
  2010   09     6.438
  2010   10     8.713
  2010   11    10.672
  2010   12    12.422
  2011   01    14.070
  2011   02    15.050
  2011   03    15.694
  2011   04    15.114
  2011   05    13.657
  2011   06    12.050
  2011   07     9.733
  2011   08     7.503
  2011   09     7.256
  2011   10     8.914
  2011   11    10.579
  2011   12    12.292
  2012   01    14.216
  2012   02    15.391
  2012   03    15.240
  2012   04    14.927
  2012   05    13.727
  2012   06    12.089
  2012   07     9.503
  2012   08     7.720
  2012   09     7.183
  2012   10     8.750
  2012   11    10.516
  2012   12    12.248
  2013   01    14.105
  2013   02    14.902
  2013   03    15.635
  2013   04    15.314
  2013   05    13.521
  2013   06    11.680
  2013   07     9.686
  2013   08     7.554
  2013   09     6.537
  2013   10     7.542
  2013   11     9.878
  2013   12    11.721
  2014   01    13.098
  2014   02    14.575
  2014   03    15.020
  2014   04    14.703
  2014   05    12.995
  2014   06    11.214
  2014   07     9.017
  2014   08     6.861
  2014   09     6.221
  2014   10     7.309
  2014   11     9.054
  2014   12    11.583
  2015   01    13.153
  2015   02    14.226
  2015   03    14.707
  2015   04    14.232
  2015   05    12.658
  2015   06    10.664
  2015   07     8.161
  2015   08     6.450
  2015   09     5.855
  2015   10     7.133
  2015   11     9.221
  2015   12    11.332
  2016   01    13.162
  2016   02    14.509
  2016   03    15.035
  2016   04    14.717
  2016   05    13.468
  2016   06    11.102
  2016   07     9.181
  2016   08     7.258
  2016   09     6.483
  2016   10     8.174
  2016   11     9.634
  2016   12    11.866
  2017   01    13.752
  2017   02    14.418
  2017   03    15.232
  2017   04    15.020
  2017   05    13.704
  2017   06    11.806
  2017   07     9.009
  2017   08     7.352
  2017   09     6.822
  2017   10     7.926
  2017   11     9.949
  2017   12    12.192
  2018   01    13.975
  2018   02    14.809
  2018   03    15.554
  2018   04    15.205
  2018   05    13.510
  2018   06    11.455
  2018   07     9.133
  2018   08     7.143
  2018   09     6.937
  2018   10     7.963
  2018   11    10.111
  2018   12    12.175
  2019   01    14.348
  2019   02    15.402
  2019   03    15.687
  2019   04    15.361
  2019   05    13.921
  2019   06    11.783
  2019   07     9.440
  2019   08     7.858
  2019   09     7.458
  2019   10     8.542
  2019   11    10.267
  2019   12    12.130
  2020   01    14.176
  2020   02    15.161
  2020   03    15.614
  2020   04    15.368
  2020   05    14.190
  2020   06    12.184
  2020   07     9.776
  2020   08     7.956
  2020   09     7.285
  2020   10     8.656
  2020   11    10.192
  2020   12    11.861
  2021   01    13.759
  2021   02    14.813
  2021   03    15.176
  2021   04    15.134
  2021   05    13.412
  2021   06    11.310
  2021   07     9.085
  2021   08     6.894
  2021   09     6.162
  2021   10     7.715
  2021   11     9.992
  2021   12    11.537
  2022   01    13.322
  2022   02    14.130
  2022   03    13.960
  2022   04    13.840
  2022   05    12.629
  2022   06    10.651
  2022   07     8.765
  2022   08     7.603
  2022   09     7.123
  2022   10     7.858
  2022   11     9.675
  2022   12    11.756
  2023   01    13.088
  2023   02    14.091
  2023   03    14.237
  2023   04    13.861
  2023   05    12.795
  2023   06    10.937
  2023   07     8.948
  2023   08     6.900
  2023   09     6.140
  2023   10     6.994
  2023   11     8.953
  2023   12    11.461
  2024   01    12.850
  2024   02    13.622
  2024   03    13.933
  2024   04    13.624
  2024   05    12.247
  2024   06    10.500
  2024   07     8.318
  2024   08     6.054
  2024   09     5.666
  2024   10     7.011
  2024   11     8.680
  2024   12    10.623
  2025   01    12.641
  2025   02    13.525
  2025   03    13.709
  2025   04    13.374
  2025   05    12.188
  2025   06    10.357
  2025   07     7.605
  2025   08     6.160
  2025   09     5.790
  2025   10     6.763
  2025   11     8.707
  2025   12    10.833
  2026   01    12.411
  2026   02    12.711
  2026   03    13.199
  2026   04    13.236
  2026   05    12.071
  2026   06     9.880
  2026   07     7.876
  2026   08     6.269
  2026   09     5.888
  2026   10     6.968
  2026   11     8.948
  2026   12    10.908
  2027   01    12.265
  2027   02    13.110
  2027   03    13.624
  2027   04    13.179
  2027   05    12.270
  2027   06    10.409
  2027   07     8.162
  2027   08     5.884
  2027   09     5.430
  2027   10     6.782
  2027   11     8.565
  2027   12    10.064
  2028   01    11.769
  2028   02    13.083
  2028   03    13.753
  2028   04    13.452
  2028   05    12.306
  2028   06    10.593
  2028   07     7.710
  2028   08     5.153
  2028   09     4.820
  2028   10     5.806
  2028   11     8.450
  2028   12    10.706
  2029   01    12.411
  2029   02    13.428
  2029   03    13.953
  2029   04    13.565
  2029   05    12.407
  2029   06    10.402
  2029   07     8.026
  2029   08     5.820
  2029   09     5.079
  2029   10     6.535
  2029   11     8.474
  2029   12    10.362
  2030   01    12.191
  2030   02    13.166
  2030   03    13.715
  2030   04    13.388
  2030   05    12.141
  2030   06    10.690
  2030   07     8.098
  2030   08     6.108
  2030   09     5.717
  2030   10     7.209
  2030   11     9.348
  2030   12    10.780
  2031   01    12.321
  2031   02    13.343
  2031   03    14.106
  2031   04    13.937
  2031   05    12.950
  2031   06    11.256
  2031   07     8.466
  2031   08     6.078
  2031   09     4.954
  2031   10     6.359
  2031   11     9.924
  2031   12    11.476
  2032   01    13.333
  2032   02    13.887
  2032   03    14.168
  2032   04    13.769
  2032   05    12.321
  2032   06    10.922
  2032   07     8.164
  2032   08     5.730
  2032   09     5.259
  2032   10     6.437
  2032   11     8.833
  2032   12    11.061
  2033   01    12.936
  2033   02    14.059
  2033   03    14.562
  2033   04    14.317
  2033   05    13.647
  2033   06    11.595
  2033   07     8.791
  2033   08     6.908
  2033   09     6.420
  2033   10     7.597
  2033   11     9.536
  2033   12    11.393
  2034   01    13.231
  2034   02    14.038
  2034   03    14.091
  2034   04    13.835
  2034   05    12.642
  2034   06    11.021
  2034   07     8.722
  2034   08     7.046
  2034   09     6.587
  2034   10     7.603
  2034   11     9.168
  2034   12    11.133
  2035   01    12.619
  2035   02    13.668
  2035   03    14.031
  2035   04    13.804
  2035   05    12.517
  2035   06    10.956
  2035   07     8.482
  2035   08     6.158
  2035   09     5.528
  2035   10     6.980
  2035   11     9.105
  2035   12    10.983
  2036   01    12.804
  2036   02    13.501
  2036   03    13.983
  2036   04    13.329
  2036   05    12.136
  2036   06    10.476
  2036   07     8.226
  2036   08     6.376
  2036   09     5.368
  2036   10     6.171
  2036   11     8.990
  2036   12    10.591
  2037   01    12.094
  2037   02    13.134
  2037   03    13.334
  2037   04    12.990
  2037   05    12.063
  2037   06    10.535
  2037   07     7.849
  2037   08     5.804
  2037   09     4.889
  2037   10     6.750
  2037   11     8.858
  2037   12    10.610
  2038   01    12.485
  2038   02    13.365
  2038   03    13.684
  2038   04    13.608
  2038   05    12.217
  2038   06    10.451
  2038   07     8.443
  2038   08     4.841
  2038   09     4.397
  2038   10     5.142
  2038   11     8.821
  2038   12    10.431
  2039   01    12.320
  2039   02    13.116
  2039   03    13.591
  2039   04    12.945
  2039   05    12.051
  2039   06    10.515
  2039   07     7.529
  2039   08     5.403
  2039   09     5.047
  2039   10     5.822
  2039   11     8.441
  2039   12    10.673
  2040   01    12.555
  2040   02    13.612
  2040   03    14.223
  2040   04    13.508
  2040   05    12.036
  2040   06    10.176
  2040   07     7.578
  2040   08     5.424
  2040   09     4.463
  2040   10     5.294
  2040   11     8.074
  2040   12    10.722
  2041   01    12.821
  2041   02    13.734
  2041   03    14.219
  2041   04    13.867
  2041   05    12.208
  2041   06    10.376
  2041   07     7.832
  2041   08     5.474
  2041   09     4.076
  2041   10     5.768
  2041   11     8.586
  2041   12    10.319
  2042   01    12.321
  2042   02    13.169
  2042   03    13.471
  2042   04    13.212
  2042   05    12.131
  2042   06     9.861
  2042   07     7.709
  2042   08     5.676
  2042   09     5.221
  2042   10     6.008
  2042   11     8.232
  2042   12    10.008
  2043   01    11.881
  2043   02    12.687
  2043   03    12.846
  2043   04    12.783
  2043   05    11.785
  2043   06     9.534
  2043   07     7.309
  2043   08     5.327
  2043   09     4.536
  2043   10     5.548
  2043   11     7.798
  2043   12     9.659
  2044   01    11.445
  2044   02    12.916
  2044   03    13.472
  2044   04    13.258
  2044   05    11.954
  2044   06    10.299
  2044   07     7.943
  2044   08     5.628
  2044   09     4.963
  2044   10     5.739
  2044   11     8.256
  2044   12    10.513
  2045   01    11.984
  2045   02    12.975
  2045   03    13.434
  2045   04    13.141
  2045   05    11.774
  2045   06    10.077
  2045   07     7.423
  2045   08     5.078
  2045   09     3.990
  2045   10     5.416
  2045   11     8.342
  2045   12    10.053
  2046   01    12.127
  2046   02    13.112
  2046   03    13.674
  2046   04    13.349
  2046   05    12.147
  2046   06    10.394
  2046   07     8.017
  2046   08     6.075
  2046   09     4.606
  2046   10     6.700
  2046   11     8.461
  2046   12    10.354
  2047   01    12.242
  2047   02    13.076
  2047   03    13.409
  2047   04    13.365
  2047   05    12.456
  2047   06    10.338
  2047   07     7.546
  2047   08     5.006
  2047   09     4.513
  2047   10     5.344
  2047   11     8.056
  2047   12    10.661
  2048   01    12.329
  2048   02    12.967
  2048   03    13.428
  2048   04    13.258
  2048   05    12.181
  2048   06    10.470
  2048   07     7.522
  2048   08     5.196
  2048   09     4.643
  2048   10     5.530
  2048   11     7.815
  2048   12    10.414
  2049   01    12.125
  2049   02    13.032
  2049   03    13.215
  2049   04    13.057
  2049   05    12.110
  2049   06    10.055
  2049   07     7.193
  2049   08     4.896
  2049   09     4.401
  2049   10     5.087
  2049   11     7.711
  2049   12     9.969
  2050   01    11.910
  2050   02    12.696
  2050   03    13.070
  2050   04    12.869
  2050   05    12.000
  2050   06     9.764
  2050   07     6.490
  2050   08     4.723
  2050   09     4.199
  2050   10     4.682
  2050   11     7.293
  2050   12     9.810
  2051   01    11.884
  2051   02    12.611
  2051   03    13.031
  2051   04    12.750
  2051   05    11.444
  2051   06     9.690
  2051   07     7.386
  2051   08     5.190
  2051   09     4.419
  2051   10     5.681
  2051   11     8.193
  2051   12     9.772
  2052   01    11.842
  2052   02    12.541
  2052   03    12.941
  2052   04    12.644
  2052   05    11.594
  2052   06     9.794
  2052   07     7.238
  2052   08     4.920
  2052   09     4.348
  2052   10     5.034
  2052   11     8.303
  2052   12     9.874
  2053   01    11.336
  2053   02    12.542
  2053   03    12.783
  2053   04    12.130
  2053   05    11.293
  2053   06     9.551
  2053   07     7.509
  2053   08     5.856
  2053   09     5.279
  2053   10     6.454
  2053   11     8.211
  2053   12    10.379
  2054   01    12.138
  2054   02    13.000
  2054   03    13.114
  2054   04    13.031
  2054   05    12.208
  2054   06    10.162
  2054   07     7.284
  2054   08     5.235
  2054   09     4.768
  2054   10     5.428
  2054   11     8.152
  2054   12    10.334
  2055   01    11.919
  2055   02    12.923
  2055   03    13.165
  2055   04    12.956
  2055   05    11.972
  2055   06     9.754
  2055   07     7.375
  2055   08     5.944
  2055   09     5.020
  2055   10     6.233
  2055   11     8.577
  2055   12    10.085
  2056   01    11.754
  2056   02    12.888
  2056   03    13.266
  2056   04    13.059
  2056   05    11.883
  2056   06    10.106
  2056   07     7.824
  2056   08     5.713
  2056   09     5.060
  2056   10     5.820
  2056   11     7.774
  2056   12     9.878
  2057   01    11.670
  2057   02    12.330
  2057   03    12.681
  2057   04    12.430
  2057   05    11.588
  2057   06     9.886
  2057   07     7.384
  2057   08     5.523
  2057   09     4.734
  2057   10     5.977
  2057   11     8.345
  2057   12     9.771
  2058   01    11.181
  2058   02    12.230
  2058   03    12.711
  2058   04    12.897
  2058   05    11.890
  2058   06    10.234
  2058   07     6.672
  2058   08     4.093
  2058   09     3.698
  2058   10     4.442
  2058   11     7.405
  2058   12    10.021
  2059   01    11.538
  2059   02    12.525
  2059   03    12.955
  2059   04    12.566
  2059   05    11.368
  2059   06     9.410
  2059   07     7.132
  2059   08     4.594
  2059   09     3.451
  2059   10     4.189
  2059   11     6.800
  2059   12     9.087
  2060   01    10.695
  2060   02    11.730
  2060   03    12.240
  2060   04    12.309
  2060   05    11.160
  2060   06     9.769
  2060   07     6.709
  2060   08     4.039
  2060   09     3.490
  2060   10     4.342
  2060   11     6.822
  2060   12     9.706
  2061   01    11.465
  2061   02    12.133
  2061   03    12.172
  2061   04    12.102
  2061   05    11.017
  2061   06     9.232
  2061   07     6.817
  2061   08     4.764
  2061   09     4.130
  2061   10     4.951
  2061   11     6.962
  2061   12     8.455
  2062   01    10.633
  2062   02    12.102
  2062   03    12.603
  2062   04    12.208
  2062   05    11.107
  2062   06     8.953
  2062   07     6.483
  2062   08     4.187
  2062   09     3.688
  2062   10     4.385
  2062   11     6.830
  2062   12     9.285
  2063   01    10.903
  2063   02    12.006
  2063   03    12.490
  2063   04    12.332
  2063   05    11.275
  2063   06     9.303
  2063   07     6.844
  2063   08     4.490
  2063   09     3.702
  2063   10     4.382
  2063   11     7.105
  2063   12     9.705
  2064   01    11.711
  2064   02    12.808
  2064   03    13.015
  2064   04    12.847
  2064   05    11.423
  2064   06     9.470
  2064   07     7.096
  2064   08     5.556
  2064   09     5.035
  2064   10     6.174
  2064   11     8.231
  2064   12    10.477
  2065   01    11.917
  2065   02    12.688
  2065   03    12.900
  2065   04    12.480
  2065   05    11.487
  2065   06     9.987
  2065   07     7.946
  2065   08     6.607
  2065   09     5.547
  2065   10     6.183
  2065   11     8.160
  2065   12     9.739
  2066   01    11.894
  2066   02    12.390
  2066   03    12.509
  2066   04    12.310
  2066   05    11.523
  2066   06     9.626
  2066   07     7.397
  2066   08     5.012
  2066   09     4.432
  2066   10     4.885
  2066   11     7.191
  2066   12     9.239
  2067   01    11.446
  2067   02    12.463
  2067   03    12.787
  2067   04    12.367
  2067   05    11.400
  2067   06     9.811
  2067   07     7.121
  2067   08     5.165
  2067   09     4.801
  2067   10     5.427
  2067   11     7.478
  2067   12     9.677
  2068   01    11.495
  2068   02    12.275
  2068   03    12.245
  2068   04    12.037
  2068   05    10.942
  2068   06     9.471
  2068   07     7.505
  2068   08     5.321
  2068   09     4.466
  2068   10     5.381
  2068   11     7.991
  2068   12     9.749
  2069   01    11.140
  2069   02    11.969
  2069   03    12.223
  2069   04    12.080
  2069   05    11.165
  2069   06     9.592
  2069   07     7.041
  2069   08     5.216
  2069   09     4.500
  2069   10     5.152
  2069   11     7.587
  2069   12     9.422
  2070   01    11.231
  2070   02    11.977
  2070   03    12.515
  2070   04    12.250
  2070   05    11.106
  2070   06     9.830
  2070   07     6.731
  2070   08     4.857
  2070   09     4.182
  2070   10     5.208
  2070   11     7.326
  2070   12     9.385
  2071   01    11.120
  2071   02    11.804
  2071   03    12.049
  2071   04    11.987
  2071   05    11.202
  2071   06     9.499
  2071   07     6.563
  2071   08     4.702
  2071   09     4.241
  2071   10     4.834
  2071   11     7.114
  2071   12     9.351
  2072   01    11.225
  2072   02    12.206
  2072   03    12.303
  2072   04    11.933
  2072   05    11.063
  2072   06     9.104
  2072   07     6.386
  2072   08     4.647
  2072   09     4.141
  2072   10     4.746
  2072   11     6.578
  2072   12     8.918
  2073   01    10.691
  2073   02    11.913
  2073   03    12.261
  2073   04    11.950
  2073   05    10.465
  2073   06     8.451
  2073   07     6.173
  2073   08     3.697
  2073   09     3.325
  2073   10     3.994
  2073   11     5.999
  2073   12     8.430
  2074   01    10.455
  2074   02    11.571
  2074   03    11.981
  2074   04    11.513
  2074   05    10.782
  2074   06     8.492
  2074   07     6.129
  2074   08     3.026
  2074   09     2.264
  2074   10     2.977
  2074   11     5.358
  2074   12     8.100
  2075   01    10.038
  2075   02    11.230
  2075   03    11.731
  2075   04    11.577
  2075   05    10.675
  2075   06     8.231
  2075   07     5.281
  2075   08     3.195
  2075   09     2.726
  2075   10     3.533
  2075   11     6.037
  2075   12     8.439
  2076   01    10.444
  2076   02    11.560
  2076   03    11.651
  2076   04    11.605
  2076   05    10.678
  2076   06     8.094
  2076   07     5.947
  2076   08     4.119
  2076   09     3.710
  2076   10     4.427
  2076   11     6.844
  2076   12     8.365
  2077   01    10.756
  2077   02    11.769
  2077   03    12.395
  2077   04    12.134
  2077   05    10.934
  2077   06     8.997
  2077   07     6.507
  2077   08     4.294
  2077   09     3.877
  2077   10     4.573
  2077   11     6.414
  2077   12     9.273
  2078   01    10.904
  2078   02    11.994
  2078   03    12.350
  2078   04    12.449
  2078   05    11.027
  2078   06     8.572
  2078   07     5.501
  2078   08     3.129
  2078   09     2.407
  2078   10     3.475
  2078   11     5.371
  2078   12     7.977
  2079   01    10.043
  2079   02    11.540
  2079   03    12.076
  2079   04    11.903
  2079   05    10.917
  2079   06     8.837
  2079   07     6.355
  2079   08     3.711
  2079   09     3.235
  2079   10     4.198
  2079   11     6.772
  2079   12     8.735
  2080   01    10.565
  2080   02    12.054
  2080   03    12.449
  2080   04    12.202
  2080   05    11.360
  2080   06     8.358
  2080   07     5.221
  2080   08     3.028
  2080   09     2.404
  2080   10     3.215
  2080   11     5.118
  2080   12     8.173
  2081   01    10.390
  2081   02    11.618
  2081   03    12.003
  2081   04    11.515
  2081   05    10.220
  2081   06     8.067
  2081   07     4.784
  2081   08     2.587
  2081   09     1.915
  2081   10     2.423
  2081   11     4.046
  2081   12     7.271
  2082   01     9.721
  2082   02    11.468
  2082   03    12.197
  2082   04    11.777
  2082   05    10.496
  2082   06     7.914
  2082   07     5.073
  2082   08     3.050
  2082   09     2.449
  2082   10     3.009
  2082   11     5.329
  2082   12     8.241
  2083   01    10.084
  2083   02    11.659
  2083   03    12.290
  2083   04    12.264
  2083   05    10.961
  2083   06     8.382
  2083   07     6.210
  2083   08     3.518
  2083   09     2.417
  2083   10     3.645
  2083   11     6.404
  2083   12     8.895
  2084   01    10.562
  2084   02    11.961
  2084   03    12.114
  2084   04    12.094
  2084   05    10.676
  2084   06     8.279
  2084   07     6.058
  2084   08     3.708
  2084   09     2.713
  2084   10     3.419
  2084   11     6.101
  2084   12     8.311
  2085   01    10.021
  2085   02    11.385
  2085   03    11.719
  2085   04    11.401
  2085   05    10.406
  2085   06     8.570
  2085   07     5.798
  2085   08     3.599
  2085   09     2.826
  2085   10     3.997
  2085   11     5.730
  2085   12     8.601
  2086   01    10.284
  2086   02    11.204
  2086   03    11.742
  2086   04    11.794
  2086   05    10.733
  2086   06     8.195
  2086   07     5.809
  2086   08     3.985
  2086   09     3.770
  2086   10     4.436
  2086   11     6.725
  2086   12     8.731
  2087   01    10.342
  2087   02    11.714
  2087   03    12.308
  2087   04    12.260
  2087   05    10.893
  2087   06     8.483
  2087   07     5.997
  2087   08     3.987
  2087   09     3.270
  2087   10     3.710
  2087   11     5.377
  2087   12     7.791
  2088   01    10.769
  2088   02    11.602
  2088   03    11.931
  2088   04    11.493
  2088   05    10.307
  2088   06     8.338
  2088   07     5.754
  2088   08     2.434
  2088   09     1.653
  2088   10     2.362
  2088   11     4.916
  2088   12     8.222
  2089   01    10.372
  2089   02    11.302
  2089   03    11.446
  2089   04    11.295
  2089   05    10.314
  2089   06     8.550
  2089   07     5.602
  2089   08     3.458
  2089   09     2.997
  2089   10     3.542
  2089   11     5.715
  2089   12     8.293
  2090   01     9.865
  2090   02    11.256
  2090   03    11.857
  2090   04    11.464
  2090   05    10.537
  2090   06     8.580
  2090   07     6.293
  2090   08     4.088
  2090   09     3.343
  2090   10     3.865
  2090   11     6.221
  2090   12     8.701
  2091   01    10.072
  2091   02    11.419
  2091   03    11.763
  2091   04    11.234
  2091   05    10.379
  2091   06     8.315
  2091   07     5.985
  2091   08     3.632
  2091   09     3.209
  2091   10     3.753
  2091   11     5.800
  2091   12     8.469
  2092   01    10.587
  2092   02    11.243
  2092   03    11.635
  2092   04    11.150
  2092   05    10.276
  2092   06     8.342
  2092   07     5.741
  2092   08     3.186
  2092   09     2.322
  2092   10     3.001
  2092   11     4.661
  2092   12     7.542
  2093   01     9.508
  2093   02    10.677
  2093   03    11.231
  2093   04    10.939
  2093   05     9.454
  2093   06     7.485
  2093   07     4.667
  2093   08     2.406
  2093   09     0.889
  2093   10     2.186
  2093   11     4.380
  2093   12     7.252
  2094   01     9.657
  2094   02    10.968
  2094   03    11.351
  2094   04    11.229
  2094   05     9.754
  2094   06     7.628
  2094   07     4.680
  2094   08     2.332
  2094   09     1.614
  2094   10     2.500
  2094   11     4.144
  2094   12     6.384
  2095   01     8.822
  2095   02    10.263
  2095   03    11.059
  2095   04    10.752
  2095   05     9.385
  2095   06     7.413
  2095   07     4.141
  2095   08     1.322
  2095   09     0.538
  2095   10     1.393
  2095   11     3.653
  2095   12     6.103
  2096   01     8.793
  2096   02    10.631
  2096   03    11.378
  2096   04    11.106
  2096   05     9.702
  2096   06     7.514
  2096   07     4.279
  2096   08     1.487
  2096   09     0.919
  2096   10     1.741
  2096   11     3.454
  2096   12     6.957
  2097   01     9.020
  2097   02    10.660
  2097   03    11.411
  2097   04    11.105
  2097   05    10.059
  2097   06     7.591
  2097   07     3.410
  2097   08     1.427
  2097   09     0.820
  2097   10     1.362
  2097   11     3.370
  2097   12     6.618
  2098   01     9.603
  2098   02    10.981
  2098   03    11.267
  2098   04    11.247
  2098   05     9.911
  2098   06     7.919
  2098   07     4.965
  2098   08     1.485
  2098   09     0.704
  2098   10     1.729
  2098   11     3.990
  2098   12     7.050
  2099   01     8.937
  2099   02    10.333
  2099   03    10.973
  2099   04    10.594
  2099   05     9.742
  2099   06     7.754
  2099   07     3.817
  2099   08     1.775
  2099   09     1.237
  2099   10     1.749
  2099   11     3.456
  2099   12     5.764
  2100   01     9.057
  2100   02    10.955
  2100   03    11.098
  2100   04    11.051
  2100   05    10.103
  2100   06     7.568
  2100   07     4.722
  2100   08     1.729
  2100   09     0.574
  2100   10     1.431
  2100   11     4.014
  2100   12     7.685
