  1850   01    14.958
  1850   02    16.309
  1850   03    16.945
  1850   04    16.675
  1850   05    15.111
  1850   06    12.910
  1850   07    10.419
  1850   08     8.174
  1850   09     7.748
  1850   10     9.436
  1850   11    11.434
  1850   12    13.090
  1851   01    14.670
  1851   02    16.269
  1851   03    17.199
  1851   04    17.160
  1851   05    15.377
  1851   06    12.748
  1851   07    10.619
  1851   08     9.354
  1851   09     8.653
  1851   10     9.906
  1851   11    11.472
  1851   12    13.872
  1852   01    15.453
  1852   02    17.025
  1852   03    17.740
  1852   04    17.404
  1852   05    15.710
  1852   06    12.903
  1852   07    10.903
  1852   08     9.516
  1852   09     8.919
  1852   10     9.995
  1852   11    11.247
  1852   12    13.219
  1853   01    15.316
  1853   02    16.529
  1853   03    17.446
  1853   04    17.522
  1853   05    16.046
  1853   06    13.660
  1853   07    10.678
  1853   08     9.111
  1853   09     8.945
  1853   10    10.035
  1853   11    11.559
  1853   12    13.881
  1854   01    15.435
  1854   02    16.704
  1854   03    17.286
  1854   04    16.824
  1854   05    15.512
  1854   06    13.535
  1854   07    10.755
  1854   08     9.385
  1854   09     9.299
  1854   10    10.189
  1854   11    11.631
  1854   12    14.073
  1855   01    15.355
  1855   02    16.471
  1855   03    17.155
  1855   04    17.049
  1855   05    15.729
  1855   06    13.372
  1855   07    11.143
  1855   08     9.646
  1855   09     9.131
  1855   10    10.259
  1855   11    11.703
  1855   12    13.584
  1856   01    15.105
  1856   02    16.823
  1856   03    17.530
  1856   04    17.058
  1856   05    15.462
  1856   06    13.106
  1856   07    10.958
  1856   08     9.363
  1856   09     9.040
  1856   10    10.095
  1856   11    11.820
  1856   12    13.645
  1857   01    15.399
  1857   02    17.142
  1857   03    17.767
  1857   04    17.287
  1857   05    16.179
  1857   06    12.887
  1857   07    11.005
  1857   08     9.751
  1857   09     9.202
  1857   10    10.160
  1857   11    11.713
  1857   12    13.376
  1858   01    14.936
  1858   02    16.271
  1858   03    17.281
  1858   04    16.893
  1858   05    15.500
  1858   06    13.219
  1858   07    10.614
  1858   08     9.072
  1858   09     8.739
  1858   10     9.928
  1858   11    11.276
  1858   12    13.489
  1859   01    15.350
  1859   02    16.641
  1859   03    17.069
  1859   04    16.611
  1859   05    15.616
  1859   06    13.357
  1859   07    10.863
  1859   08     9.105
  1859   09     8.908
  1859   10    10.236
  1859   11    11.453
  1859   12    13.640
  1860   01    15.650
  1860   02    17.128
  1860   03    18.178
  1860   04    17.979
  1860   05    16.548
  1860   06    12.944
  1860   07    10.222
  1860   08     9.029
  1860   09     8.515
  1860   10     9.730
  1860   11    11.048
  1860   12    13.468
  1861   01    15.207
  1861   02    16.138
  1861   03    17.054
  1861   04    16.981
  1861   05    16.127
  1861   06    13.069
  1861   07    10.435
  1861   08     9.023
  1861   09     9.004
  1861   10     9.706
  1861   11    11.118
  1861   12    13.813
  1862   01    15.880
  1862   02    17.212
  1862   03    17.579
  1862   04    17.782
  1862   05    16.235
  1862   06    13.191
  1862   07    10.591
  1862   08     9.121
  1862   09     8.902
  1862   10     9.997
  1862   11    11.184
  1862   12    13.493
  1863   01    15.249
  1863   02    16.426
  1863   03    17.047
  1863   04    17.282
  1863   05    16.098
  1863   06    13.311
  1863   07    10.701
  1863   08     9.512
  1863   09     9.210
  1863   10    10.337
  1863   11    11.725
  1863   12    13.993
  1864   01    15.338
  1864   02    16.756
  1864   03    17.376
  1864   04    16.960
  1864   05    15.894
  1864   06    13.687
  1864   07    11.026
  1864   08     9.734
  1864   09     9.316
  1864   10    10.405
  1864   11    11.644
  1864   12    14.187
  1865   01    15.927
  1865   02    17.353
  1865   03    18.203
  1865   04    17.610
  1865   05    15.756
  1865   06    13.489
  1865   07    10.605
  1865   08     9.147
  1865   09     8.939
  1865   10     9.760
  1865   11    11.344
  1865   12    13.953
  1866   01    15.444
  1866   02    17.030
  1866   03    17.611
  1866   04    17.688
  1866   05    16.047
  1866   06    12.914
  1866   07    10.569
  1866   08     9.046
  1866   09     8.657
  1866   10     9.618
  1866   11    11.166
  1866   12    13.645
  1867   01    15.447
  1867   02    16.617
  1867   03    17.266
  1867   04    17.180
  1867   05    15.794
  1867   06    13.623
  1867   07    11.057
  1867   08     9.038
  1867   09     8.534
  1867   10     9.780
  1867   11    11.533
  1867   12    13.990
  1868   01    15.875
  1868   02    17.567
  1868   03    18.133
  1868   04    17.991
  1868   05    16.961
  1868   06    13.263
  1868   07    11.160
  1868   08     9.509
  1868   09     9.062
  1868   10    10.420
  1868   11    11.892
  1868   12    13.915
  1869   01    15.878
  1869   02    17.462
  1869   03    18.264
  1869   04    17.971
  1869   05    16.440
  1869   06    13.769
  1869   07    10.363
  1869   08     9.482
  1869   09     9.302
  1869   10    10.134
  1869   11    11.326
  1869   12    13.672
  1870   01    15.450
  1870   02    16.799
  1870   03    17.616
  1870   04    17.669
  1870   05    16.144
  1870   06    13.654
  1870   07    11.006
  1870   08     9.168
  1870   09     8.790
  1870   10    10.117
  1870   11    11.737
  1870   12    14.255
  1871   01    16.433
  1871   02    17.815
  1871   03    18.046
  1871   04    17.858
  1871   05    16.593
  1871   06    12.446
  1871   07    10.088
  1871   08     8.680
  1871   09     8.332
  1871   10     9.299
  1871   11    10.727
  1871   12    12.772
  1872   01    14.517
  1872   02    16.254
  1872   03    16.832
  1872   04    16.873
  1872   05    15.603
  1872   06    12.747
  1872   07     9.716
  1872   08     8.443
  1872   09     8.282
  1872   10     9.479
  1872   11    11.095
  1872   12    13.305
  1873   01    15.589
  1873   02    17.247
  1873   03    17.953
  1873   04    17.678
  1873   05    16.428
  1873   06    14.018
  1873   07    10.890
  1873   08     8.788
  1873   09     8.463
  1873   10     9.579
  1873   11    11.230
  1873   12    14.097
  1874   01    16.233
  1874   02    17.726
  1874   03    17.568
  1874   04    17.174
  1874   05    16.028
  1874   06    13.116
  1874   07    10.245
  1874   08     9.037
  1874   09     8.731
  1874   10     9.609
  1874   11    11.350
  1874   12    13.776
  1875   01    15.507
  1875   02    16.963
  1875   03    17.673
  1875   04    17.479
  1875   05    16.033
  1875   06    12.927
  1875   07    10.770
  1875   08     9.426
  1875   09     9.256
  1875   10     9.884
  1875   11    11.589
  1875   12    13.924
  1876   01    15.676
  1876   02    17.170
  1876   03    17.817
  1876   04    17.440
  1876   05    16.089
  1876   06    13.820
  1876   07    11.960
  1876   08     9.760
  1876   09     9.028
  1876   10    10.331
  1876   11    11.637
  1876   12    14.486
  1877   01    16.453
  1877   02    17.831
  1877   03    18.699
  1877   04    18.194
  1877   05    15.989
  1877   06    13.775
  1877   07    10.916
  1877   08     9.184
  1877   09     8.864
  1877   10    10.288
  1877   11    11.865
  1877   12    14.489
  1878   01    16.344
  1878   02    17.778
  1878   03    18.179
  1878   04    17.682
  1878   05    16.721
  1878   06    13.941
  1878   07    10.726
  1878   08     9.198
  1878   09     9.009
  1878   10    10.211
  1878   11    12.066
  1878   12    14.484
  1879   01    16.889
  1879   02    18.342
  1879   03    18.951
  1879   04    18.645
  1879   05    16.456
  1879   06    13.387
  1879   07    10.647
  1879   08     8.812
  1879   09     8.540
  1879   10     9.720
  1879   11    11.606
  1879   12    13.770
  1880   01    15.882
  1880   02    17.110
  1880   03    18.301
  1880   04    18.424
  1880   05    16.855
  1880   06    13.876
  1880   07    10.564
  1880   08     9.245
  1880   09     9.050
  1880   10    10.184
  1880   11    11.847
  1880   12    14.344
  1881   01    16.178
  1881   02    17.535
  1881   03    18.293
  1881   04    18.067
  1881   05    16.308
  1881   06    13.300
  1881   07    10.510
  1881   08     8.531
  1881   09     8.408
  1881   10     9.660
  1881   11    11.104
  1881   12    13.764
  1882   01    15.058
  1882   02    16.319
  1882   03    17.406
  1882   04    17.269
  1882   05    15.355
  1882   06    12.785
  1882   07    10.389
  1882   08     8.889
  1882   09     8.623
  1882   10     9.601
  1882   11    11.376
  1882   12    13.517
  1883   01    15.678
  1883   02    17.349
  1883   03    17.995
  1883   04    17.597
  1883   05    16.438
  1883   06    13.922
  1883   07    10.717
  1883   08     9.075
  1883   09     8.552
  1883   10     9.859
  1883   11    11.411
  1883   12    13.643
  1884   01    15.770
  1884   02    17.617
  1884   03    18.396
  1884   04    17.805
  1884   05    16.588
  1884   06    13.797
  1884   07    10.860
  1884   08     8.972
  1884   09     8.765
  1884   10    10.303
  1884   11    11.997
  1884   12    14.012
  1885   01    15.696
  1885   02    16.994
  1885   03    17.830
  1885   04    17.937
  1885   05    16.729
  1885   06    13.834
  1885   07    10.981
  1885   08     9.527
  1885   09     8.994
  1885   10     9.998
  1885   11    11.498
  1885   12    13.739
  1886   01    15.426
  1886   02    16.857
  1886   03    17.791
  1886   04    17.383
  1886   05    16.025
  1886   06    12.744
  1886   07    10.377
  1886   08     9.085
  1886   09     8.986
  1886   10     9.825
  1886   11    11.368
  1886   12    13.786
  1887   01    15.395
  1887   02    17.176
  1887   03    18.160
  1887   04    17.796
  1887   05    16.277
  1887   06    13.281
  1887   07    10.604
  1887   08     9.091
  1887   09     8.333
  1887   10     9.832
  1887   11    11.344
  1887   12    13.425
  1888   01    15.749
  1888   02    17.305
  1888   03    18.024
  1888   04    17.903
  1888   05    15.970
  1888   06    13.053
  1888   07    10.604
  1888   08     9.352
  1888   09     9.185
  1888   10    10.258
  1888   11    11.412
  1888   12    13.811
  1889   01    15.730
  1889   02    16.983
  1889   03    17.801
  1889   04    17.544
  1889   05    16.290
  1889   06    13.369
  1889   07    10.986
  1889   08     9.427
  1889   09     9.149
  1889   10    10.112
  1889   11    11.568
  1889   12    13.639
  1890   01    15.230
  1890   02    16.445
  1890   03    17.302
  1890   04    17.364
  1890   05    16.240
  1890   06    13.059
  1890   07    10.532
  1890   08     9.399
  1890   09     9.062
  1890   10     9.998
  1890   11    11.491
  1890   12    13.959
  1891   01    15.584
  1891   02    16.847
  1891   03    17.208
  1891   04    17.240
  1891   05    16.475
  1891   06    13.968
  1891   07    10.960
  1891   08     9.942
  1891   09    10.083
  1891   10    10.920
  1891   11    12.441
  1891   12    14.719
  1892   01    15.917
  1892   02    17.074
  1892   03    17.850
  1892   04    17.939
  1892   05    17.183
  1892   06    14.129
  1892   07    11.310
  1892   08    10.143
  1892   09    10.005
  1892   10    10.660
  1892   11    12.122
  1892   12    14.738
  1893   01    16.577
  1893   02    17.526
  1893   03    18.096
  1893   04    17.905
  1893   05    16.784
  1893   06    14.418
  1893   07    11.942
  1893   08    10.474
  1893   09    10.264
  1893   10    11.279
  1893   11    12.604
  1893   12    15.195
  1894   01    17.084
  1894   02    18.551
  1894   03    18.748
  1894   04    18.699
  1894   05    17.411
  1894   06    14.453
  1894   07    11.744
  1894   08     9.923
  1894   09     9.754
  1894   10    10.601
  1894   11    12.165
  1894   12    14.647
  1895   01    16.376
  1895   02    17.475
  1895   03    18.192
  1895   04    18.058
  1895   05    16.907
  1895   06    14.306
  1895   07    11.598
  1895   08     9.649
  1895   09     9.321
  1895   10    10.571
  1895   11    11.997
  1895   12    14.498
  1896   01    16.271
  1896   02    17.468
  1896   03    18.289
  1896   04    18.325
  1896   05    16.938
  1896   06    13.682
  1896   07    10.391
  1896   08     9.114
  1896   09     8.682
  1896   10     9.773
  1896   11    11.672
  1896   12    14.339
  1897   01    15.962
  1897   02    17.568
  1897   03    18.452
  1897   04    18.024
  1897   05    16.227
  1897   06    13.257
  1897   07    10.189
  1897   08     8.980
  1897   09     8.813
  1897   10     9.906
  1897   11    11.265
  1897   12    13.690
  1898   01    15.595
  1898   02    17.081
  1898   03    17.507
  1898   04    17.124
  1898   05    15.647
  1898   06    13.206
  1898   07    10.428
  1898   08     8.965
  1898   09     8.513
  1898   10     9.322
  1898   11    10.912
  1898   12    13.508
  1899   01    15.701
  1899   02    17.371
  1899   03    18.044
  1899   04    17.464
  1899   05    15.594
  1899   06    13.076
  1899   07    10.829
  1899   08     9.016
  1899   09     8.480
  1899   10     9.926
  1899   11    11.397
  1899   12    13.654
  1900   01    15.484
  1900   02    17.100
  1900   03    17.708
  1900   04    17.661
  1900   05    16.551
  1900   06    13.274
  1900   07    10.213
  1900   08     8.861
  1900   09     8.626
  1900   10     9.710
  1900   11    11.395
  1900   12    13.719
  1901   01    15.753
  1901   02    17.185
  1901   03    17.849
  1901   04    17.528
  1901   05    15.788
  1901   06    13.423
  1901   07    10.629
  1901   08     8.775
  1901   09     8.209
  1901   10     9.284
  1901   11    10.957
  1901   12    13.379
  1902   01    14.854
  1902   02    16.212
  1902   03    16.579
  1902   04    16.493
  1902   05    15.177
  1902   06    12.507
  1902   07     9.975
  1902   08     8.733
  1902   09     8.340
  1902   10     9.624
  1902   11    10.834
  1902   12    12.855
  1903   01    14.853
  1903   02    16.000
  1903   03    17.100
  1903   04    16.941
  1903   05    15.487
  1903   06    13.141
  1903   07    10.545
  1903   08     9.056
  1903   09     9.150
  1903   10    10.233
  1903   11    11.461
  1903   12    13.900
  1904   01    16.067
  1904   02    17.571
  1904   03    17.733
  1904   04    17.418
  1904   05    15.892
  1904   06    13.219
  1904   07    10.553
  1904   08     9.166
  1904   09     8.939
  1904   10     9.766
  1904   11    11.283
  1904   12    14.096
  1905   01    15.558
  1905   02    16.657
  1905   03    17.367
  1905   04    17.254
  1905   05    15.601
  1905   06    12.753
  1905   07    10.650
  1905   08     9.200
  1905   09     8.643
  1905   10     9.655
  1905   11    11.280
  1905   12    13.584
  1906   01    14.858
  1906   02    16.427
  1906   03    17.222
  1906   04    17.070
  1906   05    15.443
  1906   06    12.988
  1906   07    10.458
  1906   08     8.913
  1906   09     8.698
  1906   10     9.764
  1906   11    11.064
  1906   12    13.506
  1907   01    15.222
  1907   02    16.676
  1907   03    17.078
  1907   04    16.742
  1907   05    15.684
  1907   06    13.158
  1907   07    10.269
  1907   08     9.103
  1907   09     8.664
  1907   10     9.498
  1907   11    11.196
  1907   12    13.364
  1908   01    15.033
  1908   02    16.357
  1908   03    16.778
  1908   04    16.516
  1908   05    15.490
  1908   06    13.106
  1908   07    10.830
  1908   08     8.873
  1908   09     8.298
  1908   10     9.287
  1908   11    11.307
  1908   12    13.228
  1909   01    15.233
  1909   02    16.810
  1909   03    16.960
  1909   04    16.840
  1909   05    15.343
  1909   06    13.234
  1909   07    10.619
  1909   08     9.032
  1909   09     8.617
  1909   10     9.568
  1909   11    11.168
  1909   12    13.120
  1910   01    14.851
  1910   02    16.358
  1910   03    16.932
  1910   04    16.843
  1910   05    15.555
  1910   06    13.207
  1910   07    10.828
  1910   08     9.100
  1910   09     8.302
  1910   10     9.663
  1910   11    11.716
  1910   12    13.896
  1911   01    15.230
  1911   02    16.618
  1911   03    17.327
  1911   04    16.737
  1911   05    15.750
  1911   06    13.353
  1911   07    11.292
  1911   08     9.822
  1911   09     9.544
  1911   10    10.238
  1911   11    11.593
  1911   12    13.852
  1912   01    15.707
  1912   02    16.969
  1912   03    17.465
  1912   04    17.023
  1912   05    15.536
  1912   06    13.027
  1912   07    10.768
  1912   08     9.448
  1912   09     9.177
  1912   10    10.164
  1912   11    11.724
  1912   12    13.734
  1913   01    15.724
  1913   02    17.375
  1913   03    17.814
  1913   04    17.649
  1913   05    15.695
  1913   06    13.426
  1913   07    10.499
  1913   08     9.025
  1913   09     8.961
  1913   10    10.091
  1913   11    11.405
  1913   12    13.597
  1914   01    15.491
  1914   02    16.934
  1914   03    17.301
  1914   04    16.971
  1914   05    15.691
  1914   06    13.370
  1914   07    11.010
  1914   08     9.660
  1914   09     9.388
  1914   10    10.363
  1914   11    11.915
  1914   12    13.887
  1915   01    15.965
  1915   02    17.266
  1915   03    17.851
  1915   04    17.562
  1915   05    15.641
  1915   06    12.783
  1915   07    10.740
  1915   08     8.927
  1915   09     8.666
  1915   10    10.201
  1915   11    11.593
  1915   12    13.319
  1916   01    14.833
  1916   02    16.180
  1916   03    16.845
  1916   04    16.692
  1916   05    15.524
  1916   06    13.045
  1916   07    10.679
  1916   08     9.319
  1916   09     9.014
  1916   10    10.002
  1916   11    11.272
  1916   12    13.475
  1917   01    15.689
  1917   02    17.021
  1917   03    17.341
  1917   04    17.180
  1917   05    15.647
  1917   06    13.009
  1917   07    10.385
  1917   08     9.382
  1917   09     9.125
  1917   10    10.163
  1917   11    11.261
  1917   12    13.537
  1918   01    15.680
  1918   02    16.839
  1918   03    17.531
  1918   04    17.038
  1918   05    15.927
  1918   06    13.408
  1918   07    10.196
  1918   08     8.694
  1918   09     8.418
  1918   10     9.659
  1918   11    11.164
  1918   12    13.372
  1919   01    15.020
  1919   02    16.628
  1919   03    17.352
  1919   04    17.016
  1919   05    15.575
  1919   06    13.526
  1919   07    10.490
  1919   08     9.464
  1919   09     9.180
  1919   10    10.201
  1919   11    11.778
  1919   12    13.806
  1920   01    15.137
  1920   02    16.445
  1920   03    16.986
  1920   04    16.842
  1920   05    15.416
  1920   06    13.362
  1920   07    10.969
  1920   08     9.426
  1920   09     9.090
  1920   10     9.915
  1920   11    11.552
  1920   12    13.749
  1921   01    15.472
  1921   02    16.421
  1921   03    17.288
  1921   04    17.007
  1921   05    15.429
  1921   06    12.805
  1921   07    10.552
  1921   08     9.261
  1921   09     9.137
  1921   10    10.106
  1921   11    11.465
  1921   12    13.311
  1922   01    15.044
  1922   02    16.562
  1922   03    17.189
  1922   04    16.986
  1922   05    15.644
  1922   06    12.900
  1922   07    10.398
  1922   08     8.959
  1922   09     8.635
  1922   10     9.873
  1922   11    11.302
  1922   12    13.129
  1923   01    15.389
  1923   02    16.513
  1923   03    17.274
  1923   04    16.365
  1923   05    15.068
  1923   06    12.449
  1923   07    10.330
  1923   08     8.669
  1923   09     8.361
  1923   10     9.151
  1923   11    10.888
  1923   12    13.382
  1924   01    15.185
  1924   02    16.541
  1924   03    17.365
  1924   04    16.900
  1924   05    15.501
  1924   06    12.806
  1924   07    10.471
  1924   08     8.363
  1924   09     7.930
  1924   10     9.295
  1924   11    10.901
  1924   12    12.965
  1925   01    15.218
  1925   02    16.100
  1925   03    16.875
  1925   04    16.788
  1925   05    14.842
  1925   06    12.139
  1925   07     9.731
  1925   08     8.223
  1925   09     8.250
  1925   10     9.405
  1925   11    10.679
  1925   12    12.775
  1926   01    14.693
  1926   02    15.868
  1926   03    16.537
  1926   04    16.462
  1926   05    15.733
  1926   06    12.880
  1926   07     9.925
  1926   08     8.760
  1926   09     8.490
  1926   10     9.264
  1926   11    10.773
  1926   12    12.920
  1927   01    14.848
  1927   02    16.391
  1927   03    17.303
  1927   04    16.994
  1927   05    15.177
  1927   06    12.915
  1927   07    10.192
  1927   08     8.848
  1927   09     8.622
  1927   10     9.724
  1927   11    11.113
  1927   12    13.284
  1928   01    15.135
  1928   02    16.441
  1928   03    17.406
  1928   04    17.236
  1928   05    15.282
  1928   06    12.733
  1928   07    10.371
  1928   08     9.306
  1928   09     9.038
  1928   10     9.981
  1928   11    11.336
  1928   12    13.401
  1929   01    15.199
  1929   02    16.019
  1929   03    16.223
  1929   04    16.397
  1929   05    14.839
  1929   06    12.226
  1929   07     9.736
  1929   08     8.623
  1929   09     8.544
  1929   10     9.368
  1929   11    10.999
  1929   12    13.319
  1930   01    15.140
  1930   02    16.334
  1930   03    17.031
  1930   04    16.700
  1930   05    15.333
  1930   06    12.801
  1930   07    10.189
  1930   08     8.300
  1930   09     7.883
  1930   10     9.017
  1930   11    10.679
  1930   12    12.895
  1931   01    15.143
  1931   02    16.789
  1931   03    17.481
  1931   04    17.289
  1931   05    15.487
  1931   06    13.010
  1931   07    10.170
  1931   08     8.533
  1931   09     8.232
  1931   10     9.377
  1931   11    11.489
  1931   12    13.547
  1932   01    15.640
  1932   02    16.766
  1932   03    17.116
  1932   04    16.922
  1932   05    15.267
  1932   06    12.864
  1932   07    10.536
  1932   08     8.603
  1932   09     8.361
  1932   10     9.487
  1932   11    11.133
  1932   12    13.530
  1933   01    14.967
  1933   02    16.209
  1933   03    16.782
  1933   04    17.061
  1933   05    15.556
  1933   06    12.853
  1933   07    10.317
  1933   08     9.194
  1933   09     8.730
  1933   10     9.861
  1933   11    11.014
  1933   12    13.040
  1934   01    14.872
  1934   02    16.314
  1934   03    16.793
  1934   04    16.739
  1934   05    15.105
  1934   06    13.019
  1934   07    10.856
  1934   08     8.937
  1934   09     8.429
  1934   10     9.925
  1934   11    11.493
  1934   12    13.065
  1935   01    15.059
  1935   02    16.327
  1935   03    17.049
  1935   04    17.066
  1935   05    15.099
  1935   06    12.790
  1935   07    10.261
  1935   08     8.661
  1935   09     8.501
  1935   10     9.692
  1935   11    10.922
  1935   12    12.878
  1936   01    14.130
  1936   02    15.710
  1936   03    16.367
  1936   04    16.078
  1936   05    15.088
  1936   06    12.858
  1936   07    10.259
  1936   08     8.565
  1936   09     8.366
  1936   10     9.808
  1936   11    11.358
  1936   12    13.398
  1937   01    15.475
  1937   02    16.056
  1937   03    16.629
  1937   04    16.346
  1937   05    15.011
  1937   06    12.871
  1937   07    10.324
  1937   08     8.878
  1937   09     8.723
  1937   10     9.699
  1937   11    11.295
  1937   12    13.641
  1938   01    14.895
  1938   02    15.970
  1938   03    16.614
  1938   04    15.993
  1938   05    14.629
  1938   06    13.184
  1938   07    10.819
  1938   08     9.476
  1938   09     8.828
  1938   10     9.800
  1938   11    11.211
  1938   12    13.243
  1939   01    14.934
  1939   02    16.140
  1939   03    16.702
  1939   04    16.444
  1939   05    14.648
  1939   06    12.861
  1939   07    11.083
  1939   08     9.691
  1939   09     9.433
  1939   10    10.547
  1939   11    11.662
  1939   12    13.467
  1940   01    15.301
  1940   02    16.676
  1940   03    17.073
  1940   04    16.673
  1940   05    15.023
  1940   06    12.725
  1940   07    10.352
  1940   08     8.357
  1940   09     8.223
  1940   10     9.573
  1940   11    10.852
  1940   12    13.331
  1941   01    14.595
  1941   02    16.080
  1941   03    16.894
  1941   04    16.764
  1941   05    15.562
  1941   06    12.428
  1941   07    10.237
  1941   08     8.857
  1941   09     8.516
  1941   10     9.552
  1941   11    11.018
  1941   12    12.921
  1942   01    14.667
  1942   02    16.002
  1942   03    16.335
  1942   04    16.170
  1942   05    14.431
  1942   06    11.893
  1942   07     9.694
  1942   08     8.585
  1942   09     8.239
  1942   10     9.185
  1942   11    10.647
  1942   12    12.769
  1943   01    14.280
  1943   02    15.194
  1943   03    15.913
  1943   04    15.423
  1943   05    14.133
  1943   06    12.057
  1943   07    10.021
  1943   08     8.683
  1943   09     8.603
  1943   10     9.411
  1943   11    10.992
  1943   12    12.740
  1944   01    13.819
  1944   02    15.218
  1944   03    15.828
  1944   04    15.463
  1944   05    14.014
  1944   06    11.829
  1944   07     9.768
  1944   08     8.879
  1944   09     8.204
  1944   10     9.379
  1944   11    10.829
  1944   12    12.682
  1945   01    14.405
  1945   02    15.786
  1945   03    16.687
  1945   04    16.055
  1945   05    14.442
  1945   06    12.075
  1945   07    10.343
  1945   08     9.197
  1945   09     8.698
  1945   10     9.777
  1945   11    10.893
  1945   12    12.720
  1946   01    14.238
  1946   02    15.447
  1946   03    16.239
  1946   04    16.178
  1946   05    14.726
  1946   06    12.818
  1946   07    10.399
  1946   08     9.417
  1946   09     9.274
  1946   10    10.066
  1946   11    11.118
  1946   12    12.838
  1947   01    14.548
  1947   02    15.987
  1947   03    16.566
  1947   04    16.483
  1947   05    14.428
  1947   06    12.000
  1947   07    10.157
  1947   08     8.440
  1947   09     8.344
  1947   10     9.426
  1947   11    11.031
  1947   12    12.795
  1948   01    14.492
  1948   02    15.686
  1948   03    16.571
  1948   04    16.460
  1948   05    15.059
  1948   06    12.054
  1948   07     9.981
  1948   08     9.111
  1948   09     8.774
  1948   10     9.675
  1948   11    10.915
  1948   12    12.913
  1949   01    14.392
  1949   02    16.108
  1949   03    16.743
  1949   04    16.704
  1949   05    15.598
  1949   06    12.236
  1949   07    10.297
  1949   08     8.856
  1949   09     8.573
  1949   10     9.756
  1949   11    11.130
  1949   12    13.218
  1950   01    14.853
  1950   02    16.123
  1950   03    16.914
  1950   04    16.770
  1950   05    15.153
  1950   06    12.161
  1950   07     9.681
  1950   08     7.922
  1950   09     7.926
  1950   10     9.129
  1950   11    10.981
  1950   12    13.048
  1951   01    14.751
  1951   02    16.143
  1951   03    16.743
  1951   04    16.297
  1951   05    14.683
  1951   06    11.892
  1951   07     9.318
  1951   08     8.608
  1951   09     8.102
  1951   10     9.040
  1951   11    10.906
  1951   12    12.900
  1952   01    14.605
  1952   02    15.849
  1952   03    16.914
  1952   04    16.606
  1952   05    14.568
  1952   06    12.070
  1952   07     9.501
  1952   08     8.209
  1952   09     8.093
  1952   10     8.859
  1952   11    10.343
  1952   12    12.470
  1953   01    14.317
  1953   02    15.581
  1953   03    16.598
  1953   04    16.337
  1953   05    15.005
  1953   06    12.548
  1953   07     9.680
  1953   08     8.384
  1953   09     8.430
  1953   10     9.678
  1953   11    11.323
  1953   12    13.519
  1954   01    15.131
  1954   02    15.720
  1954   03    16.319
  1954   04    16.080
  1954   05    14.898
  1954   06    12.254
  1954   07     9.396
  1954   08     8.400
  1954   09     8.488
  1954   10     9.264
  1954   11    10.694
  1954   12    12.809
  1955   01    14.664
  1955   02    15.827
  1955   03    16.247
  1955   04    15.637
  1955   05    14.632
  1955   06    12.469
  1955   07    10.297
  1955   08     8.933
  1955   09     8.593
  1955   10     9.851
  1955   11    11.194
  1955   12    13.124
  1956   01    14.866
  1956   02    16.098
  1956   03    16.802
  1956   04    16.465
  1956   05    15.025
  1956   06    12.632
  1956   07    10.679
  1956   08     9.425
  1956   09     9.110
  1956   10    10.079
  1956   11    11.490
  1956   12    13.472
  1957   01    14.869
  1957   02    15.971
  1957   03    16.454
  1957   04    16.161
  1957   05    14.472
  1957   06    12.579
  1957   07    10.367
  1957   08     8.744
  1957   09     8.726
  1957   10     9.851
  1957   11    11.252
  1957   12    13.222
  1958   01    14.699
  1958   02    16.154
  1958   03    16.927
  1958   04    16.432
  1958   05    14.834
  1958   06    12.760
  1958   07    10.525
  1958   08     9.321
  1958   09     9.090
  1958   10    10.058
  1958   11    11.041
  1958   12    13.166
  1959   01    14.857
  1959   02    15.712
  1959   03    16.059
  1959   04    16.265
  1959   05    14.797
  1959   06    12.535
  1959   07    10.453
  1959   08     9.290
  1959   09     8.824
  1959   10     9.816
  1959   11    10.924
  1959   12    12.892
  1960   01    14.754
  1960   02    15.647
  1960   03    16.192
  1960   04    15.815
  1960   05    14.645
  1960   06    12.538
  1960   07     9.915
  1960   08     8.548
  1960   09     8.223
  1960   10     9.360
  1960   11    10.887
  1960   12    12.975
  1961   01    14.580
  1961   02    15.691
  1961   03    16.553
  1961   04    16.284
  1961   05    15.197
  1961   06    12.663
  1961   07    10.303
  1961   08     8.894
  1961   09     8.498
  1961   10     9.917
  1961   11    11.070
  1961   12    13.102
  1962   01    14.522
  1962   02    15.798
  1962   03    16.364
  1962   04    16.025
  1962   05    14.870
  1962   06    13.198
  1962   07    10.621
  1962   08     8.638
  1962   09     8.426
  1962   10     9.374
  1962   11    11.098
  1962   12    13.387
  1963   01    15.076
  1963   02    16.273
  1963   03    16.523
  1963   04    16.636
  1963   05    15.150
  1963   06    13.061
  1963   07    10.977
  1963   08     8.764
  1963   09     8.543
  1963   10     9.705
  1963   11    11.314
  1963   12    13.672
  1964   01    15.173
  1964   02    16.709
  1964   03    17.293
  1964   04    17.018
  1964   05    15.061
  1964   06    12.188
  1964   07    10.298
  1964   08     8.719
  1964   09     8.246
  1964   10     9.399
  1964   11    10.943
  1964   12    12.927
  1965   01    14.722
  1965   02    16.098
  1965   03    17.252
  1965   04    17.111
  1965   05    15.863
  1965   06    12.998
  1965   07    10.839
  1965   08     8.921
  1965   09     8.224
  1965   10     9.426
  1965   11    11.383
  1965   12    13.634
  1966   01    15.194
  1966   02    16.679
  1966   03    17.103
  1966   04    16.793
  1966   05    15.448
  1966   06    12.923
  1966   07    10.645
  1966   08     8.924
  1966   09     8.759
  1966   10     9.754
  1966   11    11.429
  1966   12    13.562
  1967   01    14.757
  1967   02    16.320
  1967   03    16.811
  1967   04    16.672
  1967   05    15.034
  1967   06    12.675
  1967   07    10.378
  1967   08     9.407
  1967   09     9.183
  1967   10     9.797
  1967   11    11.327
  1967   12    13.193
  1968   01    14.823
  1968   02    16.297
  1968   03    16.723
  1968   04    16.349
  1968   05    15.025
  1968   06    12.850
  1968   07    10.992
  1968   08     9.472
  1968   09     9.009
  1968   10     9.915
  1968   11    11.028
  1968   12    13.035
  1969   01    14.895
  1969   02    16.124
  1969   03    16.918
  1969   04    16.597
  1969   05    14.959
  1969   06    12.658
  1969   07    10.223
  1969   08     8.060
  1969   09     7.842
  1969   10     9.008
  1969   11    10.741
  1969   12    13.151
  1970   01    14.909
  1970   02    16.373
  1970   03    17.173
  1970   04    16.778
  1970   05    15.530
  1970   06    12.480
  1970   07     9.624
  1970   08     8.360
  1970   09     8.302
  1970   10     9.324
  1970   11    10.587
  1970   12    12.891
  1971   01    14.599
  1971   02    15.663
  1971   03    16.404
  1971   04    16.305
  1971   05    15.256
  1971   06    13.115
  1971   07    10.522
  1971   08     9.096
  1971   09     8.597
  1971   10     9.682
  1971   11    11.047
  1971   12    13.480
  1972   01    15.209
  1972   02    16.628
  1972   03    17.561
  1972   04    17.009
  1972   05    15.819
  1972   06    12.659
  1972   07    10.349
  1972   08     8.946
  1972   09     8.460
  1972   10     9.621
  1972   11    10.967
  1972   12    13.262
  1973   01    14.697
  1973   02    16.124
  1973   03    16.660
  1973   04    16.808
  1973   05    15.174
  1973   06    12.807
  1973   07    10.500
  1973   08     8.581
  1973   09     8.095
  1973   10     9.564
  1973   11    11.073
  1973   12    13.328
  1974   01    14.791
  1974   02    16.182
  1974   03    17.112
  1974   04    17.330
  1974   05    15.639
  1974   06    13.148
  1974   07    10.800
  1974   08     9.103
  1974   09     8.741
  1974   10     9.684
  1974   11    10.973
  1974   12    13.276
  1975   01    15.201
  1975   02    16.321
  1975   03    17.350
  1975   04    17.694
  1975   05    16.125
  1975   06    12.373
  1975   07     9.590
  1975   08     8.721
  1975   09     8.556
  1975   10     9.484
  1975   11    10.911
  1975   12    13.176
  1976   01    14.513
  1976   02    15.835
  1976   03    16.698
  1976   04    16.561
  1976   05    15.031
  1976   06    12.354
  1976   07    10.111
  1976   08     8.379
  1976   09     8.090
  1976   10     9.034
  1976   11    10.456
  1976   12    13.117
  1977   01    15.096
  1977   02    16.533
  1977   03    17.435
  1977   04    17.218
  1977   05    15.553
  1977   06    13.012
  1977   07     9.758
  1977   08     8.025
  1977   09     7.762
  1977   10     9.090
  1977   11    11.374
  1977   12    13.454
  1978   01    14.864
  1978   02    16.400
  1978   03    17.434
  1978   04    17.323
  1978   05    15.711
  1978   06    12.858
  1978   07    10.464
  1978   08     8.999
  1978   09     8.628
  1978   10     9.897
  1978   11    11.276
  1978   12    13.423
  1979   01    15.407
  1979   02    16.930
  1979   03    17.754
  1979   04    17.418
  1979   05    15.615
  1979   06    13.147
  1979   07    10.695
  1979   08     8.978
  1979   09     8.592
  1979   10     9.701
  1979   11    11.022
  1979   12    13.574
  1980   01    15.475
  1980   02    16.766
  1980   03    17.210
  1980   04    16.941
  1980   05    15.426
  1980   06    13.023
  1980   07    10.510
  1980   08     8.394
  1980   09     7.967
  1980   10     8.901
  1980   11    10.369
  1980   12    12.899
  1981   01    14.812
  1981   02    16.550
  1981   03    17.355
  1981   04    16.651
  1981   05    15.031
  1981   06    12.920
  1981   07    10.030
  1981   08     8.200
  1981   09     7.935
  1981   10     9.427
  1981   11    11.097
  1981   12    12.924
  1982   01    14.788
  1982   02    15.998
  1982   03    16.820
  1982   04    16.529
  1982   05    15.269
  1982   06    12.280
  1982   07     9.185
  1982   08     7.839
  1982   09     7.670
  1982   10     9.042
  1982   11    10.596
  1982   12    12.607
  1983   01    14.274
  1983   02    15.311
  1983   03    16.208
  1983   04    15.911
  1983   05    14.466
  1983   06    12.213
  1983   07    10.401
  1983   08     8.666
  1983   09     8.437
  1983   10    10.226
  1983   11    11.808
  1983   12    13.825
  1984   01    15.022
  1984   02    16.820
  1984   03    17.296
  1984   04    17.307
  1984   05    15.420
  1984   06    12.789
  1984   07    10.288
  1984   08     8.145
  1984   09     7.958
  1984   10     9.324
  1984   11    11.038
  1984   12    13.136
  1985   01    14.590
  1985   02    16.099
  1985   03    16.665
  1985   04    16.805
  1985   05    15.073
  1985   06    12.217
  1985   07    10.024
  1985   08     8.815
  1985   09     8.697
  1985   10     9.700
  1985   11    11.219
  1985   12    13.313
  1986   01    14.959
  1986   02    16.091
  1986   03    17.022
  1986   04    16.692
  1986   05    14.960
  1986   06    12.529
  1986   07    10.377
  1986   08     8.681
  1986   09     7.805
  1986   10     9.074
  1986   11    10.821
  1986   12    13.003
  1987   01    14.721
  1987   02    16.168
  1987   03    16.816
  1987   04    16.439
  1987   05    14.986
  1987   06    12.230
  1987   07     9.345
  1987   08     8.404
  1987   09     8.164
  1987   10     9.146
  1987   11    10.681
  1987   12    12.709
  1988   01    14.333
  1988   02    15.582
  1988   03    16.339
  1988   04    16.062
  1988   05    15.278
  1988   06    12.528
  1988   07    10.302
  1988   08     8.916
  1988   09     8.594
  1988   10     9.942
  1988   11    11.053
  1988   12    12.851
  1989   01    14.391
  1989   02    15.354
  1989   03    16.175
  1989   04    16.166
  1989   05    14.853
  1989   06    12.349
  1989   07     9.601
  1989   08     8.457
  1989   09     8.065
  1989   10     8.931
  1989   11    10.540
  1989   12    12.634
  1990   01    14.609
  1990   02    15.840
  1990   03    16.657
  1990   04    16.626
  1990   05    15.241
  1990   06    12.647
  1990   07     9.421
  1990   08     7.959
  1990   09     7.474
  1990   10     8.809
  1990   11    10.331
  1990   12    12.120
  1991   01    14.152
  1991   02    15.338
  1991   03    15.979
  1991   04    15.912
  1991   05    14.382
  1991   06    12.219
  1991   07     9.412
  1991   08     8.047
  1991   09     7.635
  1991   10     8.699
  1991   11    10.399
  1991   12    12.417
  1992   01    14.111
  1992   02    15.543
  1992   03    16.182
  1992   04    16.040
  1992   05    14.481
  1992   06    12.194
  1992   07    10.442
  1992   08     9.010
  1992   09     8.785
  1992   10     9.801
  1992   11    11.137
  1992   12    13.132
  1993   01    14.629
  1993   02    16.341
  1993   03    16.873
  1993   04    16.369
  1993   05    15.053
  1993   06    12.949
  1993   07    10.680
  1993   08     9.311
  1993   09     8.758
  1993   10    10.199
  1993   11    11.495
  1993   12    13.273
  1994   01    14.604
  1994   02    15.551
  1994   03    15.876
  1994   04    15.736
  1994   05    14.728
  1994   06    12.583
  1994   07    10.365
  1994   08     8.426
  1994   09     8.207
  1994   10     9.645
  1994   11    11.115
  1994   12    12.855
  1995   01    14.646
  1995   02    15.560
  1995   03    15.943
  1995   04    15.716
  1995   05    14.831
  1995   06    12.381
  1995   07    10.517
  1995   08     8.933
  1995   09     8.583
  1995   10     9.529
  1995   11    11.024
  1995   12    12.748
  1996   01    14.326
  1996   02    15.477
  1996   03    16.236
  1996   04    15.912
  1996   05    14.974
  1996   06    12.249
  1996   07     9.774
  1996   08     8.271
  1996   09     8.004
  1996   10     9.162
  1996   11    10.684
  1996   12    12.339
  1997   01    14.540
  1997   02    15.946
  1997   03    16.087
  1997   04    15.919
  1997   05    14.365
  1997   06    12.144
  1997   07     9.317
  1997   08     8.190
  1997   09     8.217
  1997   10     9.130
  1997   11    10.616
  1997   12    12.524
  1998   01    14.166
  1998   02    15.399
  1998   03    15.948
  1998   04    15.511
  1998   05    14.091
  1998   06    12.268
  1998   07    10.595
  1998   08     8.856
  1998   09     8.633
  1998   10     9.649
  1998   11    11.128
  1998   12    13.014
  1999   01    14.641
  1999   02    15.669
  1999   03    15.924
  1999   04    15.975
  1999   05    14.687
  1999   06    12.201
  1999   07     9.766
  1999   08     7.838
  1999   09     7.663
  1999   10     9.326
  1999   11    10.433
  1999   12    12.389
  2000   01    14.171
  2000   02    15.720
  2000   03    16.254
  2000   04    15.953
  2000   05    14.766
  2000   06    12.504
  2000   07     9.966
  2000   08     8.272
  2000   09     7.877
  2000   10     9.498
  2000   11    10.547
  2000   12    12.650
  2001   01    14.367
  2001   02    15.812
  2001   03    16.326
  2001   04    16.165
  2001   05    14.775
  2001   06    11.648
  2001   07     8.912
  2001   08     7.657
  2001   09     7.195
  2001   10     8.484
  2001   11    10.352
  2001   12    12.212
  2002   01    13.953
  2002   02    15.107
  2002   03    15.898
  2002   04    15.819
  2002   05    14.658
  2002   06    12.217
  2002   07     9.814
  2002   08     8.725
  2002   09     8.457
  2002   10     9.273
  2002   11    10.604
  2002   12    12.655
  2003   01    14.440
  2003   02    15.674
  2003   03    16.159
  2003   04    16.207
  2003   05    14.985
  2003   06    12.350
  2003   07     9.746
  2003   08     8.713
  2003   09     8.065
  2003   10     9.126
  2003   11    10.583
  2003   12    12.733
  2004   01    14.354
  2004   02    15.216
  2004   03    15.928
  2004   04    15.683
  2004   05    14.155
  2004   06    11.414
  2004   07     8.672
  2004   08     7.177
  2004   09     7.103
  2004   10     8.500
  2004   11    10.375
  2004   12    12.449
  2005   01    13.860
  2005   02    15.022
  2005   03    15.701
  2005   04    15.531
  2005   05    14.568
  2005   06    12.017
  2005   07     9.821
  2005   08     7.964
  2005   09     7.923
  2005   10     9.064
  2005   11    10.684
  2005   12    12.695
  2006   01    13.979
  2006   02    15.220
  2006   03    15.819
  2006   04    15.249
  2006   05    13.776
  2006   06    12.011
  2006   07     9.669
  2006   08     8.210
  2006   09     8.151
  2006   10     9.184
  2006   11    10.612
  2006   12    12.810
  2007   01    14.819
  2007   02    15.961
  2007   03    16.726
  2007   04    16.635
  2007   05    15.027
  2007   06    12.951
  2007   07    10.139
  2007   08     8.085
  2007   09     7.662
  2007   10     9.357
  2007   11    11.110
  2007   12    13.356
  2008   01    15.306
  2008   02    16.413
  2008   03    17.011
  2008   04    16.835
  2008   05    15.427
  2008   06    12.660
  2008   07    10.269
  2008   08     8.903
  2008   09     8.523
  2008   10     9.887
  2008   11    11.119
  2008   12    13.304
  2009   01    14.609
  2009   02    15.868
  2009   03    16.676
  2009   04    16.693
  2009   05    14.619
  2009   06    12.122
  2009   07    10.131
  2009   08     8.251
  2009   09     7.938
  2009   10     9.217
  2009   11    11.088
  2009   12    12.905
  2010   01    14.462
  2010   02    15.824
  2010   03    16.507
  2010   04    16.249
  2010   05    14.659
  2010   06    12.385
  2010   07     9.746
  2010   08     8.204
  2010   09     8.233
  2010   10     9.051
  2010   11    10.810
  2010   12    12.695
  2011   01    14.318
  2011   02    15.315
  2011   03    16.053
  2011   04    16.112
  2011   05    14.709
  2011   06    12.181
  2011   07     9.856
  2011   08     8.386
  2011   09     7.883
  2011   10     8.851
  2011   11    10.327
  2011   12    12.270
  2012   01    13.912
  2012   02    15.263
  2012   03    16.249
  2012   04    16.164
  2012   05    14.857
  2012   06    12.807
  2012   07    10.415
  2012   08     9.262
  2012   09     8.629
  2012   10     9.962
  2012   11    11.182
  2012   12    12.907
  2013   01    14.832
  2013   02    16.223
  2013   03    16.501
  2013   04    16.037
  2013   05    14.789
  2013   06    12.517
  2013   07     9.984
  2013   08     8.585
  2013   09     8.393
  2013   10     9.451
  2013   11    10.570
  2013   12    12.421
  2014   01    14.158
  2014   02    15.843
  2014   03    16.832
  2014   04    16.718
  2014   05    15.182
  2014   06    12.671
  2014   07     9.738
  2014   08     8.393
  2014   09     7.952
  2014   10     9.407
  2014   11    10.886
  2014   12    13.216
  2015   01    14.276
  2015   02    15.985
  2015   03    17.021
  2015   04    16.524
  2015   05    15.150
  2015   06    13.121
  2015   07    10.761
  2015   08     8.559
  2015   09     7.793
  2015   10     9.066
  2015   11    11.130
  2015   12    13.289
  2016   01    14.814
  2016   02    16.546
  2016   03    17.081
  2016   04    16.598
  2016   05    14.888
  2016   06    12.469
  2016   07    10.392
  2016   08     8.696
  2016   09     8.155
  2016   10     9.165
  2016   11    10.698
  2016   12    12.275
  2017   01    14.122
  2017   02    15.419
  2017   03    16.173
  2017   04    16.185
  2017   05    14.428
  2017   06    12.342
  2017   07     9.761
  2017   08     8.506
  2017   09     8.231
  2017   10     9.080
  2017   11    10.380
  2017   12    12.303
  2018   01    14.426
  2018   02    15.974
  2018   03    16.770
  2018   04    16.766
  2018   05    15.342
  2018   06    12.436
  2018   07    10.040
  2018   08     8.355
  2018   09     7.934
  2018   10     9.136
  2018   11    10.761
  2018   12    12.578
  2019   01    14.246
  2019   02    15.437
  2019   03    16.296
  2019   04    16.277
  2019   05    14.923
  2019   06    11.941
  2019   07     9.944
  2019   08     8.344
  2019   09     8.031
  2019   10     9.285
  2019   11    11.027
  2019   12    12.902
  2020   01    14.724
  2020   02    15.798
  2020   03    16.256
  2020   04    15.906
  2020   05    14.884
  2020   06    12.082
  2020   07    10.451
  2020   08     8.933
  2020   09     8.181
  2020   10     9.455
  2020   11    10.892
  2020   12    12.555
  2021   01    14.147
  2021   02    15.712
  2021   03    16.625
  2021   04    16.488
  2021   05    15.365
  2021   06    12.794
  2021   07    10.350
  2021   08     8.673
  2021   09     8.415
  2021   10     9.211
  2021   11    10.661
  2021   12    12.469
  2022   01    14.170
  2022   02    15.609
  2022   03    16.184
  2022   04    16.103
  2022   05    14.886
  2022   06    12.175
  2022   07     9.804
  2022   08     7.983
  2022   09     7.561
  2022   10     9.035
  2022   11    10.671
  2022   12    12.339
  2023   01    13.909
  2023   02    15.092
  2023   03    16.110
  2023   04    16.032
  2023   05    15.202
  2023   06    13.222
  2023   07    10.139
  2023   08     8.026
  2023   09     7.641
  2023   10     9.135
  2023   11    10.749
  2023   12    13.047
  2024   01    14.738
  2024   02    16.098
  2024   03    16.659
  2024   04    16.714
  2024   05    15.041
  2024   06    12.390
  2024   07     9.677
  2024   08     8.231
  2024   09     7.667
  2024   10     9.196
  2024   11    10.950
  2024   12    12.558
  2025   01    14.698
  2025   02    15.900
  2025   03    16.547
  2025   04    16.206
  2025   05    15.022
  2025   06    12.419
  2025   07     9.876
  2025   08     8.989
  2025   09     8.417
  2025   10     9.326
  2025   11    10.778
  2025   12    12.531
  2026   01    14.430
  2026   02    15.093
  2026   03    15.925
  2026   04    15.704
  2026   05    14.185
  2026   06    12.022
  2026   07     9.903
  2026   08     8.670
  2026   09     8.192
  2026   10     9.400
  2026   11    10.532
  2026   12    12.158
  2027   01    14.430
  2027   02    15.163
  2027   03    15.575
  2027   04    15.719
  2027   05    14.620
  2027   06    12.235
  2027   07     9.794
  2027   08     7.958
  2027   09     7.462
  2027   10     9.053
  2027   11    10.881
  2027   12    12.431
  2028   01    14.141
  2028   02    15.535
  2028   03    16.223
  2028   04    15.966
  2028   05    14.436
  2028   06    12.535
  2028   07     9.870
  2028   08     8.401
  2028   09     8.062
  2028   10     9.110
  2028   11    10.543
  2028   12    12.127
  2029   01    14.093
  2029   02    15.246
  2029   03    15.961
  2029   04    15.922
  2029   05    15.034
  2029   06    12.694
  2029   07    10.007
  2029   08     8.252
  2029   09     7.626
  2029   10     9.203
  2029   11    10.730
  2029   12    12.691
  2030   01    14.426
  2030   02    15.725
  2030   03    16.331
  2030   04    16.111
  2030   05    14.711
  2030   06    12.406
  2030   07    10.020
  2030   08     8.408
  2030   09     7.938
  2030   10     9.448
  2030   11    10.559
  2030   12    12.639
  2031   01    13.974
  2031   02    15.074
  2031   03    15.740
  2031   04    15.493
  2031   05    14.003
  2031   06    12.232
  2031   07     9.233
  2031   08     7.935
  2031   09     7.687
  2031   10     8.670
  2031   11    10.229
  2031   12    11.951
  2032   01    13.453
  2032   02    15.067
  2032   03    15.685
  2032   04    15.428
  2032   05    14.326
  2032   06    12.099
  2032   07     8.915
  2032   08     7.725
  2032   09     7.236
  2032   10     8.458
  2032   11     9.860
  2032   12    11.828
  2033   01    13.899
  2033   02    15.122
  2033   03    15.520
  2033   04    15.366
  2033   05    14.103
  2033   06    11.404
  2033   07     9.241
  2033   08     8.199
  2033   09     7.648
  2033   10     8.914
  2033   11    10.192
  2033   12    12.066
  2034   01    13.957
  2034   02    15.226
  2034   03    15.684
  2034   04    15.836
  2034   05    14.215
  2034   06    11.293
  2034   07     8.846
  2034   08     7.771
  2034   09     7.068
  2034   10     8.168
  2034   11     9.742
  2034   12    11.447
  2035   01    13.859
  2035   02    14.921
  2035   03    15.552
  2035   04    15.318
  2035   05    14.197
  2035   06    11.546
  2035   07     8.775
  2035   08     7.493
  2035   09     7.053
  2035   10     8.133
  2035   11     9.994
  2035   12    12.025
  2036   01    14.090
  2036   02    14.869
  2036   03    15.511
  2036   04    15.313
  2036   05    14.171
  2036   06    11.668
  2036   07     8.712
  2036   08     7.060
  2036   09     6.868
  2036   10     7.978
  2036   11     9.863
  2036   12    11.870
  2037   01    13.904
  2037   02    14.725
  2037   03    15.369
  2037   04    15.391
  2037   05    13.956
  2037   06    12.003
  2037   07     9.327
  2037   08     7.199
  2037   09     6.394
  2037   10     8.386
  2037   11    10.556
  2037   12    12.105
  2038   01    13.695
  2038   02    14.315
  2038   03    15.039
  2038   04    14.727
  2038   05    13.565
  2038   06    11.492
  2038   07     9.373
  2038   08     7.888
  2038   09     7.441
  2038   10     8.744
  2038   11    10.519
  2038   12    12.606
  2039   01    13.420
  2039   02    14.482
  2039   03    15.112
  2039   04    15.165
  2039   05    13.676
  2039   06    11.579
  2039   07     9.801
  2039   08     7.586
  2039   09     7.170
  2039   10     8.764
  2039   11    10.245
  2039   12    11.854
  2040   01    13.575
  2040   02    14.316
  2040   03    15.166
  2040   04    15.204
  2040   05    13.463
  2040   06    11.603
  2040   07     9.923
  2040   08     8.755
  2040   09     7.973
  2040   10     9.203
  2040   11    10.414
  2040   12    11.768
  2041   01    13.379
  2041   02    14.317
  2041   03    15.078
  2041   04    14.529
  2041   05    13.227
  2041   06    11.489
  2041   07     9.389
  2041   08     8.028
  2041   09     7.310
  2041   10     8.711
  2041   11    10.482
  2041   12    12.167
  2042   01    13.890
  2042   02    14.991
  2042   03    15.441
  2042   04    14.991
  2042   05    13.499
  2042   06    11.459
  2042   07     8.401
  2042   08     7.095
  2042   09     6.875
  2042   10     7.952
  2042   11    10.021
  2042   12    11.518
  2043   01    13.205
  2043   02    14.068
  2043   03    14.888
  2043   04    14.791
  2043   05    13.068
  2043   06    10.979
  2043   07     8.069
  2043   08     6.374
  2043   09     5.652
  2043   10     7.128
  2043   11     9.695
  2043   12    11.322
  2044   01    13.110
  2044   02    13.858
  2044   03    14.570
  2044   04    14.453
  2044   05    13.246
  2044   06    10.328
  2044   07     8.497
  2044   08     7.444
  2044   09     6.967
  2044   10     8.496
  2044   11     9.623
  2044   12    10.900
  2045   01    13.295
  2045   02    14.176
  2045   03    14.745
  2045   04    14.681
  2045   05    13.555
  2045   06    11.452
  2045   07     8.212
  2045   08     7.031
  2045   09     6.325
  2045   10     7.805
  2045   11     9.721
  2045   12    11.392
  2046   01    13.223
  2046   02    14.237
  2046   03    14.925
  2046   04    14.698
  2046   05    13.412
  2046   06    11.470
  2046   07     9.394
  2046   08     7.363
  2046   09     6.421
  2046   10     7.940
  2046   11    10.357
  2046   12    12.225
  2047   01    13.890
  2047   02    14.636
  2047   03    14.938
  2047   04    14.828
  2047   05    13.675
  2047   06    11.167
  2047   07     9.566
  2047   08     7.535
  2047   09     6.421
  2047   10     8.590
  2047   11    10.328
  2047   12    11.923
  2048   01    13.635
  2048   02    14.701
  2048   03    15.423
  2048   04    15.457
  2048   05    14.267
  2048   06    11.577
  2048   07     9.195
  2048   08     6.903
  2048   09     6.481
  2048   10     7.962
  2048   11    10.353
  2048   12    12.039
  2049   01    14.255
  2049   02    15.015
  2049   03    15.522
  2049   04    15.090
  2049   05    13.947
  2049   06    11.786
  2049   07     9.653
  2049   08     7.684
  2049   09     7.073
  2049   10     8.724
  2049   11    10.781
  2049   12    12.257
  2050   01    14.257
  2050   02    15.412
  2050   03    15.521
  2050   04    15.363
  2050   05    13.933
  2050   06    11.066
  2050   07     8.683
  2050   08     7.504
  2050   09     6.641
  2050   10     7.755
  2050   11     9.526
  2050   12    11.745
  2051   01    13.829
  2051   02    14.910
  2051   03    15.420
  2051   04    15.436
  2051   05    13.974
  2051   06    11.312
  2051   07     9.026
  2051   08     7.914
  2051   09     7.410
  2051   10     8.718
  2051   11    10.203
  2051   12    11.482
  2052   01    13.278
  2052   02    14.498
  2052   03    14.865
  2052   04    14.711
  2052   05    13.756
  2052   06    11.433
  2052   07     8.952
  2052   08     7.154
  2052   09     6.412
  2052   10     8.178
  2052   11    10.198
  2052   12    11.727
  2053   01    13.206
  2053   02    14.368
  2053   03    15.203
  2053   04    15.287
  2053   05    13.823
  2053   06    11.141
  2053   07     9.077
  2053   08     7.653
  2053   09     7.127
  2053   10     8.584
  2053   11    10.217
  2053   12    11.698
  2054   01    13.523
  2054   02    14.108
  2054   03    14.860
  2054   04    14.569
  2054   05    12.983
  2054   06    11.022
  2054   07     8.932
  2054   08     7.640
  2054   09     7.202
  2054   10     8.434
  2054   11     9.715
  2054   12    11.506
  2055   01    13.242
  2055   02    14.043
  2055   03    14.729
  2055   04    14.211
  2055   05    12.930
  2055   06    11.416
  2055   07     9.223
  2055   08     7.767
  2055   09     6.984
  2055   10     8.113
  2055   11     9.829
  2055   12    11.620
  2056   01    13.085
  2056   02    14.177
  2056   03    14.625
  2056   04    14.173
  2056   05    12.781
  2056   06    11.176
  2056   07     8.675
  2056   08     6.868
  2056   09     6.417
  2056   10     8.105
  2056   11     9.625
  2056   12    11.084
  2057   01    12.727
  2057   02    13.580
  2057   03    14.203
  2057   04    14.022
  2057   05    12.563
  2057   06    10.433
  2057   07     8.037
  2057   08     6.355
  2057   09     5.618
  2057   10     6.792
  2057   11     9.845
  2057   12    11.474
  2058   01    13.047
  2058   02    13.855
  2058   03    14.508
  2058   04    14.524
  2058   05    13.245
  2058   06    11.016
  2058   07     8.576
  2058   08     6.875
  2058   09     6.486
  2058   10     7.962
  2058   11     9.585
  2058   12    11.244
  2059   01    13.137
  2059   02    14.380
  2059   03    15.049
  2059   04    15.221
  2059   05    13.579
  2059   06    11.091
  2059   07     9.145
  2059   08     6.997
  2059   09     6.436
  2059   10     8.116
  2059   11     9.909
  2059   12    11.381
  2060   01    13.336
  2060   02    13.895
  2060   03    14.562
  2060   04    14.528
  2060   05    12.940
  2060   06    10.527
  2060   07     7.983
  2060   08     6.950
  2060   09     6.210
  2060   10     7.716
  2060   11     9.529
  2060   12    10.936
  2061   01    12.848
  2061   02    14.005
  2061   03    14.600
  2061   04    13.941
  2061   05    12.460
  2061   06    10.818
  2061   07     8.212
  2061   08     6.234
  2061   09     5.698
  2061   10     7.104
  2061   11     9.417
  2061   12    11.013
  2062   01    12.738
  2062   02    13.811
  2062   03    14.616
  2062   04    14.440
  2062   05    13.033
  2062   06     9.874
  2062   07     7.748
  2062   08     6.104
  2062   09     5.879
  2062   10     7.235
  2062   11     9.093
  2062   12    10.699
  2063   01    12.826
  2063   02    14.272
  2063   03    14.562
  2063   04    14.355
  2063   05    12.883
  2063   06    10.601
  2063   07     7.966
  2063   08     6.556
  2063   09     5.893
  2063   10     7.848
  2063   11     9.656
  2063   12    10.987
  2064   01    13.116
  2064   02    14.257
  2064   03    14.896
  2064   04    14.658
  2064   05    13.239
  2064   06    10.172
  2064   07     8.536
  2064   08     7.096
  2064   09     6.620
  2064   10     7.764
  2064   11     9.619
  2064   12    10.841
  2065   01    12.819
  2065   02    13.949
  2065   03    14.547
  2065   04    14.026
  2065   05    12.805
  2065   06    10.681
  2065   07     8.671
  2065   08     6.860
  2065   09     6.231
  2065   10     7.726
  2065   11     9.705
  2065   12    11.311
  2066   01    13.067
  2066   02    14.052
  2066   03    14.578
  2066   04    14.015
  2066   05    12.751
  2066   06    10.842
  2066   07     8.333
  2066   08     7.146
  2066   09     6.407
  2066   10     8.071
  2066   11     9.868
  2066   12    11.305
  2067   01    13.452
  2067   02    14.456
  2067   03    14.847
  2067   04    14.659
  2067   05    13.321
  2067   06    10.959
  2067   07     9.454
  2067   08     7.655
  2067   09     6.587
  2067   10     8.478
  2067   11    10.412
  2067   12    11.853
  2068   01    13.616
  2068   02    14.487
  2068   03    15.162
  2068   04    15.102
  2068   05    13.849
  2068   06    11.188
  2068   07     9.593
  2068   08     7.295
  2068   09     6.777
  2068   10     8.549
  2068   11    10.432
  2068   12    11.888
  2069   01    13.809
  2069   02    14.906
  2069   03    15.203
  2069   04    15.003
  2069   05    13.639
  2069   06    11.035
  2069   07     9.211
  2069   08     7.665
  2069   09     7.325
  2069   10     8.412
  2069   11    10.208
  2069   12    11.643
  2070   01    13.343
  2070   02    14.233
  2070   03    15.020
  2070   04    14.850
  2070   05    13.392
  2070   06    11.126
  2070   07     8.609
  2070   08     7.279
  2070   09     6.494
  2070   10     7.631
  2070   11     9.631
  2070   12    11.155
  2071   01    12.968
  2071   02    14.273
  2071   03    15.009
  2071   04    14.289
  2071   05    12.445
  2071   06    10.932
  2071   07     8.686
  2071   08     7.255
  2071   09     6.839
  2071   10     7.999
  2071   11     9.624
  2071   12    11.156
  2072   01    12.927
  2072   02    13.684
  2072   03    14.205
  2072   04    13.980
  2072   05    12.838
  2072   06    10.709
  2072   07     8.128
  2072   08     6.966
  2072   09     6.411
  2072   10     7.828
  2072   11     9.242
  2072   12    11.073
  2073   01    12.833
  2073   02    14.073
  2073   03    14.467
  2073   04    14.290
  2073   05    12.861
  2073   06    10.437
  2073   07     7.688
  2073   08     6.889
  2073   09     6.578
  2073   10     7.574
  2073   11     9.303
  2073   12    10.698
  2074   01    12.832
  2074   02    14.059
  2074   03    14.666
  2074   04    14.555
  2074   05    13.054
  2074   06    10.565
  2074   07     8.057
  2074   08     6.673
  2074   09     6.306
  2074   10     7.449
  2074   11     9.417
  2074   12    11.137
  2075   01    12.974
  2075   02    14.005
  2075   03    14.555
  2075   04    14.040
  2075   05    12.686
  2075   06    10.722
  2075   07     8.462
  2075   08     6.965
  2075   09     6.121
  2075   10     7.551
  2075   11     9.346
  2075   12    11.160
  2076   01    13.094
  2076   02    13.958
  2076   03    14.688
  2076   04    14.191
  2076   05    13.082
  2076   06    11.280
  2076   07     8.752
  2076   08     7.606
  2076   09     7.009
  2076   10     8.318
  2076   11     9.789
  2076   12    10.951
  2077   01    12.848
  2077   02    14.018
  2077   03    14.457
  2077   04    14.302
  2077   05    12.998
  2077   06     9.562
  2077   07     8.437
  2077   08     7.350
  2077   09     6.931
  2077   10     7.708
  2077   11     9.367
  2077   12    10.846
  2078   01    13.019
  2078   02    13.602
  2078   03    14.483
  2078   04    14.234
  2078   05    13.187
  2078   06    10.315
  2078   07     8.791
  2078   08     7.018
  2078   09     6.770
  2078   10     7.844
  2078   11     9.837
  2078   12    11.090
  2079   01    13.013
  2079   02    13.810
  2079   03    14.246
  2079   04    14.066
  2079   05    13.182
  2079   06    10.693
  2079   07     8.608
  2079   08     6.700
  2079   09     6.150
  2079   10     7.108
  2079   11     9.194
  2079   12    10.807
  2080   01    12.643
  2080   02    13.486
  2080   03    14.049
  2080   04    13.787
  2080   05    12.496
  2080   06    11.138
  2080   07     8.813
  2080   08     6.451
  2080   09     5.927
  2080   10     7.382
  2080   11     9.560
  2080   12    11.240
  2081   01    13.150
  2081   02    14.191
  2081   03    14.709
  2081   04    14.145
  2081   05    12.859
  2081   06    10.925
  2081   07     8.784
  2081   08     6.977
  2081   09     6.217
  2081   10     7.488
  2081   11    10.025
  2081   12    11.989
  2082   01    13.868
  2082   02    14.865
  2082   03    15.434
  2082   04    15.009
  2082   05    13.556
  2082   06    10.860
  2082   07     8.383
  2082   08     7.198
  2082   09     6.476
  2082   10     7.876
  2082   11     9.233
  2082   12    10.740
  2083   01    12.714
  2083   02    13.965
  2083   03    14.750
  2083   04    14.651
  2083   05    13.006
  2083   06    10.416
  2083   07     8.190
  2083   08     6.822
  2083   09     5.991
  2083   10     7.594
  2083   11     9.719
  2083   12    11.366
  2084   01    13.227
  2084   02    13.589
  2084   03    14.300
  2084   04    13.951
  2084   05    12.792
  2084   06    11.143
  2084   07     9.263
  2084   08     7.571
  2084   09     6.765
  2084   10     8.233
  2084   11    10.030
  2084   12    11.426
  2085   01    13.192
  2085   02    14.034
  2085   03    14.731
  2085   04    14.432
  2085   05    12.909
  2085   06    11.104
  2085   07     8.890
  2085   08     6.267
  2085   09     6.009
  2085   10     7.436
  2085   11     9.976
  2085   12    11.555
  2086   01    13.183
  2086   02    14.154
  2086   03    14.799
  2086   04    14.743
  2086   05    12.926
  2086   06    10.818
  2086   07     8.582
  2086   08     6.826
  2086   09     6.285
  2086   10     7.777
  2086   11     9.545
  2086   12    10.991
  2087   01    13.020
  2087   02    14.645
  2087   03    15.159
  2087   04    14.500
  2087   05    13.017
  2087   06    10.653
  2087   07     8.369
  2087   08     6.911
  2087   09     6.475
  2087   10     7.856
  2087   11     9.539
  2087   12    10.890
  2088   01    12.886
  2088   02    13.938
  2088   03    14.578
  2088   04    14.176
  2088   05    12.697
  2088   06    10.438
  2088   07     7.720
  2088   08     6.574
  2088   09     5.692
  2088   10     6.983
  2088   11     9.169
  2088   12    11.077
  2089   01    12.578
  2089   02    13.910
  2089   03    14.434
  2089   04    14.149
  2089   05    12.735
  2089   06    10.201
  2089   07     8.103
  2089   08     6.674
  2089   09     5.925
  2089   10     7.121
  2089   11     9.147
  2089   12    10.527
  2090   01    12.375
  2090   02    13.352
  2090   03    13.692
  2090   04    13.514
  2090   05    12.059
  2090   06     9.864
  2090   07     7.808
  2090   08     6.079
  2090   09     4.936
  2090   10     6.246
  2090   11     8.764
  2090   12    10.869
  2091   01    12.507
  2091   02    13.640
  2091   03    14.074
  2091   04    13.827
  2091   05    12.602
  2091   06    10.650
  2091   07     8.771
  2091   08     6.708
  2091   09     5.790
  2091   10     7.477
  2091   11     9.319
  2091   12    10.925
  2092   01    12.519
  2092   02    13.418
  2092   03    13.799
  2092   04    13.636
  2092   05    12.071
  2092   06    10.671
  2092   07     8.726
  2092   08     7.060
  2092   09     6.660
  2092   10     7.861
  2092   11     9.528
  2092   12    10.807
  2093   01    12.519
  2093   02    13.595
  2093   03    14.145
  2093   04    13.932
  2093   05    12.515
  2093   06    10.561
  2093   07     7.993
  2093   08     6.332
  2093   09     5.900
  2093   10     7.550
  2093   11     9.861
  2093   12    11.295
  2094   01    12.986
  2094   02    13.716
  2094   03    14.327
  2094   04    13.786
  2094   05    12.678
  2094   06    10.502
  2094   07     8.608
  2094   08     6.514
  2094   09     6.178
  2094   10     7.397
  2094   11     9.135
  2094   12    10.551
  2095   01    12.285
  2095   02    13.209
  2095   03    13.572
  2095   04    13.606
  2095   05    12.338
  2095   06    10.528
  2095   07     8.088
  2095   08     5.943
  2095   09     5.548
  2095   10     6.451
  2095   11     8.907
  2095   12    10.764
  2096   01    12.388
  2096   02    13.268
  2096   03    13.868
  2096   04    13.690
  2096   05    12.305
  2096   06    10.411
  2096   07     8.373
  2096   08     6.716
  2096   09     6.186
  2096   10     7.785
  2096   11     9.489
  2096   12    11.020
  2097   01    12.664
  2097   02    13.998
  2097   03    14.281
  2097   04    14.051
  2097   05    12.935
  2097   06    11.044
  2097   07     8.478
  2097   08     6.631
  2097   09     6.081
  2097   10     7.617
  2097   11     9.388
  2097   12    11.072
  2098   01    12.778
  2098   02    13.496
  2098   03    13.872
  2098   04    13.873
  2098   05    12.328
  2098   06    10.803
  2098   07     8.313
  2098   08     6.853
  2098   09     6.250
  2098   10     7.520
  2098   11     9.310
  2098   12    11.064
  2099   01    12.587
  2099   02    13.115
  2099   03    13.522
  2099   04    13.179
  2099   05    11.757
  2099   06    10.171
  2099   07     8.221
  2099   08     6.425
  2099   09     5.829
  2099   10     7.216
  2099   11     9.053
  2099   12    10.445
  2100   01    12.431
  2100   02    13.291
  2100   03    13.687
  2100   04    13.483
  2100   05    12.344
  2100   06    10.477
  2100   07     8.778
  2100   08     6.007
  2100   09     5.681
  2100   10     7.098
  2100   11     9.170
  2100   12    10.989
