  1850   01    18.352
  1850   02    19.780
  1850   03    20.686
  1850   04    20.825
  1850   05    20.067
  1850   06    17.843
  1850   07    12.166
  1850   08     8.728
  1850   09     7.784
  1850   10     9.959
  1850   11    13.203
  1850   12    16.360
  1851   01    18.333
  1851   02    19.666
  1851   03    20.501
  1851   04    20.681
  1851   05    20.052
  1851   06    16.840
  1851   07    12.355
  1851   08     8.922
  1851   09     7.478
  1851   10     9.624
  1851   11    12.439
  1851   12    15.721
  1852   01    18.703
  1852   02    20.093
  1852   03    20.551
  1852   04    20.441
  1852   05    19.836
  1852   06    17.788
  1852   07    12.144
  1852   08     8.857
  1852   09     7.539
  1852   10     9.787
  1852   11    12.424
  1852   12    15.883
  1853   01    18.418
  1853   02    19.879
  1853   03    20.662
  1853   04    20.819
  1853   05    20.007
  1853   06    17.417
  1853   07    12.702
  1853   08     9.557
  1853   09     8.673
  1853   10    10.584
  1853   11    13.142
  1853   12    16.076
  1854   01    17.687
  1854   02    19.091
  1854   03    20.133
  1854   04    20.380
  1854   05    19.912
  1854   06    17.557
  1854   07    12.768
  1854   08     9.767
  1854   09     8.160
  1854   10    10.634
  1854   11    13.358
  1854   12    15.863
  1855   01    17.911
  1855   02    19.761
  1855   03    20.550
  1855   04    20.571
  1855   05    19.573
  1855   06    17.220
  1855   07    12.847
  1855   08     9.924
  1855   09     8.721
  1855   10    10.520
  1855   11    12.787
  1855   12    16.436
  1856   01    18.861
  1856   02    20.039
  1856   03    20.901
  1856   04    20.967
  1856   05    20.362
  1856   06    18.399
  1856   07    12.973
  1856   08     9.413
  1856   09     8.482
  1856   10    10.570
  1856   11    13.130
  1856   12    16.428
  1857   01    18.257
  1857   02    19.459
  1857   03    20.251
  1857   04    20.145
  1857   05    19.438
  1857   06    17.280
  1857   07    12.494
  1857   08     9.497
  1857   09     8.478
  1857   10    10.878
  1857   11    13.365
  1857   12    16.353
  1858   01    18.410
  1858   02    19.968
  1858   03    20.678
  1858   04    20.646
  1858   05    20.047
  1858   06    17.739
  1858   07    12.929
  1858   08    10.209
  1858   09     8.253
  1858   10    11.022
  1858   11    13.072
  1858   12    16.345
  1859   01    18.698
  1859   02    20.027
  1859   03    20.616
  1859   04    20.810
  1859   05    19.823
  1859   06    17.480
  1859   07    12.733
  1859   08     9.411
  1859   09     8.372
  1859   10    10.437
  1859   11    12.816
  1859   12    15.750
  1860   01    17.995
  1860   02    19.160
  1860   03    20.312
  1860   04    20.160
  1860   05    19.161
  1860   06    17.384
  1860   07    12.746
  1860   08     8.585
  1860   09     7.710
  1860   10     9.413
  1860   11    12.699
  1860   12    15.532
  1861   01    17.722
  1861   02    19.294
  1861   03    19.887
  1861   04    19.875
  1861   05    19.104
  1861   06    17.398
  1861   07    12.563
  1861   08     8.765
  1861   09     7.824
  1861   10    10.204
  1861   11    13.123
  1861   12    16.048
  1862   01    17.966
  1862   02    19.265
  1862   03    19.943
  1862   04    19.924
  1862   05    19.332
  1862   06    17.271
  1862   07    12.817
  1862   08    10.015
  1862   09     8.899
  1862   10    10.586
  1862   11    12.846
  1862   12    16.352
  1863   01    18.005
  1863   02    19.387
  1863   03    20.072
  1863   04    20.257
  1863   05    19.586
  1863   06    17.126
  1863   07    12.510
  1863   08     9.465
  1863   09     8.406
  1863   10    10.164
  1863   11    12.664
  1863   12    16.283
  1864   01    18.594
  1864   02    19.960
  1864   03    20.352
  1864   04    20.355
  1864   05    19.538
  1864   06    17.918
  1864   07    12.076
  1864   08     8.755
  1864   09     7.653
  1864   10     9.675
  1864   11    12.990
  1864   12    15.919
  1865   01    18.204
  1865   02    19.198
  1865   03    20.124
  1865   04    20.105
  1865   05    19.414
  1865   06    17.190
  1865   07    12.164
  1865   08     9.151
  1865   09     7.729
  1865   10    10.003
  1865   11    12.659
  1865   12    15.720
  1866   01    17.842
  1866   02    19.321
  1866   03    20.083
  1866   04    20.286
  1866   05    19.456
  1866   06    17.144
  1866   07    12.475
  1866   08     9.494
  1866   09     8.512
  1866   10    10.305
  1866   11    12.633
  1866   12    16.473
  1867   01    18.961
  1867   02    20.241
  1867   03    20.907
  1867   04    20.813
  1867   05    20.048
  1867   06    17.812
  1867   07    12.630
  1867   08     9.194
  1867   09     8.257
  1867   10     9.972
  1867   11    12.311
  1867   12    15.878
  1868   01    18.450
  1868   02    19.935
  1868   03    20.602
  1868   04    20.690
  1868   05    20.020
  1868   06    17.463
  1868   07    12.092
  1868   08     9.179
  1868   09     8.512
  1868   10     9.963
  1868   11    12.414
  1868   12    16.270
  1869   01    19.089
  1869   02    19.974
  1869   03    20.507
  1869   04    20.510
  1869   05    19.412
  1869   06    17.124
  1869   07    12.543
  1869   08     9.205
  1869   09     8.273
  1869   10     9.920
  1869   11    13.263
  1869   12    16.126
  1870   01    18.743
  1870   02    20.043
  1870   03    20.643
  1870   04    20.601
  1870   05    19.955
  1870   06    17.698
  1870   07    13.168
  1870   08     9.599
  1870   09     8.406
  1870   10    10.458
  1870   11    13.319
  1870   12    16.485
  1871   01    18.875
  1871   02    20.029
  1871   03    20.609
  1871   04    20.538
  1871   05    19.817
  1871   06    17.715
  1871   07    12.418
  1871   08     9.452
  1871   09     8.213
  1871   10    10.199
  1871   11    12.741
  1871   12    15.808
  1872   01    18.375
  1872   02    19.562
  1872   03    20.358
  1872   04    20.528
  1872   05    19.930
  1872   06    17.777
  1872   07    12.507
  1872   08     8.953
  1872   09     7.839
  1872   10     9.803
  1872   11    12.746
  1872   12    16.385
  1873   01    18.610
  1873   02    19.786
  1873   03    20.205
  1873   04    20.231
  1873   05    19.511
  1873   06    18.024
  1873   07    12.305
  1873   08     8.807
  1873   09     7.732
  1873   10     9.929
  1873   11    12.851
  1873   12    16.065
  1874   01    18.365
  1874   02    20.028
  1874   03    20.401
  1874   04    20.111
  1874   05    19.101
  1874   06    16.772
  1874   07    12.863
  1874   08     8.764
  1874   09     7.377
  1874   10     9.595
  1874   11    11.880
  1874   12    15.396
  1875   01    17.470
  1875   02    19.351
  1875   03    20.151
  1875   04    20.087
  1875   05    19.233
  1875   06    17.068
  1875   07    11.780
  1875   08     8.458
  1875   09     7.413
  1875   10     9.090
  1875   11    12.161
  1875   12    15.586
  1876   01    18.845
  1876   02    19.833
  1876   03    20.525
  1876   04    20.495
  1876   05    20.089
  1876   06    17.496
  1876   07    12.342
  1876   08     9.765
  1876   09     8.069
  1876   10    10.000
  1876   11    12.870
  1876   12    15.676
  1877   01    17.637
  1877   02    19.108
  1877   03    19.684
  1877   04    19.669
  1877   05    18.958
  1877   06    17.068
  1877   07    12.078
  1877   08     8.994
  1877   09     8.003
  1877   10     9.855
  1877   11    12.502
  1877   12    15.945
  1878   01    18.137
  1878   02    19.655
  1878   03    20.057
  1878   04    19.944
  1878   05    19.133
  1878   06    16.698
  1878   07    11.925
  1878   08     8.727
  1878   09     7.108
  1878   10     9.294
  1878   11    12.588
  1878   12    15.567
  1879   01    17.449
  1879   02    18.710
  1879   03    19.561
  1879   04    19.502
  1879   05    18.860
  1879   06    17.162
  1879   07    12.035
  1879   08     8.875
  1879   09     7.551
  1879   10     9.791
  1879   11    13.172
  1879   12    16.395
  1880   01    18.424
  1880   02    19.591
  1880   03    20.134
  1880   04    20.144
  1880   05    19.066
  1880   06    17.180
  1880   07    12.470
  1880   08     8.068
  1880   09     6.802
  1880   10     9.323
  1880   11    12.091
  1880   12    16.008
  1881   01    18.087
  1881   02    19.352
  1881   03    20.087
  1881   04    20.093
  1881   05    19.297
  1881   06    16.907
  1881   07    12.383
  1881   08     8.557
  1881   09     6.680
  1881   10     9.826
  1881   11    12.671
  1881   12    16.304
  1882   01    18.548
  1882   02    19.758
  1882   03    20.379
  1882   04    20.387
  1882   05    19.591
  1882   06    17.749
  1882   07    12.814
  1882   08     9.131
  1882   09     8.099
  1882   10    10.459
  1882   11    13.215
  1882   12    16.215
  1883   01    18.724
  1883   02    19.886
  1883   03    20.496
  1883   04    20.568
  1883   05    19.688
  1883   06    16.819
  1883   07    12.433
  1883   08     8.730
  1883   09     7.505
  1883   10     9.413
  1883   11    12.160
  1883   12    15.351
  1884   01    17.770
  1884   02    19.191
  1884   03    19.929
  1884   04    19.979
  1884   05    19.175
  1884   06    17.120
  1884   07    12.605
  1884   08     9.258
  1884   09     7.969
  1884   10    10.359
  1884   11    13.215
  1884   12    16.784
  1885   01    18.714
  1885   02    19.883
  1885   03    20.374
  1885   04    20.233
  1885   05    19.619
  1885   06    17.393
  1885   07    12.212
  1885   08     9.345
  1885   09     8.622
  1885   10     9.960
  1885   11    13.151
  1885   12    16.300
  1886   01    18.529
  1886   02    19.940
  1886   03    20.410
  1886   04    20.496
  1886   05    19.561
  1886   06    17.427
  1886   07    12.853
  1886   08     9.581
  1886   09     8.490
  1886   10    10.528
  1886   11    13.002
  1886   12    16.506
  1887   01    18.940
  1887   02    20.058
  1887   03    20.595
  1887   04    20.533
  1887   05    19.729
  1887   06    17.444
  1887   07    11.983
  1887   08     8.935
  1887   09     8.222
  1887   10     9.833
  1887   11    12.294
  1887   12    15.877
  1888   01    18.100
  1888   02    19.684
  1888   03    20.448
  1888   04    20.489
  1888   05    19.684
  1888   06    17.209
  1888   07    12.551
  1888   08     8.796
  1888   09     7.803
  1888   10     9.786
  1888   11    12.629
  1888   12    15.939
  1889   01    18.539
  1889   02    19.912
  1889   03    20.736
  1889   04    20.814
  1889   05    20.142
  1889   06    17.782
  1889   07    11.190
  1889   08     8.511
  1889   09     7.729
  1889   10     9.397
  1889   11    12.311
  1889   12    16.025
  1890   01    18.498
  1890   02    19.888
  1890   03    20.370
  1890   04    20.263
  1890   05    19.479
  1890   06    17.493
  1890   07    12.019
  1890   08     8.716
  1890   09     7.981
  1890   10     9.570
  1890   11    12.677
  1890   12    15.991
  1891   01    18.037
  1891   02    19.342
  1891   03    20.307
  1891   04    20.212
  1891   05    19.485
  1891   06    17.355
  1891   07    12.399
  1891   08     8.795
  1891   09     8.181
  1891   10     9.958
  1891   11    12.485
  1891   12    16.090
  1892   01    18.047
  1892   02    19.727
  1892   03    20.526
  1892   04    20.667
  1892   05    19.877
  1892   06    17.733
  1892   07    12.347
  1892   08     9.164
  1892   09     8.155
  1892   10    10.035
  1892   11    12.654
  1892   12    15.250
  1893   01    17.894
  1893   02    19.535
  1893   03    20.229
  1893   04    20.354
  1893   05    19.521
  1893   06    17.053
  1893   07    11.855
  1893   08     9.030
  1893   09     8.125
  1893   10     9.912
  1893   11    12.550
  1893   12    16.020
  1894   01    18.473
  1894   02    20.018
  1894   03    20.644
  1894   04    20.628
  1894   05    19.705
  1894   06    17.774
  1894   07    12.377
  1894   08     8.511
  1894   09     7.481
  1894   10     9.664
  1894   11    12.709
  1894   12    16.211
  1895   01    18.627
  1895   02    19.985
  1895   03    20.495
  1895   04    20.297
  1895   05    19.696
  1895   06    17.637
  1895   07    12.321
  1895   08     8.834
  1895   09     7.997
  1895   10     9.390
  1895   11    12.726
  1895   12    16.239
  1896   01    18.664
  1896   02    19.676
  1896   03    20.279
  1896   04    20.407
  1896   05    19.834
  1896   06    17.872
  1896   07    12.315
  1896   08     8.664
  1896   09     7.336
  1896   10    10.097
  1896   11    13.002
  1896   12    16.347
  1897   01    18.151
  1897   02    19.371
  1897   03    20.366
  1897   04    20.624
  1897   05    20.161
  1897   06    16.910
  1897   07    12.117
  1897   08     8.172
  1897   09     7.505
  1897   10     9.769
  1897   11    12.632
  1897   12    16.026
  1898   01    18.531
  1898   02    19.778
  1898   03    20.213
  1898   04    19.929
  1898   05    19.231
  1898   06    17.444
  1898   07    12.527
  1898   08     8.742
  1898   09     7.363
  1898   10     9.379
  1898   11    12.253
  1898   12    15.525
  1899   01    17.828
  1899   02    19.163
  1899   03    19.952
  1899   04    19.896
  1899   05    19.328
  1899   06    17.141
  1899   07    10.700
  1899   08     8.409
  1899   09     7.412
  1899   10     9.239
  1899   11    12.137
  1899   12    16.019
  1900   01    18.212
  1900   02    19.492
  1900   03    19.960
  1900   04    19.981
  1900   05    19.514
  1900   06    17.188
  1900   07    12.212
  1900   08     8.784
  1900   09     7.680
  1900   10     9.687
  1900   11    12.403
  1900   12    15.898
  1901   01    17.939
  1901   02    19.324
  1901   03    19.906
  1901   04    19.900
  1901   05    19.168
  1901   06    17.312
  1901   07    12.144
  1901   08     8.551
  1901   09     7.442
  1901   10     9.807
  1901   11    12.388
  1901   12    15.690
  1902   01    18.427
  1902   02    19.571
  1902   03    20.593
  1902   04    20.316
  1902   05    19.193
  1902   06    17.178
  1902   07    12.028
  1902   08     8.969
  1902   09     7.577
  1902   10     9.727
  1902   11    12.455
  1902   12    15.218
  1903   01    17.567
  1903   02    19.013
  1903   03    19.720
  1903   04    19.816
  1903   05    19.130
  1903   06    17.277
  1903   07    12.504
  1903   08     9.075
  1903   09     8.013
  1903   10     9.513
  1903   11    12.533
  1903   12    16.099
  1904   01    18.325
  1904   02    19.631
  1904   03    20.215
  1904   04    20.018
  1904   05    19.326
  1904   06    17.197
  1904   07    12.539
  1904   08     9.316
  1904   09     8.242
  1904   10     9.624
  1904   11    12.417
  1904   12    16.281
  1905   01    18.512
  1905   02    19.866
  1905   03    20.480
  1905   04    20.464
  1905   05    19.671
  1905   06    16.713
  1905   07    12.007
  1905   08     8.832
  1905   09     7.619
  1905   10     9.932
  1905   11    12.624
  1905   12    15.602
  1906   01    17.681
  1906   02    19.288
  1906   03    19.952
  1906   04    19.897
  1906   05    19.374
  1906   06    17.738
  1906   07    12.275
  1906   08     8.800
  1906   09     7.720
  1906   10     9.788
  1906   11    12.584
  1906   12    16.278
  1907   01    18.414
  1907   02    19.664
  1907   03    20.232
  1907   04    20.310
  1907   05    19.548
  1907   06    17.504
  1907   07    13.007
  1907   08     9.159
  1907   09     7.670
  1907   10    10.396
  1907   11    12.394
  1907   12    16.160
  1908   01    17.728
  1908   02    19.231
  1908   03    20.038
  1908   04    20.151
  1908   05    19.060
  1908   06    16.380
  1908   07    11.845
  1908   08     8.719
  1908   09     7.593
  1908   10     9.888
  1908   11    12.252
  1908   12    14.972
  1909   01    17.089
  1909   02    18.472
  1909   03    19.246
  1909   04    19.385
  1909   05    18.548
  1909   06    16.394
  1909   07    11.919
  1909   08     8.976
  1909   09     7.769
  1909   10     9.105
  1909   11    11.489
  1909   12    15.281
  1910   01    17.445
  1910   02    19.071
  1910   03    19.742
  1910   04    19.894
  1910   05    19.091
  1910   06    16.836
  1910   07    12.017
  1910   08     8.848
  1910   09     7.613
  1910   10     9.927
  1910   11    12.442
  1910   12    15.478
  1911   01    17.765
  1911   02    19.139
  1911   03    20.058
  1911   04    20.032
  1911   05    19.214
  1911   06    17.120
  1911   07    12.479
  1911   08     9.135
  1911   09     8.129
  1911   10     9.615
  1911   11    12.427
  1911   12    16.015
  1912   01    18.126
  1912   02    19.527
  1912   03    20.518
  1912   04    20.660
  1912   05    19.512
  1912   06    16.783
  1912   07    11.699
  1912   08     8.789
  1912   09     7.563
  1912   10    10.017
  1912   11    12.577
  1912   12    15.987
  1913   01    18.247
  1913   02    19.750
  1913   03    20.496
  1913   04    20.827
  1913   05    20.173
  1913   06    17.923
  1913   07    11.930
  1913   08     8.597
  1913   09     7.674
  1913   10     9.418
  1913   11    12.348
  1913   12    16.182
  1914   01    18.906
  1914   02    20.277
  1914   03    20.920
  1914   04    21.068
  1914   05    19.868
  1914   06    17.765
  1914   07    12.638
  1914   08     8.824
  1914   09     7.593
  1914   10    10.035
  1914   11    13.574
  1914   12    16.633
  1915   01    18.151
  1915   02    19.821
  1915   03    20.875
  1915   04    21.066
  1915   05    20.295
  1915   06    18.338
  1915   07    13.116
  1915   08     8.921
  1915   09     7.754
  1915   10     9.618
  1915   11    12.718
  1915   12    15.680
  1916   01    17.769
  1916   02    19.711
  1916   03    20.703
  1916   04    20.800
  1916   05    20.016
  1916   06    17.567
  1916   07    11.979
  1916   08     8.647
  1916   09     7.711
  1916   10    10.067
  1916   11    12.347
  1916   12    15.858
  1917   01    18.367
  1917   02    19.852
  1917   03    20.342
  1917   04    20.287
  1917   05    19.748
  1917   06    17.511
  1917   07    11.683
  1917   08     8.555
  1917   09     7.709
  1917   10     9.294
  1917   11    11.530
  1917   12    15.470
  1918   01    17.992
  1918   02    19.123
  1918   03    19.891
  1918   04    20.230
  1918   05    19.775
  1918   06    17.396
  1918   07    11.443
  1918   08     8.483
  1918   09     7.600
  1918   10     9.392
  1918   11    12.183
  1918   12    16.195
  1919   01    18.973
  1919   02    20.175
  1919   03    20.630
  1919   04    20.675
  1919   05    19.707
  1919   06    17.512
  1919   07    12.279
  1919   08     8.466
  1919   09     7.089
  1919   10     8.801
  1919   11    11.812
  1919   12    15.027
  1920   01    17.499
  1920   02    18.882
  1920   03    19.832
  1920   04    20.021
  1920   05    19.384
  1920   06    16.749
  1920   07    11.361
  1920   08     8.077
  1920   09     6.875
  1920   10     8.610
  1920   11    11.636
  1920   12    15.640
  1921   01    17.939
  1921   02    19.631
  1921   03    20.100
  1921   04    20.094
  1921   05    19.555
  1921   06    17.423
  1921   07    11.861
  1921   08     8.744
  1921   09     7.765
  1921   10     9.191
  1921   11    12.230
  1921   12    15.547
  1922   01    18.000
  1922   02    19.521
  1922   03    20.155
  1922   04    20.221
  1922   05    19.663
  1922   06    17.207
  1922   07    11.567
  1922   08     8.805
  1922   09     7.501
  1922   10     9.095
  1922   11    11.607
  1922   12    16.195
  1923   01    18.513
  1923   02    19.970
  1923   03    20.666
  1923   04    20.714
  1923   05    19.840
  1923   06    17.316
  1923   07    11.992
  1923   08     8.582
  1923   09     7.015
  1923   10     9.103
  1923   11    11.532
  1923   12    15.937
  1924   01    18.626
  1924   02    19.980
  1924   03    20.657
  1924   04    20.750
  1924   05    20.266
  1924   06    16.821
  1924   07    11.646
  1924   08     8.072
  1924   09     6.942
  1924   10     8.700
  1924   11    11.648
  1924   12    14.878
  1925   01    17.901
  1925   02    19.258
  1925   03    20.170
  1925   04    20.247
  1925   05    19.288
  1925   06    16.229
  1925   07    11.914
  1925   08     7.956
  1925   09     6.774
  1925   10     9.045
  1925   11    11.459
  1925   12    15.501
  1926   01    18.700
  1926   02    19.986
  1926   03    20.645
  1926   04    20.806
  1926   05    19.757
  1926   06    17.051
  1926   07    11.034
  1926   08     7.715
  1926   09     6.534
  1926   10     8.852
  1926   11    11.278
  1926   12    15.238
  1927   01    17.859
  1927   02    19.603
  1927   03    20.101
  1927   04    20.226
  1927   05    19.473
  1927   06    17.284
  1927   07    11.463
  1927   08     8.289
  1927   09     6.833
  1927   10     9.067
  1927   11    11.765
  1927   12    15.264
  1928   01    18.110
  1928   02    19.596
  1928   03    20.319
  1928   04    20.171
  1928   05    19.245
  1928   06    16.329
  1928   07    11.619
  1928   08     7.912
  1928   09     6.723
  1928   10     8.636
  1928   11    11.684
  1928   12    14.972
  1929   01    17.423
  1929   02    19.029
  1929   03    19.862
  1929   04    19.880
  1929   05    18.926
  1929   06    16.989
  1929   07    12.122
  1929   08     7.931
  1929   09     6.448
  1929   10     9.004
  1929   11    12.174
  1929   12    15.598
  1930   01    17.674
  1930   02    19.198
  1930   03    20.113
  1930   04    20.469
  1930   05    19.402
  1930   06    17.270
  1930   07    12.395
  1930   08     7.949
  1930   09     6.564
  1930   10     9.667
  1930   11    12.690
  1930   12    15.594
  1931   01    18.046
  1931   02    19.201
  1931   03    20.046
  1931   04    20.202
  1931   05    19.327
  1931   06    16.224
  1931   07    12.157
  1931   08     8.626
  1931   09     7.050
  1931   10     9.373
  1931   11    11.714
  1931   12    15.354
  1932   01    17.812
  1932   02    19.319
  1932   03    20.011
  1932   04    20.169
  1932   05    19.372
  1932   06    16.612
  1932   07    11.743
  1932   08     8.010
  1932   09     6.135
  1932   10     9.197
  1932   11    12.014
  1932   12    15.056
  1933   01    17.605
  1933   02    18.997
  1933   03    19.871
  1933   04    19.884
  1933   05    19.204
  1933   06    17.155
  1933   07    12.351
  1933   08     8.796
  1933   09     7.308
  1933   10     9.780
  1933   11    12.619
  1933   12    15.878
  1934   01    18.012
  1934   02    19.373
  1934   03    20.042
  1934   04    20.191
  1934   05    19.500
  1934   06    16.947
  1934   07    12.609
  1934   08     9.071
  1934   09     8.004
  1934   10    10.315
  1934   11    12.649
  1934   12    15.539
  1935   01    18.168
  1935   02    19.559
  1935   03    20.785
  1935   04    20.888
  1935   05    19.806
  1935   06    17.648
  1935   07    11.873
  1935   08     8.439
  1935   09     7.150
  1935   10     9.567
  1935   11    12.799
  1935   12    16.061
  1936   01    19.103
  1936   02    20.249
  1936   03    21.027
  1936   04    20.792
  1936   05    19.711
  1936   06    17.384
  1936   07    13.066
  1936   08     8.960
  1936   09     7.607
  1936   10    10.267
  1936   11    13.056
  1936   12    16.171
  1937   01    18.127
  1937   02    19.543
  1937   03    20.192
  1937   04    19.992
  1937   05    18.919
  1937   06    17.103
  1937   07    12.713
  1937   08     9.226
  1937   09     7.626
  1937   10    10.175
  1937   11    12.872
  1937   12    16.023
  1938   01    18.127
  1938   02    19.672
  1938   03    20.529
  1938   04    20.176
  1938   05    19.122
  1938   06    17.388
  1938   07    12.306
  1938   08     9.237
  1938   09     7.849
  1938   10     9.310
  1938   11    12.558
  1938   12    16.154
  1939   01    18.080
  1939   02    19.432
  1939   03    19.911
  1939   04    20.026
  1939   05    19.609
  1939   06    17.312
  1939   07    12.101
  1939   08     8.383
  1939   09     7.291
  1939   10     9.712
  1939   11    12.250
  1939   12    15.966
  1940   01    17.741
  1940   02    19.417
  1940   03    20.188
  1940   04    20.310
  1940   05    19.407
  1940   06    16.984
  1940   07    11.648
  1940   08     8.684
  1940   09     7.640
  1940   10     9.241
  1940   11    12.003
  1940   12    15.654
  1941   01    18.216
  1941   02    19.567
  1941   03    20.159
  1941   04    19.920
  1941   05    18.764
  1941   06    16.713
  1941   07    11.846
  1941   08     8.763
  1941   09     7.556
  1941   10     9.591
  1941   11    12.366
  1941   12    15.411
  1942   01    17.366
  1942   02    18.508
  1942   03    18.917
  1942   04    19.018
  1942   05    18.515
  1942   06    16.406
  1942   07    11.827
  1942   08     8.598
  1942   09     7.471
  1942   10     9.535
  1942   11    12.026
  1942   12    14.782
  1943   01    17.351
  1943   02    18.248
  1943   03    19.116
  1943   04    19.188
  1943   05    18.577
  1943   06    15.544
  1943   07    11.640
  1943   08     8.577
  1943   09     7.568
  1943   10     9.483
  1943   11    11.570
  1943   12    14.692
  1944   01    17.222
  1944   02    18.407
  1944   03    18.894
  1944   04    19.050
  1944   05    18.182
  1944   06    16.158
  1944   07    11.602
  1944   08     7.836
  1944   09     7.217
  1944   10     9.061
  1944   11    11.987
  1944   12    15.158
  1945   01    17.263
  1945   02    18.336
  1945   03    18.924
  1945   04    18.682
  1945   05    17.929
  1945   06    15.870
  1945   07    11.742
  1945   08     7.911
  1945   09     6.382
  1945   10     9.184
  1945   11    12.147
  1945   12    14.975
  1946   01    17.323
  1946   02    18.492
  1946   03    18.957
  1946   04    19.015
  1946   05    18.186
  1946   06    16.151
  1946   07    11.739
  1946   08     8.359
  1946   09     7.039
  1946   10     9.315
  1946   11    11.507
  1946   12    15.099
  1947   01    17.300
  1947   02    18.366
  1947   03    18.746
  1947   04    18.551
  1947   05    17.925
  1947   06    15.416
  1947   07    11.329
  1947   08     7.189
  1947   09     6.234
  1947   10     8.943
  1947   11    11.137
  1947   12    14.034
  1948   01    16.164
  1948   02    17.393
  1948   03    17.969
  1948   04    18.120
  1948   05    17.464
  1948   06    14.727
  1948   07    11.250
  1948   08     7.560
  1948   09     6.431
  1948   10     8.734
  1948   11    11.040
  1948   12    14.055
  1949   01    16.386
  1949   02    17.531
  1949   03    18.475
  1949   04    18.484
  1949   05    17.344
  1949   06    15.064
  1949   07    10.933
  1949   08     7.451
  1949   09     6.262
  1949   10     9.004
  1949   11    11.562
  1949   12    14.353
  1950   01    16.389
  1950   02    17.676
  1950   03    18.350
  1950   04    18.342
  1950   05    17.483
  1950   06    15.548
  1950   07    11.158
  1950   08     7.836
  1950   09     6.667
  1950   10     8.894
  1950   11    11.513
  1950   12    14.366
  1951   01    16.447
  1951   02    17.458
  1951   03    18.073
  1951   04    18.212
  1951   05    17.554
  1951   06    15.424
  1951   07    10.837
  1951   08     7.022
  1951   09     5.687
  1951   10     7.746
  1951   11    10.731
  1951   12    13.954
  1952   01    16.162
  1952   02    17.175
  1952   03    18.256
  1952   04    18.206
  1952   05    17.385
  1952   06    15.093
  1952   07    10.302
  1952   08     6.508
  1952   09     5.649
  1952   10     8.346
  1952   11    10.333
  1952   12    13.232
  1953   01    15.841
  1953   02    17.030
  1953   03    17.797
  1953   04    17.885
  1953   05    17.180
  1953   06    14.627
  1953   07    10.569
  1953   08     7.688
  1953   09     6.396
  1953   10     8.342
  1953   11    10.989
  1953   12    14.046
  1954   01    16.837
  1954   02    17.868
  1954   03    18.703
  1954   04    18.803
  1954   05    18.161
  1954   06    15.465
  1954   07    11.104
  1954   08     7.465
  1954   09     6.499
  1954   10     8.508
  1954   11    11.099
  1954   12    14.511
  1955   01    16.614
  1955   02    17.935
  1955   03    18.720
  1955   04    18.797
  1955   05    18.194
  1955   06    15.610
  1955   07    10.506
  1955   08     7.517
  1955   09     6.904
  1955   10     8.258
  1955   11    10.626
  1955   12    13.982
  1956   01    16.655
  1956   02    18.183
  1956   03    18.807
  1956   04    18.798
  1956   05    17.997
  1956   06    16.028
  1956   07    10.521
  1956   08     7.787
  1956   09     7.059
  1956   10     8.874
  1956   11    11.155
  1956   12    14.252
  1957   01    16.740
  1957   02    17.814
  1957   03    18.558
  1957   04    18.662
  1957   05    17.900
  1957   06    15.797
  1957   07    11.322
  1957   08     8.258
  1957   09     7.395
  1957   10     9.117
  1957   11    11.376
  1957   12    14.926
  1958   01    17.106
  1958   02    18.552
  1958   03    19.354
  1958   04    19.218
  1958   05    18.571
  1958   06    16.607
  1958   07    11.371
  1958   08     7.613
  1958   09     6.352
  1958   10     8.739
  1958   11    11.209
  1958   12    14.453
  1959   01    17.062
  1959   02    18.333
  1959   03    19.202
  1959   04    19.276
  1959   05    18.655
  1959   06    16.021
  1959   07    11.335
  1959   08     8.271
  1959   09     7.325
  1959   10     9.304
  1959   11    11.443
  1959   12    14.491
  1960   01    16.547
  1960   02    18.223
  1960   03    19.016
  1960   04    19.028
  1960   05    18.161
  1960   06    16.124
  1960   07    10.946
  1960   08     7.754
  1960   09     6.266
  1960   10     8.880
  1960   11    11.381
  1960   12    14.707
  1961   01    17.085
  1961   02    18.382
  1961   03    19.037
  1961   04    19.068
  1961   05    18.277
  1961   06    16.186
  1961   07    12.043
  1961   08     8.110
  1961   09     6.682
  1961   10     8.702
  1961   11    11.892
  1961   12    15.672
  1962   01    17.638
  1962   02    18.588
  1962   03    19.284
  1962   04    19.461
  1962   05    18.685
  1962   06    16.491
  1962   07    11.561
  1962   08     8.485
  1962   09     7.274
  1962   10     9.504
  1962   11    11.756
  1962   12    15.207
  1963   01    17.320
  1963   02    18.957
  1963   03    19.660
  1963   04    19.728
  1963   05    19.170
  1963   06    17.209
  1963   07    11.678
  1963   08     8.608
  1963   09     7.464
  1963   10     9.400
  1963   11    11.913
  1963   12    15.246
  1964   01    17.774
  1964   02    19.161
  1964   03    19.670
  1964   04    19.532
  1964   05    18.872
  1964   06    17.147
  1964   07    11.321
  1964   08     7.654
  1964   09     7.214
  1964   10     9.084
  1964   11    12.627
  1964   12    15.261
  1965   01    17.898
  1965   02    19.319
  1965   03    19.933
  1965   04    20.196
  1965   05    19.628
  1965   06    16.410
  1965   07    11.403
  1965   08     8.740
  1965   09     7.583
  1965   10     9.198
  1965   11    11.427
  1965   12    15.205
  1966   01    18.046
  1966   02    19.503
  1966   03    19.938
  1966   04    20.204
  1966   05    19.619
  1966   06    16.944
  1966   07    11.301
  1966   08     7.972
  1966   09     7.060
  1966   10     8.783
  1966   11    11.740
  1966   12    15.507
  1967   01    18.198
  1967   02    19.555
  1967   03    20.252
  1967   04    20.264
  1967   05    19.129
  1967   06    16.315
  1967   07    11.641
  1967   08     8.297
  1967   09     7.243
  1967   10     9.038
  1967   11    12.118
  1967   12    15.509
  1968   01    17.594
  1968   02    19.141
  1968   03    19.786
  1968   04    19.892
  1968   05    19.573
  1968   06    17.290
  1968   07    11.919
  1968   08     9.110
  1968   09     8.006
  1968   10     9.685
  1968   11    12.558
  1968   12    16.201
  1969   01    18.292
  1969   02    19.649
  1969   03    20.319
  1969   04    20.103
  1969   05    19.509
  1969   06    17.044
  1969   07    11.666
  1969   08     8.551
  1969   09     7.730
  1969   10     9.567
  1969   11    11.854
  1969   12    15.579
  1970   01    17.432
  1970   02    19.372
  1970   03    20.146
  1970   04    20.195
  1970   05    19.357
  1970   06    17.207
  1970   07    12.109
  1970   08     8.776
  1970   09     8.008
  1970   10     9.964
  1970   11    12.685
  1970   12    16.050
  1971   01    18.340
  1971   02    19.692
  1971   03    20.352
  1971   04    20.312
  1971   05    19.685
  1971   06    17.358
  1971   07    11.920
  1971   08     8.679
  1971   09     8.072
  1971   10     9.646
  1971   11    13.039
  1971   12    16.067
  1972   01    18.769
  1972   02    20.075
  1972   03    20.576
  1972   04    20.430
  1972   05    19.709
  1972   06    17.680
  1972   07    12.069
  1972   08     9.345
  1972   09     8.345
  1972   10    10.137
  1972   11    12.597
  1972   12    15.644
  1973   01    17.867
  1973   02    19.315
  1973   03    20.067
  1973   04    20.086
  1973   05    19.224
  1973   06    17.061
  1973   07    12.642
  1973   08     9.447
  1973   09     8.674
  1973   10    10.176
  1973   11    13.198
  1973   12    15.537
  1974   01    17.553
  1974   02    18.833
  1974   03    19.577
  1974   04    19.651
  1974   05    19.087
  1974   06    16.506
  1974   07    12.312
  1974   08     8.652
  1974   09     7.946
  1974   10    10.195
  1974   11    12.494
  1974   12    15.395
  1975   01    17.607
  1975   02    19.290
  1975   03    20.078
  1975   04    20.147
  1975   05    19.391
  1975   06    16.873
  1975   07    12.066
  1975   08     9.199
  1975   09     8.476
  1975   10     9.947
  1975   11    12.025
  1975   12    15.267
  1976   01    18.183
  1976   02    19.268
  1976   03    19.736
  1976   04    19.721
  1976   05    19.167
  1976   06    17.149
  1976   07    11.963
  1976   08     9.222
  1976   09     8.265
  1976   10    10.173
  1976   11    12.892
  1976   12    16.230
  1977   01    18.470
  1977   02    19.632
  1977   03    20.056
  1977   04    20.082
  1977   05    19.452
  1977   06    17.372
  1977   07    11.996
  1977   08     8.998
  1977   09     8.214
  1977   10     9.894
  1977   11    12.813
  1977   12    15.866
  1978   01    18.486
  1978   02    19.787
  1978   03    20.446
  1978   04    20.635
  1978   05    19.756
  1978   06    17.817
  1978   07    11.579
  1978   08     8.060
  1978   09     7.099
  1978   10     9.089
  1978   11    11.550
  1978   12    15.538
  1979   01    17.748
  1979   02    19.240
  1979   03    20.200
  1979   04    20.159
  1979   05    19.556
  1979   06    17.398
  1979   07    11.485
  1979   08     8.469
  1979   09     7.682
  1979   10     9.228
  1979   11    12.012
  1979   12    16.232
  1980   01    18.839
  1980   02    20.131
  1980   03    20.852
  1980   04    20.842
  1980   05    20.151
  1980   06    17.475
  1980   07    12.132
  1980   08     9.083
  1980   09     8.117
  1980   10    10.067
  1980   11    12.637
  1980   12    15.314
  1981   01    17.766
  1981   02    19.408
  1981   03    20.341
  1981   04    20.209
  1981   05    19.265
  1981   06    16.729
  1981   07    12.434
  1981   08     8.779
  1981   09     7.682
  1981   10     9.903
  1981   11    12.560
  1981   12    15.327
  1982   01    18.171
  1982   02    19.624
  1982   03    19.915
  1982   04    20.144
  1982   05    19.557
  1982   06    16.774
  1982   07    12.068
  1982   08     8.589
  1982   09     7.532
  1982   10     9.173
  1982   11    12.412
  1982   12    15.691
  1983   01    17.947
  1983   02    19.479
  1983   03    20.043
  1983   04    19.993
  1983   05    19.597
  1983   06    17.730
  1983   07    12.388
  1983   08     9.618
  1983   09     8.888
  1983   10    10.238
  1983   11    12.812
  1983   12    16.487
  1984   01    18.822
  1984   02    20.168
  1984   03    20.656
  1984   04    20.364
  1984   05    19.701
  1984   06    17.442
  1984   07    12.197
  1984   08     8.746
  1984   09     7.526
  1984   10     9.592
  1984   11    12.754
  1984   12    16.089
  1985   01    18.536
  1985   02    19.624
  1985   03    20.222
  1985   04    20.207
  1985   05    19.377
  1985   06    17.182
  1985   07    12.058
  1985   08     8.839
  1985   09     7.822
  1985   10     9.520
  1985   11    12.495
  1985   12    15.700
  1986   01    18.143
  1986   02    19.301
  1986   03    19.929
  1986   04    19.942
  1986   05    19.119
  1986   06    16.956
  1986   07    11.932
  1986   08     8.620
  1986   09     7.702
  1986   10     9.236
  1986   11    11.539
  1986   12    14.545
  1987   01    17.167
  1987   02    18.876
  1987   03    20.047
  1987   04    20.285
  1987   05    19.205
  1987   06    17.038
  1987   07    12.351
  1987   08     8.511
  1987   09     7.428
  1987   10     9.853
  1987   11    12.579
  1987   12    15.583
  1988   01    17.764
  1988   02    18.907
  1988   03    19.685
  1988   04    19.834
  1988   05    19.149
  1988   06    16.662
  1988   07    11.750
  1988   08     8.272
  1988   09     7.598
  1988   10     9.692
  1988   11    12.494
  1988   12    16.188
  1989   01    17.993
  1989   02    19.132
  1989   03    20.011
  1989   04    20.120
  1989   05    19.159
  1989   06    17.043
  1989   07    12.185
  1989   08     8.548
  1989   09     7.059
  1989   10     9.130
  1989   11    12.145
  1989   12    15.065
  1990   01    17.718
  1990   02    19.175
  1990   03    20.141
  1990   04    20.104
  1990   05    19.225
  1990   06    16.734
  1990   07    11.486
  1990   08     7.891
  1990   09     6.690
  1990   10     8.880
  1990   11    12.477
  1990   12    15.198
  1991   01    17.419
  1991   02    19.078
  1991   03    19.647
  1991   04    19.720
  1991   05    19.124
  1991   06    17.069
  1991   07    10.780
  1991   08     7.885
  1991   09     6.864
  1991   10     8.342
  1991   11    11.094
  1991   12    15.002
  1992   01    17.696
  1992   02    19.176
  1992   03    19.596
  1992   04    19.627
  1992   05    18.816
  1992   06    16.909
  1992   07    11.876
  1992   08     8.383
  1992   09     7.724
  1992   10     9.702
  1992   11    12.502
  1992   12    15.536
  1993   01    17.714
  1993   02    18.903
  1993   03    19.661
  1993   04    19.652
  1993   05    18.821
  1993   06    16.771
  1993   07    11.644
  1993   08     8.457
  1993   09     7.597
  1993   10     9.688
  1993   11    12.696
  1993   12    15.420
  1994   01    17.496
  1994   02    19.082
  1994   03    19.669
  1994   04    19.892
  1994   05    19.147
  1994   06    16.973
  1994   07    11.788
  1994   08     8.624
  1994   09     7.383
  1994   10     9.698
  1994   11    12.241
  1994   12    14.978
  1995   01    17.813
  1995   02    18.840
  1995   03    19.364
  1995   04    19.485
  1995   05    19.067
  1995   06    17.024
  1995   07    11.839
  1995   08     8.541
  1995   09     7.531
  1995   10     9.069
  1995   11    12.105
  1995   12    15.766
  1996   01    18.039
  1996   02    19.403
  1996   03    20.018
  1996   04    20.039
  1996   05    19.160
  1996   06    16.073
  1996   07    11.405
  1996   08     7.550
  1996   09     6.121
  1996   10     8.825
  1996   11    11.117
  1996   12    14.689
  1997   01    17.213
  1997   02    18.600
  1997   03    19.322
  1997   04    19.606
  1997   05    18.944
  1997   06    16.569
  1997   07    10.865
  1997   08     7.182
  1997   09     6.263
  1997   10     8.692
  1997   11    10.888
  1997   12    14.562
  1998   01    16.820
  1998   02    17.862
  1998   03    18.499
  1998   04    18.637
  1998   05    18.145
  1998   06    15.770
  1998   07    10.989
  1998   08     7.311
  1998   09     6.409
  1998   10     8.216
  1998   11    11.032
  1998   12    14.307
  1999   01    16.773
  1999   02    18.225
  1999   03    18.932
  1999   04    19.035
  1999   05    18.338
  1999   06    16.026
  1999   07    10.781
  1999   08     7.086
  1999   09     5.738
  1999   10     8.292
  1999   11    10.573
  1999   12    14.472
  2000   01    17.232
  2000   02    18.265
  2000   03    18.856
  2000   04    18.921
  2000   05    18.538
  2000   06    16.260
  2000   07    10.546
  2000   08     6.919
  2000   09     6.414
  2000   10     9.012
  2000   11    11.192
  2000   12    14.850
  2001   01    17.313
  2001   02    18.697
  2001   03    19.561
  2001   04    19.454
  2001   05    18.725
  2001   06    16.937
  2001   07    11.019
  2001   08     7.666
  2001   09     6.612
  2001   10     8.787
  2001   11    11.194
  2001   12    14.744
  2002   01    17.038
  2002   02    18.136
  2002   03    19.051
  2002   04    19.078
  2002   05    18.347
  2002   06    15.671
  2002   07    11.043
  2002   08     7.614
  2002   09     5.749
  2002   10     8.285
  2002   11    10.879
  2002   12    14.477
  2003   01    16.738
  2003   02    17.976
  2003   03    18.877
  2003   04    18.711
  2003   05    18.030
  2003   06    15.882
  2003   07    10.648
  2003   08     7.748
  2003   09     6.474
  2003   10     8.178
  2003   11    10.650
  2003   12    14.319
  2004   01    16.998
  2004   02    18.201
  2004   03    18.945
  2004   04    19.036
  2004   05    18.275
  2004   06    16.162
  2004   07     9.717
  2004   08     6.657
  2004   09     5.489
  2004   10     7.525
  2004   11    10.200
  2004   12    14.131
  2005   01    16.803
  2005   02    18.566
  2005   03    19.215
  2005   04    19.213
  2005   05    18.490
  2005   06    15.514
  2005   07    10.245
  2005   08     6.429
  2005   09     4.983
  2005   10     7.552
  2005   11    10.636
  2005   12    13.938
  2006   01    16.580
  2006   02    18.034
  2006   03    18.971
  2006   04    19.030
  2006   05    18.154
  2006   06    15.851
  2006   07     9.581
  2006   08     6.297
  2006   09     4.566
  2006   10     7.504
  2006   11    10.211
  2006   12    13.954
  2007   01    16.900
  2007   02    18.356
  2007   03    19.084
  2007   04    19.241
  2007   05    18.476
  2007   06    16.291
  2007   07    10.031
  2007   08     5.904
  2007   09     3.800
  2007   10     6.610
  2007   11    10.043
  2007   12    13.534
  2008   01    15.833
  2008   02    17.365
  2008   03    18.270
  2008   04    18.320
  2008   05    17.701
  2008   06    14.888
  2008   07    10.265
  2008   08     4.669
  2008   09     3.063
  2008   10     6.921
  2008   11    10.460
  2008   12    13.615
  2009   01    16.345
  2009   02    17.554
  2009   03    18.598
  2009   04    18.683
  2009   05    17.668
  2009   06    14.921
  2009   07    10.099
  2009   08     5.989
  2009   09     4.633
  2009   10     7.551
  2009   11    10.221
  2009   12    13.644
  2010   01    16.021
  2010   02    17.361
  2010   03    17.857
  2010   04    18.017
  2010   05    17.364
  2010   06    14.500
  2010   07    10.452
  2010   08     5.596
  2010   09     3.887
  2010   10     6.864
  2010   11     9.886
  2010   12    13.369
  2011   01    15.664
  2011   02    17.004
  2011   03    17.837
  2011   04    17.846
  2011   05    17.175
  2011   06    14.766
  2011   07    10.271
  2011   08     5.751
  2011   09     4.018
  2011   10     7.239
  2011   11    10.110
  2011   12    13.448
  2012   01    15.681
  2012   02    17.061
  2012   03    17.656
  2012   04    17.746
  2012   05    16.903
  2012   06    14.060
  2012   07    10.688
  2012   08     5.655
  2012   09     4.254
  2012   10     7.100
  2012   11    10.245
  2012   12    13.394
  2013   01    16.277
  2013   02    17.384
  2013   03    17.999
  2013   04    17.759
  2013   05    17.218
  2013   06    14.556
  2013   07     9.746
  2013   08     5.457
  2013   09     3.485
  2013   10     7.451
  2013   11     9.899
  2013   12    13.540
  2014   01    15.810
  2014   02    17.261
  2014   03    18.033
  2014   04    18.124
  2014   05    17.346
  2014   06    14.558
  2014   07    10.053
  2014   08     4.605
  2014   09     2.864
  2014   10     6.492
  2014   11    10.623
  2014   12    13.631
  2015   01    15.434
  2015   02    16.665
  2015   03    17.468
  2015   04    17.527
  2015   05    16.717
  2015   06    13.771
  2015   07     9.304
  2015   08     4.663
  2015   09     3.049
  2015   10     5.732
  2015   11     9.533
  2015   12    12.811
  2016   01    15.494
  2016   02    16.748
  2016   03    17.581
  2016   04    17.829
  2016   05    17.285
  2016   06    14.064
  2016   07     8.944
  2016   08     3.248
  2016   09     1.235
  2016   10     6.168
  2016   11     9.032
  2016   12    12.190
  2017   01    15.255
  2017   02    16.701
  2017   03    17.401
  2017   04    17.467
  2017   05    16.500
  2017   06    13.324
  2017   07     9.247
  2017   08     5.900
  2017   09     3.651
  2017   10     7.181
  2017   11     9.558
  2017   12    12.543
  2018   01    15.484
  2018   02    16.817
  2018   03    17.463
  2018   04    17.579
  2018   05    16.704
  2018   06    13.427
  2018   07     8.814
  2018   08     3.457
  2018   09     1.313
  2018   10     4.334
  2018   11     8.934
  2018   12    12.058
  2019   01    14.737
  2019   02    16.258
  2019   03    17.008
  2019   04    17.140
  2019   05    16.452
  2019   06    13.139
  2019   07     8.552
  2019   08     2.292
  2019   09     0.435
  2019   10     3.862
  2019   11     8.729
  2019   12    12.131
  2020   01    14.456
  2020   02    15.825
  2020   03    16.762
  2020   04    16.708
  2020   05    15.867
  2020   06    12.783
  2020   07     8.893
  2020   08     2.929
  2020   09     0.803
  2020   10     4.935
  2020   11     8.897
  2020   12    12.446
  2021   01    14.622
  2021   02    16.036
  2021   03    16.698
  2021   04    16.744
  2021   05    15.842
  2021   06    13.332
  2021   07     8.993
  2021   08     3.840
  2021   09     2.226
  2021   10     5.261
  2021   11     9.171
  2021   12    12.304
  2022   01    14.901
  2022   02    15.953
  2022   03    16.357
  2022   04    16.358
  2022   05    15.622
  2022   06    13.332
  2022   07     9.373
  2022   08     1.488
  2022   09     0.391
  2022   10     4.138
  2022   11     9.126
  2022   12    11.985
  2023   01    14.632
  2023   02    16.054
  2023   03    17.097
  2023   04    17.144
  2023   05    16.321
  2023   06    13.137
  2023   07     9.047
  2023   08     2.981
  2023   09     1.237
  2023   10     5.003
  2023   11     9.054
  2023   12    12.050
  2024   01    14.597
  2024   02    16.369
  2024   03    17.379
  2024   04    17.535
  2024   05    16.746
  2024   06    13.438
  2024   07     8.823
  2024   08     4.181
  2024   09     1.642
  2024   10     5.985
  2024   11     9.232
  2024   12    12.215
  2025   01    14.827
  2025   02    16.171
  2025   03    16.873
  2025   04    16.965
  2025   05    16.308
  2025   06    13.104
  2025   07     8.922
  2025   08     4.210
  2025   09     2.219
  2025   10     5.574
  2025   11     9.430
  2025   12    12.046
  2026   01    14.835
  2026   02    16.292
  2026   03    17.200
  2026   04    17.334
  2026   05    16.482
  2026   06    13.221
  2026   07    10.126
  2026   08     5.787
  2026   09     2.272
  2026   10     6.546
  2026   11     9.599
  2026   12    12.464
  2027   01    14.833
  2027   02    16.348
  2027   03    17.164
  2027   04    17.364
  2027   05    16.478
  2027   06    12.989
  2027   07     9.230
  2027   08     2.146
  2027   09     0.595
  2027   10     3.020
  2027   11     8.411
  2027   12    11.931
  2028   01    14.989
  2028   02    16.576
  2028   03    17.230
  2028   04    17.415
  2028   05    16.522
  2028   06    12.989
  2028   07     8.505
  2028   08     0.990
  2028   09     0.430
  2028   10     3.713
  2028   11     9.137
  2028   12    12.133
  2029   01    14.792
  2029   02    16.152
  2029   03    16.727
  2029   04    16.785
  2029   05    16.157
  2029   06    13.373
  2029   07     8.837
  2029   08     3.141
  2029   09     0.972
  2029   10     4.616
  2029   11     8.366
  2029   12    11.633
  2030   01    14.124
  2030   02    15.882
  2030   03    16.677
  2030   04    16.904
  2030   05    16.278
  2030   06    12.996
  2030   07     7.921
  2030   08     0.713
  2030   09     0.196
  2030   10     2.738
  2030   11     7.674
  2030   12    11.538
  2031   01    14.566
  2031   02    16.141
  2031   03    16.676
  2031   04    16.642
  2031   05    15.879
  2031   06    12.227
  2031   07     7.643
  2031   08     1.005
  2031   09     0.174
  2031   10     2.345
  2031   11     7.446
  2031   12    10.921
  2032   01    13.531
  2032   02    15.432
  2032   03    16.383
  2032   04    16.498
  2032   05    15.634
  2032   06    12.035
  2032   07     6.870
  2032   08     0.281
  2032   09     0.111
  2032   10     1.130
  2032   11     7.326
  2032   12    11.163
  2033   01    14.281
  2033   02    15.793
  2033   03    16.504
  2033   04    16.599
  2033   05    15.900
  2033   06    12.024
  2033   07     7.103
  2033   08     0.479
  2033   09     0.100
  2033   10     2.454
  2033   11     8.038
  2033   12    11.328
  2034   01    13.663
  2034   02    15.493
  2034   03    16.382
  2034   04    16.510
  2034   05    15.920
  2034   06    12.146
  2034   07     7.697
  2034   08     2.077
  2034   09     0.201
  2034   10     3.601
  2034   11     8.014
  2034   12    11.057
  2035   01    14.125
  2035   02    15.737
  2035   03    16.377
  2035   04    16.458
  2035   05    15.903
  2035   06    12.690
  2035   07     8.253
  2035   08     1.140
  2035   09     0.148
  2035   10     3.105
  2035   11     8.095
  2035   12    11.405
  2036   01    14.153
  2036   02    15.706
  2036   03    16.543
  2036   04    16.685
  2036   05    15.522
  2036   06    11.766
  2036   07     7.351
  2036   08     0.790
  2036   09     0.056
  2036   10     2.456
  2036   11     7.518
  2036   12    11.442
  2037   01    14.033
  2037   02    15.627
  2037   03    15.967
  2037   04    16.148
  2037   05    15.440
  2037   06    11.642
  2037   07     7.182
  2037   08     1.597
  2037   09     0.103
  2037   10     3.113
  2037   11     7.667
  2037   12    10.932
  2038   01    13.894
  2038   02    15.318
  2038   03    15.873
  2038   04    15.988
  2038   05    15.495
  2038   06    11.660
  2038   07     6.600
  2038   08     0.288
  2038   09     0.094
  2038   10     2.690
  2038   11     7.505
  2038   12    10.526
  2039   01    13.494
  2039   02    14.937
  2039   03    16.144
  2039   04    16.100
  2039   05    15.245
  2039   06    11.749
  2039   07     6.499
  2039   08     0.140
  2039   09     0.050
  2039   10     0.472
  2039   11     7.007
  2039   12    10.729
  2040   01    13.117
  2040   02    14.735
  2040   03    15.582
  2040   04    15.819
  2040   05    15.167
  2040   06    11.548
  2040   07     7.436
  2040   08     0.182
  2040   09     0.047
  2040   10     0.728
  2040   11     7.155
  2040   12    10.414
  2041   01    13.346
  2041   02    14.843
  2041   03    15.705
  2041   04    15.843
  2041   05    15.380
  2041   06    11.651
  2041   07     6.748
  2041   08     0.459
  2041   09     0.083
  2041   10     1.902
  2041   11     7.030
  2041   12     9.986
  2042   01    12.644
  2042   02    14.280
  2042   03    15.395
  2042   04    15.277
  2042   05    14.466
  2042   06    11.279
  2042   07     6.613
  2042   08     0.449
  2042   09     0.074
  2042   10     1.286
  2042   11     6.788
  2042   12    10.210
  2043   01    12.488
  2043   02    14.277
  2043   03    15.146
  2043   04    15.184
  2043   05    14.544
  2043   06    11.471
  2043   07     6.527
  2043   08     0.061
  2043   09     0.031
  2043   10     0.156
  2043   11     6.540
  2043   12    10.132
  2044   01    12.280
  2044   02    13.797
  2044   03    14.725
  2044   04    14.882
  2044   05    13.926
  2044   06    11.417
  2044   07     7.723
  2044   08     0.232
  2044   09     0.056
  2044   10     2.021
  2044   11     8.248
  2044   12    10.598
  2045   01    13.185
  2045   02    14.684
  2045   03    15.319
  2045   04    15.285
  2045   05    14.701
  2045   06    11.734
  2045   07     7.105
  2045   08     0.080
  2045   09     0.028
  2045   10     1.579
  2045   11     6.382
  2045   12     9.888
  2046   01    12.846
  2046   02    14.575
  2046   03    15.362
  2046   04    15.444
  2046   05    14.679
  2046   06    11.357
  2046   07     7.256
  2046   08     0.230
  2046   09     0.032
  2046   10     1.181
  2046   11     6.211
  2046   12     9.917
  2047   01    12.461
  2047   02    14.408
  2047   03    15.286
  2047   04    15.536
  2047   05    14.373
  2047   06    11.137
  2047   07     5.838
  2047   08     0.191
  2047   09     0.030
  2047   10     1.328
  2047   11     6.801
  2047   12    10.169
  2048   01    12.253
  2048   02    13.914
  2048   03    14.777
  2048   04    14.847
  2048   05    14.020
  2048   06    11.120
  2048   07     7.201
  2048   08     0.894
  2048   09     0.172
  2048   10     1.877
  2048   11     6.759
  2048   12     9.725
  2049   01    12.054
  2049   02    13.831
  2049   03    14.769
  2049   04    14.957
  2049   05    14.190
  2049   06    10.934
  2049   07     6.295
  2049   08     0.486
  2049   09     0.072
  2049   10     1.697
  2049   11     6.627
  2049   12     9.592
  2050   01    12.145
  2050   02    13.855
  2050   03    14.849
  2050   04    15.142
  2050   05    14.322
  2050   06    10.773
  2050   07     6.181
  2050   08     0.205
  2050   09     0.069
  2050   10     0.858
  2050   11     6.134
  2050   12     9.447
  2051   01    12.302
  2051   02    14.020
  2051   03    14.877
  2051   04    15.103
  2051   05    14.462
  2051   06    11.189
  2051   07     6.411
  2051   08     0.793
  2051   09     0.064
  2051   10     1.633
  2051   11     5.646
  2051   12     9.515
  2052   01    12.225
  2052   02    13.792
  2052   03    14.698
  2052   04    14.751
  2052   05    13.889
  2052   06    11.031
  2052   07     6.464
  2052   08     0.147
  2052   09     0.038
  2052   10     1.295
  2052   11     6.532
  2052   12     9.932
  2053   01    12.393
  2053   02    13.927
  2053   03    14.691
  2053   04    14.800
  2053   05    14.280
  2053   06    11.745
  2053   07     6.317
  2053   08     0.088
  2053   09     0.023
  2053   10     0.931
  2053   11     5.621
  2053   12     9.925
  2054   01    12.576
  2054   02    14.242
  2054   03    15.035
  2054   04    15.149
  2054   05    14.469
  2054   06    11.199
  2054   07     3.957
  2054   08     0.226
  2054   09     0.059
  2054   10     0.475
  2054   11     3.514
  2054   12     9.137
  2055   01    11.917
  2055   02    13.757
  2055   03    14.608
  2055   04    14.766
  2055   05    13.922
  2055   06    10.637
  2055   07     5.812
  2055   08     0.026
  2055   09     0.012
  2055   10     0.069
  2055   11     3.829
  2055   12     9.175
  2056   01    11.666
  2056   02    13.465
  2056   03    14.375
  2056   04    14.713
  2056   05    13.557
  2056   06    10.251
  2056   07     4.904
  2056   08     0.066
  2056   09     0.016
  2056   10     0.046
  2056   11     1.539
  2056   12     9.115
  2057   01    11.496
  2057   02    13.166
  2057   03    14.058
  2057   04    13.985
  2057   05    13.240
  2057   06    10.612
  2057   07     2.919
  2057   08     0.021
  2057   09     0.007
  2057   10     0.113
  2057   11     2.190
  2057   12     7.730
  2058   01    10.878
  2058   02    12.560
  2058   03    13.291
  2058   04    13.319
  2058   05    12.427
  2058   06     9.771
  2058   07     4.604
  2058   08     0.013
  2058   09     0.003
  2058   10     0.079
  2058   11     3.492
  2058   12     7.507
  2059   01    10.123
  2059   02    11.945
  2059   03    12.916
  2059   04    13.210
  2059   05    12.405
  2059   06     9.924
  2059   07     4.050
  2059   08     0.053
  2059   09     0.018
  2059   10     0.117
  2059   11     2.892
  2059   12     8.246
  2060   01    10.973
  2060   02    12.436
  2060   03    13.333
  2060   04    13.489
  2060   05    12.494
  2060   06     9.821
  2060   07     4.675
  2060   08     0.027
  2060   09     0.007
  2060   10     0.095
  2060   11     2.753
  2060   12     7.935
  2061   01    10.750
  2061   02    12.416
  2061   03    13.336
  2061   04    13.514
  2061   05    12.557
  2061   06    10.022
  2061   07     5.005
  2061   08     0.077
  2061   09     0.014
  2061   10     0.174
  2061   11     2.448
  2061   12     8.795
  2062   01    11.337
  2062   02    12.849
  2062   03    13.618
  2062   04    13.725
  2062   05    12.809
  2062   06     9.928
  2062   07     3.398
  2062   08     0.031
  2062   09     0.020
  2062   10     0.078
  2062   11     2.284
  2062   12     7.752
  2063   01    10.646
  2063   02    12.375
  2063   03    13.186
  2063   04    13.259
  2063   05    12.624
  2063   06    10.320
  2063   07     5.854
  2063   08     0.043
  2063   09     0.020
  2063   10     0.032
  2063   11     2.095
  2063   12     8.780
  2064   01    10.953
  2064   02    12.432
  2064   03    13.212
  2064   04    13.387
  2064   05    12.409
  2064   06    10.194
  2064   07     3.732
  2064   08     0.015
  2064   09     0.009
  2064   10     0.008
  2064   11     4.757
  2064   12     8.716
  2065   01    11.328
  2065   02    12.976
  2065   03    13.779
  2065   04    13.873
  2065   05    12.758
  2065   06    10.107
  2065   07     4.357
  2065   08     0.013
  2065   09     0.005
  2065   10     0.040
  2065   11     0.601
  2065   12     8.028
  2066   01    10.201
  2066   02    12.100
  2066   03    13.211
  2066   04    13.447
  2066   05    12.696
  2066   06     9.406
  2066   07     1.736
  2066   08     0.013
  2066   09     0.003
  2066   10     0.000
  2066   11     0.820
  2066   12     7.671
  2067   01    10.337
  2067   02    11.835
  2067   03    12.780
  2067   04    12.968
  2067   05    12.140
  2067   06     9.543
  2067   07     1.729
  2067   08     0.004
  2067   09     0.002
  2067   10     0.028
  2067   11     1.625
  2067   12     7.742
  2068   01    10.165
  2068   02    11.498
  2068   03    12.321
  2068   04    12.465
  2068   05    11.893
  2068   06     9.329
  2068   07     3.906
  2068   08     0.022
  2068   09     0.011
  2068   10     0.028
  2068   11     2.009
  2068   12     7.684
  2069   01    10.285
  2069   02    11.877
  2069   03    12.648
  2069   04    12.634
  2069   05    12.028
  2069   06     9.382
  2069   07     2.044
  2069   08     0.016
  2069   09     0.003
  2069   10     0.023
  2069   11     0.508
  2069   12     6.697
  2070   01     9.766
  2070   02    11.520
  2070   03    12.466
  2070   04    12.768
  2070   05    11.721
  2070   06     9.371
  2070   07     1.003
  2070   08     0.018
  2070   09     0.004
  2070   10     0.017
  2070   11     0.278
  2070   12     5.442
  2071   01     9.520
  2071   02    11.243
  2071   03    12.059
  2071   04    12.173
  2071   05    11.474
  2071   06     8.829
  2071   07     0.947
  2071   08     0.008
  2071   09     0.000
  2071   10     0.005
  2071   11     0.182
  2071   12     5.364
  2072   01     9.465
  2072   02    10.952
  2072   03    11.968
  2072   04    12.130
  2072   05    11.509
  2072   06     9.152
  2072   07     1.655
  2072   08     0.004
  2072   09     0.000
  2072   10     0.000
  2072   11     0.388
  2072   12     5.587
  2073   01     9.582
  2073   02    10.982
  2073   03    12.051
  2073   04    12.291
  2073   05    11.570
  2073   06     8.987
  2073   07     1.244
  2073   08     0.006
  2073   09     0.000
  2073   10     0.011
  2073   11     0.219
  2073   12     4.089
  2074   01     9.219
  2074   02    11.319
  2074   03    12.334
  2074   04    12.457
  2074   05    11.711
  2074   06     9.042
  2074   07     0.142
  2074   08     0.002
  2074   09     0.001
  2074   10     0.000
  2074   11     0.074
  2074   12     2.259
  2075   01     8.802
  2075   02    10.924
  2075   03    11.953
  2075   04    12.084
  2075   05    11.469
  2075   06     9.311
  2075   07     0.193
  2075   08     0.000
  2075   09     0.000
  2075   10     0.000
  2075   11     0.048
  2075   12     3.889
  2076   01     9.073
  2076   02    11.102
  2076   03    12.184
  2076   04    12.473
  2076   05    11.666
  2076   06     8.789
  2076   07     0.299
  2076   08     0.000
  2076   09     0.000
  2076   10     0.000
  2076   11     0.099
  2076   12     4.645
  2077   01     9.116
  2077   02    11.067
  2077   03    11.876
  2077   04    11.888
  2077   05    11.084
  2077   06     8.954
  2077   07     0.719
  2077   08     0.003
  2077   09     0.000
  2077   10     0.000
  2077   11     0.213
  2077   12     3.388
  2078   01     9.170
  2078   02    10.801
  2078   03    11.839
  2078   04    11.966
  2078   05    11.111
  2078   06     8.919
  2078   07     0.422
  2078   08     0.012
  2078   09     0.002
  2078   10     0.013
  2078   11     0.112
  2078   12     5.979
  2079   01     9.104
  2079   02    10.298
  2079   03    11.214
  2079   04    11.408
  2079   05    10.676
  2079   06     8.577
  2079   07     0.810
  2079   08     0.011
  2079   09     0.002
  2079   10     0.011
  2079   11     0.184
  2079   12     2.658
  2080   01     8.990
  2080   02    10.442
  2080   03    11.277
  2080   04    11.366
  2080   05    10.665
  2080   06     8.328
  2080   07     0.103
  2080   08     0.002
  2080   09     0.000
  2080   10     0.000
  2080   11     0.004
  2080   12     1.428
  2081   01     7.809
  2081   02     9.870
  2081   03    11.043
  2081   04    11.228
  2081   05    10.631
  2081   06     8.220
  2081   07     0.182
  2081   08     0.003
  2081   09     0.001
  2081   10     0.007
  2081   11     0.114
  2081   12     1.900
  2082   01     8.558
  2082   02    10.527
  2082   03    11.216
  2082   04    11.411
  2082   05    11.029
  2082   06     8.426
  2082   07     0.067
  2082   08     0.000
  2082   09     0.000
  2082   10     0.000
  2082   11     0.041
  2082   12     2.679
  2083   01     8.557
  2083   02    10.221
  2083   03    11.166
  2083   04    11.234
  2083   05    10.634
  2083   06     8.053
  2083   07     0.150
  2083   08     0.002
  2083   09     0.000
  2083   10     0.000
  2083   11     0.152
  2083   12     4.210
  2084   01     8.274
  2084   02    10.223
  2084   03    10.992
  2084   04    11.149
  2084   05    10.540
  2084   06     8.380
  2084   07     0.260
  2084   08     0.002
  2084   09     0.000
  2084   10     0.000
  2084   11     0.160
  2084   12     3.991
  2085   01     8.378
  2085   02    10.019
  2085   03    10.803
  2085   04    10.996
  2085   05    10.339
  2085   06     8.185
  2085   07     0.105
  2085   08     0.000
  2085   09     0.000
  2085   10     0.000
  2085   11     0.014
  2085   12     2.429
  2086   01     7.763
  2086   02    10.170
  2086   03    11.083
  2086   04    11.168
  2086   05    10.656
  2086   06     7.688
  2086   07     0.069
  2086   08     0.000
  2086   09     0.000
  2086   10     0.000
  2086   11     0.018
  2086   12     1.226
  2087   01     8.008
  2087   02     9.939
  2087   03    11.313
  2087   04    11.390
  2087   05    10.386
  2087   06     7.784
  2087   07     0.011
  2087   08     0.000
  2087   09     0.000
  2087   10     0.000
  2087   11     0.013
  2087   12     1.630
  2088   01     8.042
  2088   02     9.744
  2088   03    10.958
  2088   04    11.243
  2088   05    10.243
  2088   06     7.046
  2088   07     0.016
  2088   08     0.000
  2088   09     0.000
  2088   10     0.000
  2088   11     0.047
  2088   12     1.227
  2089   01     7.519
  2089   02     9.790
  2089   03    10.619
  2089   04    10.620
  2089   05    10.063
  2089   06     7.389
  2089   07     0.059
  2089   08     0.000
  2089   09     0.000
  2089   10     0.005
  2089   11     0.042
  2089   12     1.010
  2090   01     6.561
  2090   02     9.510
  2090   03    10.671
  2090   04    10.665
  2090   05     9.814
  2090   06     7.518
  2090   07     0.032
  2090   08     0.000
  2090   09     0.000
  2090   10     0.000
  2090   11     0.000
  2090   12     0.621
  2091   01     5.973
  2091   02     8.792
  2091   03     9.844
  2091   04    10.100
  2091   05     9.606
  2091   06     6.797
  2091   07     0.047
  2091   08     0.000
  2091   09     0.000
  2091   10     0.000
  2091   11     0.027
  2091   12     0.732
  2092   01     5.558
  2092   02     8.624
  2092   03     9.635
  2092   04     9.689
  2092   05     9.239
  2092   06     6.180
  2092   07     0.029
  2092   08     0.000
  2092   09     0.000
  2092   10     0.000
  2092   11     0.024
  2092   12     0.978
  2093   01     4.367
  2093   02     8.257
  2093   03     9.594
  2093   04     9.918
  2093   05     9.445
  2093   06     6.990
  2093   07     0.013
  2093   08     0.000
  2093   09     0.000
  2093   10     0.000
  2093   11     0.034
  2093   12     0.905
  2094   01     5.606
  2094   02     8.665
  2094   03     9.943
  2094   04    10.420
  2094   05     9.873
  2094   06     5.160
  2094   07     0.030
  2094   08     0.000
  2094   09     0.000
  2094   10     0.000
  2094   11     0.017
  2094   12     0.340
  2095   01     4.149
  2095   02     8.129
  2095   03     9.842
  2095   04    10.238
  2095   05     9.542
  2095   06     6.020
  2095   07     0.012
  2095   08     0.000
  2095   09     0.000
  2095   10     0.000
  2095   11     0.000
  2095   12     0.255
  2096   01     3.490
  2096   02     8.258
  2096   03     9.510
  2096   04     9.529
  2096   05     8.891
  2096   06     4.591
  2096   07     0.000
  2096   08     0.000
  2096   09     0.000
  2096   10     0.000
  2096   11     0.000
  2096   12     0.165
  2097   01     2.607
  2097   02     6.594
  2097   03     8.791
  2097   04     8.979
  2097   05     8.316
  2097   06     2.718
  2097   07     0.000
  2097   08     0.000
  2097   09     0.000
  2097   10     0.000
  2097   11     0.000
  2097   12     0.184
  2098   01     2.154
  2098   02     7.423
  2098   03     9.442
  2098   04     9.678
  2098   05     9.275
  2098   06     6.078
  2098   07     0.010
  2098   08     0.000
  2098   09     0.000
  2098   10     0.000
  2098   11     0.000
  2098   12     0.148
  2099   01     1.677
  2099   02     7.230
  2099   03     8.931
  2099   04     9.178
  2099   05     8.832
  2099   06     3.094
  2099   07     0.000
  2099   08     0.000
  2099   09     0.000
  2099   10     0.000
  2099   11     0.005
  2099   12     0.073
  2100   01     1.441
  2100   02     6.265
  2100   03     9.124
  2100   04     9.273
  2100   05     8.786
  2100   06     3.739
  2100   07     0.001
  2100   08     0.000
  2100   09     0.000
  2100   10     0.000
  2100   11     0.000
  2100   12     0.062
