  1850   01    14.954
  1850   02    15.804
  1850   03    16.226
  1850   04    15.983
  1850   05    15.103
  1850   06    13.105
  1850   07    10.358
  1850   08     7.761
  1850   09     6.825
  1850   10     8.644
  1850   11    11.341
  1850   12    13.284
  1851   01    15.076
  1851   02    16.104
  1851   03    16.652
  1851   04    16.689
  1851   05    15.544
  1851   06    13.442
  1851   07    10.775
  1851   08     7.958
  1851   09     7.295
  1851   10     9.407
  1851   11    11.398
  1851   12    13.658
  1852   01    15.358
  1852   02    16.420
  1852   03    16.952
  1852   04    16.533
  1852   05    14.988
  1852   06    13.170
  1852   07    10.006
  1852   08     7.940
  1852   09     7.702
  1852   10     8.786
  1852   11    10.986
  1852   12    13.504
  1853   01    15.163
  1853   02    16.252
  1853   03    16.909
  1853   04    16.846
  1853   05    15.845
  1853   06    13.496
  1853   07    10.299
  1853   08     8.096
  1853   09     7.955
  1853   10     8.909
  1853   11    10.934
  1853   12    13.511
  1854   01    14.887
  1854   02    15.757
  1854   03    16.504
  1854   04    16.427
  1854   05    15.082
  1854   06    13.149
  1854   07    10.561
  1854   08     7.963
  1854   09     7.397
  1854   10     9.047
  1854   11    10.896
  1854   12    13.127
  1855   01    14.603
  1855   02    15.621
  1855   03    15.941
  1855   04    15.565
  1855   05    14.621
  1855   06    12.920
  1855   07    10.368
  1855   08     7.677
  1855   09     6.862
  1855   10     8.340
  1855   11    11.185
  1855   12    13.129
  1856   01    14.459
  1856   02    15.602
  1856   03    16.373
  1856   04    16.013
  1856   05    14.970
  1856   06    13.297
  1856   07    10.269
  1856   08     8.084
  1856   09     7.339
  1856   10     8.994
  1856   11    11.131
  1856   12    13.382
  1857   01    14.899
  1857   02    15.649
  1857   03    16.215
  1857   04    16.060
  1857   05    15.143
  1857   06    13.113
  1857   07     9.259
  1857   08     7.375
  1857   09     6.340
  1857   10     8.283
  1857   11    10.547
  1857   12    13.402
  1858   01    15.062
  1858   02    16.176
  1858   03    16.478
  1858   04    16.351
  1858   05    15.126
  1858   06    12.979
  1858   07     9.793
  1858   08     7.867
  1858   09     7.554
  1858   10     8.589
  1858   11    10.706
  1858   12    13.073
  1859   01    14.834
  1859   02    15.630
  1859   03    16.006
  1859   04    15.860
  1859   05    14.659
  1859   06    12.606
  1859   07     9.514
  1859   08     7.303
  1859   09     6.698
  1859   10     8.196
  1859   11    10.747
  1859   12    13.524
  1860   01    15.124
  1860   02    16.442
  1860   03    17.068
  1860   04    16.806
  1860   05    15.380
  1860   06    12.627
  1860   07    10.268
  1860   08     7.960
  1860   09     7.094
  1860   10     8.802
  1860   11    10.914
  1860   12    13.763
  1861   01    15.213
  1861   02    16.464
  1861   03    16.877
  1861   04    16.613
  1861   05    15.375
  1861   06    12.912
  1861   07    10.197
  1861   08     8.107
  1861   09     7.709
  1861   10     8.732
  1861   11    10.822
  1861   12    13.506
  1862   01    15.560
  1862   02    16.427
  1862   03    16.918
  1862   04    16.716
  1862   05    15.481
  1862   06    12.919
  1862   07     9.734
  1862   08     7.831
  1862   09     6.817
  1862   10     8.268
  1862   11    10.893
  1862   12    13.901
  1863   01    15.564
  1863   02    16.762
  1863   03    17.148
  1863   04    16.629
  1863   05    15.287
  1863   06    13.254
  1863   07    10.421
  1863   08     7.585
  1863   09     6.654
  1863   10     8.520
  1863   11    11.209
  1863   12    13.531
  1864   01    15.071
  1864   02    16.182
  1864   03    16.757
  1864   04    16.290
  1864   05    15.149
  1864   06    13.034
  1864   07    10.241
  1864   08     6.689
  1864   09     6.391
  1864   10     8.538
  1864   11    11.125
  1864   12    13.430
  1865   01    14.637
  1865   02    15.788
  1865   03    16.385
  1865   04    16.268
  1865   05    15.209
  1865   06    13.081
  1865   07    10.289
  1865   08     7.712
  1865   09     6.842
  1865   10     9.062
  1865   11    11.365
  1865   12    13.689
  1866   01    14.638
  1866   02    15.750
  1866   03    16.195
  1866   04    15.943
  1866   05    14.753
  1866   06    12.977
  1866   07    10.167
  1866   08     7.503
  1866   09     6.652
  1866   10     8.141
  1866   11    10.271
  1866   12    12.789
  1867   01    14.405
  1867   02    15.476
  1867   03    16.003
  1867   04    15.883
  1867   05    14.736
  1867   06    12.744
  1867   07     9.593
  1867   08     7.431
  1867   09     6.597
  1867   10     8.042
  1867   11    10.511
  1867   12    12.696
  1868   01    14.535
  1868   02    15.575
  1868   03    16.241
  1868   04    16.183
  1868   05    15.103
  1868   06    12.933
  1868   07    10.128
  1868   08     8.087
  1868   09     7.718
  1868   10     9.068
  1868   11    11.040
  1868   12    13.446
  1869   01    14.903
  1869   02    15.970
  1869   03    16.588
  1869   04    16.356
  1869   05    15.393
  1869   06    13.267
  1869   07    10.577
  1869   08     7.808
  1869   09     7.116
  1869   10     8.953
  1869   11    11.559
  1869   12    14.238
  1870   01    15.516
  1870   02    16.538
  1870   03    17.020
  1870   04    16.556
  1870   05    15.713
  1870   06    13.641
  1870   07    10.390
  1870   08     8.039
  1870   09     7.207
  1870   10     8.295
  1870   11    10.762
  1870   12    13.691
  1871   01    15.148
  1871   02    16.198
  1871   03    16.692
  1871   04    16.284
  1871   05    15.173
  1871   06    12.835
  1871   07    10.306
  1871   08     7.582
  1871   09     6.948
  1871   10     8.851
  1871   11    10.978
  1871   12    13.445
  1872   01    14.734
  1872   02    15.910
  1872   03    16.319
  1872   04    16.169
  1872   05    15.538
  1872   06    13.279
  1872   07    10.100
  1872   08     7.593
  1872   09     6.951
  1872   10     8.445
  1872   11    10.951
  1872   12    13.564
  1873   01    15.076
  1873   02    16.217
  1873   03    16.820
  1873   04    16.654
  1873   05    15.311
  1873   06    13.014
  1873   07     9.570
  1873   08     7.525
  1873   09     7.085
  1873   10     8.901
  1873   11    11.114
  1873   12    13.648
  1874   01    15.092
  1874   02    15.995
  1874   03    16.437
  1874   04    16.324
  1874   05    15.428
  1874   06    13.078
  1874   07    10.089
  1874   08     7.987
  1874   09     7.607
  1874   10     9.115
  1874   11    11.337
  1874   12    14.002
  1875   01    15.452
  1875   02    16.483
  1875   03    16.703
  1875   04    16.536
  1875   05    15.425
  1875   06    13.110
  1875   07    10.160
  1875   08     7.942
  1875   09     7.443
  1875   10     9.051
  1875   11    10.896
  1875   12    13.638
  1876   01    15.437
  1876   02    16.501
  1876   03    16.852
  1876   04    16.659
  1876   05    15.501
  1876   06    13.088
  1876   07     9.999
  1876   08     8.139
  1876   09     7.512
  1876   10     8.506
  1876   11    10.739
  1876   12    13.272
  1877   01    15.087
  1877   02    16.130
  1877   03    16.635
  1877   04    16.359
  1877   05    15.037
  1877   06    13.077
  1877   07    10.631
  1877   08     7.632
  1877   09     6.845
  1877   10     8.890
  1877   11    10.978
  1877   12    13.532
  1878   01    14.918
  1878   02    15.899
  1878   03    16.437
  1878   04    16.102
  1878   05    15.267
  1878   06    13.478
  1878   07    10.495
  1878   08     8.012
  1878   09     7.102
  1878   10     8.860
  1878   11    11.200
  1878   12    13.793
  1879   01    15.002
  1879   02    15.943
  1879   03    16.441
  1879   04    16.313
  1879   05    15.029
  1879   06    12.885
  1879   07    10.877
  1879   08     7.392
  1879   09     6.744
  1879   10     7.977
  1879   11    10.178
  1879   12    13.273
  1880   01    14.803
  1880   02    15.835
  1880   03    16.237
  1880   04    15.823
  1880   05    14.824
  1880   06    12.215
  1880   07     9.452
  1880   08     7.760
  1880   09     7.157
  1880   10     8.625
  1880   11    10.776
  1880   12    13.304
  1881   01    14.679
  1881   02    15.419
  1881   03    15.814
  1881   04    15.604
  1881   05    14.385
  1881   06    12.677
  1881   07    10.238
  1881   08     7.582
  1881   09     7.207
  1881   10     9.059
  1881   11    11.068
  1881   12    13.524
  1882   01    14.904
  1882   02    15.688
  1882   03    16.085
  1882   04    15.902
  1882   05    14.923
  1882   06    12.839
  1882   07    10.187
  1882   08     7.615
  1882   09     7.097
  1882   10     8.611
  1882   11    10.896
  1882   12    13.049
  1883   01    14.870
  1883   02    15.866
  1883   03    16.460
  1883   04    16.101
  1883   05    15.203
  1883   06    13.064
  1883   07    10.290
  1883   08     8.343
  1883   09     7.483
  1883   10     8.982
  1883   11    10.926
  1883   12    13.712
  1884   01    15.170
  1884   02    16.143
  1884   03    16.511
  1884   04    16.366
  1884   05    15.493
  1884   06    13.019
  1884   07    10.181
  1884   08     8.095
  1884   09     7.577
  1884   10     8.979
  1884   11    11.246
  1884   12    13.722
  1885   01    15.554
  1885   02    16.608
  1885   03    17.034
  1885   04    16.917
  1885   05    15.635
  1885   06    12.866
  1885   07    10.539
  1885   08     7.878
  1885   09     7.014
  1885   10     8.598
  1885   11    11.245
  1885   12    13.495
  1886   01    15.262
  1886   02    16.232
  1886   03    16.707
  1886   04    16.556
  1886   05    15.436
  1886   06    13.066
  1886   07     9.480
  1886   08     7.487
  1886   09     7.127
  1886   10     8.385
  1886   11    10.718
  1886   12    13.304
  1887   01    14.853
  1887   02    15.591
  1887   03    16.120
  1887   04    15.843
  1887   05    15.145
  1887   06    13.183
  1887   07    10.862
  1887   08     8.308
  1887   09     7.428
  1887   10     9.151
  1887   11    11.234
  1887   12    13.788
  1888   01    15.045
  1888   02    16.030
  1888   03    16.510
  1888   04    16.202
  1888   05    15.274
  1888   06    12.995
  1888   07    10.139
  1888   08     7.509
  1888   09     7.041
  1888   10     8.749
  1888   11    11.183
  1888   12    13.600
  1889   01    14.634
  1889   02    15.613
  1889   03    16.062
  1889   04    15.676
  1889   05    14.818
  1889   06    12.884
  1889   07    10.315
  1889   08     7.562
  1889   09     7.048
  1889   10     9.108
  1889   11    11.343
  1889   12    13.461
  1890   01    14.868
  1890   02    15.687
  1890   03    15.820
  1890   04    15.605
  1890   05    14.732
  1890   06    12.854
  1890   07    10.910
  1890   08     8.116
  1890   09     7.383
  1890   10     9.323
  1890   11    11.437
  1890   12    13.807
  1891   01    15.007
  1891   02    15.933
  1891   03    16.318
  1891   04    16.014
  1891   05    15.089
  1891   06    13.093
  1891   07    10.388
  1891   08     7.983
  1891   09     7.227
  1891   10     9.259
  1891   11    11.427
  1891   12    14.011
  1892   01    15.710
  1892   02    16.748
  1892   03    16.874
  1892   04    16.534
  1892   05    15.445
  1892   06    13.109
  1892   07    10.803
  1892   08     8.397
  1892   09     7.723
  1892   10     9.249
  1892   11    11.333
  1892   12    13.647
  1893   01    15.194
  1893   02    16.203
  1893   03    16.623
  1893   04    16.507
  1893   05    15.085
  1893   06    13.027
  1893   07    10.602
  1893   08     8.492
  1893   09     7.905
  1893   10     9.421
  1893   11    11.209
  1893   12    13.800
  1894   01    14.942
  1894   02    15.925
  1894   03    16.505
  1894   04    16.284
  1894   05    15.085
  1894   06    12.956
  1894   07    11.340
  1894   08     8.199
  1894   09     7.392
  1894   10     9.196
  1894   11    11.299
  1894   12    13.944
  1895   01    15.035
  1895   02    16.415
  1895   03    16.747
  1895   04    16.370
  1895   05    15.281
  1895   06    13.478
  1895   07    10.738
  1895   08     8.249
  1895   09     7.272
  1895   10     9.288
  1895   11    11.483
  1895   12    13.870
  1896   01    15.438
  1896   02    16.415
  1896   03    16.654
  1896   04    16.358
  1896   05    14.931
  1896   06    13.171
  1896   07    10.889
  1896   08     7.869
  1896   09     7.042
  1896   10     9.340
  1896   11    11.498
  1896   12    14.378
  1897   01    15.651
  1897   02    16.494
  1897   03    17.240
  1897   04    16.997
  1897   05    15.907
  1897   06    13.996
  1897   07    11.087
  1897   08     8.465
  1897   09     8.328
  1897   10     9.401
  1897   11    11.687
  1897   12    14.130
  1898   01    15.505
  1898   02    16.563
  1898   03    17.096
  1898   04    16.969
  1898   05    15.826
  1898   06    13.499
  1898   07    10.702
  1898   08     8.376
  1898   09     7.823
  1898   10     9.250
  1898   11    11.241
  1898   12    13.554
  1899   01    15.118
  1899   02    15.986
  1899   03    16.387
  1899   04    16.115
  1899   05    14.919
  1899   06    12.751
  1899   07    10.088
  1899   08     7.396
  1899   09     6.926
  1899   10     8.744
  1899   11    11.327
  1899   12    14.305
  1900   01    15.287
  1900   02    16.641
  1900   03    16.952
  1900   04    16.746
  1900   05    15.673
  1900   06    13.307
  1900   07    10.774
  1900   08     8.317
  1900   09     7.546
  1900   10     9.543
  1900   11    11.902
  1900   12    13.860
  1901   01    14.900
  1901   02    16.027
  1901   03    16.796
  1901   04    16.367
  1901   05    15.406
  1901   06    12.734
  1901   07     9.929
  1901   08     7.864
  1901   09     7.070
  1901   10     8.673
  1901   11    10.997
  1901   12    13.552
  1902   01    15.114
  1902   02    16.408
  1902   03    16.800
  1902   04    16.398
  1902   05    14.923
  1902   06    12.825
  1902   07    10.487
  1902   08     7.888
  1902   09     7.464
  1902   10     9.250
  1902   11    11.236
  1902   12    13.275
  1903   01    14.917
  1903   02    15.915
  1903   03    16.267
  1903   04    16.089
  1903   05    14.923
  1903   06    12.985
  1903   07    10.464
  1903   08     8.340
  1903   09     7.697
  1903   10     9.189
  1903   11    11.346
  1903   12    14.004
  1904   01    15.319
  1904   02    16.159
  1904   03    16.645
  1904   04    16.364
  1904   05    15.289
  1904   06    13.191
  1904   07    10.413
  1904   08     8.326
  1904   09     7.404
  1904   10     9.381
  1904   11    11.500
  1904   12    14.210
  1905   01    15.706
  1905   02    16.724
  1905   03    17.194
  1905   04    16.961
  1905   05    15.648
  1905   06    13.690
  1905   07    10.467
  1905   08     8.195
  1905   09     7.412
  1905   10     9.174
  1905   11    11.471
  1905   12    14.143
  1906   01    15.541
  1906   02    16.773
  1906   03    17.142
  1906   04    16.895
  1906   05    15.867
  1906   06    13.553
  1906   07    10.802
  1906   08     7.946
  1906   09     7.377
  1906   10     8.925
  1906   11    11.379
  1906   12    14.293
  1907   01    15.728
  1907   02    16.489
  1907   03    16.896
  1907   04    16.248
  1907   05    15.004
  1907   06    12.545
  1907   07    10.318
  1907   08     8.008
  1907   09     7.124
  1907   10     8.975
  1907   11    11.203
  1907   12    13.707
  1908   01    15.303
  1908   02    16.493
  1908   03    17.204
  1908   04    16.639
  1908   05    15.994
  1908   06    13.697
  1908   07    10.516
  1908   08     8.047
  1908   09     7.501
  1908   10     9.017
  1908   11    11.490
  1908   12    14.440
  1909   01    15.826
  1909   02    16.804
  1909   03    17.415
  1909   04    17.291
  1909   05    15.994
  1909   06    13.622
  1909   07    10.488
  1909   08     8.268
  1909   09     7.806
  1909   10     9.089
  1909   11    11.331
  1909   12    14.240
  1910   01    16.125
  1910   02    17.022
  1910   03    17.493
  1910   04    17.308
  1910   05    16.093
  1910   06    14.237
  1910   07    10.982
  1910   08     8.421
  1910   09     7.948
  1910   10     9.459
  1910   11    11.462
  1910   12    14.306
  1911   01    15.690
  1911   02    17.141
  1911   03    17.475
  1911   04    17.354
  1911   05    15.952
  1911   06    13.306
  1911   07    10.700
  1911   08     8.435
  1911   09     7.915
  1911   10     9.510
  1911   11    11.470
  1911   12    14.199
  1912   01    15.833
  1912   02    17.029
  1912   03    17.313
  1912   04    17.013
  1912   05    15.713
  1912   06    13.562
  1912   07    11.062
  1912   08     8.807
  1912   09     8.253
  1912   10     9.958
  1912   11    12.227
  1912   12    14.682
  1913   01    16.174
  1913   02    17.379
  1913   03    17.733
  1913   04    17.381
  1913   05    15.714
  1913   06    13.520
  1913   07    11.582
  1913   08     8.996
  1913   09     8.390
  1913   10     9.559
  1913   11    11.505
  1913   12    14.471
  1914   01    15.719
  1914   02    16.568
  1914   03    17.082
  1914   04    16.782
  1914   05    15.596
  1914   06    13.194
  1914   07    10.907
  1914   08     8.743
  1914   09     8.244
  1914   10     9.486
  1914   11    11.298
  1914   12    13.765
  1915   01    15.332
  1915   02    16.346
  1915   03    16.838
  1915   04    16.573
  1915   05    15.190
  1915   06    13.378
  1915   07    10.306
  1915   08     8.288
  1915   09     7.857
  1915   10     9.400
  1915   11    11.447
  1915   12    13.746
  1916   01    15.272
  1916   02    16.329
  1916   03    16.790
  1916   04    16.516
  1916   05    15.546
  1916   06    12.997
  1916   07    10.649
  1916   08     8.320
  1916   09     7.641
  1916   10     9.389
  1916   11    11.569
  1916   12    13.812
  1917   01    15.193
  1917   02    16.104
  1917   03    16.582
  1917   04    16.037
  1917   05    15.135
  1917   06    13.262
  1917   07    10.012
  1917   08     7.451
  1917   09     6.759
  1917   10     8.234
  1917   11    11.069
  1917   12    13.568
  1918   01    14.994
  1918   02    15.909
  1918   03    16.490
  1918   04    16.271
  1918   05    15.232
  1918   06    13.129
  1918   07    11.048
  1918   08     8.027
  1918   09     7.227
  1918   10     9.015
  1918   11    11.569
  1918   12    13.963
  1919   01    15.317
  1919   02    16.371
  1919   03    16.935
  1919   04    16.666
  1919   05    15.226
  1919   06    12.750
  1919   07    10.656
  1919   08     8.199
  1919   09     7.283
  1919   10     9.018
  1919   11    11.006
  1919   12    13.602
  1920   01    15.296
  1920   02    16.653
  1920   03    17.285
  1920   04    16.874
  1920   05    15.597
  1920   06    12.855
  1920   07     9.722
  1920   08     7.882
  1920   09     7.247
  1920   10     8.459
  1920   11    10.884
  1920   12    13.434
  1921   01    15.178
  1921   02    16.399
  1921   03    17.050
  1921   04    16.701
  1921   05    15.004
  1921   06    12.826
  1921   07     9.727
  1921   08     7.193
  1921   09     6.826
  1921   10     8.398
  1921   11    10.825
  1921   12    13.561
  1922   01    15.080
  1922   02    16.306
  1922   03    16.876
  1922   04    16.597
  1922   05    15.155
  1922   06    12.879
  1922   07     9.844
  1922   08     7.696
  1922   09     7.172
  1922   10     8.509
  1922   11    11.126
  1922   12    13.039
  1923   01    14.816
  1923   02    16.138
  1923   03    16.778
  1923   04    16.249
  1923   05    14.621
  1923   06    12.763
  1923   07     9.705
  1923   08     7.507
  1923   09     7.195
  1923   10     8.871
  1923   11    10.951
  1923   12    13.533
  1924   01    14.732
  1924   02    15.804
  1924   03    16.351
  1924   04    16.083
  1924   05    14.857
  1924   06    12.912
  1924   07    10.277
  1924   08     7.986
  1924   09     7.210
  1924   10     8.716
  1924   11    11.608
  1924   12    13.523
  1925   01    14.693
  1925   02    15.671
  1925   03    16.285
  1925   04    16.123
  1925   05    14.980
  1925   06    13.199
  1925   07    10.697
  1925   08     8.203
  1925   09     7.586
  1925   10     9.024
  1925   11    10.838
  1925   12    13.389
  1926   01    14.535
  1926   02    15.322
  1926   03    15.709
  1926   04    15.397
  1926   05    14.634
  1926   06    13.121
  1926   07    10.251
  1926   08     7.845
  1926   09     7.486
  1926   10     8.992
  1926   11    10.896
  1926   12    13.353
  1927   01    14.641
  1927   02    15.778
  1927   03    15.898
  1927   04    15.500
  1927   05    14.729
  1927   06    13.101
  1927   07    10.672
  1927   08     7.958
  1927   09     7.335
  1927   10     9.450
  1927   11    11.577
  1927   12    13.580
  1928   01    14.658
  1928   02    15.820
  1928   03    16.347
  1928   04    16.129
  1928   05    15.135
  1928   06    13.222
  1928   07    10.809
  1928   08     8.109
  1928   09     7.231
  1928   10     9.026
  1928   11    11.321
  1928   12    13.699
  1929   01    15.278
  1929   02    16.454
  1929   03    16.761
  1929   04    16.446
  1929   05    14.988
  1929   06    12.896
  1929   07    10.375
  1929   08     7.571
  1929   09     7.234
  1929   10     8.590
  1929   11    11.000
  1929   12    13.805
  1930   01    15.209
  1930   02    16.157
  1930   03    16.593
  1930   04    15.963
  1930   05    14.793
  1930   06    12.882
  1930   07    10.062
  1930   08     8.367
  1930   09     7.978
  1930   10     9.332
  1930   11    11.517
  1930   12    13.741
  1931   01    15.023
  1931   02    15.733
  1931   03    16.201
  1931   04    16.247
  1931   05    15.177
  1931   06    13.448
  1931   07    10.184
  1931   08     8.292
  1931   09     7.877
  1931   10     9.572
  1931   11    11.432
  1931   12    13.709
  1932   01    15.062
  1932   02    16.139
  1932   03    16.571
  1932   04    16.277
  1932   05    15.252
  1932   06    13.040
  1932   07    10.943
  1932   08     8.220
  1932   09     7.403
  1932   10     9.135
  1932   11    11.405
  1932   12    13.928
  1933   01    15.166
  1933   02    16.122
  1933   03    16.750
  1933   04    16.527
  1933   05    15.459
  1933   06    13.428
  1933   07     9.933
  1933   08     7.827
  1933   09     7.443
  1933   10     8.790
  1933   11    10.548
  1933   12    13.028
  1934   01    14.922
  1934   02    15.744
  1934   03    16.565
  1934   04    16.580
  1934   05    15.488
  1934   06    13.359
  1934   07    10.020
  1934   08     7.325
  1934   09     7.014
  1934   10     9.040
  1934   11    11.501
  1934   12    13.607
  1935   01    14.965
  1935   02    16.339
  1935   03    16.691
  1935   04    16.311
  1935   05    14.944
  1935   06    12.666
  1935   07     9.960
  1935   08     7.526
  1935   09     7.152
  1935   10     8.228
  1935   11    10.609
  1935   12    13.279
  1936   01    14.590
  1936   02    15.438
  1936   03    16.320
  1936   04    16.085
  1936   05    14.994
  1936   06    12.551
  1936   07     9.408
  1936   08     6.970
  1936   09     6.845
  1936   10     8.564
  1936   11    10.769
  1936   12    13.282
  1937   01    14.697
  1937   02    15.829
  1937   03    16.417
  1937   04    16.144
  1937   05    15.179
  1937   06    12.917
  1937   07    10.303
  1937   08     7.145
  1937   09     6.902
  1937   10     8.484
  1937   11    10.986
  1937   12    13.752
  1938   01    14.952
  1938   02    15.904
  1938   03    16.551
  1938   04    16.397
  1938   05    15.253
  1938   06    13.090
  1938   07     9.933
  1938   08     7.524
  1938   09     7.095
  1938   10     8.383
  1938   11    10.944
  1938   12    13.848
  1939   01    14.975
  1939   02    15.807
  1939   03    16.315
  1939   04    16.208
  1939   05    15.152
  1939   06    12.615
  1939   07    10.019
  1939   08     7.864
  1939   09     7.337
  1939   10     9.314
  1939   11    11.387
  1939   12    13.703
  1940   01    15.134
  1940   02    16.280
  1940   03    16.831
  1940   04    16.604
  1940   05    15.040
  1940   06    12.878
  1940   07    10.306
  1940   08     8.265
  1940   09     7.427
  1940   10     8.849
  1940   11    10.838
  1940   12    13.546
  1941   01    15.262
  1941   02    15.946
  1941   03    16.381
  1941   04    16.315
  1941   05    15.413
  1941   06    12.886
  1941   07    10.498
  1941   08     7.833
  1941   09     7.276
  1941   10     8.946
  1941   11    11.046
  1941   12    13.357
  1942   01    14.704
  1942   02    15.928
  1942   03    16.325
  1942   04    16.002
  1942   05    14.628
  1942   06    12.355
  1942   07    10.828
  1942   08     8.132
  1942   09     7.693
  1942   10     9.326
  1942   11    11.438
  1942   12    14.038
  1943   01    14.998
  1943   02    16.120
  1943   03    16.390
  1943   04    16.227
  1943   05    15.427
  1943   06    13.403
  1943   07    11.009
  1943   08     8.792
  1943   09     7.884
  1943   10     9.521
  1943   11    11.188
  1943   12    13.969
  1944   01    15.474
  1944   02    16.575
  1944   03    16.929
  1944   04    16.829
  1944   05    15.591
  1944   06    13.542
  1944   07    10.443
  1944   08     7.937
  1944   09     7.240
  1944   10     8.871
  1944   11    11.176
  1944   12    13.859
  1945   01    15.278
  1945   02    16.200
  1945   03    16.830
  1945   04    16.377
  1945   05    15.061
  1945   06    13.252
  1945   07    11.053
  1945   08     8.665
  1945   09     8.186
  1945   10     9.480
  1945   11    11.591
  1945   12    14.150
  1946   01    15.542
  1946   02    16.734
  1946   03    17.195
  1946   04    16.869
  1946   05    15.500
  1946   06    13.140
  1946   07    11.320
  1946   08     8.905
  1946   09     8.465
  1946   10     9.643
  1946   11    11.606
  1946   12    14.160
  1947   01    15.496
  1947   02    16.623
  1947   03    17.188
  1947   04    16.992
  1947   05    15.612
  1947   06    13.390
  1947   07    10.824
  1947   08     8.027
  1947   09     7.530
  1947   10     9.220
  1947   11    11.495
  1947   12    13.963
  1948   01    15.606
  1948   02    16.611
  1948   03    17.201
  1948   04    16.887
  1948   05    15.232
  1948   06    13.348
  1948   07    10.652
  1948   08     8.188
  1948   09     7.451
  1948   10     8.823
  1948   11    11.598
  1948   12    14.301
  1949   01    15.624
  1949   02    16.963
  1949   03    17.544
  1949   04    17.332
  1949   05    16.023
  1949   06    13.398
  1949   07    10.834
  1949   08     7.813
  1949   09     6.976
  1949   10     8.671
  1949   11    11.240
  1949   12    13.979
  1950   01    15.771
  1950   02    16.863
  1950   03    17.013
  1950   04    16.727
  1950   05    15.476
  1950   06    13.229
  1950   07    10.516
  1950   08     7.972
  1950   09     7.646
  1950   10     9.286
  1950   11    11.521
  1950   12    13.830
  1951   01    15.526
  1951   02    16.608
  1951   03    17.108
  1951   04    16.878
  1951   05    15.751
  1951   06    13.172
  1951   07    11.211
  1951   08     8.724
  1951   09     8.050
  1951   10     9.039
  1951   11    11.269
  1951   12    13.515
  1952   01    15.059
  1952   02    16.291
  1952   03    16.513
  1952   04    16.135
  1952   05    14.933
  1952   06    13.010
  1952   07    10.982
  1952   08     8.261
  1952   09     7.909
  1952   10     9.548
  1952   11    11.504
  1952   12    13.742
  1953   01    14.804
  1953   02    15.852
  1953   03    16.504
  1953   04    16.138
  1953   05    15.055
  1953   06    12.790
  1953   07     9.964
  1953   08     7.415
  1953   09     6.759
  1953   10     8.654
  1953   11    11.054
  1953   12    13.519
  1954   01    15.045
  1954   02    16.336
  1954   03    16.529
  1954   04    16.059
  1954   05    14.751
  1954   06    12.709
  1954   07    10.274
  1954   08     7.094
  1954   09     6.591
  1954   10     8.505
  1954   11    10.927
  1954   12    13.137
  1955   01    14.452
  1955   02    15.506
  1955   03    15.908
  1955   04    15.744
  1955   05    14.862
  1955   06    12.637
  1955   07    10.402
  1955   08     7.822
  1955   09     7.341
  1955   10     9.073
  1955   11    10.959
  1955   12    13.478
  1956   01    14.610
  1956   02    15.544
  1956   03    15.887
  1956   04    15.531
  1956   05    14.499
  1956   06    13.003
  1956   07    10.374
  1956   08     7.579
  1956   09     6.785
  1956   10     8.519
  1956   11    10.909
  1956   12    13.309
  1957   01    14.926
  1957   02    16.048
  1957   03    16.632
  1957   04    16.229
  1957   05    14.883
  1957   06    13.143
  1957   07     9.898
  1957   08     7.836
  1957   09     7.492
  1957   10     8.802
  1957   11    10.801
  1957   12    13.139
  1958   01    14.882
  1958   02    15.748
  1958   03    16.218
  1958   04    16.096
  1958   05    15.260
  1958   06    12.800
  1958   07     9.787
  1958   08     8.114
  1958   09     7.773
  1958   10     8.903
  1958   11    10.465
  1958   12    13.127
  1959   01    14.703
  1959   02    15.619
  1959   03    16.246
  1959   04    15.823
  1959   05    14.718
  1959   06    12.810
  1959   07    10.300
  1959   08     7.857
  1959   09     7.483
  1959   10     8.919
  1959   11    10.856
  1959   12    13.350
  1960   01    14.839
  1960   02    16.052
  1960   03    16.406
  1960   04    16.156
  1960   05    15.008
  1960   06    12.924
  1960   07    10.120
  1960   08     8.366
  1960   09     8.075
  1960   10     9.169
  1960   11    11.251
  1960   12    13.841
  1961   01    15.040
  1961   02    15.872
  1961   03    16.495
  1961   04    16.310
  1961   05    15.201
  1961   06    13.233
  1961   07    10.459
  1961   08     8.318
  1961   09     7.916
  1961   10     9.278
  1961   11    11.127
  1961   12    13.863
  1962   01    15.198
  1962   02    16.204
  1962   03    16.670
  1962   04    16.629
  1962   05    15.722
  1962   06    13.462
  1962   07    10.040
  1962   08     8.057
  1962   09     7.615
  1962   10     9.177
  1962   11    11.479
  1962   12    13.789
  1963   01    15.690
  1963   02    16.931
  1963   03    17.359
  1963   04    16.982
  1963   05    15.798
  1963   06    13.389
  1963   07    10.471
  1963   08     8.331
  1963   09     8.216
  1963   10     9.671
  1963   11    11.962
  1963   12    14.104
  1964   01    15.223
  1964   02    16.435
  1964   03    16.958
  1964   04    16.729
  1964   05    15.153
  1964   06    13.205
  1964   07    10.547
  1964   08     8.760
  1964   09     8.502
  1964   10     9.403
  1964   11    11.561
  1964   12    14.437
  1965   01    16.056
  1965   02    16.924
  1965   03    16.800
  1965   04    16.496
  1965   05    15.399
  1965   06    13.414
  1965   07    11.128
  1965   08     9.034
  1965   09     8.615
  1965   10     9.976
  1965   11    12.422
  1965   12    14.313
  1966   01    15.709
  1966   02    16.423
  1966   03    16.768
  1966   04    16.477
  1966   05    15.211
  1966   06    13.278
  1966   07    10.649
  1966   08     9.053
  1966   09     8.555
  1966   10     9.735
  1966   11    11.444
  1966   12    13.814
  1967   01    15.183
  1967   02    15.954
  1967   03    16.352
  1967   04    16.520
  1967   05    15.079
  1967   06    12.971
  1967   07     9.968
  1967   08     8.415
  1967   09     7.996
  1967   10     9.202
  1967   11    10.985
  1967   12    13.101
  1968   01    14.652
  1968   02    15.766
  1968   03    16.142
  1968   04    16.069
  1968   05    14.909
  1968   06    13.011
  1968   07    10.201
  1968   08     8.423
  1968   09     7.974
  1968   10     9.542
  1968   11    11.403
  1968   12    13.644
  1969   01    14.917
  1969   02    15.897
  1969   03    16.373
  1969   04    16.040
  1969   05    14.751
  1969   06    13.056
  1969   07    10.560
  1969   08     8.416
  1969   09     7.693
  1969   10     9.056
  1969   11    11.125
  1969   12    13.523
  1970   01    14.792
  1970   02    15.712
  1970   03    16.236
  1970   04    15.937
  1970   05    14.880
  1970   06    12.954
  1970   07    10.445
  1970   08     8.129
  1970   09     7.599
  1970   10     9.471
  1970   11    11.452
  1970   12    13.706
  1971   01    14.914
  1971   02    15.844
  1971   03    16.487
  1971   04    16.529
  1971   05    15.051
  1971   06    12.898
  1971   07    11.088
  1971   08     8.294
  1971   09     7.591
  1971   10     8.907
  1971   11    11.344
  1971   12    13.814
  1972   01    15.173
  1972   02    16.011
  1972   03    16.351
  1972   04    16.157
  1972   05    14.979
  1972   06    12.884
  1972   07    10.238
  1972   08     8.145
  1972   09     7.853
  1972   10     9.441
  1972   11    11.027
  1972   12    13.181
  1973   01    14.785
  1973   02    16.206
  1973   03    16.812
  1973   04    16.739
  1973   05    15.387
  1973   06    13.373
  1973   07    10.892
  1973   08     8.568
  1973   09     7.695
  1973   10     9.182
  1973   11    11.524
  1973   12    13.926
  1974   01    15.548
  1974   02    16.739
  1974   03    17.319
  1974   04    17.143
  1974   05    15.831
  1974   06    14.029
  1974   07    10.864
  1974   08     8.721
  1974   09     8.112
  1974   10     9.610
  1974   11    11.370
  1974   12    14.233
  1975   01    15.744
  1975   02    16.943
  1975   03    17.334
  1975   04    17.105
  1975   05    15.727
  1975   06    13.491
  1975   07    10.502
  1975   08     8.234
  1975   09     7.897
  1975   10    10.043
  1975   11    11.957
  1975   12    14.046
  1976   01    15.498
  1976   02    16.588
  1976   03    17.205
  1976   04    16.918
  1976   05    15.266
  1976   06    13.704
  1976   07    11.513
  1976   08     8.765
  1976   09     8.553
  1976   10     9.980
  1976   11    12.270
  1976   12    14.188
  1977   01    15.290
  1977   02    16.203
  1977   03    16.652
  1977   04    16.450
  1977   05    15.223
  1977   06    13.319
  1977   07    11.473
  1977   08     9.013
  1977   09     8.035
  1977   10     9.691
  1977   11    11.516
  1977   12    14.257
  1978   01    15.869
  1978   02    16.832
  1978   03    17.494
  1978   04    17.003
  1978   05    15.504
  1978   06    13.536
  1978   07    10.393
  1978   08     8.403
  1978   09     7.924
  1978   10     9.523
  1978   11    11.798
  1978   12    13.962
  1979   01    15.404
  1979   02    16.343
  1979   03    16.507
  1979   04    16.300
  1979   05    15.160
  1979   06    13.347
  1979   07    11.500
  1979   08     9.182
  1979   09     8.710
  1979   10     9.869
  1979   11    11.812
  1979   12    14.403
  1980   01    15.606
  1980   02    16.576
  1980   03    16.724
  1980   04    16.643
  1980   05    15.289
  1980   06    13.503
  1980   07    11.258
  1980   08     9.216
  1980   09     8.613
  1980   10     9.665
  1980   11    11.802
  1980   12    14.203
  1981   01    15.650
  1981   02    16.805
  1981   03    17.194
  1981   04    16.843
  1981   05    15.371
  1981   06    13.096
  1981   07    11.171
  1981   08     8.650
  1981   09     8.391
  1981   10     9.898
  1981   11    11.695
  1981   12    13.964
  1982   01    15.485
  1982   02    16.657
  1982   03    17.391
  1982   04    17.375
  1982   05    15.856
  1982   06    13.698
  1982   07    11.438
  1982   08     9.068
  1982   09     8.571
  1982   10    10.082
  1982   11    12.329
  1982   12    14.962
  1983   01    16.212
  1983   02    17.197
  1983   03    17.518
  1983   04    17.396
  1983   05    16.363
  1983   06    14.184
  1983   07    11.909
  1983   08     9.725
  1983   09     9.292
  1983   10    10.441
  1983   11    12.436
  1983   12    14.879
  1984   01    16.111
  1984   02    17.280
  1984   03    17.928
  1984   04    17.641
  1984   05    16.474
  1984   06    14.113
  1984   07    10.902
  1984   08     8.974
  1984   09     8.197
  1984   10     9.953
  1984   11    12.293
  1984   12    14.372
  1985   01    16.063
  1985   02    17.231
  1985   03    17.587
  1985   04    17.460
  1985   05    16.235
  1985   06    13.879
  1985   07    11.946
  1985   08     9.079
  1985   09     8.312
  1985   10    10.300
  1985   11    12.031
  1985   12    14.681
  1986   01    15.744
  1986   02    16.943
  1986   03    17.366
  1986   04    17.147
  1986   05    15.525
  1986   06    13.436
  1986   07    11.556
  1986   08     9.024
  1986   09     8.351
  1986   10     9.842
  1986   11    11.654
  1986   12    14.340
  1987   01    15.794
  1987   02    16.975
  1987   03    17.390
  1987   04    16.825
  1987   05    15.361
  1987   06    13.474
  1987   07    11.093
  1987   08     8.321
  1987   09     8.084
  1987   10     9.505
  1987   11    11.074
  1987   12    13.964
  1988   01    15.296
  1988   02    16.428
  1988   03    16.847
  1988   04    16.491
  1988   05    14.912
  1988   06    13.416
  1988   07    10.914
  1988   08     8.436
  1988   09     7.631
  1988   10     9.252
  1988   11    11.436
  1988   12    13.736
  1989   01    15.228
  1989   02    16.167
  1989   03    16.524
  1989   04    16.169
  1989   05    14.767
  1989   06    12.977
  1989   07     9.980
  1989   08     8.361
  1989   09     7.646
  1989   10     9.141
  1989   11    11.587
  1989   12    13.715
  1990   01    14.948
  1990   02    15.783
  1990   03    16.397
  1990   04    15.889
  1990   05    14.815
  1990   06    12.443
  1990   07     9.684
  1990   08     7.742
  1990   09     7.239
  1990   10     8.911
  1990   11    11.200
  1990   12    13.407
  1991   01    14.723
  1991   02    15.607
  1991   03    16.254
  1991   04    16.312
  1991   05    15.178
  1991   06    12.605
  1991   07    10.224
  1991   08     8.113
  1991   09     7.592
  1991   10     8.913
  1991   11    11.229
  1991   12    13.422
  1992   01    14.517
  1992   02    15.502
  1992   03    16.117
  1992   04    15.897
  1992   05    15.095
  1992   06    12.836
  1992   07    10.003
  1992   08     8.049
  1992   09     7.550
  1992   10     9.318
  1992   11    11.388
  1992   12    13.768
  1993   01    14.760
  1993   02    15.755
  1993   03    15.949
  1993   04    15.738
  1993   05    14.800
  1993   06    12.947
  1993   07    10.392
  1993   08     8.481
  1993   09     7.981
  1993   10     9.267
  1993   11    11.311
  1993   12    13.919
  1994   01    15.281
  1994   02    16.280
  1994   03    16.537
  1994   04    16.411
  1994   05    15.426
  1994   06    13.107
  1994   07    10.836
  1994   08     8.802
  1994   09     8.406
  1994   10     9.705
  1994   11    11.683
  1994   12    13.755
  1995   01    15.268
  1995   02    16.291
  1995   03    16.690
  1995   04    16.494
  1995   05    15.070
  1995   06    13.153
  1995   07    10.594
  1995   08     8.570
  1995   09     8.166
  1995   10     9.352
  1995   11    11.436
  1995   12    13.483
  1996   01    14.900
  1996   02    16.071
  1996   03    16.655
  1996   04    16.546
  1996   05    15.791
  1996   06    13.160
  1996   07    10.906
  1996   08     8.371
  1996   09     7.908
  1996   10     9.165
  1996   11    11.309
  1996   12    13.938
  1997   01    15.470
  1997   02    16.473
  1997   03    17.013
  1997   04    17.018
  1997   05    15.794
  1997   06    13.640
  1997   07    10.500
  1997   08     8.046
  1997   09     7.476
  1997   10     8.696
  1997   11    10.703
  1997   12    13.301
  1998   01    14.853
  1998   02    16.245
  1998   03    16.903
  1998   04    16.946
  1998   05    15.531
  1998   06    13.298
  1998   07    10.051
  1998   08     8.174
  1998   09     7.641
  1998   10     8.891
  1998   11    10.959
  1998   12    13.175
  1999   01    14.879
  1999   02    16.076
  1999   03    16.957
  1999   04    16.272
  1999   05    14.869
  1999   06    12.755
  1999   07    10.334
  1999   08     7.865
  1999   09     7.293
  1999   10     8.961
  1999   11    10.997
  1999   12    13.309
  2000   01    15.266
  2000   02    16.573
  2000   03    17.058
  2000   04    16.717
  2000   05    15.252
  2000   06    12.769
  2000   07    10.013
  2000   08     7.565
  2000   09     7.316
  2000   10     8.163
  2000   11    10.169
  2000   12    12.863
  2001   01    14.861
  2001   02    16.117
  2001   03    16.690
  2001   04    16.380
  2001   05    14.350
  2001   06    12.730
  2001   07     9.667
  2001   08     7.597
  2001   09     6.718
  2001   10     7.814
  2001   11    10.406
  2001   12    13.261
  2002   01    14.772
  2002   02    15.814
  2002   03    16.347
  2002   04    16.112
  2002   05    14.898
  2002   06    12.625
  2002   07     9.426
  2002   08     7.202
  2002   09     6.655
  2002   10     8.512
  2002   11    10.436
  2002   12    12.743
  2003   01    14.615
  2003   02    15.455
  2003   03    15.684
  2003   04    15.427
  2003   05    14.415
  2003   06    12.453
  2003   07     8.823
  2003   08     6.808
  2003   09     6.295
  2003   10     7.889
  2003   11    10.261
  2003   12    12.874
  2004   01    14.700
  2004   02    15.909
  2004   03    16.290
  2004   04    16.016
  2004   05    14.854
  2004   06    12.218
  2004   07     9.032
  2004   08     6.980
  2004   09     6.268
  2004   10     7.673
  2004   11    10.048
  2004   12    12.767
  2005   01    14.588
  2005   02    15.611
  2005   03    16.372
  2005   04    15.839
  2005   05    14.309
  2005   06    12.492
  2005   07     9.222
  2005   08     7.293
  2005   09     6.517
  2005   10     7.630
  2005   11    10.272
  2005   12    12.530
  2006   01    14.348
  2006   02    15.114
  2006   03    15.632
  2006   04    15.472
  2006   05    14.507
  2006   06    12.727
  2006   07     9.029
  2006   08     6.842
  2006   09     6.225
  2006   10     7.710
  2006   11    10.198
  2006   12    12.877
  2007   01    14.283
  2007   02    15.233
  2007   03    15.746
  2007   04    15.617
  2007   05    14.534
  2007   06    12.124
  2007   07     9.273
  2007   08     6.526
  2007   09     5.419
  2007   10     7.324
  2007   11    10.251
  2007   12    12.387
  2008   01    14.028
  2008   02    14.812
  2008   03    15.041
  2008   04    14.745
  2008   05    14.081
  2008   06    12.208
  2008   07     8.988
  2008   08     6.567
  2008   09     6.038
  2008   10     7.375
  2008   11    10.193
  2008   12    12.733
  2009   01    14.449
  2009   02    15.178
  2009   03    15.683
  2009   04    15.312
  2009   05    14.341
  2009   06    12.485
  2009   07     9.487
  2009   08     6.803
  2009   09     5.986
  2009   10     7.740
  2009   11    10.405
  2009   12    13.015
  2010   01    14.398
  2010   02    15.206
  2010   03    15.645
  2010   04    15.516
  2010   05    14.594
  2010   06    12.517
  2010   07     9.215
  2010   08     7.106
  2010   09     6.458
  2010   10     7.792
  2010   11    10.307
  2010   12    13.022
  2011   01    14.363
  2011   02    15.669
  2011   03    15.997
  2011   04    15.659
  2011   05    14.512
  2011   06    12.134
  2011   07     8.983
  2011   08     6.290
  2011   09     5.398
  2011   10     7.326
  2011   11     9.949
  2011   12    12.212
  2012   01    14.022
  2012   02    15.183
  2012   03    15.776
  2012   04    15.533
  2012   05    14.549
  2012   06    12.170
  2012   07     9.467
  2012   08     7.172
  2012   09     6.221
  2012   10     8.487
  2012   11    10.271
  2012   12    12.637
  2013   01    14.460
  2013   02    15.425
  2013   03    16.022
  2013   04    15.686
  2013   05    14.526
  2013   06    11.832
  2013   07     8.826
  2013   08     6.353
  2013   09     5.534
  2013   10     7.361
  2013   11    10.048
  2013   12    12.438
  2014   01    14.054
  2014   02    15.098
  2014   03    15.549
  2014   04    15.173
  2014   05    14.116
  2014   06    11.677
  2014   07     8.472
  2014   08     6.831
  2014   09     6.518
  2014   10     8.130
  2014   11    10.064
  2014   12    12.474
  2015   01    14.359
  2015   02    15.179
  2015   03    15.398
  2015   04    14.934
  2015   05    13.843
  2015   06    12.047
  2015   07     9.222
  2015   08     6.884
  2015   09     5.897
  2015   10     7.834
  2015   11    10.338
  2015   12    12.853
  2016   01    14.159
  2016   02    15.007
  2016   03    15.474
  2016   04    15.019
  2016   05    14.191
  2016   06    12.007
  2016   07     8.696
  2016   08     5.998
  2016   09     5.044
  2016   10     6.441
  2016   11     9.712
  2016   12    12.072
  2017   01    14.035
  2017   02    14.772
  2017   03    15.177
  2017   04    14.923
  2017   05    13.779
  2017   06    12.151
  2017   07     8.204
  2017   08     5.062
  2017   09     4.118
  2017   10     5.398
  2017   11     9.154
  2017   12    11.711
  2018   01    13.885
  2018   02    14.731
  2018   03    14.938
  2018   04    14.424
  2018   05    13.457
  2018   06    11.492
  2018   07     7.963
  2018   08     4.668
  2018   09     3.922
  2018   10     5.658
  2018   11     9.346
  2018   12    11.950
  2019   01    13.724
  2019   02    14.533
  2019   03    14.830
  2019   04    14.463
  2019   05    13.514
  2019   06    11.901
  2019   07     8.169
  2019   08     5.287
  2019   09     4.209
  2019   10     5.835
  2019   11     9.348
  2019   12    11.728
  2020   01    13.444
  2020   02    14.229
  2020   03    14.480
  2020   04    14.355
  2020   05    13.767
  2020   06    11.517
  2020   07     8.119
  2020   08     4.707
  2020   09     3.224
  2020   10     6.294
  2020   11     9.597
  2020   12    11.735
  2021   01    13.406
  2021   02    14.292
  2021   03    14.557
  2021   04    14.514
  2021   05    13.664
  2021   06    11.785
  2021   07     8.585
  2021   08     5.699
  2021   09     3.528
  2021   10     6.552
  2021   11     9.315
  2021   12    11.753
  2022   01    13.694
  2022   02    14.742
  2022   03    15.247
  2022   04    14.871
  2022   05    13.890
  2022   06    11.566
  2022   07     8.414
  2022   08     5.715
  2022   09     4.039
  2022   10     6.868
  2022   11     9.479
  2022   12    11.546
  2023   01    13.513
  2023   02    14.422
  2023   03    14.798
  2023   04    14.641
  2023   05    13.958
  2023   06    11.696
  2023   07     8.594
  2023   08     5.221
  2023   09     3.840
  2023   10     5.996
  2023   11     9.160
  2023   12    11.893
  2024   01    13.873
  2024   02    14.464
  2024   03    14.738
  2024   04    14.511
  2024   05    13.658
  2024   06    11.628
  2024   07     7.851
  2024   08     4.369
  2024   09     2.833
  2024   10     4.985
  2024   11     8.766
  2024   12    11.542
  2025   01    13.181
  2025   02    14.096
  2025   03    14.406
  2025   04    14.167
  2025   05    13.034
  2025   06    10.863
  2025   07     7.784
  2025   08     1.112
  2025   09     0.402
  2025   10     3.181
  2025   11     8.559
  2025   12    11.142
  2026   01    13.091
  2026   02    14.083
  2026   03    14.707
  2026   04    14.534
  2026   05    13.396
  2026   06    11.052
  2026   07     7.580
  2026   08     1.661
  2026   09     0.970
  2026   10     3.328
  2026   11     8.259
  2026   12    11.034
  2027   01    12.983
  2027   02    13.928
  2027   03    14.484
  2027   04    14.207
  2027   05    13.194
  2027   06    11.346
  2027   07     7.761
  2027   08     2.794
  2027   09     0.894
  2027   10     4.117
  2027   11     8.301
  2027   12    11.269
  2028   01    13.145
  2028   02    13.980
  2028   03    14.207
  2028   04    13.863
  2028   05    13.087
  2028   06    11.545
  2028   07     7.494
  2028   08     1.963
  2028   09     1.067
  2028   10     3.494
  2028   11     7.572
  2028   12    10.706
  2029   01    12.951
  2029   02    14.112
  2029   03    14.406
  2029   04    14.260
  2029   05    13.130
  2029   06    11.303
  2029   07     7.219
  2029   08     1.111
  2029   09     0.218
  2029   10     3.679
  2029   11     7.812
  2029   12    10.250
  2030   01    12.764
  2030   02    13.741
  2030   03    13.918
  2030   04    13.771
  2030   05    12.976
  2030   06    10.755
  2030   07     7.940
  2030   08     4.660
  2030   09     1.842
  2030   10     5.079
  2030   11     8.456
  2030   12    10.696
  2031   01    12.887
  2031   02    13.868
  2031   03    14.110
  2031   04    13.941
  2031   05    13.009
  2031   06    11.148
  2031   07     7.871
  2031   08     3.666
  2031   09     1.147
  2031   10     4.492
  2031   11     8.437
  2031   12    10.759
  2032   01    13.052
  2032   02    14.012
  2032   03    14.223
  2032   04    14.177
  2032   05    13.561
  2032   06    11.186
  2032   07     6.998
  2032   08     2.480
  2032   09     0.584
  2032   10     3.107
  2032   11     8.020
  2032   12    10.754
  2033   01    12.801
  2033   02    13.830
  2033   03    14.081
  2033   04    13.965
  2033   05    12.570
  2033   06    10.283
  2033   07     5.962
  2033   08     1.864
  2033   09     0.739
  2033   10     3.260
  2033   11     6.676
  2033   12    10.584
  2034   01    12.588
  2034   02    13.324
  2034   03    13.859
  2034   04    13.684
  2034   05    12.785
  2034   06    10.527
  2034   07     6.638
  2034   08     1.798
  2034   09     0.618
  2034   10     2.794
  2034   11     6.684
  2034   12    10.318
  2035   01    12.783
  2035   02    13.792
  2035   03    14.275
  2035   04    13.961
  2035   05    13.158
  2035   06    11.245
  2035   07     7.236
  2035   08     1.308
  2035   09     0.223
  2035   10     2.620
  2035   11     7.019
  2035   12    10.513
  2036   01    12.803
  2036   02    13.691
  2036   03    13.999
  2036   04    13.780
  2036   05    12.910
  2036   06    11.158
  2036   07     7.137
  2036   08     0.390
  2036   09     0.101
  2036   10     2.700
  2036   11     7.543
  2036   12    10.300
  2037   01    12.867
  2037   02    13.865
  2037   03    14.274
  2037   04    14.115
  2037   05    13.215
  2037   06    10.860
  2037   07     7.126
  2037   08     0.545
  2037   09     0.149
  2037   10     1.993
  2037   11     7.517
  2037   12    10.474
  2038   01    12.485
  2038   02    13.360
  2038   03    13.873
  2038   04    13.438
  2038   05    12.410
  2038   06    10.678
  2038   07     6.607
  2038   08     0.339
  2038   09     0.171
  2038   10     1.735
  2038   11     7.222
  2038   12    10.207
  2039   01    12.228
  2039   02    13.191
  2039   03    13.472
  2039   04    13.318
  2039   05    12.522
  2039   06    11.014
  2039   07     6.651
  2039   08     0.426
  2039   09     0.097
  2039   10     1.156
  2039   11     5.639
  2039   12     9.301
  2040   01    12.076
  2040   02    13.089
  2040   03    13.250
  2040   04    13.260
  2040   05    12.381
  2040   06    10.276
  2040   07     6.199
  2040   08     1.435
  2040   09     0.339
  2040   10     1.856
  2040   11     5.737
  2040   12     9.290
  2041   01    11.846
  2041   02    13.073
  2041   03    13.452
  2041   04    13.386
  2041   05    12.644
  2041   06    10.521
  2041   07     5.382
  2041   08     0.534
  2041   09     0.272
  2041   10     1.551
  2041   11     5.966
  2041   12     9.308
  2042   01    11.856
  2042   02    12.891
  2042   03    13.399
  2042   04    13.255
  2042   05    12.447
  2042   06    10.487
  2042   07     5.787
  2042   08     0.195
  2042   09     0.090
  2042   10     1.258
  2042   11     6.567
  2042   12     9.845
  2043   01    12.109
  2043   02    13.090
  2043   03    13.283
  2043   04    13.054
  2043   05    12.360
  2043   06    10.300
  2043   07     6.080
  2043   08     0.989
  2043   09     0.052
  2043   10     1.114
  2043   11     6.882
  2043   12     9.859
  2044   01    11.849
  2044   02    13.114
  2044   03    13.450
  2044   04    13.266
  2044   05    12.444
  2044   06     9.870
  2044   07     6.175
  2044   08     2.057
  2044   09     0.297
  2044   10     2.564
  2044   11     6.761
  2044   12     9.259
  2045   01    11.585
  2045   02    12.890
  2045   03    13.227
  2045   04    13.244
  2045   05    12.414
  2045   06    10.448
  2045   07     6.863
  2045   08     0.277
  2045   09     0.113
  2045   10     0.542
  2045   11     6.238
  2045   12     9.697
  2046   01    12.028
  2046   02    13.236
  2046   03    13.562
  2046   04    13.269
  2046   05    12.229
  2046   06    10.133
  2046   07     4.951
  2046   08     0.088
  2046   09     0.036
  2046   10     0.565
  2046   11     4.944
  2046   12     8.982
  2047   01    11.999
  2047   02    13.314
  2047   03    13.495
  2047   04    13.185
  2047   05    12.338
  2047   06    10.532
  2047   07     5.650
  2047   08     0.083
  2047   09     0.011
  2047   10     0.316
  2047   11     4.007
  2047   12     9.097
  2048   01    11.645
  2048   02    13.052
  2048   03    13.361
  2048   04    13.266
  2048   05    12.453
  2048   06    10.107
  2048   07     5.843
  2048   08     0.014
  2048   09     0.006
  2048   10     0.244
  2048   11     4.635
  2048   12     8.983
  2049   01    11.416
  2049   02    12.567
  2049   03    12.914
  2049   04    12.939
  2049   05    12.106
  2049   06     9.806
  2049   07     6.227
  2049   08     0.132
  2049   09     0.046
  2049   10     0.388
  2049   11     6.190
  2049   12     9.617
  2050   01    11.798
  2050   02    12.592
  2050   03    13.008
  2050   04    12.470
  2050   05    11.615
  2050   06    10.144
  2050   07     5.783
  2050   08     0.107
  2050   09     0.039
  2050   10     1.246
  2050   11     4.651
  2050   12     8.774
  2051   01    11.361
  2051   02    12.422
  2051   03    12.837
  2051   04    12.529
  2051   05    11.713
  2051   06     9.169
  2051   07     4.762
  2051   08     0.082
  2051   09     0.029
  2051   10     0.471
  2051   11     3.229
  2051   12     7.859
  2052   01    10.166
  2052   02    11.806
  2052   03    12.475
  2052   04    12.306
  2052   05    11.406
  2052   06     9.040
  2052   07     4.751
  2052   08     0.036
  2052   09     0.006
  2052   10     0.283
  2052   11     2.933
  2052   12     7.562
  2053   01    10.335
  2053   02    11.903
  2053   03    12.327
  2053   04    12.328
  2053   05    11.441
  2053   06     8.913
  2053   07     4.312
  2053   08     0.046
  2053   09     0.016
  2053   10     0.321
  2053   11     4.187
  2053   12     8.179
  2054   01    10.750
  2054   02    12.331
  2054   03    12.703
  2054   04    12.570
  2054   05    11.494
  2054   06     8.780
  2054   07     3.401
  2054   08     0.041
  2054   09     0.022
  2054   10     0.325
  2054   11     1.691
  2054   12     7.276
  2055   01    10.660
  2055   02    12.494
  2055   03    13.171
  2055   04    12.979
  2055   05    11.432
  2055   06     8.901
  2055   07     3.285
  2055   08     0.066
  2055   09     0.020
  2055   10     0.240
  2055   11     3.022
  2055   12     7.644
  2056   01    10.863
  2056   02    12.182
  2056   03    12.785
  2056   04    12.705
  2056   05    11.729
  2056   06     8.715
  2056   07     1.700
  2056   08     0.009
  2056   09     0.002
  2056   10     0.268
  2056   11     1.427
  2056   12     7.354
  2057   01    10.612
  2057   02    12.128
  2057   03    12.307
  2057   04    12.160
  2057   05    11.303
  2057   06     8.791
  2057   07     3.241
  2057   08     0.061
  2057   09     0.015
  2057   10     0.369
  2057   11     1.949
  2057   12     7.255
  2058   01    10.702
  2058   02    12.074
  2058   03    12.339
  2058   04    12.020
  2058   05    11.401
  2058   06     9.247
  2058   07     5.090
  2058   08     0.090
  2058   09     0.028
  2058   10     0.375
  2058   11     4.191
  2058   12     8.055
  2059   01    10.476
  2059   02    11.844
  2059   03    12.444
  2059   04    12.345
  2059   05    11.088
  2059   06     8.329
  2059   07     3.828
  2059   08     0.027
  2059   09     0.005
  2059   10     0.232
  2059   11     2.324
  2059   12     7.509
  2060   01     9.957
  2060   02    11.630
  2060   03    12.234
  2060   04    12.045
  2060   05    11.313
  2060   06     9.085
  2060   07     3.074
  2060   08     0.032
  2060   09     0.004
  2060   10     0.187
  2060   11     1.678
  2060   12     6.642
  2061   01     9.621
  2061   02    11.685
  2061   03    12.143
  2061   04    11.992
  2061   05    10.829
  2061   06     8.129
  2061   07     1.266
  2061   08     0.000
  2061   09     0.000
  2061   10     0.164
  2061   11     1.259
  2061   12     6.362
  2062   01     9.172
  2062   02    11.290
  2062   03    11.877
  2062   04    11.768
  2062   05    10.695
  2062   06     7.992
  2062   07     3.286
  2062   08     0.091
  2062   09     0.020
  2062   10     0.270
  2062   11     1.853
  2062   12     5.589
  2063   01     8.812
  2063   02    11.032
  2063   03    11.371
  2063   04    11.279
  2063   05    10.079
  2063   06     7.324
  2063   07     0.205
  2063   08     0.028
  2063   09     0.004
  2063   10     0.108
  2063   11     0.909
  2063   12     4.494
  2064   01     9.211
  2064   02    11.282
  2064   03    11.599
  2064   04    11.318
  2064   05    10.446
  2064   06     7.747
  2064   07     1.487
  2064   08     0.022
  2064   09     0.000
  2064   10     0.122
  2064   11     0.806
  2064   12     5.607
  2065   01     9.108
  2065   02    10.883
  2065   03    11.396
  2065   04    11.343
  2065   05    10.370
  2065   06     7.509
  2065   07     1.401
  2065   08     0.000
  2065   09     0.000
  2065   10     0.118
  2065   11     0.707
  2065   12     4.154
  2066   01     8.616
  2066   02    10.510
  2066   03    11.312
  2066   04    11.269
  2066   05    10.166
  2066   06     7.386
  2066   07     0.289
  2066   08     0.001
  2066   09     0.000
  2066   10     0.149
  2066   11     1.009
  2066   12     4.520
  2067   01     7.855
  2067   02    10.182
  2067   03    10.614
  2067   04    10.530
  2067   05     9.888
  2067   06     7.479
  2067   07     0.434
  2067   08     0.030
  2067   09     0.000
  2067   10     0.127
  2067   11     0.585
  2067   12     3.273
  2068   01     7.693
  2068   02     9.995
  2068   03    10.513
  2068   04    10.396
  2068   05     9.559
  2068   06     7.425
  2068   07     1.178
  2068   08     0.022
  2068   09     0.004
  2068   10     0.158
  2068   11     0.849
  2068   12     3.440
  2069   01     7.103
  2069   02     9.701
  2069   03    10.681
  2069   04    10.552
  2069   05     9.417
  2069   06     6.774
  2069   07     0.553
  2069   08     0.009
  2069   09     0.000
  2069   10     0.136
  2069   11     0.518
  2069   12     2.444
  2070   01     5.570
  2070   02     9.022
  2070   03     9.674
  2070   04     9.819
  2070   05     8.838
  2070   06     4.712
  2070   07     0.215
  2070   08     0.008
  2070   09     0.000
  2070   10     0.034
  2070   11     0.500
  2070   12     2.441
  2071   01     5.610
  2071   02     8.523
  2071   03    10.477
  2071   04    10.707
  2071   05     9.149
  2071   06     6.401
  2071   07     0.057
  2071   08     0.000
  2071   09     0.000
  2071   10     0.009
  2071   11     0.378
  2071   12     2.168
  2072   01     6.093
  2072   02     9.378
  2072   03    10.651
  2072   04    10.616
  2072   05     9.959
  2072   06     6.735
  2072   07     0.137
  2072   08     0.003
  2072   09     0.000
  2072   10     0.070
  2072   11     0.590
  2072   12     2.510
  2073   01     6.869
  2073   02     9.687
  2073   03    10.703
  2073   04    10.332
  2073   05     9.607
  2073   06     6.809
  2073   07     0.299
  2073   08     0.031
  2073   09     0.003
  2073   10     0.128
  2073   11     0.570
  2073   12     2.763
  2074   01     5.715
  2074   02     9.099
  2074   03    10.587
  2074   04    10.417
  2074   05     9.497
  2074   06     6.406
  2074   07     0.177
  2074   08     0.012
  2074   09     0.000
  2074   10     0.012
  2074   11     0.293
  2074   12     1.318
  2075   01     4.606
  2075   02     8.420
  2075   03     9.980
  2075   04    10.011
  2075   05     9.221
  2075   06     5.818
  2075   07     0.001
  2075   08     0.000
  2075   09     0.000
  2075   10     0.005
  2075   11     0.292
  2075   12     1.644
  2076   01     4.801
  2076   02     8.835
  2076   03    10.059
  2076   04    10.153
  2076   05     8.838
  2076   06     6.298
  2076   07     0.171
  2076   08     0.005
  2076   09     0.000
  2076   10     0.002
  2076   11     0.369
  2076   12     2.397
  2077   01     5.344
  2077   02     8.409
  2077   03    10.215
  2077   04    10.352
  2077   05     9.391
  2077   06     6.022
  2077   07     0.111
  2077   08     0.003
  2077   09     0.000
  2077   10     0.081
  2077   11     0.386
  2077   12     2.219
  2078   01     4.732
  2078   02     7.204
  2078   03     9.490
  2078   04     9.728
  2078   05     8.937
  2078   06     5.130
  2078   07     0.060
  2078   08     0.001
  2078   09     0.000
  2078   10     0.007
  2078   11     0.279
  2078   12     1.962
  2079   01     4.991
  2079   02     8.764
  2079   03     9.822
  2079   04     9.832
  2079   05     9.120
  2079   06     6.027
  2079   07     0.098
  2079   08     0.004
  2079   09     0.000
  2079   10     0.005
  2079   11     0.259
  2079   12     1.666
  2080   01     4.165
  2080   02     7.295
  2080   03     9.438
  2080   04     9.640
  2080   05     8.649
  2080   06     5.332
  2080   07     0.055
  2080   08     0.002
  2080   09     0.000
  2080   10     0.007
  2080   11     0.216
  2080   12     1.266
  2081   01     3.594
  2081   02     7.350
  2081   03     9.023
  2081   04     9.031
  2081   05     8.032
  2081   06     5.340
  2081   07     0.000
  2081   08     0.000
  2081   09     0.000
  2081   10     0.005
  2081   11     0.215
  2081   12     1.394
  2082   01     3.774
  2082   02     6.581
  2082   03     8.757
  2082   04     9.175
  2082   05     7.820
  2082   06     4.955
  2082   07     0.027
  2082   08     0.000
  2082   09     0.000
  2082   10     0.002
  2082   11     0.161
  2082   12     1.250
  2083   01     4.167
  2083   02     7.226
  2083   03     8.739
  2083   04     8.826
  2083   05     7.773
  2083   06     5.101
  2083   07     0.032
  2083   08     0.000
  2083   09     0.000
  2083   10     0.002
  2083   11     0.202
  2083   12     1.204
  2084   01     3.329
  2084   02     5.273
  2084   03     7.809
  2084   04     8.059
  2084   05     6.604
  2084   06     2.075
  2084   07     0.000
  2084   08     0.000
  2084   09     0.000
  2084   10     0.005
  2084   11     0.226
  2084   12     1.081
  2085   01     2.424
  2085   02     4.427
  2085   03     5.934
  2085   04     6.249
  2085   05     4.643
  2085   06     1.429
  2085   07     0.002
  2085   08     0.000
  2085   09     0.000
  2085   10     0.005
  2085   11     0.201
  2085   12     0.904
  2086   01     2.413
  2086   02     3.719
  2086   03     5.067
  2086   04     5.599
  2086   05     4.442
  2086   06     1.005
  2086   07     0.003
  2086   08     0.000
  2086   09     0.000
  2086   10     0.000
  2086   11     0.101
  2086   12     0.514
  2087   01     2.038
  2087   02     3.859
  2087   03     5.068
  2087   04     5.467
  2087   05     4.216
  2087   06     0.791
  2087   07     0.000
  2087   08     0.000
  2087   09     0.000
  2087   10     0.007
  2087   11     0.133
  2087   12     0.568
  2088   01     2.146
  2088   02     3.893
  2088   03     5.302
  2088   04     5.415
  2088   05     4.199
  2088   06     1.506
  2088   07     0.000
  2088   08     0.000
  2088   09     0.000
  2088   10     0.002
  2088   11     0.101
  2088   12     0.745
  2089   01     2.285
  2089   02     3.941
  2089   03     5.098
  2089   04     5.317
  2089   05     4.074
  2089   06     1.259
  2089   07     0.002
  2089   08     0.000
  2089   09     0.000
  2089   10     0.000
  2089   11     0.032
  2089   12     0.585
  2090   01     2.009
  2090   02     3.649
  2090   03     4.769
  2090   04     4.662
  2090   05     3.479
  2090   06     0.535
  2090   07     0.000
  2090   08     0.000
  2090   09     0.000
  2090   10     0.002
  2090   11     0.074
  2090   12     0.622
  2091   01     2.026
  2091   02     3.678
  2091   03     4.513
  2091   04     4.476
  2091   05     3.220
  2091   06     0.352
  2091   07     0.003
  2091   08     0.000
  2091   09     0.000
  2091   10     0.000
  2091   11     0.076
  2091   12     0.314
  2092   01     1.427
  2092   02     3.039
  2092   03     3.693
  2092   04     3.723
  2092   05     2.392
  2092   06     0.339
  2092   07     0.000
  2092   08     0.000
  2092   09     0.000
  2092   10     0.000
  2092   11     0.017
  2092   12     0.338
  2093   01     1.359
  2093   02     2.667
  2093   03     3.896
  2093   04     3.814
  2093   05     2.766
  2093   06     0.472
  2093   07     0.009
  2093   08     0.000
  2093   09     0.000
  2093   10     0.000
  2093   11     0.028
  2093   12     0.456
  2094   01     1.690
  2094   02     2.756
  2094   03     3.534
  2094   04     3.659
  2094   05     2.432
  2094   06     0.148
  2094   07     0.000
  2094   08     0.000
  2094   09     0.000
  2094   10     0.000
  2094   11     0.014
  2094   12     0.460
  2095   01     1.494
  2095   02     2.966
  2095   03     4.043
  2095   04     3.959
  2095   05     2.823
  2095   06     0.488
  2095   07     0.000
  2095   08     0.000
  2095   09     0.000
  2095   10     0.000
  2095   11     0.028
  2095   12     0.495
  2096   01     1.663
  2096   02     3.062
  2096   03     3.863
  2096   04     3.966
  2096   05     2.953
  2096   06     0.380
  2096   07     0.000
  2096   08     0.000
  2096   09     0.000
  2096   10     0.000
  2096   11     0.014
  2096   12     0.376
  2097   01     1.373
  2097   02     2.932
  2097   03     3.737
  2097   04     3.688
  2097   05     2.332
  2097   06     0.095
  2097   07     0.000
  2097   08     0.000
  2097   09     0.000
  2097   10     0.000
  2097   11     0.019
  2097   12     0.309
  2098   01     1.045
  2098   02     2.365
  2098   03     2.785
  2098   04     2.727
  2098   05     1.848
  2098   06     0.009
  2098   07     0.000
  2098   08     0.000
  2098   09     0.000
  2098   10     0.000
  2098   11     0.002
  2098   12     0.109
  2099   01     0.791
  2099   02     1.696
  2099   03     2.682
  2099   04     2.709
  2099   05     1.919
  2099   06     0.029
  2099   07     0.000
  2099   08     0.000
  2099   09     0.000
  2099   10     0.000
  2099   11     0.010
  2099   12     0.162
  2100   01     0.794
  2100   02     2.121
  2100   03     2.852
  2100   04     2.690
  2100   05     1.735
  2100   06     0.125
  2100   07     0.000
  2100   08     0.000
  2100   09     0.000
  2100   10     0.000
  2100   11     0.002
  2100   12     0.308
