  1850   01    15.995
  1850   02    16.431
  1850   03    16.787
  1850   04    16.454
  1850   05    15.059
  1850   06    12.890
  1850   07    10.670
  1850   08     7.899
  1850   09     6.965
  1850   10     8.855
  1850   11    11.202
  1850   12    14.240
  1851   01    15.638
  1851   02    16.361
  1851   03    16.335
  1851   04    15.891
  1851   05    14.580
  1851   06    12.565
  1851   07     9.910
  1851   08     7.717
  1851   09     6.708
  1851   10     8.349
  1851   11    10.703
  1851   12    13.015
  1852   01    14.711
  1852   02    15.766
  1852   03    16.020
  1852   04    15.523
  1852   05    14.508
  1852   06    12.623
  1852   07    10.216
  1852   08     8.085
  1852   09     7.506
  1852   10     9.432
  1852   11    11.616
  1852   12    13.913
  1853   01    15.324
  1853   02    16.364
  1853   03    16.657
  1853   04    16.037
  1853   05    14.809
  1853   06    12.868
  1853   07    10.511
  1853   08     8.297
  1853   09     7.649
  1853   10     8.943
  1853   11    11.090
  1853   12    13.296
  1854   01    15.202
  1854   02    16.317
  1854   03    16.645
  1854   04    15.919
  1854   05    14.709
  1854   06    12.480
  1854   07    10.120
  1854   08     7.280
  1854   09     6.276
  1854   10     8.181
  1854   11    10.956
  1854   12    13.929
  1855   01    15.502
  1855   02    16.495
  1855   03    16.980
  1855   04    16.506
  1855   05    14.874
  1855   06    12.726
  1855   07    10.691
  1855   08     7.867
  1855   09     7.001
  1855   10     8.510
  1855   11    11.593
  1855   12    13.972
  1856   01    15.306
  1856   02    16.314
  1856   03    16.629
  1856   04    16.019
  1856   05    14.172
  1856   06    12.119
  1856   07     9.655
  1856   08     7.416
  1856   09     6.841
  1856   10     8.387
  1856   11    11.258
  1856   12    13.455
  1857   01    15.032
  1857   02    16.186
  1857   03    16.497
  1857   04    15.730
  1857   05    14.606
  1857   06    12.315
  1857   07    10.437
  1857   08     7.759
  1857   09     7.188
  1857   10     8.562
  1857   11    11.379
  1857   12    13.901
  1858   01    15.124
  1858   02    16.135
  1858   03    16.143
  1858   04    15.513
  1858   05    14.080
  1858   06    12.085
  1858   07     9.401
  1858   08     7.029
  1858   09     6.379
  1858   10     7.804
  1858   11    10.520
  1858   12    13.281
  1859   01    15.085
  1859   02    16.090
  1859   03    16.478
  1859   04    15.665
  1859   05    14.179
  1859   06    12.337
  1859   07     9.634
  1859   08     7.484
  1859   09     6.834
  1859   10     8.110
  1859   11    11.026
  1859   12    13.936
  1860   01    15.384
  1860   02    16.588
  1860   03    16.819
  1860   04    16.094
  1860   05    14.668
  1860   06    12.696
  1860   07    10.120
  1860   08     8.209
  1860   09     7.512
  1860   10     9.041
  1860   11    10.624
  1860   12    13.372
  1861   01    15.197
  1861   02    15.966
  1861   03    16.270
  1861   04    15.709
  1861   05    14.232
  1861   06    12.535
  1861   07    10.326
  1861   08     7.867
  1861   09     6.436
  1861   10     8.582
  1861   11    11.323
  1861   12    13.861
  1862   01    15.182
  1862   02    16.402
  1862   03    16.880
  1862   04    16.277
  1862   05    14.621
  1862   06    12.480
  1862   07     9.956
  1862   08     8.016
  1862   09     7.422
  1862   10     9.055
  1862   11    11.545
  1862   12    14.039
  1863   01    15.593
  1863   02    16.232
  1863   03    16.792
  1863   04    16.148
  1863   05    14.939
  1863   06    13.035
  1863   07     9.814
  1863   08     7.640
  1863   09     6.934
  1863   10     7.968
  1863   11    10.997
  1863   12    14.146
  1864   01    15.791
  1864   02    16.614
  1864   03    16.765
  1864   04    15.970
  1864   05    14.528
  1864   06    12.194
  1864   07    10.295
  1864   08     7.417
  1864   09     6.743
  1864   10     8.327
  1864   11    11.024
  1864   12    13.955
  1865   01    15.412
  1865   02    16.375
  1865   03    16.539
  1865   04    15.839
  1865   05    14.885
  1865   06    12.518
  1865   07    10.280
  1865   08     7.445
  1865   09     6.463
  1865   10     8.372
  1865   11    11.493
  1865   12    14.353
  1866   01    15.731
  1866   02    16.259
  1866   03    16.350
  1866   04    15.989
  1866   05    14.999
  1866   06    13.120
  1866   07    10.800
  1866   08     7.843
  1866   09     6.521
  1866   10     8.158
  1866   11    11.064
  1866   12    14.338
  1867   01    15.795
  1867   02    16.684
  1867   03    17.017
  1867   04    16.635
  1867   05    15.513
  1867   06    13.449
  1867   07    10.580
  1867   08     8.132
  1867   09     7.178
  1867   10     8.747
  1867   11    11.336
  1867   12    14.220
  1868   01    15.998
  1868   02    16.753
  1868   03    17.186
  1868   04    16.652
  1868   05    15.473
  1868   06    13.098
  1868   07    10.437
  1868   08     7.603
  1868   09     6.584
  1868   10     8.349
  1868   11    11.847
  1868   12    14.964
  1869   01    16.436
  1869   02    17.227
  1869   03    17.363
  1869   04    16.816
  1869   05    15.318
  1869   06    13.103
  1869   07     9.956
  1869   08     7.237
  1869   09     6.564
  1869   10     8.524
  1869   11    11.346
  1869   12    14.558
  1870   01    16.387
  1870   02    17.108
  1870   03    17.596
  1870   04    17.310
  1870   05    15.529
  1870   06    12.909
  1870   07    10.289
  1870   08     7.505
  1870   09     6.864
  1870   10     8.537
  1870   11    11.800
  1870   12    14.112
  1871   01    16.109
  1871   02    16.881
  1871   03    17.128
  1871   04    16.463
  1871   05    14.779
  1871   06    13.060
  1871   07    10.168
  1871   08     7.947
  1871   09     7.393
  1871   10     8.490
  1871   11    11.236
  1871   12    13.772
  1872   01    15.220
  1872   02    16.241
  1872   03    16.569
  1872   04    16.164
  1872   05    14.872
  1872   06    12.950
  1872   07    10.314
  1872   08     7.577
  1872   09     6.860
  1872   10     8.600
  1872   11    11.670
  1872   12    14.591
  1873   01    16.120
  1873   02    17.098
  1873   03    17.196
  1873   04    16.525
  1873   05    15.062
  1873   06    13.060
  1873   07    10.579
  1873   08     8.333
  1873   09     7.663
  1873   10     8.988
  1873   11    11.571
  1873   12    14.120
  1874   01    15.734
  1874   02    16.268
  1874   03    16.949
  1874   04    16.089
  1874   05    14.677
  1874   06    12.904
  1874   07    10.156
  1874   08     7.677
  1874   09     6.944
  1874   10     8.595
  1874   11    11.754
  1874   12    14.769
  1875   01    16.183
  1875   02    17.021
  1875   03    17.087
  1875   04    16.512
  1875   05    15.367
  1875   06    13.095
  1875   07    10.479
  1875   08     8.127
  1875   09     7.345
  1875   10     8.884
  1875   11    11.579
  1875   12    14.215
  1876   01    15.874
  1876   02    16.736
  1876   03    17.123
  1876   04    16.754
  1876   05    15.667
  1876   06    13.090
  1876   07     9.997
  1876   08     7.874
  1876   09     7.226
  1876   10     9.114
  1876   11    11.387
  1876   12    14.465
  1877   01    16.152
  1877   02    17.348
  1877   03    17.664
  1877   04    16.774
  1877   05    15.176
  1877   06    12.272
  1877   07     9.759
  1877   08     7.744
  1877   09     6.929
  1877   10     8.506
  1877   11    10.866
  1877   12    13.583
  1878   01    15.389
  1878   02    16.436
  1878   03    16.846
  1878   04    16.126
  1878   05    14.772
  1878   06    12.534
  1878   07     9.815
  1878   08     7.701
  1878   09     6.389
  1878   10     8.067
  1878   11    10.806
  1878   12    13.281
  1879   01    14.745
  1879   02    16.070
  1879   03    16.606
  1879   04    15.896
  1879   05    14.607
  1879   06    12.639
  1879   07    10.038
  1879   08     7.490
  1879   09     6.529
  1879   10     8.554
  1879   11    10.859
  1879   12    13.582
  1880   01    15.496
  1880   02    16.607
  1880   03    17.129
  1880   04    16.558
  1880   05    14.543
  1880   06    12.195
  1880   07     9.452
  1880   08     7.791
  1880   09     6.799
  1880   10     8.448
  1880   11    11.274
  1880   12    13.561
  1881   01    15.244
  1881   02    16.136
  1881   03    16.726
  1881   04    16.005
  1881   05    14.435
  1881   06    12.268
  1881   07     9.535
  1881   08     7.247
  1881   09     6.121
  1881   10     7.585
  1881   11    10.808
  1881   12    13.604
  1882   01    15.445
  1882   02    16.446
  1882   03    16.843
  1882   04    16.267
  1882   05    14.817
  1882   06    12.607
  1882   07    10.165
  1882   08     8.017
  1882   09     7.077
  1882   10     8.580
  1882   11    11.284
  1882   12    13.974
  1883   01    15.703
  1883   02    17.002
  1883   03    17.170
  1883   04    16.696
  1883   05    15.522
  1883   06    13.036
  1883   07     9.794
  1883   08     7.586
  1883   09     7.082
  1883   10     8.209
  1883   11    11.037
  1883   12    14.626
  1884   01    16.296
  1884   02    17.472
  1884   03    17.973
  1884   04    17.364
  1884   05    15.382
  1884   06    13.016
  1884   07    10.744
  1884   08     7.648
  1884   09     7.112
  1884   10     9.056
  1884   11    11.748
  1884   12    14.657
  1885   01    16.341
  1885   02    17.401
  1885   03    17.786
  1885   04    17.547
  1885   05    15.775
  1885   06    13.195
  1885   07    10.327
  1885   08     7.724
  1885   09     7.241
  1885   10     8.479
  1885   11    11.072
  1885   12    14.291
  1886   01    16.211
  1886   02    17.196
  1886   03    17.703
  1886   04    16.866
  1886   05    15.441
  1886   06    13.301
  1886   07    10.788
  1886   08     7.958
  1886   09     7.425
  1886   10     8.666
  1886   11    11.684
  1886   12    14.295
  1887   01    15.821
  1887   02    16.698
  1887   03    17.070
  1887   04    16.498
  1887   05    14.970
  1887   06    12.724
  1887   07    10.550
  1887   08     8.071
  1887   09     7.171
  1887   10     8.555
  1887   11    11.547
  1887   12    14.471
  1888   01    16.107
  1888   02    17.264
  1888   03    17.550
  1888   04    17.053
  1888   05    15.466
  1888   06    12.972
  1888   07    10.363
  1888   08     8.515
  1888   09     7.877
  1888   10     9.265
  1888   11    11.467
  1888   12    14.210
  1889   01    15.978
  1889   02    16.967
  1889   03    17.424
  1889   04    16.979
  1889   05    15.587
  1889   06    13.139
  1889   07    10.046
  1889   08     8.577
  1889   09     7.871
  1889   10     9.347
  1889   11    11.510
  1889   12    14.480
  1890   01    15.842
  1890   02    16.716
  1890   03    17.389
  1890   04    16.773
  1890   05    15.541
  1890   06    13.196
  1890   07    10.688
  1890   08     8.431
  1890   09     7.308
  1890   10     9.452
  1890   11    11.664
  1890   12    14.598
  1891   01    16.296
  1891   02    17.006
  1891   03    17.328
  1891   04    16.613
  1891   05    15.200
  1891   06    12.976
  1891   07    10.629
  1891   08     8.203
  1891   09     7.162
  1891   10     9.216
  1891   11    11.600
  1891   12    14.511
  1892   01    15.918
  1892   02    17.004
  1892   03    17.466
  1892   04    16.891
  1892   05    15.414
  1892   06    12.918
  1892   07    10.833
  1892   08     8.682
  1892   09     7.869
  1892   10     9.668
  1892   11    11.543
  1892   12    14.146
  1893   01    16.205
  1893   02    17.524
  1893   03    18.011
  1893   04    17.154
  1893   05    16.019
  1893   06    13.781
  1893   07    11.409
  1893   08     8.610
  1893   09     7.853
  1893   10     9.195
  1893   11    11.784
  1893   12    14.745
  1894   01    16.273
  1894   02    17.323
  1894   03    17.880
  1894   04    17.562
  1894   05    15.783
  1894   06    13.076
  1894   07    10.717
  1894   08     7.981
  1894   09     6.670
  1894   10     9.065
  1894   11    11.897
  1894   12    14.360
  1895   01    16.326
  1895   02    17.955
  1895   03    18.230
  1895   04    17.638
  1895   05    15.799
  1895   06    13.332
  1895   07    11.031
  1895   08     8.324
  1895   09     7.317
  1895   10     8.997
  1895   11    11.983
  1895   12    14.772
  1896   01    16.619
  1896   02    17.978
  1896   03    17.912
  1896   04    17.470
  1896   05    15.215
  1896   06    13.159
  1896   07    10.926
  1896   08     8.293
  1896   09     7.311
  1896   10     9.757
  1896   11    11.838
  1896   12    14.820
  1897   01    16.357
  1897   02    17.540
  1897   03    18.077
  1897   04    17.468
  1897   05    16.045
  1897   06    13.521
  1897   07    10.805
  1897   08     7.610
  1897   09     6.921
  1897   10     9.147
  1897   11    12.020
  1897   12    14.603
  1898   01    16.095
  1898   02    17.005
  1898   03    17.498
  1898   04    17.246
  1898   05    15.878
  1898   06    13.794
  1898   07    11.338
  1898   08     8.587
  1898   09     7.879
  1898   10     9.576
  1898   11    12.325
  1898   12    15.158
  1899   01    16.854
  1899   02    17.922
  1899   03    18.248
  1899   04    17.793
  1899   05    16.343
  1899   06    14.194
  1899   07    11.138
  1899   08     8.664
  1899   09     7.647
  1899   10    10.092
  1899   11    12.453
  1899   12    14.957
  1900   01    16.669
  1900   02    18.032
  1900   03    18.511
  1900   04    17.790
  1900   05    15.778
  1900   06    13.299
  1900   07    11.511
  1900   08     8.591
  1900   09     7.811
  1900   10     9.243
  1900   11    11.908
  1900   12    14.821
  1901   01    16.531
  1901   02    17.669
  1901   03    17.975
  1901   04    17.358
  1901   05    15.880
  1901   06    13.266
  1901   07    10.349
  1901   08     8.415
  1901   09     7.946
  1901   10     9.462
  1901   11    11.889
  1901   12    14.482
  1902   01    16.255
  1902   02    17.482
  1902   03    17.874
  1902   04    17.189
  1902   05    15.832
  1902   06    13.326
  1902   07    10.889
  1902   08     8.437
  1902   09     7.357
  1902   10     9.278
  1902   11    12.174
  1902   12    15.026
  1903   01    16.999
  1903   02    18.022
  1903   03    18.384
  1903   04    17.807
  1903   05    16.058
  1903   06    13.910
  1903   07    11.803
  1903   08     9.054
  1903   09     8.657
  1903   10     9.815
  1903   11    12.342
  1903   12    15.362
  1904   01    16.751
  1904   02    17.867
  1904   03    17.981
  1904   04    17.393
  1904   05    16.215
  1904   06    14.018
  1904   07    12.033
  1904   08     9.418
  1904   09     8.757
  1904   10    10.711
  1904   11    12.674
  1904   12    15.895
  1905   01    17.170
  1905   02    18.091
  1905   03    18.506
  1905   04    18.171
  1905   05    16.584
  1905   06    13.988
  1905   07    11.781
  1905   08     9.014
  1905   09     8.298
  1905   10     9.962
  1905   11    13.233
  1905   12    15.922
  1906   01    17.643
  1906   02    18.276
  1906   03    18.588
  1906   04    17.815
  1906   05    16.709
  1906   06    14.030
  1906   07    11.328
  1906   08     8.927
  1906   09     8.476
  1906   10    10.111
  1906   11    12.738
  1906   12    15.318
  1907   01    17.002
  1907   02    18.039
  1907   03    18.163
  1907   04    17.470
  1907   05    16.211
  1907   06    13.792
  1907   07    12.122
  1907   08     9.028
  1907   09     7.985
  1907   10     9.637
  1907   11    11.956
  1907   12    14.977
  1908   01    16.513
  1908   02    17.818
  1908   03    18.240
  1908   04    17.584
  1908   05    16.103
  1908   06    14.034
  1908   07    11.378
  1908   08     9.261
  1908   09     8.507
  1908   10    10.220
  1908   11    12.452
  1908   12    15.188
  1909   01    17.107
  1909   02    18.362
  1909   03    18.722
  1909   04    18.160
  1909   05    16.285
  1909   06    13.664
  1909   07    11.694
  1909   08     9.089
  1909   09     8.085
  1909   10     9.480
  1909   11    12.773
  1909   12    14.825
  1910   01    16.438
  1910   02    17.438
  1910   03    17.843
  1910   04    17.338
  1910   05    15.905
  1910   06    13.692
  1910   07    11.484
  1910   08     8.969
  1910   09     8.391
  1910   10     9.771
  1910   11    11.749
  1910   12    15.454
  1911   01    17.111
  1911   02    18.303
  1911   03    18.636
  1911   04    17.934
  1911   05    16.294
  1911   06    13.987
  1911   07    11.431
  1911   08     8.354
  1911   09     7.661
  1911   10     9.449
  1911   11    12.281
  1911   12    15.226
  1912   01    17.264
  1912   02    18.494
  1912   03    19.222
  1912   04    18.720
  1912   05    16.649
  1912   06    14.245
  1912   07    11.392
  1912   08     9.104
  1912   09     8.238
  1912   10    10.413
  1912   11    13.218
  1912   12    15.975
  1913   01    17.725
  1913   02    18.682
  1913   03    19.133
  1913   04    18.361
  1913   05    16.691
  1913   06    14.051
  1913   07    12.021
  1913   08     9.127
  1913   09     7.845
  1913   10    10.203
  1913   11    12.736
  1913   12    15.412
  1914   01    17.206
  1914   02    18.380
  1914   03    18.747
  1914   04    18.197
  1914   05    16.662
  1914   06    13.478
  1914   07    11.632
  1914   08     8.703
  1914   09     7.670
  1914   10     9.031
  1914   11    12.331
  1914   12    15.444
  1915   01    17.255
  1915   02    18.216
  1915   03    18.682
  1915   04    18.327
  1915   05    16.599
  1915   06    14.021
  1915   07    11.444
  1915   08     8.850
  1915   09     7.849
  1915   10     9.011
  1915   11    12.063
  1915   12    15.841
  1916   01    17.521
  1916   02    18.641
  1916   03    18.626
  1916   04    18.127
  1916   05    16.662
  1916   06    13.883
  1916   07    11.480
  1916   08     8.957
  1916   09     8.090
  1916   10     9.644
  1916   11    12.578
  1916   12    15.737
  1917   01    17.307
  1917   02    18.260
  1917   03    18.557
  1917   04    17.704
  1917   05    16.394
  1917   06    13.546
  1917   07    11.133
  1917   08     8.918
  1917   09     8.375
  1917   10     9.988
  1917   11    12.277
  1917   12    15.072
  1918   01    17.196
  1918   02    17.980
  1918   03    18.282
  1918   04    17.678
  1918   05    16.259
  1918   06    13.838
  1918   07    11.179
  1918   08     8.529
  1918   09     7.916
  1918   10     9.367
  1918   11    11.909
  1918   12    15.004
  1919   01    16.797
  1919   02    18.056
  1919   03    18.317
  1919   04    17.763
  1919   05    15.796
  1919   06    13.401
  1919   07    10.932
  1919   08     8.736
  1919   09     7.736
  1919   10     9.115
  1919   11    11.628
  1919   12    14.702
  1920   01    17.036
  1920   02    17.818
  1920   03    18.051
  1920   04    17.762
  1920   05    16.221
  1920   06    13.726
  1920   07    10.682
  1920   08     8.110
  1920   09     7.324
  1920   10     9.235
  1920   11    12.213
  1920   12    15.304
  1921   01    17.195
  1921   02    18.363
  1921   03    18.464
  1921   04    18.317
  1921   05    16.865
  1921   06    14.172
  1921   07    11.696
  1921   08     9.087
  1921   09     8.144
  1921   10     9.993
  1921   11    12.691
  1921   12    15.609
  1922   01    17.739
  1922   02    19.192
  1922   03    19.390
  1922   04    18.728
  1922   05    17.312
  1922   06    14.434
  1922   07    11.646
  1922   08     9.240
  1922   09     8.424
  1922   10    10.134
  1922   11    12.493
  1922   12    15.579
  1923   01    17.693
  1923   02    19.055
  1923   03    19.463
  1923   04    18.742
  1923   05    16.790
  1923   06    13.991
  1923   07    11.262
  1923   08     8.628
  1923   09     7.629
  1923   10     9.689
  1923   11    12.479
  1923   12    15.560
  1924   01    16.854
  1924   02    18.027
  1924   03    18.514
  1924   04    17.897
  1924   05    16.371
  1924   06    13.900
  1924   07    11.507
  1924   08     8.363
  1924   09     7.813
  1924   10     9.401
  1924   11    12.647
  1924   12    15.757
  1925   01    17.355
  1925   02    18.391
  1925   03    18.850
  1925   04    18.121
  1925   05    16.239
  1925   06    13.682
  1925   07    11.238
  1925   08     8.233
  1925   09     7.277
  1925   10     9.475
  1925   11    12.491
  1925   12    15.707
  1926   01    17.627
  1926   02    18.919
  1926   03    19.541
  1926   04    18.841
  1926   05    17.109
  1926   06    13.760
  1926   07    11.026
  1926   08     8.200
  1926   09     7.538
  1926   10     9.455
  1926   11    12.797
  1926   12    15.994
  1927   01    18.042
  1927   02    19.404
  1927   03    20.185
  1927   04    19.536
  1927   05    17.195
  1927   06    14.301
  1927   07    11.805
  1927   08     9.304
  1927   09     8.190
  1927   10    10.167
  1927   11    13.106
  1927   12    15.422
  1928   01    17.138
  1928   02    18.585
  1928   03    18.896
  1928   04    18.473
  1928   05    16.705
  1928   06    14.037
  1928   07    11.844
  1928   08     9.248
  1928   09     8.750
  1928   10    10.180
  1928   11    12.338
  1928   12    15.742
  1929   01    17.258
  1929   02    18.211
  1929   03    18.516
  1929   04    17.981
  1929   05    16.527
  1929   06    14.614
  1929   07    12.708
  1929   08    10.154
  1929   09     8.830
  1929   10    10.877
  1929   11    13.159
  1929   12    15.828
  1930   01    17.492
  1930   02    18.623
  1930   03    18.964
  1930   04    18.222
  1930   05    16.827
  1930   06    14.242
  1930   07    11.826
  1930   08     9.423
  1930   09     8.610
  1930   10     9.904
  1930   11    12.533
  1930   12    15.738
  1931   01    17.232
  1931   02    18.294
  1931   03    18.998
  1931   04    18.305
  1931   05    16.572
  1931   06    13.906
  1931   07    11.536
  1931   08     9.648
  1931   09     8.847
  1931   10    10.302
  1931   11    12.511
  1931   12    15.221
  1932   01    16.718
  1932   02    18.560
  1932   03    19.118
  1932   04    18.123
  1932   05    16.354
  1932   06    13.863
  1932   07    11.430
  1932   08     8.700
  1932   09     7.941
  1932   10     9.764
  1932   11    12.076
  1932   12    15.002
  1933   01    16.932
  1933   02    17.909
  1933   03    18.508
  1933   04    18.089
  1933   05    16.379
  1933   06    13.646
  1933   07    11.267
  1933   08     8.354
  1933   09     7.846
  1933   10     9.525
  1933   11    12.162
  1933   12    15.358
  1934   01    17.330
  1934   02    18.360
  1934   03    18.952
  1934   04    18.267
  1934   05    16.557
  1934   06    13.618
  1934   07    11.246
  1934   08     8.288
  1934   09     7.184
  1934   10     9.176
  1934   11    11.851
  1934   12    14.605
  1935   01    16.536
  1935   02    17.927
  1935   03    18.162
  1935   04    17.230
  1935   05    15.899
  1935   06    13.679
  1935   07    11.085
  1935   08     8.930
  1935   09     8.247
  1935   10     9.616
  1935   11    11.977
  1935   12    14.642
  1936   01    16.809
  1936   02    18.041
  1936   03    18.600
  1936   04    17.727
  1936   05    15.944
  1936   06    13.684
  1936   07    11.040
  1936   08     7.732
  1936   09     7.174
  1936   10     9.332
  1936   11    12.162
  1936   12    14.739
  1937   01    16.820
  1937   02    18.167
  1937   03    18.488
  1937   04    17.977
  1937   05    16.116
  1937   06    13.546
  1937   07    10.921
  1937   08     8.373
  1937   09     7.825
  1937   10     9.270
  1937   11    11.955
  1937   12    14.864
  1938   01    16.728
  1938   02    18.114
  1938   03    18.576
  1938   04    18.009
  1938   05    16.199
  1938   06    13.555
  1938   07    11.119
  1938   08     8.331
  1938   09     7.539
  1938   10     8.881
  1938   11    11.735
  1938   12    15.134
  1939   01    16.737
  1939   02    17.908
  1939   03    18.399
  1939   04    17.822
  1939   05    16.082
  1939   06    13.906
  1939   07    11.702
  1939   08     8.556
  1939   09     7.729
  1939   10     9.461
  1939   11    12.250
  1939   12    14.999
  1940   01    16.633
  1940   02    17.566
  1940   03    17.750
  1940   04    17.143
  1940   05    15.618
  1940   06    13.448
  1940   07    11.164
  1940   08     9.038
  1940   09     8.645
  1940   10     9.985
  1940   11    12.086
  1940   12    14.960
  1941   01    16.350
  1941   02    17.431
  1941   03    17.662
  1941   04    17.151
  1941   05    15.685
  1941   06    13.263
  1941   07    11.238
  1941   08     8.614
  1941   09     8.045
  1941   10     9.585
  1941   11    12.097
  1941   12    15.028
  1942   01    16.491
  1942   02    17.649
  1942   03    17.801
  1942   04    17.071
  1942   05    15.806
  1942   06    13.474
  1942   07    10.674
  1942   08     8.067
  1942   09     7.236
  1942   10     8.820
  1942   11    11.644
  1942   12    14.615
  1943   01    16.559
  1943   02    17.658
  1943   03    18.068
  1943   04    17.355
  1943   05    15.548
  1943   06    13.454
  1943   07    10.767
  1943   08     8.187
  1943   09     7.335
  1943   10     9.063
  1943   11    11.418
  1943   12    14.430
  1944   01    16.285
  1944   02    17.481
  1944   03    17.840
  1944   04    17.422
  1944   05    15.503
  1944   06    13.163
  1944   07    10.903
  1944   08     8.153
  1944   09     7.412
  1944   10     8.913
  1944   11    11.769
  1944   12    14.567
  1945   01    16.376
  1945   02    17.431
  1945   03    17.991
  1945   04    17.367
  1945   05    15.404
  1945   06    12.825
  1945   07    10.545
  1945   08     7.621
  1945   09     6.728
  1945   10     8.552
  1945   11    10.876
  1945   12    14.274
  1946   01    16.384
  1946   02    17.216
  1946   03    17.729
  1946   04    17.288
  1946   05    15.900
  1946   06    13.484
  1946   07    10.182
  1946   08     8.059
  1946   09     6.969
  1946   10     8.584
  1946   11    11.688
  1946   12    14.823
  1947   01    16.130
  1947   02    17.119
  1947   03    17.425
  1947   04    17.097
  1947   05    15.886
  1947   06    13.562
  1947   07    10.865
  1947   08     8.006
  1947   09     6.985
  1947   10     9.035
  1947   11    11.768
  1947   12    13.809
  1948   01    15.783
  1948   02    16.702
  1948   03    17.360
  1948   04    16.709
  1948   05    15.458
  1948   06    13.240
  1948   07    10.728
  1948   08     8.879
  1948   09     8.084
  1948   10     9.481
  1948   11    12.475
  1948   12    14.836
  1949   01    16.838
  1949   02    18.099
  1949   03    18.727
  1949   04    18.058
  1949   05    16.087
  1949   06    13.547
  1949   07    11.406
  1949   08     8.277
  1949   09     7.066
  1949   10     9.076
  1949   11    11.852
  1949   12    14.355
  1950   01    16.111
  1950   02    17.502
  1950   03    18.045
  1950   04    17.335
  1950   05    15.395
  1950   06    12.942
  1950   07    10.008
  1950   08     7.287
  1950   09     6.581
  1950   10     8.299
  1950   11    11.538
  1950   12    14.504
  1951   01    16.278
  1951   02    17.357
  1951   03    18.132
  1951   04    17.540
  1951   05    15.291
  1951   06    13.234
  1951   07    10.443
  1951   08     7.775
  1951   09     6.969
  1951   10     8.173
  1951   11    10.631
  1951   12    14.156
  1952   01    16.065
  1952   02    17.405
  1952   03    17.772
  1952   04    16.970
  1952   05    15.337
  1952   06    13.218
  1952   07    10.773
  1952   08     8.615
  1952   09     7.602
  1952   10     9.617
  1952   11    11.790
  1952   12    14.581
  1953   01    16.149
  1953   02    17.257
  1953   03    17.563
  1953   04    16.900
  1953   05    14.879
  1953   06    13.119
  1953   07    11.063
  1953   08     8.290
  1953   09     7.612
  1953   10     9.254
  1953   11    11.813
  1953   12    14.741
  1954   01    16.667
  1954   02    17.514
  1954   03    17.581
  1954   04    16.629
  1954   05    15.367
  1954   06    13.128
  1954   07     9.871
  1954   08     7.935
  1954   09     7.202
  1954   10     8.640
  1954   11    11.194
  1954   12    14.272
  1955   01    15.854
  1955   02    17.016
  1955   03    17.146
  1955   04    16.290
  1955   05    15.009
  1955   06    13.190
  1955   07    10.931
  1955   08     8.337
  1955   09     6.892
  1955   10     9.048
  1955   11    11.596
  1955   12    14.220
  1956   01    16.068
  1956   02    17.413
  1956   03    17.966
  1956   04    17.370
  1956   05    15.289
  1956   06    13.372
  1956   07    10.702
  1956   08     7.858
  1956   09     6.994
  1956   10     8.709
  1956   11    11.262
  1956   12    14.325
  1957   01    16.055
  1957   02    16.979
  1957   03    17.467
  1957   04    16.671
  1957   05    15.035
  1957   06    12.846
  1957   07    10.468
  1957   08     7.855
  1957   09     7.229
  1957   10     8.745
  1957   11    11.376
  1957   12    14.296
  1958   01    16.125
  1958   02    17.312
  1958   03    17.799
  1958   04    17.002
  1958   05    15.134
  1958   06    12.968
  1958   07    10.799
  1958   08     8.382
  1958   09     7.833
  1958   10     9.276
  1958   11    11.640
  1958   12    14.463
  1959   01    15.824
  1959   02    16.638
  1959   03    17.285
  1959   04    16.645
  1959   05    15.263
  1959   06    13.017
  1959   07    10.773
  1959   08     8.539
  1959   09     7.504
  1959   10     9.308
  1959   11    11.491
  1959   12    14.023
  1960   01    15.532
  1960   02    16.243
  1960   03    16.602
  1960   04    16.087
  1960   05    14.893
  1960   06    12.594
  1960   07    10.475
  1960   08     8.052
  1960   09     7.608
  1960   10     8.863
  1960   11    10.718
  1960   12    13.687
  1961   01    15.584
  1961   02    16.094
  1961   03    16.463
  1961   04    15.868
  1961   05    14.574
  1961   06    12.276
  1961   07    10.341
  1961   08     7.642
  1961   09     7.362
  1961   10     8.611
  1961   11    11.058
  1961   12    14.111
  1962   01    15.123
  1962   02    15.877
  1962   03    16.099
  1962   04    15.791
  1962   05    15.031
  1962   06    12.649
  1962   07     9.927
  1962   08     8.211
  1962   09     7.673
  1962   10     9.424
  1962   11    11.505
  1962   12    14.367
  1963   01    15.519
  1963   02    16.198
  1963   03    16.271
  1963   04    15.724
  1963   05    14.692
  1963   06    12.947
  1963   07    10.729
  1963   08     8.624
  1963   09     8.211
  1963   10     9.358
  1963   11    11.707
  1963   12    14.325
  1964   01    15.928
  1964   02    16.750
  1964   03    16.979
  1964   04    16.571
  1964   05    15.188
  1964   06    12.961
  1964   07    10.828
  1964   08     8.955
  1964   09     8.069
  1964   10     9.474
  1964   11    11.862
  1964   12    14.305
  1965   01    15.882
  1965   02    16.772
  1965   03    17.005
  1965   04    16.861
  1965   05    15.699
  1965   06    12.701
  1965   07    10.016
  1965   08     8.439
  1965   09     8.069
  1965   10     9.366
  1965   11    11.690
  1965   12    14.381
  1966   01    16.079
  1966   02    16.946
  1966   03    17.171
  1966   04    16.830
  1966   05    15.426
  1966   06    13.022
  1966   07    10.668
  1966   08     7.620
  1966   09     7.091
  1966   10     8.762
  1966   11    11.503
  1966   12    14.373
  1967   01    15.940
  1967   02    16.882
  1967   03    17.048
  1967   04    16.429
  1967   05    14.495
  1967   06    12.592
  1967   07    10.469
  1967   08     7.971
  1967   09     7.210
  1967   10     8.658
  1967   11    11.333
  1967   12    13.811
  1968   01    14.978
  1968   02    15.977
  1968   03    16.489
  1968   04    15.954
  1968   05    14.187
  1968   06    12.408
  1968   07     9.906
  1968   08     7.414
  1968   09     6.377
  1968   10     7.846
  1968   11    11.577
  1968   12    14.305
  1969   01    15.748
  1969   02    16.586
  1969   03    16.876
  1969   04    16.106
  1969   05    14.422
  1969   06    12.083
  1969   07     9.600
  1969   08     7.098
  1969   09     6.532
  1969   10     7.635
  1969   11    10.617
  1969   12    13.403
  1970   01    15.121
  1970   02    16.115
  1970   03    16.401
  1970   04    15.697
  1970   05    14.077
  1970   06    12.089
  1970   07    10.413
  1970   08     7.781
  1970   09     7.061
  1970   10     8.365
  1970   11    10.590
  1970   12    13.423
  1971   01    15.399
  1971   02    16.211
  1971   03    16.554
  1971   04    16.244
  1971   05    14.938
  1971   06    12.385
  1971   07     9.705
  1971   08     7.192
  1971   09     6.228
  1971   10     7.662
  1971   11    10.673
  1971   12    14.016
  1972   01    15.621
  1972   02    16.592
  1972   03    16.600
  1972   04    16.117
  1972   05    14.365
  1972   06    12.480
  1972   07    10.073
  1972   08     7.426
  1972   09     6.476
  1972   10     8.125
  1972   11    11.043
  1972   12    13.838
  1973   01    15.436
  1973   02    16.585
  1973   03    16.925
  1973   04    16.205
  1973   05    14.574
  1973   06    12.488
  1973   07    10.405
  1973   08     7.658
  1973   09     6.913
  1973   10     8.651
  1973   11    11.316
  1973   12    14.032
  1974   01    15.178
  1974   02    16.202
  1974   03    16.339
  1974   04    15.753
  1974   05    14.687
  1974   06    12.762
  1974   07     9.747
  1974   08     7.633
  1974   09     6.849
  1974   10     8.369
  1974   11    11.199
  1974   12    13.950
  1975   01    15.625
  1975   02    16.577
  1975   03    17.177
  1975   04    16.979
  1975   05    15.173
  1975   06    12.835
  1975   07    10.083
  1975   08     8.229
  1975   09     7.550
  1975   10     8.836
  1975   11    11.684
  1975   12    14.205
  1976   01    15.906
  1976   02    16.739
  1976   03    17.255
  1976   04    16.476
  1976   05    14.989
  1976   06    12.771
  1976   07    10.567
  1976   08     8.276
  1976   09     7.660
  1976   10     9.130
  1976   11    11.381
  1976   12    14.311
  1977   01    15.890
  1977   02    16.817
  1977   03    17.174
  1977   04    16.629
  1977   05    15.311
  1977   06    12.840
  1977   07    10.592
  1977   08     8.096
  1977   09     7.184
  1977   10     8.571
  1977   11    11.324
  1977   12    14.116
  1978   01    15.412
  1978   02    16.372
  1978   03    16.726
  1978   04    16.167
  1978   05    14.727
  1978   06    12.378
  1978   07    10.279
  1978   08     7.461
  1978   09     6.783
  1978   10     8.463
  1978   11    11.056
  1978   12    13.860
  1979   01    15.516
  1979   02    16.406
  1979   03    16.716
  1979   04    16.160
  1979   05    14.856
  1979   06    12.870
  1979   07    10.217
  1979   08     7.724
  1979   09     6.903
  1979   10     8.586
  1979   11    10.907
  1979   12    14.058
  1980   01    15.541
  1980   02    16.505
  1980   03    16.875
  1980   04    16.145
  1980   05    14.343
  1980   06    12.218
  1980   07     9.195
  1980   08     6.567
  1980   09     5.677
  1980   10     6.786
  1980   11    10.023
  1980   12    12.902
  1981   01    14.959
  1981   02    16.060
  1981   03    16.204
  1981   04    15.666
  1981   05    13.837
  1981   06    11.524
  1981   07     9.029
  1981   08     5.882
  1981   09     4.190
  1981   10     6.532
  1981   11     9.423
  1981   12    12.840
  1982   01    14.851
  1982   02    15.751
  1982   03    16.067
  1982   04    15.745
  1982   05    14.403
  1982   06    11.800
  1982   07     8.504
  1982   08     6.540
  1982   09     5.528
  1982   10     7.057
  1982   11    10.024
  1982   12    12.957
  1983   01    14.811
  1983   02    15.616
  1983   03    15.961
  1983   04    15.412
  1983   05    13.915
  1983   06    11.770
  1983   07     9.275
  1983   08     6.784
  1983   09     6.029
  1983   10     7.675
  1983   11    10.485
  1983   12    12.743
  1984   01    15.114
  1984   02    15.658
  1984   03    16.121
  1984   04    15.434
  1984   05    14.222
  1984   06    12.066
  1984   07     9.504
  1984   08     7.383
  1984   09     6.470
  1984   10     8.264
  1984   11    11.154
  1984   12    13.483
  1985   01    15.044
  1985   02    15.868
  1985   03    16.131
  1985   04    15.528
  1985   05    14.024
  1985   06    11.961
  1985   07     9.618
  1985   08     6.426
  1985   09     5.538
  1985   10     6.792
  1985   11    10.864
  1985   12    13.163
  1986   01    14.747
  1986   02    15.858
  1986   03    16.349
  1986   04    15.523
  1986   05    14.006
  1986   06    11.908
  1986   07     9.909
  1986   08     7.017
  1986   09     6.311
  1986   10     7.553
  1986   11    10.150
  1986   12    13.611
  1987   01    15.108
  1987   02    15.698
  1987   03    15.844
  1987   04    15.224
  1987   05    13.492
  1987   06    11.676
  1987   07     8.708
  1987   08     6.311
  1987   09     5.624
  1987   10     6.883
  1987   11     9.629
  1987   12    12.601
  1988   01    14.394
  1988   02    15.354
  1988   03    15.577
  1988   04    14.856
  1988   05    13.849
  1988   06    11.944
  1988   07     9.288
  1988   08     6.693
  1988   09     5.905
  1988   10     7.488
  1988   11    10.119
  1988   12    13.210
  1989   01    14.417
  1989   02    15.142
  1989   03    15.321
  1989   04    14.903
  1989   05    13.971
  1989   06    11.996
  1989   07     9.315
  1989   08     7.163
  1989   09     6.601
  1989   10     8.539
  1989   11    10.419
  1989   12    13.134
  1990   01    14.545
  1990   02    15.189
  1990   03    15.210
  1990   04    14.776
  1990   05    13.727
  1990   06    11.884
  1990   07     9.416
  1990   08     7.285
  1990   09     5.790
  1990   10     7.836
  1990   11    10.328
  1990   12    12.757
  1991   01    14.680
  1991   02    15.359
  1991   03    15.657
  1991   04    15.034
  1991   05    13.979
  1991   06    11.834
  1991   07     9.034
  1991   08     7.055
  1991   09     6.157
  1991   10     7.703
  1991   11    10.208
  1991   12    12.630
  1992   01    14.631
  1992   02    15.410
  1992   03    15.639
  1992   04    14.750
  1992   05    13.536
  1992   06    11.628
  1992   07     9.057
  1992   08     6.542
  1992   09     5.606
  1992   10     6.936
  1992   11    10.057
  1992   12    12.843
  1993   01    14.319
  1993   02    15.215
  1993   03    15.557
  1993   04    15.010
  1993   05    13.822
  1993   06    12.156
  1993   07     8.943
  1993   08     6.762
  1993   09     5.407
  1993   10     7.182
  1993   11    10.105
  1993   12    12.927
  1994   01    14.702
  1994   02    15.672
  1994   03    15.839
  1994   04    15.118
  1994   05    13.655
  1994   06    11.652
  1994   07     8.789
  1994   08     6.369
  1994   09     5.599
  1994   10     7.300
  1994   11    10.475
  1994   12    13.098
  1995   01    14.329
  1995   02    15.069
  1995   03    15.372
  1995   04    14.794
  1995   05    13.312
  1995   06    11.733
  1995   07     8.760
  1995   08     6.600
  1995   09     5.590
  1995   10     7.277
  1995   11     9.763
  1995   12    12.405
  1996   01    13.725
  1996   02    14.703
  1996   03    14.519
  1996   04    13.795
  1996   05    12.570
  1996   06    11.060
  1996   07     7.913
  1996   08     5.786
  1996   09     5.188
  1996   10     6.690
  1996   11     9.431
  1996   12    11.509
  1997   01    13.972
  1997   02    14.889
  1997   03    14.982
  1997   04    14.576
  1997   05    13.533
  1997   06    11.732
  1997   07     8.688
  1997   08     6.439
  1997   09     5.302
  1997   10     6.932
  1997   11    10.218
  1997   12    12.360
  1998   01    14.400
  1998   02    15.412
  1998   03    15.934
  1998   04    15.116
  1998   05    13.601
  1998   06    11.483
  1998   07     8.312
  1998   08     6.293
  1998   09     5.137
  1998   10     6.770
  1998   11     9.785
  1998   12    12.812
  1999   01    14.606
  1999   02    15.520
  1999   03    15.766
  1999   04    15.162
  1999   05    14.064
  1999   06    11.929
  1999   07     9.157
  1999   08     6.274
  1999   09     5.397
  1999   10     6.884
  1999   11    10.058
  1999   12    12.522
  2000   01    14.564
  2000   02    15.285
  2000   03    15.500
  2000   04    15.134
  2000   05    13.936
  2000   06    11.910
  2000   07     8.985
  2000   08     6.670
  2000   09     5.421
  2000   10     7.132
  2000   11     9.571
  2000   12    12.609
  2001   01    14.455
  2001   02    15.459
  2001   03    15.728
  2001   04    15.288
  2001   05    13.915
  2001   06    11.832
  2001   07     9.440
  2001   08     7.238
  2001   09     5.576
  2001   10     7.993
  2001   11    10.724
  2001   12    13.517
  2002   01    14.785
  2002   02    15.228
  2002   03    15.589
  2002   04    15.188
  2002   05    14.075
  2002   06    12.227
  2002   07     9.491
  2002   08     7.524
  2002   09     6.331
  2002   10     7.830
  2002   11    10.753
  2002   12    13.529
  2003   01    14.932
  2003   02    15.395
  2003   03    15.440
  2003   04    14.966
  2003   05    13.848
  2003   06    12.242
  2003   07     9.026
  2003   08     6.979
  2003   09     5.737
  2003   10     7.352
  2003   11    10.019
  2003   12    12.759
  2004   01    14.915
  2004   02    15.481
  2004   03    15.707
  2004   04    14.709
  2004   05    13.738
  2004   06    11.778
  2004   07     8.612
  2004   08     7.038
  2004   09     5.752
  2004   10     7.485
  2004   11     9.809
  2004   12    12.980
  2005   01    14.537
  2005   02    15.181
  2005   03    15.409
  2005   04    14.795
  2005   05    13.587
  2005   06    12.115
  2005   07     9.031
  2005   08     5.941
  2005   09     4.808
  2005   10     6.746
  2005   11    10.289
  2005   12    12.772
  2006   01    14.323
  2006   02    15.334
  2006   03    15.380
  2006   04    14.800
  2006   05    13.646
  2006   06    11.826
  2006   07     8.133
  2006   08     5.803
  2006   09     4.717
  2006   10     6.393
  2006   11     9.722
  2006   12    12.949
  2007   01    14.767
  2007   02    15.406
  2007   03    15.631
  2007   04    14.937
  2007   05    13.694
  2007   06    11.657
  2007   07     8.075
  2007   08     6.316
  2007   09     4.940
  2007   10     6.595
  2007   11     9.677
  2007   12    12.720
  2008   01    14.500
  2008   02    15.422
  2008   03    15.820
  2008   04    15.332
  2008   05    14.103
  2008   06    12.200
  2008   07     9.662
  2008   08     7.195
  2008   09     6.324
  2008   10     7.812
  2008   11    10.742
  2008   12    13.021
  2009   01    14.636
  2009   02    15.711
  2009   03    15.982
  2009   04    15.364
  2009   05    14.166
  2009   06    11.626
  2009   07     9.313
  2009   08     7.122
  2009   09     6.066
  2009   10     7.441
  2009   11     9.662
  2009   12    13.184
  2010   01    14.981
  2010   02    15.717
  2010   03    15.873
  2010   04    15.339
  2010   05    13.835
  2010   06    12.044
  2010   07     8.896
  2010   08     6.921
  2010   09     6.064
  2010   10     7.934
  2010   11    10.471
  2010   12    13.217
  2011   01    14.535
  2011   02    15.310
  2011   03    15.541
  2011   04    15.082
  2011   05    13.455
  2011   06    11.991
  2011   07     9.298
  2011   08     6.795
  2011   09     5.802
  2011   10     7.361
  2011   11    10.392
  2011   12    13.181
  2012   01    14.668
  2012   02    15.561
  2012   03    15.865
  2012   04    15.289
  2012   05    14.356
  2012   06    12.136
  2012   07     9.170
  2012   08     6.407
  2012   09     5.546
  2012   10     7.300
  2012   11    10.051
  2012   12    13.070
  2013   01    14.724
  2013   02    15.648
  2013   03    15.800
  2013   04    15.241
  2013   05    14.127
  2013   06    12.169
  2013   07     9.133
  2013   08     6.900
  2013   09     6.033
  2013   10     7.785
  2013   11    10.687
  2013   12    13.601
  2014   01    15.016
  2014   02    15.646
  2014   03    15.861
  2014   04    15.335
  2014   05    14.032
  2014   06    12.035
  2014   07     9.810
  2014   08     7.582
  2014   09     6.460
  2014   10     8.433
  2014   11    10.482
  2014   12    12.861
  2015   01    14.885
  2015   02    15.609
  2015   03    16.027
  2015   04    15.481
  2015   05    13.997
  2015   06    11.953
  2015   07     9.263
  2015   08     6.109
  2015   09     4.848
  2015   10     6.521
  2015   11     9.802
  2015   12    13.005
  2016   01    14.759
  2016   02    15.554
  2016   03    15.976
  2016   04    15.432
  2016   05    14.007
  2016   06    11.968
  2016   07     8.710
  2016   08     5.022
  2016   09     3.295
  2016   10     5.164
  2016   11     9.515
  2016   12    12.973
  2017   01    14.485
  2017   02    15.520
  2017   03    15.987
  2017   04    15.328
  2017   05    14.221
  2017   06    12.085
  2017   07     8.989
  2017   08     6.663
  2017   09     5.635
  2017   10     7.662
  2017   11    10.421
  2017   12    12.933
  2018   01    14.910
  2018   02    15.904
  2018   03    16.232
  2018   04    15.574
  2018   05    14.213
  2018   06    11.570
  2018   07     9.026
  2018   08     6.471
  2018   09     5.403
  2018   10     7.279
  2018   11     9.959
  2018   12    12.486
  2019   01    14.624
  2019   02    15.534
  2019   03    16.075
  2019   04    15.547
  2019   05    13.878
  2019   06    11.806
  2019   07     8.499
  2019   08     6.330
  2019   09     5.413
  2019   10     6.597
  2019   11     9.976
  2019   12    12.890
  2020   01    14.754
  2020   02    15.660
  2020   03    16.219
  2020   04    15.419
  2020   05    13.949
  2020   06    12.105
  2020   07     8.513
  2020   08     6.349
  2020   09     5.427
  2020   10     6.849
  2020   11     9.629
  2020   12    12.666
  2021   01    14.491
  2021   02    15.482
  2021   03    15.808
  2021   04    15.373
  2021   05    13.637
  2021   06    11.862
  2021   07     8.782
  2021   08     6.502
  2021   09     5.452
  2021   10     7.047
  2021   11     9.749
  2021   12    12.333
  2022   01    14.021
  2022   02    15.090
  2022   03    15.437
  2022   04    14.870
  2022   05    13.655
  2022   06    11.811
  2022   07     8.771
  2022   08     6.146
  2022   09     5.010
  2022   10     6.549
  2022   11     9.651
  2022   12    12.905
  2023   01    14.222
  2023   02    15.041
  2023   03    15.071
  2023   04    14.727
  2023   05    13.384
  2023   06    11.692
  2023   07     8.968
  2023   08     6.469
  2023   09     5.065
  2023   10     6.746
  2023   11    10.189
  2023   12    12.563
  2024   01    14.148
  2024   02    15.001
  2024   03    15.337
  2024   04    14.862
  2024   05    13.581
  2024   06    11.684
  2024   07     8.768
  2024   08     6.536
  2024   09     5.316
  2024   10     6.810
  2024   11     9.703
  2024   12    12.318
  2025   01    14.149
  2025   02    15.014
  2025   03    15.344
  2025   04    14.805
  2025   05    13.495
  2025   06    12.177
  2025   07     8.884
  2025   08     5.632
  2025   09     4.253
  2025   10     6.793
  2025   11    10.167
  2025   12    12.219
  2026   01    14.352
  2026   02    15.084
  2026   03    15.231
  2026   04    14.818
  2026   05    13.665
  2026   06    11.953
  2026   07     8.351
  2026   08     5.803
  2026   09     4.317
  2026   10     5.579
  2026   11    10.016
  2026   12    12.619
  2027   01    14.528
  2027   02    15.286
  2027   03    15.522
  2027   04    15.166
  2027   05    13.805
  2027   06    11.931
  2027   07     8.181
  2027   08     5.193
  2027   09     4.372
  2027   10     5.689
  2027   11     9.477
  2027   12    12.616
  2028   01    14.226
  2028   02    15.123
  2028   03    15.443
  2028   04    14.722
  2028   05    13.238
  2028   06    11.395
  2028   07     8.189
  2028   08     4.782
  2028   09     3.603
  2028   10     4.952
  2028   11     9.015
  2028   12    12.024
  2029   01    14.264
  2029   02    15.005
  2029   03    15.143
  2029   04    14.787
  2029   05    13.752
  2029   06    11.768
  2029   07     8.289
  2029   08     5.509
  2029   09     4.328
  2029   10     6.024
  2029   11     9.438
  2029   12    12.307
  2030   01    14.032
  2030   02    15.136
  2030   03    15.685
  2030   04    14.992
  2030   05    13.673
  2030   06    11.790
  2030   07     8.952
  2030   08     6.517
  2030   09     5.269
  2030   10     6.917
  2030   11    10.225
  2030   12    12.517
  2031   01    14.478
  2031   02    15.174
  2031   03    15.386
  2031   04    15.152
  2031   05    13.958
  2031   06    11.761
  2031   07     8.617
  2031   08     5.969
  2031   09     5.025
  2031   10     6.384
  2031   11     9.515
  2031   12    12.354
  2032   01    14.404
  2032   02    15.299
  2032   03    15.878
  2032   04    15.295
  2032   05    13.485
  2032   06    11.694
  2032   07     8.332
  2032   08     5.525
  2032   09     3.991
  2032   10     5.647
  2032   11     9.011
  2032   12    12.063
  2033   01    14.581
  2033   02    15.591
  2033   03    15.973
  2033   04    15.305
  2033   05    13.925
  2033   06    11.534
  2033   07     7.907
  2033   08     4.988
  2033   09     3.378
  2033   10     4.970
  2033   11     8.375
  2033   12    12.412
  2034   01    14.592
  2034   02    15.479
  2034   03    15.777
  2034   04    15.344
  2034   05    14.041
  2034   06    11.321
  2034   07     8.182
  2034   08     5.591
  2034   09     4.431
  2034   10     5.889
  2034   11     9.594
  2034   12    12.561
  2035   01    14.604
  2035   02    15.475
  2035   03    15.967
  2035   04    15.466
  2035   05    14.134
  2035   06    12.085
  2035   07     7.850
  2035   08     5.288
  2035   09     4.321
  2035   10     5.783
  2035   11     9.448
  2035   12    12.987
  2036   01    14.881
  2036   02    15.654
  2036   03    15.876
  2036   04    15.314
  2036   05    14.052
  2036   06    12.295
  2036   07     9.075
  2036   08     6.625
  2036   09     5.204
  2036   10     7.187
  2036   11    10.522
  2036   12    13.316
  2037   01    14.890
  2037   02    15.713
  2037   03    16.018
  2037   04    15.364
  2037   05    14.160
  2037   06    12.351
  2037   07     9.087
  2037   08     6.629
  2037   09     5.186
  2037   10     6.786
  2037   11     9.664
  2037   12    12.223
  2038   01    14.902
  2038   02    15.684
  2038   03    16.057
  2038   04    15.740
  2038   05    14.461
  2038   06    12.393
  2038   07     9.448
  2038   08     6.433
  2038   09     4.873
  2038   10     6.968
  2038   11    10.223
  2038   12    12.841
  2039   01    14.768
  2039   02    15.487
  2039   03    15.885
  2039   04    15.364
  2039   05    14.481
  2039   06    12.228
  2039   07     9.001
  2039   08     6.479
  2039   09     5.021
  2039   10     6.550
  2039   11     9.784
  2039   12    12.434
  2040   01    14.365
  2040   02    15.383
  2040   03    15.800
  2040   04    15.282
  2040   05    14.073
  2040   06    12.113
  2040   07     9.364
  2040   08     6.277
  2040   09     4.947
  2040   10     6.509
  2040   11     9.582
  2040   12    11.864
  2041   01    14.273
  2041   02    15.260
  2041   03    15.590
  2041   04    15.436
  2041   05    13.889
  2041   06    11.135
  2041   07     8.074
  2041   08     5.684
  2041   09     3.695
  2041   10     5.270
  2041   11     9.189
  2041   12    11.595
  2042   01    14.104
  2042   02    15.266
  2042   03    15.481
  2042   04    15.354
  2042   05    13.915
  2042   06    11.664
  2042   07     8.604
  2042   08     6.189
  2042   09     4.800
  2042   10     5.815
  2042   11     9.651
  2042   12    12.606
  2043   01    14.903
  2043   02    15.877
  2043   03    16.206
  2043   04    15.511
  2043   05    14.054
  2043   06    12.105
  2043   07     8.917
  2043   08     6.065
  2043   09     4.281
  2043   10     6.211
  2043   11     9.566
  2043   12    12.041
  2044   01    14.437
  2044   02    15.872
  2044   03    16.265
  2044   04    15.571
  2044   05    14.427
  2044   06    11.958
  2044   07     8.633
  2044   08     5.254
  2044   09     3.819
  2044   10     5.341
  2044   11     9.249
  2044   12    12.632
  2045   01    15.173
  2045   02    16.430
  2045   03    16.614
  2045   04    16.250
  2045   05    14.868
  2045   06    12.486
  2045   07     8.887
  2045   08     5.275
  2045   09     3.629
  2045   10     6.036
  2045   11    10.256
  2045   12    13.327
  2046   01    15.587
  2046   02    16.816
  2046   03    17.002
  2046   04    16.436
  2046   05    15.138
  2046   06    12.831
  2046   07     8.809
  2046   08     5.801
  2046   09     4.375
  2046   10     5.943
  2046   11     9.630
  2046   12    12.302
  2047   01    14.922
  2047   02    15.854
  2047   03    16.327
  2047   04    15.604
  2047   05    14.378
  2047   06    12.619
  2047   07     9.618
  2047   08     6.402
  2047   09     4.795
  2047   10     6.636
  2047   11     9.826
  2047   12    12.452
  2048   01    14.756
  2048   02    15.810
  2048   03    16.128
  2048   04    15.754
  2048   05    14.060
  2048   06    11.992
  2048   07     9.550
  2048   08     6.333
  2048   09     4.876
  2048   10     6.319
  2048   11     9.964
  2048   12    13.111
  2049   01    14.698
  2049   02    15.405
  2049   03    15.684
  2049   04    15.372
  2049   05    13.952
  2049   06    11.673
  2049   07     9.085
  2049   08     6.423
  2049   09     5.328
  2049   10     6.864
  2049   11    10.453
  2049   12    12.674
  2050   01    14.671
  2050   02    15.763
  2050   03    15.988
  2050   04    15.530
  2050   05    14.204
  2050   06    12.175
  2050   07     9.112
  2050   08     6.956
  2050   09     5.542
  2050   10     6.974
  2050   11    10.261
  2050   12    12.267
  2051   01    14.353
  2051   02    15.269
  2051   03    15.556
  2051   04    15.066
  2051   05    13.738
  2051   06    12.128
  2051   07     8.460
  2051   08     4.995
  2051   09     3.757
  2051   10     5.496
  2051   11     9.365
  2051   12    12.377
  2052   01    14.369
  2052   02    15.437
  2052   03    15.848
  2052   04    15.320
  2052   05    13.772
  2052   06    11.080
  2052   07     7.590
  2052   08     4.589
  2052   09     3.372
  2052   10     4.682
  2052   11     8.025
  2052   12    11.166
  2053   01    13.460
  2053   02    14.737
  2053   03    15.251
  2053   04    14.781
  2053   05    13.109
  2053   06    10.814
  2053   07     7.316
  2053   08     4.501
  2053   09     3.342
  2053   10     5.326
  2053   11     8.713
  2053   12    11.860
  2054   01    14.206
  2054   02    15.118
  2054   03    15.667
  2054   04    15.004
  2054   05    13.377
  2054   06    11.906
  2054   07     8.386
  2054   08     5.291
  2054   09     3.964
  2054   10     5.856
  2054   11     8.766
  2054   12    12.446
  2055   01    14.607
  2055   02    15.819
  2055   03    15.868
  2055   04    15.398
  2055   05    14.076
  2055   06    11.816
  2055   07     8.367
  2055   08     5.294
  2055   09     4.005
  2055   10     6.107
  2055   11     8.655
  2055   12    11.383
  2056   01    13.788
  2056   02    14.905
  2056   03    15.199
  2056   04    14.638
  2056   05    13.439
  2056   06    11.302
  2056   07     8.296
  2056   08     5.107
  2056   09     3.464
  2056   10     5.365
  2056   11     8.809
  2056   12    11.484
  2057   01    14.038
  2057   02    15.017
  2057   03    15.262
  2057   04    14.843
  2057   05    13.551
  2057   06    11.262
  2057   07     7.982
  2057   08     5.033
  2057   09     4.142
  2057   10     5.296
  2057   11     9.023
  2057   12    12.286
  2058   01    14.300
  2058   02    15.072
  2058   03    15.372
  2058   04    14.783
  2058   05    13.523
  2058   06    10.839
  2058   07     6.807
  2058   08     2.874
  2058   09     1.417
  2058   10     3.071
  2058   11     6.543
  2058   12    10.199
  2059   01    12.837
  2059   02    14.401
  2059   03    15.059
  2059   04    14.517
  2059   05    13.350
  2059   06    11.598
  2059   07     7.386
  2059   08     4.770
  2059   09     3.544
  2059   10     4.674
  2059   11     7.900
  2059   12    11.044
  2060   01    13.431
  2060   02    14.835
  2060   03    15.413
  2060   04    14.930
  2060   05    13.604
  2060   06    11.815
  2060   07     8.135
  2060   08     4.578
  2060   09     3.237
  2060   10     4.609
  2060   11     8.416
  2060   12    11.293
  2061   01    13.751
  2061   02    14.916
  2061   03    15.724
  2061   04    15.426
  2061   05    13.814
  2061   06    11.627
  2061   07     7.908
  2061   08     5.328
  2061   09     4.189
  2061   10     5.782
  2061   11     9.182
  2061   12    12.044
  2062   01    14.193
  2062   02    15.194
  2062   03    15.658
  2062   04    14.905
  2062   05    13.366
  2062   06    11.632
  2062   07     8.885
  2062   08     6.367
  2062   09     4.995
  2062   10     6.290
  2062   11     8.676
  2062   12    11.283
  2063   01    13.994
  2063   02    15.167
  2063   03    15.280
  2063   04    14.696
  2063   05    13.351
  2063   06    11.219
  2063   07     7.367
  2063   08     4.129
  2063   09     3.044
  2063   10     4.854
  2063   11     7.920
  2063   12    11.416
  2064   01    13.742
  2064   02    14.904
  2064   03    15.492
  2064   04    15.015
  2064   05    13.532
  2064   06    11.600
  2064   07     7.556
  2064   08     4.182
  2064   09     2.917
  2064   10     4.472
  2064   11     8.759
  2064   12    11.170
  2065   01    13.516
  2065   02    14.895
  2065   03    15.106
  2065   04    14.856
  2065   05    13.355
  2065   06    11.040
  2065   07     7.884
  2065   08     5.085
  2065   09     2.535
  2065   10     4.848
  2065   11     8.400
  2065   12    11.685
  2066   01    13.964
  2066   02    14.875
  2066   03    15.344
  2066   04    15.057
  2066   05    13.723
  2066   06    10.990
  2066   07     7.372
  2066   08     5.023
  2066   09     3.930
  2066   10     5.046
  2066   11     8.148
  2066   12    11.279
  2067   01    13.506
  2067   02    14.297
  2067   03    14.674
  2067   04    14.430
  2067   05    13.046
  2067   06    10.640
  2067   07     8.317
  2067   08     5.825
  2067   09     3.759
  2067   10     5.317
  2067   11     8.472
  2067   12    11.133
  2068   01    13.709
  2068   02    14.741
  2068   03    15.074
  2068   04    14.642
  2068   05    13.448
  2068   06    11.112
  2068   07     7.427
  2068   08     3.537
  2068   09     2.741
  2068   10     4.449
  2068   11     8.807
  2068   12    11.267
  2069   01    13.588
  2069   02    14.750
  2069   03    15.432
  2069   04    15.248
  2069   05    13.538
  2069   06    10.258
  2069   07     6.546
  2069   08     3.739
  2069   09     2.393
  2069   10     3.794
  2069   11     7.355
  2069   12    11.378
  2070   01    13.535
  2070   02    14.733
  2070   03    15.073
  2070   04    14.721
  2070   05    13.560
  2070   06    11.626
  2070   07     7.880
  2070   08     5.021
  2070   09     3.574
  2070   10     5.018
  2070   11     8.254
  2070   12    11.698
  2071   01    14.087
  2071   02    14.866
  2071   03    15.216
  2071   04    14.892
  2071   05    13.602
  2071   06    11.350
  2071   07     7.286
  2071   08     4.046
  2071   09     2.374
  2071   10     3.815
  2071   11     7.444
  2071   12    11.222
  2072   01    13.898
  2072   02    14.618
  2072   03    14.642
  2072   04    14.488
  2072   05    13.263
  2072   06    11.052
  2072   07     7.315
  2072   08     4.815
  2072   09     3.874
  2072   10     5.203
  2072   11     8.443
  2072   12    11.881
  2073   01    14.122
  2073   02    15.125
  2073   03    15.370
  2073   04    14.891
  2073   05    13.724
  2073   06    11.238
  2073   07     8.152
  2073   08     5.531
  2073   09     4.442
  2073   10     5.304
  2073   11     8.656
  2073   12    11.208
  2074   01    13.539
  2074   02    14.524
  2074   03    15.168
  2074   04    14.516
  2074   05    13.229
  2074   06    11.072
  2074   07     7.612
  2074   08     4.763
  2074   09     3.225
  2074   10     4.636
  2074   11     8.129
  2074   12    11.417
  2075   01    13.559
  2075   02    14.559
  2075   03    15.133
  2075   04    14.733
  2075   05    13.569
  2075   06    11.228
  2075   07     7.476
  2075   08     5.217
  2075   09     3.981
  2075   10     4.998
  2075   11     8.046
  2075   12    11.539
  2076   01    13.656
  2076   02    14.396
  2076   03    14.728
  2076   04    14.360
  2076   05    13.174
  2076   06    10.854
  2076   07     8.273
  2076   08     5.204
  2076   09     2.933
  2076   10     4.445
  2076   11     7.679
  2076   12    11.197
  2077   01    13.739
  2077   02    14.610
  2077   03    15.059
  2077   04    14.512
  2077   05    13.165
  2077   06    11.011
  2077   07     8.036
  2077   08     5.005
  2077   09     3.567
  2077   10     4.922
  2077   11     8.213
  2077   12    11.070
  2078   01    13.292
  2078   02    14.326
  2078   03    14.823
  2078   04    14.605
  2078   05    13.535
  2078   06    11.385
  2078   07     7.681
  2078   08     4.362
  2078   09     2.497
  2078   10     4.042
  2078   11     7.643
  2078   12    10.948
  2079   01    13.486
  2079   02    14.286
  2079   03    14.867
  2079   04    14.518
  2079   05    12.935
  2079   06    11.099
  2079   07     7.815
  2079   08     5.257
  2079   09     3.774
  2079   10     4.908
  2079   11     8.416
  2079   12    11.557
  2080   01    13.610
  2080   02    14.582
  2080   03    15.270
  2080   04    14.683
  2080   05    13.292
  2080   06    11.195
  2080   07     7.408
  2080   08     5.363
  2080   09     4.384
  2080   10     5.661
  2080   11     8.933
  2080   12    11.173
  2081   01    13.556
  2081   02    14.606
  2081   03    15.093
  2081   04    14.614
  2081   05    13.021
  2081   06    10.454
  2081   07     6.713
  2081   08     3.638
  2081   09     2.434
  2081   10     3.632
  2081   11     7.203
  2081   12    10.758
  2082   01    13.554
  2082   02    14.729
  2082   03    15.071
  2082   04    14.568
  2082   05    13.223
  2082   06    11.002
  2082   07     7.413
  2082   08     4.380
  2082   09     3.027
  2082   10     4.384
  2082   11     7.569
  2082   12    11.180
  2083   01    13.146
  2083   02    14.374
  2083   03    14.849
  2083   04    14.301
  2083   05    13.143
  2083   06    10.827
  2083   07     7.235
  2083   08     4.449
  2083   09     2.162
  2083   10     4.655
  2083   11     8.362
  2083   12    11.196
  2084   01    13.196
  2084   02    14.131
  2084   03    14.648
  2084   04    14.011
  2084   05    12.857
  2084   06    10.474
  2084   07     7.802
  2084   08     5.712
  2084   09     3.674
  2084   10     5.091
  2084   11     8.435
  2084   12    10.944
  2085   01    13.170
  2085   02    14.362
  2085   03    14.775
  2085   04    14.426
  2085   05    12.937
  2085   06     9.987
  2085   07     7.445
  2085   08     5.040
  2085   09     3.688
  2085   10     5.163
  2085   11     8.026
  2085   12    11.024
  2086   01    13.760
  2086   02    14.887
  2086   03    15.165
  2086   04    14.501
  2086   05    13.340
  2086   06    11.169
  2086   07     7.314
  2086   08     4.477
  2086   09     3.275
  2086   10     4.850
  2086   11     8.108
  2086   12    11.205
  2087   01    13.433
  2087   02    14.592
  2087   03    14.932
  2087   04    14.472
  2087   05    13.162
  2087   06    11.030
  2087   07     7.373
  2087   08     4.742
  2087   09     3.432
  2087   10     4.772
  2087   11     8.946
  2087   12    11.171
  2088   01    13.185
  2088   02    14.072
  2088   03    14.445
  2088   04    14.040
  2088   05    12.925
  2088   06    11.077
  2088   07     7.664
  2088   08     5.720
  2088   09     4.590
  2088   10     5.872
  2088   11     8.095
  2088   12    11.421
  2089   01    13.502
  2089   02    14.173
  2089   03    14.469
  2089   04    14.058
  2089   05    12.736
  2089   06    10.631
  2089   07     7.886
  2089   08     4.794
  2089   09     2.830
  2089   10     4.449
  2089   11     8.283
  2089   12    11.362
  2090   01    13.161
  2090   02    13.997
  2090   03    14.240
  2090   04    13.928
  2090   05    12.453
  2090   06    10.624
  2090   07     7.594
  2090   08     4.605
  2090   09     3.340
  2090   10     4.806
  2090   11     8.384
  2090   12    11.603
  2091   01    13.973
  2091   02    14.487
  2091   03    14.730
  2091   04    14.281
  2091   05    12.864
  2091   06    10.347
  2091   07     7.577
  2091   08     4.759
  2091   09     3.462
  2091   10     5.162
  2091   11     8.326
  2091   12    11.312
  2092   01    13.561
  2092   02    14.344
  2092   03    14.691
  2092   04    14.277
  2092   05    12.748
  2092   06    10.750
  2092   07     7.766
  2092   08     5.297
  2092   09     4.435
  2092   10     5.840
  2092   11     8.812
  2092   12    11.363
  2093   01    13.546
  2093   02    14.340
  2093   03    14.711
  2093   04    14.301
  2093   05    13.165
  2093   06    10.783
  2093   07     7.445
  2093   08     5.094
  2093   09     3.973
  2093   10     5.512
  2093   11     8.109
  2093   12    11.307
  2094   01    13.481
  2094   02    14.310
  2094   03    14.458
  2094   04    14.036
  2094   05    12.767
  2094   06    10.472
  2094   07     7.309
  2094   08     3.606
  2094   09     2.215
  2094   10     3.553
  2094   11     6.430
  2094   12    10.412
  2095   01    12.930
  2095   02    13.895
  2095   03    14.283
  2095   04    13.908
  2095   05    12.596
  2095   06    10.251
  2095   07     7.060
  2095   08     3.715
  2095   09     1.724
  2095   10     3.204
  2095   11     6.930
  2095   12    10.317
  2096   01    12.790
  2096   02    13.773
  2096   03    14.328
  2096   04    13.781
  2096   05    12.343
  2096   06     9.890
  2096   07     6.765
  2096   08     3.915
  2096   09     2.270
  2096   10     3.412
  2096   11     7.384
  2096   12    10.848
  2097   01    12.721
  2097   02    13.956
  2097   03    14.470
  2097   04    14.148
  2097   05    12.407
  2097   06    10.352
  2097   07     6.936
  2097   08     3.495
  2097   09     1.387
  2097   10     3.582
  2097   11     7.274
  2097   12    10.500
  2098   01    13.560
  2098   02    14.455
  2098   03    14.768
  2098   04    14.242
  2098   05    12.941
  2098   06    10.489
  2098   07     6.903
  2098   08     3.548
  2098   09     2.104
  2098   10     3.419
  2098   11     7.858
  2098   12    10.521
  2099   01    13.359
  2099   02    14.218
  2099   03    14.417
  2099   04    14.054
  2099   05    12.587
  2099   06    10.695
  2099   07     7.123
  2099   08     4.039
  2099   09     1.957
  2099   10     3.282
  2099   11     6.833
  2099   12    10.524
  2100   01    12.832
  2100   02    13.967
  2100   03    14.402
  2100   04    14.071
  2100   05    12.839
  2100   06    10.552
  2100   07     7.103
  2100   08     4.270
  2100   09     2.927
  2100   10     4.115
  2100   11     7.877
  2100   12    11.392
