  1850   01    15.202
  1850   02    15.644
  1850   03    16.042
  1850   04    15.700
  1850   05    14.463
  1850   06    12.574
  1850   07     9.464
  1850   08     7.447
  1850   09     7.193
  1850   10     8.727
  1850   11    11.203
  1850   12    13.426
  1851   01    15.094
  1851   02    16.006
  1851   03    16.087
  1851   04    15.367
  1851   05    14.390
  1851   06    13.007
  1851   07    10.138
  1851   08     8.072
  1851   09     7.664
  1851   10     9.255
  1851   11    11.448
  1851   12    13.731
  1852   01    14.845
  1852   02    15.700
  1852   03    16.164
  1852   04    15.840
  1852   05    14.804
  1852   06    12.687
  1852   07     9.636
  1852   08     7.927
  1852   09     7.895
  1852   10     9.308
  1852   11    11.668
  1852   12    13.809
  1853   01    15.520
  1853   02    16.415
  1853   03    17.020
  1853   04    16.348
  1853   05    15.391
  1853   06    12.920
  1853   07     9.985
  1853   08     7.217
  1853   09     6.966
  1853   10     8.700
  1853   11    11.058
  1853   12    13.691
  1854   01    15.643
  1854   02    16.693
  1854   03    17.020
  1854   04    16.388
  1854   05    15.186
  1854   06    12.494
  1854   07     9.201
  1854   08     6.816
  1854   09     6.421
  1854   10     8.395
  1854   11    11.111
  1854   12    13.561
  1855   01    15.143
  1855   02    15.973
  1855   03    15.946
  1855   04    15.429
  1855   05    14.227
  1855   06    12.631
  1855   07     9.773
  1855   08     7.671
  1855   09     7.394
  1855   10     8.984
  1855   11    11.061
  1855   12    13.750
  1856   01    15.430
  1856   02    16.415
  1856   03    16.772
  1856   04    16.363
  1856   05    15.175
  1856   06    13.354
  1856   07     9.745
  1856   08     7.947
  1856   09     7.536
  1856   10     9.432
  1856   11    11.807
  1856   12    14.048
  1857   01    15.757
  1857   02    16.922
  1857   03    17.631
  1857   04    16.787
  1857   05    14.907
  1857   06    13.073
  1857   07     9.770
  1857   08     7.123
  1857   09     7.078
  1857   10     8.784
  1857   11    11.589
  1857   12    13.755
  1858   01    15.602
  1858   02    16.755
  1858   03    17.028
  1858   04    16.760
  1858   05    15.182
  1858   06    13.264
  1858   07    10.078
  1858   08     8.047
  1858   09     7.702
  1858   10     9.594
  1858   11    11.453
  1858   12    14.059
  1859   01    15.487
  1859   02    16.930
  1859   03    17.140
  1859   04    16.619
  1859   05    15.229
  1859   06    13.288
  1859   07    10.306
  1859   08     8.112
  1859   09     7.726
  1859   10     9.153
  1859   11    11.378
  1859   12    13.509
  1860   01    15.321
  1860   02    16.546
  1860   03    16.561
  1860   04    15.872
  1860   05    14.917
  1860   06    12.859
  1860   07     9.679
  1860   08     8.275
  1860   09     7.951
  1860   10     9.399
  1860   11    11.797
  1860   12    13.556
  1861   01    15.422
  1861   02    16.266
  1861   03    16.357
  1861   04    15.614
  1861   05    14.670
  1861   06    12.619
  1861   07     9.656
  1861   08     7.713
  1861   09     7.689
  1861   10     9.287
  1861   11    11.415
  1861   12    13.528
  1862   01    14.883
  1862   02    15.783
  1862   03    15.621
  1862   04    14.866
  1862   05    14.152
  1862   06    12.504
  1862   07     9.379
  1862   08     7.794
  1862   09     7.822
  1862   10     8.760
  1862   11    10.715
  1862   12    12.877
  1863   01    15.123
  1863   02    16.096
  1863   03    16.202
  1863   04    15.871
  1863   05    15.071
  1863   06    13.180
  1863   07    10.025
  1863   08     7.905
  1863   09     7.877
  1863   10     9.571
  1863   11    11.797
  1863   12    13.889
  1864   01    14.935
  1864   02    15.775
  1864   03    16.215
  1864   04    15.807
  1864   05    14.947
  1864   06    13.536
  1864   07    10.241
  1864   08     8.261
  1864   09     8.122
  1864   10     9.746
  1864   11    11.783
  1864   12    13.962
  1865   01    15.255
  1865   02    16.015
  1865   03    16.211
  1865   04    15.819
  1865   05    14.959
  1865   06    13.031
  1865   07    10.267
  1865   08     8.767
  1865   09     8.455
  1865   10     9.876
  1865   11    11.991
  1865   12    14.387
  1866   01    15.280
  1866   02    16.230
  1866   03    16.792
  1866   04    16.597
  1866   05    15.364
  1866   06    13.604
  1866   07     9.829
  1866   08     8.041
  1866   09     7.981
  1866   10     9.416
  1866   11    11.532
  1866   12    13.923
  1867   01    15.565
  1867   02    16.213
  1867   03    16.587
  1867   04    16.104
  1867   05    15.115
  1867   06    13.363
  1867   07    10.002
  1867   08     7.984
  1867   09     7.878
  1867   10     9.114
  1867   11    11.172
  1867   12    13.902
  1868   01    15.626
  1868   02    16.852
  1868   03    16.905
  1868   04    16.361
  1868   05    14.680
  1868   06    12.980
  1868   07     9.799
  1868   08     7.815
  1868   09     7.561
  1868   10     9.061
  1868   11    11.179
  1868   12    13.791
  1869   01    15.088
  1869   02    15.862
  1869   03    16.283
  1869   04    15.715
  1869   05    14.499
  1869   06    13.004
  1869   07     9.751
  1869   08     7.447
  1869   09     6.997
  1869   10     8.809
  1869   11    11.029
  1869   12    13.634
  1870   01    15.019
  1870   02    15.671
  1870   03    15.630
  1870   04    15.264
  1870   05    14.397
  1870   06    12.839
  1870   07     9.223
  1870   08     7.365
  1870   09     7.241
  1870   10     8.692
  1870   11    11.143
  1870   12    13.313
  1871   01    14.585
  1871   02    15.233
  1871   03    15.588
  1871   04    15.270
  1871   05    14.143
  1871   06    12.019
  1871   07     9.194
  1871   08     7.515
  1871   09     7.464
  1871   10     8.488
  1871   11    10.843
  1871   12    12.863
  1872   01    14.812
  1872   02    15.550
  1872   03    15.695
  1872   04    15.427
  1872   05    14.631
  1872   06    12.688
  1872   07     9.378
  1872   08     7.954
  1872   09     7.952
  1872   10     9.061
  1872   11    11.027
  1872   12    13.195
  1873   01    15.015
  1873   02    16.065
  1873   03    16.196
  1873   04    15.855
  1873   05    14.537
  1873   06    12.729
  1873   07     9.967
  1873   08     8.128
  1873   09     7.973
  1873   10     9.629
  1873   11    11.518
  1873   12    13.832
  1874   01    15.540
  1874   02    16.436
  1874   03    16.985
  1874   04    16.436
  1874   05    14.877
  1874   06    12.361
  1874   07     9.891
  1874   08     8.081
  1874   09     8.008
  1874   10     9.574
  1874   11    11.717
  1874   12    14.044
  1875   01    15.639
  1875   02    16.542
  1875   03    16.904
  1875   04    16.591
  1875   05    15.426
  1875   06    13.292
  1875   07    10.524
  1875   08     8.691
  1875   09     8.371
  1875   10    10.036
  1875   11    12.073
  1875   12    14.154
  1876   01    15.310
  1876   02    16.274
  1876   03    16.707
  1876   04    15.976
  1876   05    14.770
  1876   06    13.710
  1876   07    10.981
  1876   08     9.173
  1876   09     8.941
  1876   10     9.996
  1876   11    11.848
  1876   12    14.129
  1877   01    15.239
  1877   02    16.416
  1877   03    16.872
  1877   04    16.679
  1877   05    15.167
  1877   06    13.507
  1877   07    10.851
  1877   08     9.118
  1877   09     8.964
  1877   10    10.572
  1877   11    12.182
  1877   12    14.138
  1878   01    15.542
  1878   02    16.369
  1878   03    16.755
  1878   04    16.342
  1878   05    15.363
  1878   06    13.527
  1878   07    10.259
  1878   08     8.491
  1878   09     8.427
  1878   10     9.757
  1878   11    11.604
  1878   12    14.062
  1879   01    15.828
  1879   02    16.732
  1879   03    16.904
  1879   04    16.677
  1879   05    15.705
  1879   06    13.375
  1879   07    10.410
  1879   08     9.180
  1879   09     9.031
  1879   10    10.218
  1879   11    11.638
  1879   12    14.489
  1880   01    15.951
  1880   02    16.768
  1880   03    16.992
  1880   04    16.425
  1880   05    15.060
  1880   06    13.395
  1880   07    10.732
  1880   08     9.185
  1880   09     8.971
  1880   10    10.019
  1880   11    11.750
  1880   12    13.704
  1881   01    15.851
  1881   02    16.585
  1881   03    17.037
  1881   04    16.324
  1881   05    15.078
  1881   06    12.365
  1881   07    10.294
  1881   08     9.025
  1881   09     8.867
  1881   10     9.857
  1881   11    11.359
  1881   12    13.577
  1882   01    15.351
  1882   02    16.482
  1882   03    16.918
  1882   04    16.276
  1882   05    14.993
  1882   06    13.403
  1882   07    10.346
  1882   08     8.228
  1882   09     7.803
  1882   10     9.731
  1882   11    11.435
  1882   12    13.312
  1883   01    15.175
  1883   02    16.389
  1883   03    17.206
  1883   04    16.499
  1883   05    14.894
  1883   06    12.898
  1883   07     9.824
  1883   08     7.873
  1883   09     7.700
  1883   10     9.050
  1883   11    11.017
  1883   12    13.716
  1884   01    15.541
  1884   02    16.788
  1884   03    17.225
  1884   04    16.746
  1884   05    15.599
  1884   06    13.508
  1884   07    10.516
  1884   08     8.663
  1884   09     8.383
  1884   10    10.279
  1884   11    12.235
  1884   12    14.469
  1885   01    16.301
  1885   02    17.184
  1885   03    17.554
  1885   04    17.346
  1885   05    16.299
  1885   06    13.169
  1885   07    10.372
  1885   08     8.451
  1885   09     8.273
  1885   10     9.849
  1885   11    11.761
  1885   12    14.595
  1886   01    16.576
  1886   02    17.765
  1886   03    17.915
  1886   04    17.183
  1886   05    15.533
  1886   06    13.785
  1886   07    10.956
  1886   08     8.883
  1886   09     8.554
  1886   10     9.746
  1886   11    11.611
  1886   12    14.348
  1887   01    16.070
  1887   02    16.903
  1887   03    16.972
  1887   04    16.835
  1887   05    15.724
  1887   06    13.532
  1887   07    10.505
  1887   08     8.799
  1887   09     8.394
  1887   10     9.905
  1887   11    11.931
  1887   12    13.814
  1888   01    15.650
  1888   02    16.528
  1888   03    16.739
  1888   04    16.393
  1888   05    15.055
  1888   06    12.421
  1888   07     9.380
  1888   08     8.082
  1888   09     7.986
  1888   10     9.207
  1888   11    11.291
  1888   12    13.459
  1889   01    15.353
  1889   02    16.639
  1889   03    17.540
  1889   04    17.219
  1889   05    15.676
  1889   06    12.605
  1889   07     9.957
  1889   08     8.050
  1889   09     7.945
  1889   10     9.293
  1889   11    11.175
  1889   12    13.398
  1890   01    14.953
  1890   02    16.064
  1890   03    16.563
  1890   04    15.972
  1890   05    14.865
  1890   06    12.768
  1890   07     9.245
  1890   08     7.858
  1890   09     7.589
  1890   10     9.210
  1890   11    11.029
  1890   12    13.368
  1891   01    15.229
  1891   02    16.178
  1891   03    16.625
  1891   04    16.445
  1891   05    15.220
  1891   06    13.261
  1891   07    10.189
  1891   08     8.141
  1891   09     8.112
  1891   10     9.634
  1891   11    11.033
  1891   12    13.488
  1892   01    15.738
  1892   02    16.799
  1892   03    17.315
  1892   04    16.746
  1892   05    15.165
  1892   06    12.871
  1892   07    10.016
  1892   08     7.537
  1892   09     7.195
  1892   10     9.048
  1892   11    11.293
  1892   12    13.559
  1893   01    15.320
  1893   02    16.193
  1893   03    16.428
  1893   04    16.055
  1893   05    14.939
  1893   06    12.629
  1893   07     9.765
  1893   08     7.883
  1893   09     7.819
  1893   10     9.282
  1893   11    11.672
  1893   12    13.649
  1894   01    15.041
  1894   02    16.261
  1894   03    16.618
  1894   04    16.043
  1894   05    14.896
  1894   06    13.273
  1894   07    10.249
  1894   08     7.978
  1894   09     7.848
  1894   10     9.204
  1894   11    11.257
  1894   12    13.794
  1895   01    15.402
  1895   02    16.457
  1895   03    16.780
  1895   04    16.237
  1895   05    14.896
  1895   06    12.987
  1895   07     9.417
  1895   08     7.527
  1895   09     7.468
  1895   10     9.012
  1895   11    11.141
  1895   12    13.596
  1896   01    15.402
  1896   02    16.226
  1896   03    16.376
  1896   04    15.968
  1896   05    14.694
  1896   06    13.043
  1896   07     9.916
  1896   08     8.310
  1896   09     8.123
  1896   10     9.473
  1896   11    11.218
  1896   12    13.353
  1897   01    15.344
  1897   02    15.979
  1897   03    16.203
  1897   04    16.012
  1897   05    14.948
  1897   06    13.051
  1897   07     9.546
  1897   08     8.042
  1897   09     7.857
  1897   10     9.281
  1897   11    11.580
  1897   12    13.803
  1898   01    15.121
  1898   02    16.182
  1898   03    16.565
  1898   04    16.303
  1898   05    15.324
  1898   06    13.592
  1898   07    10.113
  1898   08     8.008
  1898   09     7.724
  1898   10     9.086
  1898   11    11.630
  1898   12    14.062
  1899   01    15.198
  1899   02    16.167
  1899   03    15.975
  1899   04    15.396
  1899   05    14.286
  1899   06    13.088
  1899   07     9.655
  1899   08     7.742
  1899   09     7.317
  1899   10     9.162
  1899   11    11.188
  1899   12    13.839
  1900   01    15.280
  1900   02    16.001
  1900   03    16.352
  1900   04    16.164
  1900   05    14.947
  1900   06    13.542
  1900   07     9.747
  1900   08     7.608
  1900   09     7.206
  1900   10     8.970
  1900   11    11.310
  1900   12    13.899
  1901   01    14.748
  1901   02    15.862
  1901   03    16.113
  1901   04    15.540
  1901   05    14.265
  1901   06    12.996
  1901   07     9.703
  1901   08     7.665
  1901   09     7.345
  1901   10     8.716
  1901   11    11.183
  1901   12    13.667
  1902   01    15.341
  1902   02    16.195
  1902   03    16.890
  1902   04    16.775
  1902   05    15.371
  1902   06    12.930
  1902   07     9.753
  1902   08     7.609
  1902   09     7.456
  1902   10     8.293
  1902   11    10.991
  1902   12    13.289
  1903   01    15.139
  1903   02    16.337
  1903   03    16.718
  1903   04    16.033
  1903   05    15.230
  1903   06    13.316
  1903   07    10.813
  1903   08     8.854
  1903   09     8.396
  1903   10     9.728
  1903   11    11.663
  1903   12    13.993
  1904   01    15.385
  1904   02    16.584
  1904   03    17.060
  1904   04    16.468
  1904   05    15.478
  1904   06    13.894
  1904   07    10.299
  1904   08     7.964
  1904   09     7.839
  1904   10     9.612
  1904   11    11.580
  1904   12    13.971
  1905   01    15.680
  1905   02    16.709
  1905   03    17.295
  1905   04    16.869
  1905   05    15.374
  1905   06    12.537
  1905   07     9.717
  1905   08     7.829
  1905   09     7.556
  1905   10     9.132
  1905   11    11.121
  1905   12    13.728
  1906   01    15.223
  1906   02    16.394
  1906   03    16.858
  1906   04    17.069
  1906   05    15.744
  1906   06    12.354
  1906   07     9.950
  1906   08     8.219
  1906   09     7.629
  1906   10     9.257
  1906   11    11.222
  1906   12    13.628
  1907   01    15.680
  1907   02    16.487
  1907   03    16.879
  1907   04    16.272
  1907   05    15.165
  1907   06    13.554
  1907   07    10.994
  1907   08     8.823
  1907   09     8.492
  1907   10     9.761
  1907   11    11.594
  1907   12    13.886
  1908   01    15.557
  1908   02    16.467
  1908   03    16.647
  1908   04    15.883
  1908   05    14.995
  1908   06    13.623
  1908   07    10.702
  1908   08     8.566
  1908   09     7.964
  1908   10    10.243
  1908   11    12.140
  1908   12    14.344
  1909   01    15.722
  1909   02    16.386
  1909   03    17.021
  1909   04    16.522
  1909   05    15.613
  1909   06    14.003
  1909   07    10.614
  1909   08     8.449
  1909   09     8.101
  1909   10     9.738
  1909   11    11.764
  1909   12    14.220
  1910   01    15.577
  1910   02    16.346
  1910   03    16.655
  1910   04    16.467
  1910   05    15.438
  1910   06    13.320
  1910   07    10.023
  1910   08     7.709
  1910   09     7.714
  1910   10     9.708
  1910   11    11.667
  1910   12    14.078
  1911   01    15.406
  1911   02    16.135
  1911   03    16.588
  1911   04    16.224
  1911   05    14.607
  1911   06    13.259
  1911   07    10.473
  1911   08     8.743
  1911   09     8.460
  1911   10     9.773
  1911   11    11.488
  1911   12    13.879
  1912   01    15.216
  1912   02    15.951
  1912   03    16.225
  1912   04    15.900
  1912   05    14.712
  1912   06    13.102
  1912   07    10.252
  1912   08     8.327
  1912   09     7.835
  1912   10     9.516
  1912   11    11.791
  1912   12    13.875
  1913   01    15.418
  1913   02    16.159
  1913   03    16.217
  1913   04    15.917
  1913   05    14.779
  1913   06    13.064
  1913   07     9.754
  1913   08     8.123
  1913   09     7.736
  1913   10     9.098
  1913   11    10.855
  1913   12    13.304
  1914   01    15.133
  1914   02    16.007
  1914   03    16.243
  1914   04    15.636
  1914   05    14.441
  1914   06    12.539
  1914   07     9.243
  1914   08     7.091
  1914   09     7.020
  1914   10     8.293
  1914   11    10.742
  1914   12    13.266
  1915   01    14.725
  1915   02    15.611
  1915   03    16.093
  1915   04    15.886
  1915   05    14.686
  1915   06    12.595
  1915   07     8.968
  1915   08     7.357
  1915   09     7.121
  1915   10     8.154
  1915   11    11.281
  1915   12    13.696
  1916   01    14.580
  1916   02    15.909
  1916   03    16.518
  1916   04    16.071
  1916   05    15.206
  1916   06    12.667
  1916   07    10.032
  1916   08     7.875
  1916   09     7.688
  1916   10     9.298
  1916   11    11.286
  1916   12    13.430
  1917   01    15.414
  1917   02    15.900
  1917   03    16.281
  1917   04    15.860
  1917   05    14.846
  1917   06    13.093
  1917   07     9.445
  1917   08     7.622
  1917   09     7.321
  1917   10     8.812
  1917   11    11.053
  1917   12    13.126
  1918   01    15.077
  1918   02    15.788
  1918   03    16.437
  1918   04    16.139
  1918   05    14.878
  1918   06    12.830
  1918   07     9.748
  1918   08     8.036
  1918   09     7.675
  1918   10     9.115
  1918   11    10.774
  1918   12    12.781
  1919   01    15.053
  1919   02    16.325
  1919   03    16.951
  1919   04    16.316
  1919   05    14.780
  1919   06    13.109
  1919   07    10.089
  1919   08     8.172
  1919   09     7.948
  1919   10     9.473
  1919   11    11.115
  1919   12    13.394
  1920   01    15.704
  1920   02    16.638
  1920   03    16.910
  1920   04    16.556
  1920   05    15.246
  1920   06    13.140
  1920   07     9.430
  1920   08     7.310
  1920   09     7.239
  1920   10     8.653
  1920   11    10.959
  1920   12    13.230
  1921   01    15.318
  1921   02    16.263
  1921   03    16.548
  1921   04    15.805
  1921   05    14.603
  1921   06    12.871
  1921   07    10.178
  1921   08     8.460
  1921   09     8.275
  1921   10     9.322
  1921   11    11.378
  1921   12    13.158
  1922   01    14.848
  1922   02    15.629
  1922   03    15.740
  1922   04    15.424
  1922   05    14.330
  1922   06    13.200
  1922   07     9.725
  1922   08     7.911
  1922   09     7.600
  1922   10     8.819
  1922   11    10.578
  1922   12    13.172
  1923   01    14.811
  1923   02    15.170
  1923   03    15.318
  1923   04    14.843
  1923   05    13.849
  1923   06    12.815
  1923   07     9.346
  1923   08     7.638
  1923   09     7.471
  1923   10     8.673
  1923   11    10.983
  1923   12    12.754
  1924   01    14.441
  1924   02    15.124
  1924   03    15.609
  1924   04    15.095
  1924   05    14.249
  1924   06    12.132
  1924   07     8.846
  1924   08     7.291
  1924   09     7.121
  1924   10     8.329
  1924   11    10.490
  1924   12    12.647
  1925   01    14.495
  1925   02    15.387
  1925   03    15.577
  1925   04    15.128
  1925   05    14.007
  1925   06    12.253
  1925   07     9.063
  1925   08     7.314
  1925   09     7.141
  1925   10     8.377
  1925   11    10.764
  1925   12    12.810
  1926   01    14.644
  1926   02    15.455
  1926   03    15.463
  1926   04    14.950
  1926   05    13.860
  1926   06    12.136
  1926   07     9.253
  1926   08     7.623
  1926   09     7.240
  1926   10     8.203
  1926   11    10.455
  1926   12    12.700
  1927   01    14.314
  1927   02    14.991
  1927   03    15.582
  1927   04    15.418
  1927   05    14.043
  1927   06    12.015
  1927   07     8.818
  1927   08     7.221
  1927   09     7.144
  1927   10     8.462
  1927   11    10.236
  1927   12    12.732
  1928   01    14.853
  1928   02    15.663
  1928   03    15.828
  1928   04    15.458
  1928   05    14.313
  1928   06    12.827
  1928   07     9.402
  1928   08     7.835
  1928   09     7.459
  1928   10     8.556
  1928   11    10.798
  1928   12    12.969
  1929   01    14.509
  1929   02    15.632
  1929   03    16.002
  1929   04    15.517
  1929   05    14.565
  1929   06    12.644
  1929   07     8.954
  1929   08     7.535
  1929   09     7.527
  1929   10     8.465
  1929   11    10.792
  1929   12    12.687
  1930   01    14.459
  1930   02    15.453
  1930   03    15.793
  1930   04    15.318
  1930   05    14.168
  1930   06    12.326
  1930   07     9.019
  1930   08     7.214
  1930   09     6.681
  1930   10     8.345
  1930   11    10.236
  1930   12    12.478
  1931   01    14.531
  1931   02    15.254
  1931   03    15.566
  1931   04    15.302
  1931   05    14.233
  1931   06    13.051
  1931   07     9.218
  1931   08     7.040
  1931   09     6.787
  1931   10     8.143
  1931   11    10.972
  1931   12    13.508
  1932   01    14.582
  1932   02    15.800
  1932   03    16.499
  1932   04    16.329
  1932   05    15.033
  1932   06    12.888
  1932   07     9.375
  1932   08     6.947
  1932   09     6.603
  1932   10     8.685
  1932   11    10.842
  1932   12    13.374
  1933   01    14.890
  1933   02    15.732
  1933   03    15.961
  1933   04    15.595
  1933   05    14.501
  1933   06    12.669
  1933   07     9.090
  1933   08     7.400
  1933   09     7.116
  1933   10     8.550
  1933   11    10.545
  1933   12    12.840
  1934   01    14.625
  1934   02    15.384
  1934   03    15.797
  1934   04    15.064
  1934   05    13.802
  1934   06    12.129
  1934   07     9.272
  1934   08     7.228
  1934   09     6.943
  1934   10     8.669
  1934   11    10.447
  1934   12    12.451
  1935   01    14.867
  1935   02    15.611
  1935   03    15.850
  1935   04    15.533
  1935   05    14.510
  1935   06    12.142
  1935   07     9.160
  1935   08     6.968
  1935   09     6.652
  1935   10     8.488
  1935   11    10.619
  1935   12    13.215
  1936   01    14.945
  1936   02    15.447
  1936   03    15.831
  1936   04    15.644
  1936   05    14.148
  1936   06    11.973
  1936   07     9.099
  1936   08     7.458
  1936   09     7.298
  1936   10     8.293
  1936   11    10.093
  1936   12    12.450
  1937   01    14.579
  1937   02    15.384
  1937   03    15.858
  1937   04    15.297
  1937   05    14.242
  1937   06    12.702
  1937   07     9.567
  1937   08     7.490
  1937   09     7.334
  1937   10     8.900
  1937   11    10.773
  1937   12    13.217
  1938   01    15.154
  1938   02    16.039
  1938   03    16.317
  1938   04    16.098
  1938   05    14.877
  1938   06    13.038
  1938   07     9.190
  1938   08     7.163
  1938   09     6.962
  1938   10     7.875
  1938   11    10.757
  1938   12    13.298
  1939   01    15.819
  1939   02    16.615
  1939   03    17.068
  1939   04    16.567
  1939   05    15.516
  1939   06    13.557
  1939   07    10.697
  1939   08     8.294
  1939   09     7.387
  1939   10     9.214
  1939   11    11.381
  1939   12    13.893
  1940   01    15.872
  1940   02    16.661
  1940   03    17.023
  1940   04    16.832
  1940   05    15.899
  1940   06    13.908
  1940   07     9.412
  1940   08     7.267
  1940   09     6.864
  1940   10     8.234
  1940   11    10.986
  1940   12    13.590
  1941   01    15.655
  1941   02    16.936
  1941   03    17.254
  1941   04    16.509
  1941   05    14.957
  1941   06    13.301
  1941   07     9.629
  1941   08     7.178
  1941   09     6.699
  1941   10     7.965
  1941   11    11.023
  1941   12    13.443
  1942   01    15.108
  1942   02    16.083
  1942   03    16.897
  1942   04    17.009
  1942   05    15.170
  1942   06    13.793
  1942   07     9.967
  1942   08     7.269
  1942   09     6.805
  1942   10     8.510
  1942   11    11.394
  1942   12    13.668
  1943   01    14.966
  1943   02    15.728
  1943   03    16.315
  1943   04    15.423
  1943   05    14.633
  1943   06    13.411
  1943   07    10.006
  1943   08     8.038
  1943   09     7.816
  1943   10     9.473
  1943   11    11.475
  1943   12    13.447
  1944   01    15.073
  1944   02    16.022
  1944   03    16.330
  1944   04    15.849
  1944   05    14.619
  1944   06    12.961
  1944   07     9.639
  1944   08     7.819
  1944   09     7.627
  1944   10     9.245
  1944   11    11.336
  1944   12    13.570
  1945   01    15.031
  1945   02    15.913
  1945   03    16.195
  1945   04    16.028
  1945   05    14.565
  1945   06    12.178
  1945   07     9.884
  1945   08     8.050
  1945   09     7.742
  1945   10     9.236
  1945   11    11.107
  1945   12    13.333
  1946   01    15.043
  1946   02    16.071
  1946   03    16.561
  1946   04    16.182
  1946   05    15.368
  1946   06    13.396
  1946   07    10.528
  1946   08     8.137
  1946   09     7.695
  1946   10     9.490
  1946   11    11.539
  1946   12    13.891
  1947   01    15.514
  1947   02    16.337
  1947   03    16.704
  1947   04    16.281
  1947   05    14.818
  1947   06    12.614
  1947   07     9.305
  1947   08     7.729
  1947   09     7.187
  1947   10     8.757
  1947   11    10.801
  1947   12    13.039
  1948   01    14.877
  1948   02    15.916
  1948   03    16.364
  1948   04    15.752
  1948   05    14.414
  1948   06    12.474
  1948   07     9.146
  1948   08     7.519
  1948   09     7.455
  1948   10     8.801
  1948   11    11.078
  1948   12    13.627
  1949   01    15.110
  1949   02    16.183
  1949   03    16.273
  1949   04    15.726
  1949   05    14.430
  1949   06    12.526
  1949   07     9.481
  1949   08     7.515
  1949   09     7.136
  1949   10     9.060
  1949   11    11.258
  1949   12    13.466
  1950   01    15.092
  1950   02    16.364
  1950   03    16.710
  1950   04    16.237
  1950   05    14.793
  1950   06    12.725
  1950   07     9.268
  1950   08     7.666
  1950   09     7.186
  1950   10     8.784
  1950   11    10.972
  1950   12    13.029
  1951   01    14.865
  1951   02    16.044
  1951   03    16.216
  1951   04    15.945
  1951   05    14.885
  1951   06    12.869
  1951   07     9.678
  1951   08     7.451
  1951   09     7.094
  1951   10     8.824
  1951   11    10.808
  1951   12    12.691
  1952   01    14.780
  1952   02    15.998
  1952   03    16.140
  1952   04    15.995
  1952   05    14.743
  1952   06    12.719
  1952   07     9.471
  1952   08     8.013
  1952   09     7.757
  1952   10     8.868
  1952   11    11.114
  1952   12    13.491
  1953   01    15.352
  1953   02    16.443
  1953   03    16.386
  1953   04    15.763
  1953   05    14.358
  1953   06    12.461
  1953   07     9.403
  1953   08     7.678
  1953   09     7.346
  1953   10     8.914
  1953   11    10.735
  1953   12    13.138
  1954   01    15.601
  1954   02    16.627
  1954   03    17.028
  1954   04    16.666
  1954   05    15.000
  1954   06    13.021
  1954   07     9.436
  1954   08     7.759
  1954   09     7.360
  1954   10     8.471
  1954   11    11.436
  1954   12    13.445
  1955   01    15.074
  1955   02    15.867
  1955   03    16.397
  1955   04    16.183
  1955   05    14.708
  1955   06    12.775
  1955   07     9.376
  1955   08     8.156
  1955   09     7.847
  1955   10     8.501
  1955   11    10.452
  1955   12    12.732
  1956   01    15.239
  1956   02    16.097
  1956   03    16.582
  1956   04    15.831
  1956   05    14.624
  1956   06    12.204
  1956   07     8.906
  1956   08     7.222
  1956   09     6.872
  1956   10     8.095
  1956   11    10.588
  1956   12    12.650
  1957   01    14.341
  1957   02    15.175
  1957   03    15.648
  1957   04    15.011
  1957   05    14.010
  1957   06    12.368
  1957   07     9.202
  1957   08     7.461
  1957   09     7.438
  1957   10     8.874
  1957   11    10.720
  1957   12    13.231
  1958   01    14.338
  1958   02    15.388
  1958   03    15.466
  1958   04    15.075
  1958   05    14.147
  1958   06    12.427
  1958   07     9.144
  1958   08     7.697
  1958   09     7.511
  1958   10     8.866
  1958   11    10.786
  1958   12    13.276
  1959   01    14.849
  1959   02    15.784
  1959   03    16.130
  1959   04    15.780
  1959   05    14.524
  1959   06    13.035
  1959   07     9.260
  1959   08     7.419
  1959   09     7.272
  1959   10     8.592
  1959   11    11.193
  1959   12    13.816
  1960   01    15.564
  1960   02    16.813
  1960   03    17.160
  1960   04    16.771
  1960   05    15.777
  1960   06    13.259
  1960   07    10.278
  1960   08     7.953
  1960   09     7.548
  1960   10     8.775
  1960   11    11.200
  1960   12    13.751
  1961   01    15.337
  1961   02    15.965
  1961   03    16.646
  1961   04    16.100
  1961   05    14.463
  1961   06    12.624
  1961   07     9.391
  1961   08     7.758
  1961   09     7.375
  1961   10     8.306
  1961   11    10.427
  1961   12    12.780
  1962   01    15.153
  1962   02    16.061
  1962   03    16.356
  1962   04    15.761
  1962   05    14.663
  1962   06    12.441
  1962   07     9.557
  1962   08     7.714
  1962   09     7.559
  1962   10     9.147
  1962   11    10.842
  1962   12    13.271
  1963   01    14.918
  1963   02    15.897
  1963   03    16.377
  1963   04    15.871
  1963   05    14.717
  1963   06    12.824
  1963   07     9.541
  1963   08     7.264
  1963   09     7.021
  1963   10     8.738
  1963   11    10.521
  1963   12    12.557
  1964   01    15.151
  1964   02    16.089
  1964   03    16.541
  1964   04    16.120
  1964   05    14.994
  1964   06    12.818
  1964   07     9.371
  1964   08     7.645
  1964   09     7.613
  1964   10     8.813
  1964   11    11.070
  1964   12    13.688
  1965   01    15.524
  1965   02    16.252
  1965   03    16.687
  1965   04    16.389
  1965   05    15.329
  1965   06    12.506
  1965   07     9.307
  1965   08     8.153
  1965   09     7.831
  1965   10     9.179
  1965   11    10.897
  1965   12    13.463
  1966   01    15.198
  1966   02    16.196
  1966   03    16.610
  1966   04    16.391
  1966   05    14.710
  1966   06    12.573
  1966   07     9.454
  1966   08     7.839
  1966   09     7.672
  1966   10     9.069
  1966   11    10.605
  1966   12    12.495
  1967   01    15.342
  1967   02    16.163
  1967   03    16.816
  1967   04    16.239
  1967   05    15.100
  1967   06    12.786
  1967   07     9.461
  1967   08     7.630
  1967   09     7.756
  1967   10     9.302
  1967   11    10.778
  1967   12    13.317
  1968   01    14.851
  1968   02    15.966
  1968   03    16.663
  1968   04    16.298
  1968   05    14.984
  1968   06    12.925
  1968   07     9.216
  1968   08     7.717
  1968   09     7.607
  1968   10     8.752
  1968   11    10.851
  1968   12    13.508
  1969   01    14.943
  1969   02    15.837
  1969   03    15.656
  1969   04    15.144
  1969   05    14.272
  1969   06    12.817
  1969   07     9.582
  1969   08     7.971
  1969   09     7.811
  1969   10     8.962
  1969   11    10.676
  1969   12    12.769
  1970   01    14.519
  1970   02    15.358
  1970   03    15.752
  1970   04    15.351
  1970   05    14.071
  1970   06    12.051
  1970   07     9.528
  1970   08     7.856
  1970   09     7.648
  1970   10     8.830
  1970   11    10.452
  1970   12    12.574
  1971   01    14.347
  1971   02    15.165
  1971   03    15.488
  1971   04    15.155
  1971   05    13.974
  1971   06    12.018
  1971   07     9.029
  1971   08     7.175
  1971   09     6.738
  1971   10     8.695
  1971   11    10.884
  1971   12    12.736
  1972   01    15.094
  1972   02    16.002
  1972   03    16.125
  1972   04    15.692
  1972   05    14.313
  1972   06    12.077
  1972   07     9.134
  1972   08     6.677
  1972   09     6.241
  1972   10     7.947
  1972   11    10.669
  1972   12    13.199
  1973   01    14.600
  1973   02    15.207
  1973   03    15.793
  1973   04    15.084
  1973   05    13.796
  1973   06    11.756
  1973   07     8.224
  1973   08     6.721
  1973   09     6.675
  1973   10     7.874
  1973   11    10.051
  1973   12    12.353
  1974   01    14.267
  1974   02    15.093
  1974   03    15.242
  1974   04    15.116
  1974   05    13.857
  1974   06    12.082
  1974   07     8.710
  1974   08     7.044
  1974   09     6.929
  1974   10     8.383
  1974   11    10.394
  1974   12    12.294
  1975   01    14.015
  1975   02    14.613
  1975   03    15.272
  1975   04    14.831
  1975   05    13.866
  1975   06    12.497
  1975   07     8.940
  1975   08     6.883
  1975   09     6.655
  1975   10     7.923
  1975   11    10.683
  1975   12    13.000
  1976   01    14.243
  1976   02    14.902
  1976   03    15.092
  1976   04    14.521
  1976   05    13.324
  1976   06    11.902
  1976   07     8.715
  1976   08     7.119
  1976   09     7.067
  1976   10     8.015
  1976   11    10.487
  1976   12    13.054
  1977   01    14.489
  1977   02    15.452
  1977   03    15.628
  1977   04    15.188
  1977   05    14.037
  1977   06    12.435
  1977   07     9.429
  1977   08     7.677
  1977   09     7.443
  1977   10     9.076
  1977   11    10.790
  1977   12    13.130
  1978   01    15.278
  1978   02    16.002
  1978   03    16.671
  1978   04    16.371
  1978   05    14.939
  1978   06    12.511
  1978   07     9.432
  1978   08     7.488
  1978   09     7.127
  1978   10     8.763
  1978   11    10.943
  1978   12    13.106
  1979   01    14.547
  1979   02    15.730
  1979   03    16.240
  1979   04    15.681
  1979   05    14.795
  1979   06    12.858
  1979   07     9.121
  1979   08     6.587
  1979   09     6.119
  1979   10     7.381
  1979   11    10.991
  1979   12    12.814
  1980   01    14.883
  1980   02    16.177
  1980   03    16.760
  1980   04    16.302
  1980   05    14.887
  1980   06    11.594
  1980   07     9.118
  1980   08     6.755
  1980   09     6.398
  1980   10     8.213
  1980   11    10.134
  1980   12    12.194
  1981   01    14.283
  1981   02    15.247
  1981   03    15.630
  1981   04    14.964
  1981   05    13.956
  1981   06    12.057
  1981   07     9.473
  1981   08     7.796
  1981   09     7.150
  1981   10     8.496
  1981   11    10.427
  1981   12    12.256
  1982   01    14.057
  1982   02    15.182
  1982   03    15.776
  1982   04    15.227
  1982   05    13.907
  1982   06    12.292
  1982   07     9.112
  1982   08     7.446
  1982   09     7.072
  1982   10     8.468
  1982   11    10.527
  1982   12    12.739
  1983   01    14.225
  1983   02    15.263
  1983   03    15.289
  1983   04    15.099
  1983   05    14.272
  1983   06    12.739
  1983   07     8.930
  1983   08     6.390
  1983   09     6.141
  1983   10     8.229
  1983   11    10.475
  1983   12    12.686
  1984   01    14.412
  1984   02    15.289
  1984   03    15.939
  1984   04    15.676
  1984   05    14.510
  1984   06    12.564
  1984   07     9.055
  1984   08     6.931
  1984   09     6.534
  1984   10     8.042
  1984   11    10.194
  1984   12    12.472
  1985   01    14.753
  1985   02    15.884
  1985   03    16.479
  1985   04    15.666
  1985   05    14.674
  1985   06    12.418
  1985   07     8.709
  1985   08     6.462
  1985   09     6.419
  1985   10     8.052
  1985   11    10.921
  1985   12    13.182
  1986   01    15.133
  1986   02    15.985
  1986   03    16.220
  1986   04    15.810
  1986   05    14.908
  1986   06    13.198
  1986   07     9.477
  1986   08     7.404
  1986   09     6.974
  1986   10     8.385
  1986   11    11.067
  1986   12    13.906
  1987   01    15.752
  1987   02    16.670
  1987   03    17.471
  1987   04    16.913
  1987   05    15.537
  1987   06    12.506
  1987   07     9.187
  1987   08     6.712
  1987   09     6.348
  1987   10     7.923
  1987   11    10.188
  1987   12    12.597
  1988   01    15.058
  1988   02    16.247
  1988   03    16.688
  1988   04    16.224
  1988   05    15.075
  1988   06    11.958
  1988   07     8.997
  1988   08     6.757
  1988   09     6.576
  1988   10     8.255
  1988   11    11.098
  1988   12    13.289
  1989   01    15.103
  1989   02    15.989
  1989   03    16.731
  1989   04    16.087
  1989   05    14.608
  1989   06    12.926
  1989   07     9.402
  1989   08     7.606
  1989   09     7.419
  1989   10     9.127
  1989   11    11.000
  1989   12    13.407
  1990   01    15.143
  1990   02    15.868
  1990   03    16.213
  1990   04    15.589
  1990   05    14.644
  1990   06    12.305
  1990   07     8.583
  1990   08     6.767
  1990   09     6.439
  1990   10     8.411
  1990   11    10.941
  1990   12    13.132
  1991   01    14.910
  1991   02    15.642
  1991   03    15.764
  1991   04    14.896
  1991   05    13.569
  1991   06    12.327
  1991   07     8.764
  1991   08     7.085
  1991   09     6.676
  1991   10     8.087
  1991   11    10.081
  1991   12    12.507
  1992   01    14.314
  1992   02    15.303
  1992   03    15.340
  1992   04    14.912
  1992   05    13.944
  1992   06    11.904
  1992   07     8.981
  1992   08     7.363
  1992   09     6.960
  1992   10     8.612
  1992   11    10.718
  1992   12    13.215
  1993   01    14.814
  1993   02    15.723
  1993   03    16.120
  1993   04    15.730
  1993   05    14.468
  1993   06    12.608
  1993   07     8.904
  1993   08     7.342
  1993   09     7.238
  1993   10     8.546
  1993   11    10.451
  1993   12    12.719
  1994   01    14.446
  1994   02    15.422
  1994   03    16.063
  1994   04    15.940
  1994   05    14.830
  1994   06    12.923
  1994   07     9.442
  1994   08     7.344
  1994   09     7.392
  1994   10     8.269
  1994   11    10.325
  1994   12    12.756
  1995   01    15.018
  1995   02    16.463
  1995   03    17.280
  1995   04    16.574
  1995   05    14.573
  1995   06    12.636
  1995   07     9.302
  1995   08     6.929
  1995   09     6.534
  1995   10     8.046
  1995   11    10.468
  1995   12    13.107
  1996   01    15.376
  1996   02    16.369
  1996   03    16.869
  1996   04    16.452
  1996   05    15.099
  1996   06    12.360
  1996   07     9.805
  1996   08     8.102
  1996   09     7.768
  1996   10     9.218
  1996   11    11.015
  1996   12    12.963
  1997   01    15.015
  1997   02    15.838
  1997   03    16.166
  1997   04    15.909
  1997   05    14.553
  1997   06    12.543
  1997   07     9.424
  1997   08     7.456
  1997   09     7.133
  1997   10     8.680
  1997   11    10.818
  1997   12    12.953
  1998   01    14.975
  1998   02    15.804
  1998   03    16.071
  1998   04    15.543
  1998   05    14.268
  1998   06    13.158
  1998   07    10.013
  1998   08     7.549
  1998   09     7.120
  1998   10     8.743
  1998   11    11.496
  1998   12    13.213
  1999   01    14.967
  1999   02    15.774
  1999   03    16.103
  1999   04    15.520
  1999   05    14.267
  1999   06    12.820
  1999   07     9.588
  1999   08     7.349
  1999   09     6.901
  1999   10     8.011
  1999   11    10.646
  1999   12    12.843
  2000   01    14.631
  2000   02    15.322
  2000   03    15.861
  2000   04    15.456
  2000   05    14.441
  2000   06    12.501
  2000   07     9.085
  2000   08     7.120
  2000   09     6.847
  2000   10     8.465
  2000   11    10.638
  2000   12    12.945
  2001   01    14.889
  2001   02    15.815
  2001   03    15.950
  2001   04    15.484
  2001   05    14.109
  2001   06    12.707
  2001   07     9.264
  2001   08     6.639
  2001   09     6.457
  2001   10     7.509
  2001   11    10.382
  2001   12    12.668
  2002   01    14.571
  2002   02    15.408
  2002   03    15.730
  2002   04    15.579
  2002   05    14.337
  2002   06    11.871
  2002   07     9.097
  2002   08     7.023
  2002   09     6.577
  2002   10     8.341
  2002   11    10.820
  2002   12    13.044
  2003   01    14.936
  2003   02    15.377
  2003   03    15.596
  2003   04    15.133
  2003   05    13.830
  2003   06    12.032
  2003   07     9.136
  2003   08     7.007
  2003   09     6.194
  2003   10     7.926
  2003   11    10.321
  2003   12    12.902
  2004   01    14.496
  2004   02    15.380
  2004   03    15.931
  2004   04    15.115
  2004   05    13.884
  2004   06    11.904
  2004   07     8.400
  2004   08     5.773
  2004   09     5.438
  2004   10     6.695
  2004   11    10.094
  2004   12    12.114
  2005   01    13.835
  2005   02    14.549
  2005   03    14.858
  2005   04    14.200
  2005   05    13.088
  2005   06    11.669
  2005   07     7.782
  2005   08     5.583
  2005   09     5.264
  2005   10     6.414
  2005   11     9.598
  2005   12    12.219
  2006   01    13.937
  2006   02    14.613
  2006   03    15.058
  2006   04    14.704
  2006   05    13.282
  2006   06    11.100
  2006   07     7.447
  2006   08     5.205
  2006   09     4.803
  2006   10     6.530
  2006   11     9.211
  2006   12    11.584
  2007   01    13.591
  2007   02    14.510
  2007   03    15.066
  2007   04    14.847
  2007   05    13.604
  2007   06    11.530
  2007   07     8.111
  2007   08     5.375
  2007   09     4.962
  2007   10     6.429
  2007   11     9.672
  2007   12    12.116
  2008   01    13.770
  2008   02    14.537
  2008   03    14.894
  2008   04    14.651
  2008   05    13.425
  2008   06    11.106
  2008   07     8.133
  2008   08     5.909
  2008   09     5.261
  2008   10     6.647
  2008   11     9.734
  2008   12    11.552
  2009   01    13.790
  2009   02    14.547
  2009   03    14.881
  2009   04    14.667
  2009   05    13.594
  2009   06    11.156
  2009   07     8.042
  2009   08     5.838
  2009   09     4.893
  2009   10     6.805
  2009   11     9.976
  2009   12    11.635
  2010   01    14.066
  2010   02    14.804
  2010   03    15.135
  2010   04    14.935
  2010   05    13.942
  2010   06    11.679
  2010   07     8.315
  2010   08     5.381
  2010   09     5.012
  2010   10     7.307
  2010   11    10.128
  2010   12    12.085
  2011   01    13.963
  2011   02    14.751
  2011   03    15.100
  2011   04    14.746
  2011   05    13.922
  2011   06    11.571
  2011   07     8.338
  2011   08     5.805
  2011   09     4.979
  2011   10     6.322
  2011   11     9.747
  2011   12    12.045
  2012   01    13.768
  2012   02    14.427
  2012   03    14.980
  2012   04    14.394
  2012   05    13.201
  2012   06    11.486
  2012   07     8.270
  2012   08     5.966
  2012   09     5.283
  2012   10     6.539
  2012   11     9.867
  2012   12    12.270
  2013   01    14.400
  2013   02    14.943
  2013   03    15.372
  2013   04    14.828
  2013   05    13.603
  2013   06    10.441
  2013   07     7.480
  2013   08     5.417
  2013   09     5.199
  2013   10     6.372
  2013   11     8.727
  2013   12    11.498
  2014   01    13.193
  2014   02    14.171
  2014   03    14.534
  2014   04    14.091
  2014   05    13.142
  2014   06    10.883
  2014   07     8.184
  2014   08     5.866
  2014   09     5.219
  2014   10     6.655
  2014   11     9.659
  2014   12    11.718
  2015   01    13.461
  2015   02    14.378
  2015   03    14.633
  2015   04    14.357
  2015   05    13.160
  2015   06    11.288
  2015   07     8.612
  2015   08     6.395
  2015   09     5.968
  2015   10     7.385
  2015   11     9.567
  2015   12    11.653
  2016   01    13.642
  2016   02    14.301
  2016   03    14.401
  2016   04    14.282
  2016   05    13.203
  2016   06    11.133
  2016   07     7.926
  2016   08     6.047
  2016   09     5.649
  2016   10     7.114
  2016   11     9.818
  2016   12    11.636
  2017   01    13.919
  2017   02    14.785
  2017   03    14.700
  2017   04    14.241
  2017   05    13.076
  2017   06    11.371
  2017   07     8.793
  2017   08     6.508
  2017   09     6.079
  2017   10     7.728
  2017   11    10.182
  2017   12    11.976
  2018   01    13.302
  2018   02    14.315
  2018   03    14.400
  2018   04    14.113
  2018   05    13.093
  2018   06    11.166
  2018   07     7.096
  2018   08     4.379
  2018   09     4.058
  2018   10     5.469
  2018   11     9.152
  2018   12    11.276
  2019   01    13.319
  2019   02    13.904
  2019   03    14.503
  2019   04    14.113
  2019   05    13.137
  2019   06    11.028
  2019   07     8.019
  2019   08     5.734
  2019   09     5.258
  2019   10     7.257
  2019   11     9.893
  2019   12    11.527
  2020   01    13.564
  2020   02    14.690
  2020   03    15.195
  2020   04    14.741
  2020   05    13.803
  2020   06    11.743
  2020   07     8.526
  2020   08     5.740
  2020   09     5.407
  2020   10     6.771
  2020   11     9.949
  2020   12    12.533
  2021   01    14.458
  2021   02    15.014
  2021   03    15.016
  2021   04    14.614
  2021   05    13.724
  2021   06    12.266
  2021   07     8.835
  2021   08     5.919
  2021   09     5.604
  2021   10     7.337
  2021   11    10.505
  2021   12    12.491
  2022   01    14.586
  2022   02    15.365
  2022   03    15.706
  2022   04    15.604
  2022   05    14.132
  2022   06    11.341
  2022   07     7.715
  2022   08     5.414
  2022   09     4.979
  2022   10     6.384
  2022   11     9.519
  2022   12    11.844
  2023   01    14.262
  2023   02    15.149
  2023   03    15.637
  2023   04    15.292
  2023   05    14.311
  2023   06    11.990
  2023   07     7.918
  2023   08     5.154
  2023   09     4.641
  2023   10     6.287
  2023   11     9.430
  2023   12    11.987
  2024   01    14.221
  2024   02    14.955
  2024   03    15.231
  2024   04    14.940
  2024   05    13.768
  2024   06    11.392
  2024   07     7.993
  2024   08     5.606
  2024   09     5.015
  2024   10     6.823
  2024   11     9.733
  2024   12    12.181
  2025   01    14.613
  2025   02    15.510
  2025   03    15.893
  2025   04    15.270
  2025   05    14.492
  2025   06    12.141
  2025   07     8.743
  2025   08     6.014
  2025   09     5.701
  2025   10     7.229
  2025   11     9.782
  2025   12    12.203
  2026   01    14.532
  2026   02    15.427
  2026   03    15.576
  2026   04    15.060
  2026   05    14.154
  2026   06    11.879
  2026   07     8.378
  2026   08     5.609
  2026   09     5.153
  2026   10     7.045
  2026   11    10.025
  2026   12    12.013
  2027   01    14.245
  2027   02    15.137
  2027   03    15.277
  2027   04    15.180
  2027   05    13.821
  2027   06    11.718
  2027   07     8.332
  2027   08     6.031
  2027   09     5.435
  2027   10     7.033
  2027   11     9.097
  2027   12    11.749
  2028   01    14.004
  2028   02    14.970
  2028   03    15.231
  2028   04    15.010
  2028   05    13.689
  2028   06    11.387
  2028   07     8.003
  2028   08     6.107
  2028   09     5.707
  2028   10     7.169
  2028   11     9.492
  2028   12    11.943
  2029   01    13.860
  2029   02    14.930
  2029   03    15.300
  2029   04    14.814
  2029   05    14.064
  2029   06    11.656
  2029   07     7.959
  2029   08     5.554
  2029   09     4.679
  2029   10     6.209
  2029   11     9.161
  2029   12    11.747
  2030   01    13.790
  2030   02    14.331
  2030   03    14.623
  2030   04    14.392
  2030   05    13.313
  2030   06    11.162
  2030   07     7.464
  2030   08     5.509
  2030   09     4.853
  2030   10     6.450
  2030   11     8.971
  2030   12    11.610
  2031   01    13.787
  2031   02    14.936
  2031   03    15.341
  2031   04    15.107
  2031   05    13.907
  2031   06    11.133
  2031   07     7.685
  2031   08     5.081
  2031   09     4.494
  2031   10     6.166
  2031   11     9.424
  2031   12    11.905
  2032   01    14.039
  2032   02    14.833
  2032   03    14.900
  2032   04    14.590
  2032   05    13.696
  2032   06    11.444
  2032   07     8.092
  2032   08     4.949
  2032   09     4.675
  2032   10     7.242
  2032   11     9.749
  2032   12    12.031
  2033   01    13.621
  2033   02    14.500
  2033   03    14.814
  2033   04    14.421
  2033   05    13.663
  2033   06    11.905
  2033   07     7.223
  2033   08     4.069
  2033   09     3.705
  2033   10     5.057
  2033   11     9.150
  2033   12    11.368
  2034   01    13.432
  2034   02    14.155
  2034   03    14.433
  2034   04    14.004
  2034   05    13.132
  2034   06    11.397
  2034   07     7.130
  2034   08     4.353
  2034   09     3.773
  2034   10     5.671
  2034   11     8.890
  2034   12    11.397
  2035   01    13.500
  2035   02    14.278
  2035   03    14.592
  2035   04    14.154
  2035   05    13.020
  2035   06    10.730
  2035   07     6.388
  2035   08     3.990
  2035   09     3.328
  2035   10     4.635
  2035   11     7.771
  2035   12    10.772
  2036   01    13.032
  2036   02    13.694
  2036   03    13.879
  2036   04    13.468
  2036   05    12.499
  2036   06    10.434
  2036   07     6.144
  2036   08     3.292
  2036   09     3.116
  2036   10     4.804
  2036   11     7.503
  2036   12    10.635
  2037   01    12.960
  2037   02    13.880
  2037   03    14.323
  2037   04    13.994
  2037   05    12.923
  2037   06    10.803
  2037   07     6.350
  2037   08     3.077
  2037   09     2.507
  2037   10     4.228
  2037   11     7.568
  2037   12    10.966
  2038   01    13.216
  2038   02    14.040
  2038   03    14.324
  2038   04    13.818
  2038   05    12.772
  2038   06    10.117
  2038   07     6.296
  2038   08     3.745
  2038   09     3.091
  2038   10     4.675
  2038   11     7.799
  2038   12    10.222
  2039   01    12.775
  2039   02    13.577
  2039   03    13.965
  2039   04    13.713
  2039   05    12.690
  2039   06    10.749
  2039   07     5.661
  2039   08     1.766
  2039   09     1.156
  2039   10     3.459
  2039   11     6.832
  2039   12    10.463
  2040   01    12.524
  2040   02    13.743
  2040   03    14.099
  2040   04    13.630
  2040   05    12.764
  2040   06    10.762
  2040   07     6.437
  2040   08     2.602
  2040   09     1.704
  2040   10     4.147
  2040   11     8.286
  2040   12    10.993
  2041   01    12.714
  2041   02    13.470
  2041   03    13.761
  2041   04    13.330
  2041   05    12.582
  2041   06     9.948
  2041   07     6.574
  2041   08     3.326
  2041   09     2.436
  2041   10     4.380
  2041   11     8.061
  2041   12    10.797
  2042   01    12.707
  2042   02    13.300
  2042   03    13.433
  2042   04    13.442
  2042   05    12.499
  2042   06    10.120
  2042   07     6.198
  2042   08     3.628
  2042   09     2.985
  2042   10     4.272
  2042   11     8.108
  2042   12    10.842
  2043   01    12.836
  2043   02    13.346
  2043   03    13.894
  2043   04    13.718
  2043   05    12.547
  2043   06    10.234
  2043   07     6.313
  2043   08     3.896
  2043   09     3.246
  2043   10     5.105
  2043   11     8.471
  2043   12    10.932
  2044   01    13.055
  2044   02    13.797
  2044   03    13.863
  2044   04    13.586
  2044   05    12.464
  2044   06     9.952
  2044   07     6.433
  2044   08     4.035
  2044   09     3.589
  2044   10     4.756
  2044   11     7.710
  2044   12    10.819
  2045   01    12.984
  2045   02    13.526
  2045   03    13.920
  2045   04    13.755
  2045   05    12.768
  2045   06    10.314
  2045   07     6.506
  2045   08     3.245
  2045   09     2.749
  2045   10     4.028
  2045   11     7.013
  2045   12    10.357
  2046   01    12.761
  2046   02    13.847
  2046   03    14.053
  2046   04    13.734
  2046   05    12.789
  2046   06    10.573
  2046   07     6.654
  2046   08     3.079
  2046   09     1.972
  2046   10     4.099
  2046   11     7.710
  2046   12    10.521
  2047   01    12.463
  2047   02    13.775
  2047   03    14.442
  2047   04    14.031
  2047   05    13.056
  2047   06    10.591
  2047   07     6.014
  2047   08     1.713
  2047   09     0.600
  2047   10     3.701
  2047   11     7.800
  2047   12    10.769
  2048   01    13.009
  2048   02    13.611
  2048   03    13.910
  2048   04    13.638
  2048   05    12.749
  2048   06    10.316
  2048   07     5.326
  2048   08     1.124
  2048   09     0.534
  2048   10     2.608
  2048   11     7.158
  2048   12    10.704
  2049   01    13.157
  2049   02    14.005
  2049   03    14.298
  2049   04    14.031
  2049   05    13.251
  2049   06    10.748
  2049   07     6.869
  2049   08     3.748
  2049   09     2.948
  2049   10     4.459
  2049   11     7.834
  2049   12    10.549
  2050   01    12.810
  2050   02    13.633
  2050   03    14.066
  2050   04    13.802
  2050   05    12.764
  2050   06    10.549
  2050   07     5.769
  2050   08     0.094
  2050   09     0.000
  2050   10     1.720
  2050   11     7.523
  2050   12    10.654
  2051   01    12.527
  2051   02    13.790
  2051   03    14.138
  2051   04    13.676
  2051   05    12.120
  2051   06     9.314
  2051   07     5.569
  2051   08     1.491
  2051   09     0.144
  2051   10     2.555
  2051   11     6.841
  2051   12    10.553
  2052   01    12.547
  2052   02    13.752
  2052   03    13.948
  2052   04    13.578
  2052   05    12.737
  2052   06     9.987
  2052   07     4.736
  2052   08     1.376
  2052   09     0.937
  2052   10     3.242
  2052   11     7.060
  2052   12    10.447
  2053   01    12.877
  2053   02    13.409
  2053   03    13.866
  2053   04    13.673
  2053   05    12.764
  2053   06     9.735
  2053   07     4.538
  2053   08     0.712
  2053   09     0.410
  2053   10     2.099
  2053   11     5.920
  2053   12     9.987
  2054   01    12.457
  2054   02    13.406
  2054   03    13.874
  2054   04    13.758
  2054   05    12.552
  2054   06    10.084
  2054   07     5.676
  2054   08     1.355
  2054   09     0.948
  2054   10     2.510
  2054   11     7.294
  2054   12    10.567
  2055   01    12.677
  2055   02    13.664
  2055   03    14.028
  2055   04    13.726
  2055   05    12.727
  2055   06    10.433
  2055   07     6.730
  2055   08     2.141
  2055   09     0.842
  2055   10     3.001
  2055   11     7.127
  2055   12    10.127
  2056   01    11.916
  2056   02    13.290
  2056   03    13.529
  2056   04    13.246
  2056   05    12.578
  2056   06    10.239
  2056   07     5.252
  2056   08     3.119
  2056   09     2.104
  2056   10     3.941
  2056   11     6.941
  2056   12    10.099
  2057   01    12.241
  2057   02    13.082
  2057   03    13.397
  2057   04    13.313
  2057   05    12.505
  2057   06    10.327
  2057   07     5.531
  2057   08     1.746
  2057   09     0.900
  2057   10     3.175
  2057   11     7.461
  2057   12    10.254
  2058   01    12.555
  2058   02    13.428
  2058   03    13.742
  2058   04    13.390
  2058   05    12.569
  2058   06    10.082
  2058   07     5.515
  2058   08     0.451
  2058   09     0.085
  2058   10     1.875
  2058   11     4.957
  2058   12     9.751
  2059   01    11.880
  2059   02    13.135
  2059   03    13.768
  2059   04    13.508
  2059   05    12.244
  2059   06     9.837
  2059   07     6.588
  2059   08     2.132
  2059   09     1.244
  2059   10     3.167
  2059   11     7.477
  2059   12    10.468
  2060   01    12.132
  2060   02    13.485
  2060   03    14.018
  2060   04    13.599
  2060   05    12.700
  2060   06     9.924
  2060   07     4.592
  2060   08     0.561
  2060   09     0.222
  2060   10     1.822
  2060   11     4.407
  2060   12     9.355
  2061   01    12.267
  2061   02    13.388
  2061   03    14.052
  2061   04    13.820
  2061   05    12.593
  2061   06    10.355
  2061   07     4.888
  2061   08     1.052
  2061   09     0.446
  2061   10     2.417
  2061   11     5.541
  2061   12     9.551
  2062   01    11.741
  2062   02    13.267
  2062   03    13.658
  2062   04    13.295
  2062   05    11.902
  2062   06     9.477
  2062   07     5.278
  2062   08     0.213
  2062   09     0.000
  2062   10     1.996
  2062   11     6.106
  2062   12     9.783
  2063   01    11.900
  2063   02    13.248
  2063   03    13.596
  2063   04    13.329
  2063   05    12.121
  2063   06     9.670
  2063   07     4.795
  2063   08     0.433
  2063   09     0.000
  2063   10     0.956
  2063   11     4.688
  2063   12     9.186
  2064   01    11.283
  2064   02    12.984
  2064   03    13.249
  2064   04    12.859
  2064   05    12.286
  2064   06     9.622
  2064   07     5.672
  2064   08     0.409
  2064   09     0.000
  2064   10     1.788
  2064   11     6.020
  2064   12     9.317
  2065   01    11.717
  2065   02    12.970
  2065   03    13.209
  2065   04    12.742
  2065   05    11.931
  2065   06     9.308
  2065   07     4.575
  2065   08     0.588
  2065   09     0.006
  2065   10     1.343
  2065   11     5.210
  2065   12     8.582
  2066   01    11.322
  2066   02    12.827
  2066   03    13.306
  2066   04    12.785
  2066   05    11.962
  2066   06     9.337
  2066   07     4.316
  2066   08     0.271
  2066   09     0.001
  2066   10     1.721
  2066   11     5.267
  2066   12     9.593
  2067   01    11.911
  2067   02    12.681
  2067   03    12.940
  2067   04    12.710
  2067   05    12.036
  2067   06     9.248
  2067   07     4.126
  2067   08     0.435
  2067   09     0.036
  2067   10     0.939
  2067   11     4.861
  2067   12     9.166
  2068   01    11.771
  2068   02    12.770
  2068   03    13.047
  2068   04    12.655
  2068   05    11.917
  2068   06     8.382
  2068   07     2.437
  2068   08     0.000
  2068   09     0.000
  2068   10     0.330
  2068   11     5.609
  2068   12     9.267
  2069   01    11.836
  2069   02    12.903
  2069   03    13.128
  2069   04    12.751
  2069   05    11.595
  2069   06     8.901
  2069   07     4.925
  2069   08     1.230
  2069   09     0.286
  2069   10     2.323
  2069   11     6.169
  2069   12     9.127
  2070   01    11.049
  2070   02    12.537
  2070   03    13.146
  2070   04    12.627
  2070   05    11.612
  2070   06     8.731
  2070   07     5.047
  2070   08     1.361
  2070   09     0.331
  2070   10     1.914
  2070   11     5.848
  2070   12     8.870
  2071   01    11.202
  2071   02    12.458
  2071   03    12.876
  2071   04    12.676
  2071   05    11.639
  2071   06     9.204
  2071   07     4.104
  2071   08     0.036
  2071   09     0.000
  2071   10     1.288
  2071   11     4.852
  2071   12     8.941
  2072   01    11.098
  2072   02    12.148
  2072   03    12.728
  2072   04    12.501
  2072   05    11.258
  2072   06     8.973
  2072   07     4.327
  2072   08     0.019
  2072   09     0.000
  2072   10     1.656
  2072   11     4.529
  2072   12     8.226
  2073   01    10.496
  2073   02    11.963
  2073   03    12.555
  2073   04    12.038
  2073   05    11.054
  2073   06     8.756
  2073   07     3.394
  2073   08     0.083
  2073   09     0.000
  2073   10     0.339
  2073   11     3.927
  2073   12     7.983
  2074   01    10.245
  2074   02    12.057
  2074   03    12.403
  2074   04    12.033
  2074   05    11.046
  2074   06     8.047
  2074   07     3.271
  2074   08     0.000
  2074   09     0.000
  2074   10     0.021
  2074   11     2.860
  2074   12     7.524
  2075   01    10.150
  2075   02    11.488
  2075   03    12.291
  2075   04    12.046
  2075   05    10.912
  2075   06     9.254
  2075   07     3.114
  2075   08     0.000
  2075   09     0.000
  2075   10     0.017
  2075   11     1.072
  2075   12     6.934
  2076   01    10.027
  2076   02    11.620
  2076   03    12.150
  2076   04    12.010
  2076   05    10.815
  2076   06     8.524
  2076   07     3.611
  2076   08     0.012
  2076   09     0.000
  2076   10     0.011
  2076   11     3.353
  2076   12     7.740
  2077   01    10.483
  2077   02    12.128
  2077   03    12.789
  2077   04    12.542
  2077   05    10.992
  2077   06     7.892
  2077   07     4.001
  2077   08     0.000
  2077   09     0.000
  2077   10     0.264
  2077   11     3.874
  2077   12     7.868
  2078   01    10.539
  2078   02    12.066
  2078   03    12.657
  2078   04    12.423
  2078   05    11.722
  2078   06     8.916
  2078   07     3.282
  2078   08     0.001
  2078   09     0.000
  2078   10     0.008
  2078   11     4.238
  2078   12     8.451
  2079   01    11.150
  2079   02    12.338
  2079   03    12.898
  2079   04    12.807
  2079   05    11.980
  2079   06     9.395
  2079   07     1.291
  2079   08     0.000
  2079   09     0.000
  2079   10     0.000
  2079   11     2.547
  2079   12     8.148
  2080   01    10.723
  2080   02    11.936
  2080   03    12.630
  2080   04    12.338
  2080   05    11.105
  2080   06     8.216
  2080   07     3.737
  2080   08     0.001
  2080   09     0.000
  2080   10     0.000
  2080   11     3.116
  2080   12     8.505
  2081   01    11.129
  2081   02    12.257
  2081   03    12.722
  2081   04    12.304
  2081   05    11.209
  2081   06     8.483
  2081   07     3.334
  2081   08     0.016
  2081   09     0.000
  2081   10     0.003
  2081   11     2.254
  2081   12     7.442
  2082   01    10.265
  2082   02    11.697
  2082   03    12.616
  2082   04    12.235
  2082   05    11.118
  2082   06     8.275
  2082   07     3.565
  2082   08     0.000
  2082   09     0.000
  2082   10     0.123
  2082   11     2.817
  2082   12     6.922
  2083   01     9.919
  2083   02    11.281
  2083   03    11.832
  2083   04    11.673
  2083   05    10.252
  2083   06     8.361
  2083   07     3.134
  2083   08     0.000
  2083   09     0.000
  2083   10     0.006
  2083   11     2.185
  2083   12     7.043
  2084   01    10.063
  2084   02    11.456
  2084   03    11.999
  2084   04    11.642
  2084   05    10.424
  2084   06     6.940
  2084   07     1.536
  2084   08     0.000
  2084   09     0.000
  2084   10     0.000
  2084   11     1.734
  2084   12     6.551
  2085   01    10.098
  2085   02    11.509
  2085   03    12.117
  2085   04    11.512
  2085   05    10.453
  2085   06     8.202
  2085   07     1.990
  2085   08     0.000
  2085   09     0.000
  2085   10     0.000
  2085   11     2.151
  2085   12     6.765
  2086   01    10.380
  2086   02    11.937
  2086   03    12.349
  2086   04    12.128
  2086   05    10.414
  2086   06     8.094
  2086   07     3.141
  2086   08     0.000
  2086   09     0.000
  2086   10     0.000
  2086   11     1.085
  2086   12     6.869
  2087   01     9.918
  2087   02    11.086
  2087   03    11.923
  2087   04    11.752
  2087   05    10.561
  2087   06     8.043
  2087   07     1.830
  2087   08     0.000
  2087   09     0.000
  2087   10     0.001
  2087   11     0.619
  2087   12     6.060
  2088   01     9.504
  2088   02    11.188
  2088   03    11.833
  2088   04    11.635
  2088   05    10.629
  2088   06     7.386
  2088   07     1.981
  2088   08     0.000
  2088   09     0.000
  2088   10     0.000
  2088   11     1.866
  2088   12     6.356
  2089   01     9.144
  2089   02    10.567
  2089   03    11.525
  2089   04    11.230
  2089   05    10.153
  2089   06     7.134
  2089   07     0.184
  2089   08     0.000
  2089   09     0.000
  2089   10     0.000
  2089   11     0.389
  2089   12     4.487
  2090   01     8.759
  2090   02    10.668
  2090   03    11.564
  2090   04    11.353
  2090   05    10.081
  2090   06     6.840
  2090   07     1.441
  2090   08     0.000
  2090   09     0.000
  2090   10     0.000
  2090   11     0.103
  2090   12     5.224
  2091   01     8.889
  2091   02    10.446
  2091   03    11.146
  2091   04    10.900
  2091   05     9.871
  2091   06     6.886
  2091   07     0.864
  2091   08     0.000
  2091   09     0.000
  2091   10     0.000
  2091   11     0.054
  2091   12     3.471
  2092   01     7.691
  2092   02    10.669
  2092   03    11.666
  2092   04    11.406
  2092   05    10.493
  2092   06     7.997
  2092   07     1.663
  2092   08     0.000
  2092   09     0.000
  2092   10     0.003
  2092   11     1.047
  2092   12     5.907
  2093   01     9.242
  2093   02    10.715
  2093   03    11.324
  2093   04    10.756
  2093   05     9.319
  2093   06     5.517
  2093   07     0.151
  2093   08     0.000
  2093   09     0.000
  2093   10     0.000
  2093   11     0.537
  2093   12     4.745
  2094   01     9.044
  2094   02    10.958
  2094   03    11.830
  2094   04    11.789
  2094   05    11.012
  2094   06     7.281
  2094   07     1.292
  2094   08     0.000
  2094   09     0.000
  2094   10     0.000
  2094   11     0.237
  2094   12     4.276
  2095   01     8.119
  2095   02    10.319
  2095   03    11.381
  2095   04    11.234
  2095   05    10.167
  2095   06     6.439
  2095   07     0.935
  2095   08     0.000
  2095   09     0.000
  2095   10     0.000
  2095   11     1.024
  2095   12     5.196
  2096   01     8.124
  2096   02    10.026
  2096   03    10.968
  2096   04    11.120
  2096   05    10.030
  2096   06     6.619
  2096   07     0.539
  2096   08     0.000
  2096   09     0.000
  2096   10     0.003
  2096   11     0.474
  2096   12     4.457
  2097   01     8.885
  2097   02    11.176
  2097   03    11.517
  2097   04    11.436
  2097   05    10.772
  2097   06     6.457
  2097   07     2.252
  2097   08     0.000
  2097   09     0.000
  2097   10     0.007
  2097   11     0.958
  2097   12     4.398
  2098   01     8.362
  2098   02     9.953
  2098   03    10.715
  2098   04    10.720
  2098   05     9.678
  2098   06     6.096
  2098   07     0.687
  2098   08     0.000
  2098   09     0.000
  2098   10     0.001
  2098   11     0.384
  2098   12     4.821
  2099   01     8.290
  2099   02     9.912
  2099   03    10.956
  2099   04    10.698
  2099   05     9.452
  2099   06     6.117
  2099   07     0.099
  2099   08     0.000
  2099   09     0.000
  2099   10     0.000
  2099   11     0.034
  2099   12     3.294
  2100   01     8.129
  2100   02    10.045
  2100   03    11.074
  2100   04    10.878
  2100   05     9.761
  2100   06     6.337
  2100   07     0.000
  2100   08     0.000
  2100   09     0.000
  2100   10     0.000
  2100   11     0.098
  2100   12     1.390
