  1850   01    15.401
  1850   02    16.384
  1850   03    17.105
  1850   04    16.802
  1850   05    15.766
  1850   06    13.222
  1850   07    10.660
  1850   08     8.155
  1850   09     7.124
  1850   10     8.959
  1850   11    11.095
  1850   12    13.491
  1851   01    15.217
  1851   02    16.392
  1851   03    17.028
  1851   04    17.098
  1851   05    16.456
  1851   06    13.662
  1851   07    11.236
  1851   08     7.943
  1851   09     6.998
  1851   10     9.620
  1851   11    11.424
  1851   12    13.845
  1852   01    16.338
  1852   02    17.459
  1852   03    18.016
  1852   04    17.951
  1852   05    16.743
  1852   06    14.143
  1852   07    10.659
  1852   08     8.336
  1852   09     7.518
  1852   10     9.276
  1852   11    10.999
  1852   12    13.866
  1853   01    16.025
  1853   02    17.385
  1853   03    18.102
  1853   04    17.761
  1853   05    16.754
  1853   06    13.766
  1853   07    10.960
  1853   08     7.705
  1853   09     6.865
  1853   10     8.421
  1853   11    10.853
  1853   12    13.322
  1854   01    15.950
  1854   02    17.277
  1854   03    17.587
  1854   04    17.315
  1854   05    16.350
  1854   06    14.102
  1854   07    11.315
  1854   08     7.332
  1854   09     6.509
  1854   10     8.495
  1854   11    11.069
  1854   12    13.742
  1855   01    15.622
  1855   02    17.211
  1855   03    17.663
  1855   04    17.779
  1855   05    16.843
  1855   06    14.229
  1855   07    11.341
  1855   08     7.790
  1855   09     6.935
  1855   10     9.322
  1855   11    11.177
  1855   12    13.792
  1856   01    15.875
  1856   02    16.984
  1856   03    17.554
  1856   04    17.014
  1856   05    16.141
  1856   06    13.776
  1856   07    11.024
  1856   08     8.261
  1856   09     6.779
  1856   10     8.999
  1856   11    11.315
  1856   12    14.142
  1857   01    16.313
  1857   02    17.192
  1857   03    17.676
  1857   04    17.503
  1857   05    16.637
  1857   06    13.812
  1857   07    10.995
  1857   08     8.089
  1857   09     7.310
  1857   10     9.483
  1857   11    11.540
  1857   12    13.869
  1858   01    15.956
  1858   02    17.058
  1858   03    17.567
  1858   04    17.883
  1858   05    16.907
  1858   06    14.038
  1858   07    10.802
  1858   08     8.753
  1858   09     7.874
  1858   10     9.454
  1858   11    10.701
  1858   12    13.673
  1859   01    15.954
  1859   02    16.815
  1859   03    17.058
  1859   04    16.969
  1859   05    15.474
  1859   06    13.464
  1859   07    10.836
  1859   08     8.332
  1859   09     7.188
  1859   10     9.234
  1859   11    11.055
  1859   12    13.340
  1860   01    15.120
  1860   02    16.505
  1860   03    17.003
  1860   04    17.050
  1860   05    16.027
  1860   06    13.035
  1860   07    10.308
  1860   08     7.641
  1860   09     7.214
  1860   10     8.773
  1860   11    10.942
  1860   12    13.143
  1861   01    15.184
  1861   02    16.497
  1861   03    17.008
  1861   04    16.891
  1861   05    15.786
  1861   06    13.629
  1861   07    10.568
  1861   08     8.278
  1861   09     7.514
  1861   10     8.976
  1861   11    11.421
  1861   12    13.556
  1862   01    15.754
  1862   02    16.902
  1862   03    17.821
  1862   04    17.795
  1862   05    16.340
  1862   06    13.772
  1862   07    11.219
  1862   08     8.360
  1862   09     7.568
  1862   10     9.188
  1862   11    11.118
  1862   12    13.672
  1863   01    16.058
  1863   02    17.121
  1863   03    17.531
  1863   04    17.421
  1863   05    16.616
  1863   06    14.285
  1863   07    11.562
  1863   08     8.508
  1863   09     7.993
  1863   10     9.441
  1863   11    11.514
  1863   12    14.231
  1864   01    16.215
  1864   02    17.715
  1864   03    18.205
  1864   04    18.237
  1864   05    17.254
  1864   06    14.520
  1864   07    10.890
  1864   08     7.938
  1864   09     7.527
  1864   10     9.480
  1864   11    11.408
  1864   12    13.922
  1865   01    16.551
  1865   02    17.604
  1865   03    18.270
  1865   04    17.839
  1865   05    16.817
  1865   06    14.184
  1865   07    11.544
  1865   08     8.828
  1865   09     8.074
  1865   10     9.528
  1865   11    11.154
  1865   12    13.814
  1866   01    16.013
  1866   02    17.347
  1866   03    17.834
  1866   04    18.162
  1866   05    17.047
  1866   06    14.064
  1866   07    11.300
  1866   08     8.597
  1866   09     7.945
  1866   10     9.580
  1866   11    11.452
  1866   12    14.366
  1867   01    16.379
  1867   02    17.720
  1867   03    18.503
  1867   04    17.907
  1867   05    16.430
  1867   06    14.073
  1867   07    11.446
  1867   08     8.051
  1867   09     6.962
  1867   10     8.668
  1867   11    10.908
  1867   12    12.937
  1868   01    15.461
  1868   02    16.864
  1868   03    17.632
  1868   04    17.508
  1868   05    16.488
  1868   06    14.085
  1868   07    10.570
  1868   08     7.795
  1868   09     7.015
  1868   10     9.143
  1868   11    10.943
  1868   12    13.219
  1869   01    15.359
  1869   02    16.425
  1869   03    17.230
  1869   04    17.181
  1869   05    16.536
  1869   06    13.474
  1869   07    10.465
  1869   08     7.734
  1869   09     6.998
  1869   10     8.747
  1869   11    11.105
  1869   12    13.350
  1870   01    15.050
  1870   02    15.963
  1870   03    16.564
  1870   04    16.782
  1870   05    15.654
  1870   06    12.996
  1870   07    10.503
  1870   08     7.741
  1870   09     6.908
  1870   10     8.748
  1870   11    10.898
  1870   12    13.167
  1871   01    15.147
  1871   02    15.921
  1871   03    16.531
  1871   04    16.485
  1871   05    15.135
  1871   06    13.237
  1871   07    10.302
  1871   08     6.974
  1871   09     5.956
  1871   10     8.227
  1871   11    10.923
  1871   12    13.371
  1872   01    15.010
  1872   02    16.056
  1872   03    16.501
  1872   04    16.581
  1872   05    15.602
  1872   06    13.018
  1872   07    10.214
  1872   08     8.025
  1872   09     7.420
  1872   10     8.808
  1872   11    11.162
  1872   12    13.397
  1873   01    15.221
  1873   02    16.129
  1873   03    16.586
  1873   04    16.491
  1873   05    15.835
  1873   06    13.684
  1873   07    10.584
  1873   08     8.188
  1873   09     7.712
  1873   10     9.123
  1873   11    10.907
  1873   12    13.477
  1874   01    15.337
  1874   02    16.288
  1874   03    16.962
  1874   04    16.772
  1874   05    15.751
  1874   06    13.641
  1874   07    10.932
  1874   08     7.316
  1874   09     6.137
  1874   10     8.476
  1874   11    11.384
  1874   12    13.641
  1875   01    15.705
  1875   02    16.931
  1875   03    17.691
  1875   04    17.460
  1875   05    16.036
  1875   06    13.677
  1875   07    11.291
  1875   08     8.089
  1875   09     7.051
  1875   10     8.584
  1875   11    11.654
  1875   12    13.974
  1876   01    15.657
  1876   02    16.954
  1876   03    17.472
  1876   04    17.003
  1876   05    15.520
  1876   06    13.413
  1876   07    11.221
  1876   08     8.533
  1876   09     8.040
  1876   10     9.352
  1876   11    11.414
  1876   12    13.505
  1877   01    15.237
  1877   02    16.335
  1877   03    16.786
  1877   04    16.682
  1877   05    15.509
  1877   06    13.695
  1877   07    11.207
  1877   08     8.667
  1877   09     7.501
  1877   10     9.255
  1877   11    11.282
  1877   12    13.772
  1878   01    15.227
  1878   02    16.738
  1878   03    17.326
  1878   04    17.110
  1878   05    16.020
  1878   06    13.681
  1878   07    11.549
  1878   08     8.587
  1878   09     7.511
  1878   10     9.426
  1878   11    11.489
  1878   12    13.999
  1879   01    15.699
  1879   02    16.885
  1879   03    17.444
  1879   04    17.301
  1879   05    16.175
  1879   06    13.560
  1879   07    11.016
  1879   08     8.425
  1879   09     7.199
  1879   10     9.045
  1879   11    11.471
  1879   12    13.594
  1880   01    15.584
  1880   02    16.541
  1880   03    16.953
  1880   04    17.116
  1880   05    16.244
  1880   06    13.856
  1880   07    11.282
  1880   08     8.707
  1880   09     8.001
  1880   10     9.555
  1880   11    11.342
  1880   12    13.819
  1881   01    15.835
  1881   02    16.922
  1881   03    17.041
  1881   04    17.116
  1881   05    16.217
  1881   06    14.019
  1881   07    11.738
  1881   08     8.610
  1881   09     7.402
  1881   10     9.428
  1881   11    11.315
  1881   12    13.958
  1882   01    15.797
  1882   02    17.015
  1882   03    17.743
  1882   04    17.668
  1882   05    16.340
  1882   06    13.894
  1882   07    11.871
  1882   08     8.790
  1882   09     8.238
  1882   10     9.403
  1882   11    11.301
  1882   12    14.266
  1883   01    16.176
  1883   02    17.275
  1883   03    18.065
  1883   04    17.834
  1883   05    16.332
  1883   06    13.888
  1883   07    11.394
  1883   08     8.719
  1883   09     7.876
  1883   10     9.685
  1883   11    11.394
  1883   12    13.950
  1884   01    15.940
  1884   02    17.319
  1884   03    17.765
  1884   04    17.635
  1884   05    16.636
  1884   06    14.098
  1884   07    12.070
  1884   08     8.952
  1884   09     8.541
  1884   10    10.579
  1884   11    12.738
  1884   12    15.114
  1885   01    16.975
  1885   02    17.874
  1885   03    18.668
  1885   04    18.582
  1885   05    17.386
  1885   06    15.005
  1885   07    12.078
  1885   08     9.358
  1885   09     8.546
  1885   10    10.502
  1885   11    12.572
  1885   12    14.578
  1886   01    16.687
  1886   02    17.818
  1886   03    18.586
  1886   04    18.075
  1886   05    16.913
  1886   06    14.539
  1886   07    11.500
  1886   08     8.623
  1886   09     8.520
  1886   10    10.042
  1886   11    11.964
  1886   12    14.432
  1887   01    16.217
  1887   02    17.222
  1887   03    17.872
  1887   04    17.892
  1887   05    16.868
  1887   06    14.467
  1887   07    11.891
  1887   08     9.716
  1887   09     9.138
  1887   10    10.581
  1887   11    12.200
  1887   12    14.623
  1888   01    16.165
  1888   02    17.778
  1888   03    18.437
  1888   04    18.154
  1888   05    17.264
  1888   06    14.520
  1888   07    11.512
  1888   08     8.915
  1888   09     8.394
  1888   10     9.828
  1888   11    11.706
  1888   12    14.349
  1889   01    16.557
  1889   02    17.746
  1889   03    18.263
  1889   04    17.862
  1889   05    16.476
  1889   06    13.994
  1889   07    11.139
  1889   08     8.819
  1889   09     7.996
  1889   10     9.667
  1889   11    11.790
  1889   12    14.383
  1890   01    16.329
  1890   02    17.360
  1890   03    18.250
  1890   04    17.999
  1890   05    16.429
  1890   06    13.966
  1890   07    11.517
  1890   08     8.567
  1890   09     8.400
  1890   10     9.977
  1890   11    11.767
  1890   12    14.140
  1891   01    15.971
  1891   02    17.302
  1891   03    18.057
  1891   04    17.960
  1891   05    16.578
  1891   06    14.269
  1891   07    12.185
  1891   08     8.837
  1891   09     7.698
  1891   10     9.938
  1891   11    11.796
  1891   12    14.464
  1892   01    16.981
  1892   02    18.176
  1892   03    18.855
  1892   04    18.804
  1892   05    16.944
  1892   06    13.961
  1892   07    10.897
  1892   08     7.978
  1892   09     7.760
  1892   10     9.306
  1892   11    11.514
  1892   12    14.335
  1893   01    16.704
  1893   02    17.922
  1893   03    18.331
  1893   04    17.763
  1893   05    16.381
  1893   06    14.044
  1893   07    11.057
  1893   08     8.607
  1893   09     7.768
  1893   10     9.472
  1893   11    11.000
  1893   12    13.417
  1894   01    15.686
  1894   02    17.253
  1894   03    17.715
  1894   04    17.510
  1894   05    16.778
  1894   06    14.140
  1894   07    10.570
  1894   08     7.563
  1894   09     6.836
  1894   10     8.703
  1894   11    10.657
  1894   12    13.577
  1895   01    15.614
  1895   02    16.752
  1895   03    17.498
  1895   04    17.585
  1895   05    16.642
  1895   06    13.791
  1895   07    10.965
  1895   08     8.901
  1895   09     8.069
  1895   10     9.681
  1895   11    11.258
  1895   12    13.602
  1896   01    16.303
  1896   02    17.164
  1896   03    17.549
  1896   04    17.644
  1896   05    16.650
  1896   06    13.631
  1896   07    11.180
  1896   08     8.196
  1896   09     6.974
  1896   10     8.971
  1896   11    11.213
  1896   12    13.360
  1897   01    15.588
  1897   02    16.941
  1897   03    17.793
  1897   04    17.724
  1897   05    16.623
  1897   06    13.940
  1897   07    10.721
  1897   08     8.451
  1897   09     7.892
  1897   10     9.616
  1897   11    11.141
  1897   12    13.355
  1898   01    15.862
  1898   02    17.054
  1898   03    17.586
  1898   04    17.268
  1898   05    15.965
  1898   06    13.677
  1898   07    11.070
  1898   08     7.887
  1898   09     6.773
  1898   10     8.700
  1898   11    11.029
  1898   12    13.390
  1899   01    15.304
  1899   02    16.635
  1899   03    17.382
  1899   04    17.302
  1899   05    15.731
  1899   06    13.819
  1899   07    10.946
  1899   08     7.397
  1899   09     6.919
  1899   10     8.915
  1899   11    11.358
  1899   12    13.404
  1900   01    15.045
  1900   02    15.863
  1900   03    16.734
  1900   04    16.842
  1900   05    15.662
  1900   06    13.138
  1900   07    10.704
  1900   08     7.914
  1900   09     7.189
  1900   10     9.180
  1900   11    11.395
  1900   12    13.831
  1901   01    15.411
  1901   02    16.364
  1901   03    16.885
  1901   04    16.910
  1901   05    16.282
  1901   06    13.274
  1901   07    10.590
  1901   08     7.708
  1901   09     6.264
  1901   10     8.276
  1901   11    11.273
  1901   12    13.671
  1902   01    15.971
  1902   02    16.944
  1902   03    17.368
  1902   04    17.103
  1902   05    16.129
  1902   06    13.566
  1902   07    11.281
  1902   08     7.704
  1902   09     6.932
  1902   10     8.981
  1902   11    11.256
  1902   12    13.712
  1903   01    15.987
  1903   02    17.396
  1903   03    17.980
  1903   04    17.533
  1903   05    16.462
  1903   06    14.085
  1903   07    11.682
  1903   08     8.202
  1903   09     7.269
  1903   10     9.895
  1903   11    11.700
  1903   12    13.782
  1904   01    16.019
  1904   02    17.680
  1904   03    18.073
  1904   04    18.056
  1904   05    16.652
  1904   06    13.628
  1904   07    11.201
  1904   08     8.685
  1904   09     7.868
  1904   10     9.832
  1904   11    11.529
  1904   12    13.934
  1905   01    15.899
  1905   02    16.933
  1905   03    17.391
  1905   04    17.535
  1905   05    16.308
  1905   06    13.921
  1905   07    10.710
  1905   08     8.859
  1905   09     8.100
  1905   10     9.575
  1905   11    11.096
  1905   12    13.371
  1906   01    15.834
  1906   02    17.104
  1906   03    17.771
  1906   04    17.292
  1906   05    16.117
  1906   06    13.272
  1906   07    10.532
  1906   08     8.305
  1906   09     7.561
  1906   10     8.791
  1906   11    10.830
  1906   12    13.425
  1907   01    15.350
  1907   02    16.561
  1907   03    17.283
  1907   04    17.279
  1907   05    15.905
  1907   06    13.642
  1907   07    11.092
  1907   08     8.541
  1907   09     7.913
  1907   10     9.935
  1907   11    12.009
  1907   12    13.734
  1908   01    15.498
  1908   02    16.981
  1908   03    17.364
  1908   04    17.033
  1908   05    16.000
  1908   06    13.566
  1908   07    11.375
  1908   08     8.193
  1908   09     7.228
  1908   10     9.476
  1908   11    11.562
  1908   12    14.079
  1909   01    15.630
  1909   02    16.675
  1909   03    17.401
  1909   04    17.462
  1909   05    16.137
  1909   06    13.989
  1909   07    11.494
  1909   08     8.927
  1909   09     8.289
  1909   10     9.913
  1909   11    11.695
  1909   12    14.317
  1910   01    16.007
  1910   02    17.120
  1910   03    17.484
  1910   04    17.416
  1910   05    16.323
  1910   06    13.634
  1910   07    11.059
  1910   08     8.654
  1910   09     8.076
  1910   10     9.777
  1910   11    11.800
  1910   12    13.957
  1911   01    15.674
  1911   02    16.830
  1911   03    17.600
  1911   04    17.673
  1911   05    16.714
  1911   06    14.265
  1911   07    12.275
  1911   08     9.692
  1911   09     8.990
  1911   10    10.829
  1911   11    12.510
  1911   12    14.460
  1912   01    16.258
  1912   02    17.210
  1912   03    17.767
  1912   04    17.548
  1912   05    16.740
  1912   06    15.105
  1912   07    12.650
  1912   08    10.009
  1912   09     9.088
  1912   10    11.583
  1912   11    13.852
  1912   12    15.614
  1913   01    17.202
  1913   02    18.599
  1913   03    19.158
  1913   04    19.104
  1913   05    17.531
  1913   06    15.187
  1913   07    12.705
  1913   08     9.809
  1913   09     9.504
  1913   10    11.302
  1913   11    13.447
  1913   12    15.144
  1914   01    17.246
  1914   02    18.818
  1914   03    19.622
  1914   04    19.392
  1914   05    17.771
  1914   06    15.514
  1914   07    13.115
  1914   08    10.046
  1914   09     9.328
  1914   10    10.780
  1914   11    12.489
  1914   12    14.635
  1915   01    17.142
  1915   02    18.203
  1915   03    18.770
  1915   04    18.432
  1915   05    17.636
  1915   06    15.050
  1915   07    12.565
  1915   08    10.563
  1915   09     9.560
  1915   10    11.395
  1915   11    13.027
  1915   12    15.869
  1916   01    17.800
  1916   02    18.677
  1916   03    19.221
  1916   04    19.009
  1916   05    17.774
  1916   06    14.246
  1916   07    11.221
  1916   08     9.003
  1916   09     8.397
  1916   10    10.202
  1916   11    12.163
  1916   12    14.714
  1917   01    16.934
  1917   02    18.233
  1917   03    18.913
  1917   04    18.569
  1917   05    17.835
  1917   06    15.042
  1917   07    11.963
  1917   08     8.716
  1917   09     8.202
  1917   10    10.229
  1917   11    12.128
  1917   12    14.284
  1918   01    16.285
  1918   02    17.643
  1918   03    18.344
  1918   04    17.819
  1918   05    16.647
  1918   06    13.937
  1918   07    11.480
  1918   08     9.622
  1918   09     8.562
  1918   10    10.478
  1918   11    12.381
  1918   12    14.539
  1919   01    16.696
  1919   02    17.945
  1919   03    18.389
  1919   04    18.425
  1919   05    16.762
  1919   06    14.332
  1919   07    11.576
  1919   08     9.241
  1919   09     8.201
  1919   10    10.191
  1919   11    12.073
  1919   12    14.065
  1920   01    16.457
  1920   02    17.687
  1920   03    18.224
  1920   04    17.925
  1920   05    16.688
  1920   06    14.647
  1920   07    11.961
  1920   08     9.127
  1920   09     7.835
  1920   10    10.718
  1920   11    12.469
  1920   12    14.668
  1921   01    16.831
  1921   02    18.175
  1921   03    18.775
  1921   04    18.500
  1921   05    17.331
  1921   06    15.403
  1921   07    12.182
  1921   08     9.397
  1921   09     8.786
  1921   10    10.758
  1921   11    12.483
  1921   12    14.944
  1922   01    17.363
  1922   02    18.443
  1922   03    18.999
  1922   04    18.954
  1922   05    17.438
  1922   06    14.737
  1922   07    11.974
  1922   08     8.790
  1922   09     7.924
  1922   10    10.471
  1922   11    12.135
  1922   12    14.298
  1923   01    16.661
  1923   02    17.615
  1923   03    18.317
  1923   04    18.252
  1923   05    16.789
  1923   06    13.905
  1923   07    10.797
  1923   08     8.360
  1923   09     7.717
  1923   10     8.881
  1923   11    11.442
  1923   12    13.925
  1924   01    16.121
  1924   02    17.205
  1924   03    17.697
  1924   04    17.587
  1924   05    16.373
  1924   06    13.854
  1924   07    11.119
  1924   08     8.525
  1924   09     7.522
  1924   10     9.518
  1924   11    11.317
  1924   12    14.140
  1925   01    15.412
  1925   02    16.444
  1925   03    16.674
  1925   04    16.775
  1925   05    16.034
  1925   06    13.677
  1925   07    10.758
  1925   08     8.019
  1925   09     7.561
  1925   10     9.240
  1925   11    11.631
  1925   12    13.373
  1926   01    15.354
  1926   02    16.476
  1926   03    17.019
  1926   04    17.137
  1926   05    16.000
  1926   06    14.013
  1926   07    11.456
  1926   08     9.502
  1926   09     8.884
  1926   10    10.047
  1926   11    11.739
  1926   12    13.864
  1927   01    15.497
  1927   02    16.624
  1927   03    17.436
  1927   04    17.465
  1927   05    16.338
  1927   06    14.175
  1927   07    10.737
  1927   08     8.040
  1927   09     7.536
  1927   10     9.515
  1927   11    11.526
  1927   12    13.682
  1928   01    15.662
  1928   02    16.739
  1928   03    17.196
  1928   04    17.051
  1928   05    16.000
  1928   06    14.112
  1928   07    11.622
  1928   08     8.985
  1928   09     8.701
  1928   10    10.472
  1928   11    12.185
  1928   12    14.141
  1929   01    16.068
  1929   02    17.336
  1929   03    17.804
  1929   04    17.642
  1929   05    16.565
  1929   06    14.367
  1929   07    11.212
  1929   08     8.621
  1929   09     7.704
  1929   10     9.688
  1929   11    11.580
  1929   12    13.917
  1930   01    16.222
  1930   02    17.259
  1930   03    17.737
  1930   04    17.763
  1930   05    16.619
  1930   06    14.254
  1930   07    10.569
  1930   08     8.063
  1930   09     7.552
  1930   10     9.216
  1930   11    10.954
  1930   12    14.314
  1931   01    16.429
  1931   02    17.013
  1931   03    17.520
  1931   04    16.913
  1931   05    15.716
  1931   06    13.512
  1931   07    10.478
  1931   08     8.150
  1931   09     6.933
  1931   10     9.053
  1931   11    11.016
  1931   12    13.788
  1932   01    16.030
  1932   02    17.451
  1932   03    17.984
  1932   04    17.805
  1932   05    16.442
  1932   06    13.548
  1932   07    10.810
  1932   08     7.994
  1932   09     7.121
  1932   10     9.329
  1932   11    10.931
  1932   12    13.459
  1933   01    15.843
  1933   02    16.913
  1933   03    17.641
  1933   04    17.521
  1933   05    16.288
  1933   06    13.137
  1933   07    11.118
  1933   08     8.545
  1933   09     7.362
  1933   10     9.352
  1933   11    11.025
  1933   12    13.143
  1934   01    15.342
  1934   02    16.792
  1934   03    17.584
  1934   04    17.160
  1934   05    16.140
  1934   06    13.766
  1934   07    10.396
  1934   08     8.102
  1934   09     7.293
  1934   10     8.502
  1934   11    10.549
  1934   12    12.884
  1935   01    15.113
  1935   02    16.209
  1935   03    16.684
  1935   04    16.622
  1935   05    15.602
  1935   06    13.041
  1935   07    10.506
  1935   08     7.962
  1935   09     7.230
  1935   10     8.712
  1935   11    10.521
  1935   12    12.463
  1936   01    14.920
  1936   02    16.224
  1936   03    16.734
  1936   04    16.561
  1936   05    15.376
  1936   06    12.688
  1936   07     9.585
  1936   08     7.153
  1936   09     6.381
  1936   10     8.078
  1936   11    10.591
  1936   12    12.805
  1937   01    14.883
  1937   02    15.935
  1937   03    16.475
  1937   04    16.388
  1937   05    15.267
  1937   06    12.682
  1937   07     9.364
  1937   08     7.019
  1937   09     6.511
  1937   10     8.297
  1937   11    10.549
  1937   12    12.839
  1938   01    14.799
  1938   02    15.765
  1938   03    16.472
  1938   04    16.203
  1938   05    15.445
  1938   06    13.298
  1938   07    10.392
  1938   08     8.124
  1938   09     7.499
  1938   10     8.967
  1938   11    11.134
  1938   12    13.611
  1939   01    15.685
  1939   02    16.469
  1939   03    16.757
  1939   04    16.830
  1939   05    16.075
  1939   06    13.882
  1939   07    10.566
  1939   08     7.548
  1939   09     6.913
  1939   10     8.659
  1939   11    10.764
  1939   12    13.269
  1940   01    15.515
  1940   02    16.489
  1940   03    17.013
  1940   04    16.989
  1940   05    15.535
  1940   06    13.097
  1940   07    10.193
  1940   08     7.689
  1940   09     6.689
  1940   10     8.689
  1940   11    10.820
  1940   12    13.049
  1941   01    15.043
  1941   02    16.273
  1941   03    16.649
  1941   04    16.474
  1941   05    15.667
  1941   06    13.516
  1941   07    10.616
  1941   08     7.911
  1941   09     7.046
  1941   10     8.875
  1941   11    10.907
  1941   12    13.175
  1942   01    14.784
  1942   02    16.161
  1942   03    16.839
  1942   04    16.574
  1942   05    15.454
  1942   06    12.943
  1942   07    10.031
  1942   08     7.853
  1942   09     7.101
  1942   10     8.740
  1942   11    10.558
  1942   12    12.740
  1943   01    14.975
  1943   02    16.232
  1943   03    16.771
  1943   04    16.462
  1943   05    15.603
  1943   06    12.847
  1943   07    10.240
  1943   08     7.937
  1943   09     7.061
  1943   10     8.990
  1943   11    11.028
  1943   12    13.129
  1944   01    15.013
  1944   02    16.054
  1944   03    16.695
  1944   04    16.233
  1944   05    15.385
  1944   06    13.463
  1944   07    10.799
  1944   08     7.927
  1944   09     7.601
  1944   10     9.217
  1944   11    11.189
  1944   12    13.465
  1945   01    14.942
  1945   02    15.917
  1945   03    16.529
  1945   04    16.203
  1945   05    15.115
  1945   06    13.076
  1945   07    10.410
  1945   08     7.188
  1945   09     6.659
  1945   10     8.466
  1945   11    10.892
  1945   12    13.229
  1946   01    15.009
  1946   02    16.018
  1946   03    16.421
  1946   04    16.314
  1946   05    15.294
  1946   06    13.176
  1946   07    10.487
  1946   08     7.099
  1946   09     6.569
  1946   10     8.111
  1946   11    10.660
  1946   12    12.864
  1947   01    14.618
  1947   02    15.686
  1947   03    16.255
  1947   04    16.220
  1947   05    15.028
  1947   06    13.022
  1947   07    10.295
  1947   08     7.509
  1947   09     6.898
  1947   10     8.884
  1947   11    10.975
  1947   12    13.534
  1948   01    15.373
  1948   02    16.347
  1948   03    17.355
  1948   04    17.137
  1948   05    15.926
  1948   06    14.182
  1948   07    11.586
  1948   08     9.071
  1948   09     8.201
  1948   10     9.836
  1948   11    11.499
  1948   12    14.248
  1949   01    16.107
  1949   02    16.897
  1949   03    17.358
  1949   04    17.122
  1949   05    16.297
  1949   06    13.875
  1949   07    10.853
  1949   08     8.952
  1949   09     8.224
  1949   10     9.741
  1949   11    11.398
  1949   12    13.240
  1950   01    15.685
  1950   02    17.019
  1950   03    17.482
  1950   04    17.560
  1950   05    16.617
  1950   06    14.050
  1950   07    11.002
  1950   08     7.736
  1950   09     6.740
  1950   10     9.326
  1950   11    11.471
  1950   12    13.499
  1951   01    15.685
  1951   02    16.861
  1951   03    17.201
  1951   04    16.992
  1951   05    16.143
  1951   06    14.131
  1951   07    11.530
  1951   08     8.128
  1951   09     7.203
  1951   10     9.155
  1951   11    11.356
  1951   12    13.949
  1952   01    15.863
  1952   02    17.020
  1952   03    17.480
  1952   04    17.293
  1952   05    15.990
  1952   06    13.399
  1952   07    10.721
  1952   08     8.258
  1952   09     7.914
  1952   10     9.458
  1952   11    11.083
  1952   12    13.320
  1953   01    15.130
  1953   02    16.053
  1953   03    16.535
  1953   04    16.450
  1953   05    15.301
  1953   06    13.012
  1953   07    10.528
  1953   08     8.137
  1953   09     7.680
  1953   10     9.285
  1953   11    11.052
  1953   12    13.176
  1954   01    14.893
  1954   02    15.932
  1954   03    16.746
  1954   04    16.727
  1954   05    15.719
  1954   06    12.915
  1954   07    10.747
  1954   08     7.999
  1954   09     6.819
  1954   10     9.282
  1954   11    11.717
  1954   12    13.587
  1955   01    15.147
  1955   02    16.214
  1955   03    16.580
  1955   04    16.631
  1955   05    15.923
  1955   06    13.425
  1955   07    10.973
  1955   08     8.521
  1955   09     7.459
  1955   10     9.635
  1955   11    11.233
  1955   12    13.296
  1956   01    15.004
  1956   02    16.479
  1956   03    17.319
  1956   04    17.307
  1956   05    15.725
  1956   06    13.565
  1956   07    10.469
  1956   08     8.357
  1956   09     7.563
  1956   10     9.588
  1956   11    11.276
  1956   12    14.110
  1957   01    15.968
  1957   02    16.992
  1957   03    17.609
  1957   04    17.843
  1957   05    16.443
  1957   06    13.820
  1957   07    11.316
  1957   08     8.186
  1957   09     7.529
  1957   10     9.655
  1957   11    11.872
  1957   12    14.052
  1958   01    15.842
  1958   02    16.971
  1958   03    17.513
  1958   04    17.599
  1958   05    15.930
  1958   06    13.147
  1958   07    11.354
  1958   08     8.305
  1958   09     7.486
  1958   10     8.856
  1958   11    11.242
  1958   12    13.308
  1959   01    15.628
  1959   02    16.749
  1959   03    17.288
  1959   04    17.163
  1959   05    16.047
  1959   06    13.756
  1959   07    11.002
  1959   08     8.399
  1959   09     7.233
  1959   10     9.525
  1959   11    11.435
  1959   12    13.759
  1960   01    15.693
  1960   02    16.931
  1960   03    17.626
  1960   04    17.405
  1960   05    16.042
  1960   06    13.215
  1960   07    10.737
  1960   08     7.959
  1960   09     7.064
  1960   10     8.914
  1960   11    11.669
  1960   12    13.870
  1961   01    15.838
  1961   02    16.792
  1961   03    17.485
  1961   04    17.090
  1961   05    15.829
  1961   06    13.726
  1961   07    11.280
  1961   08     8.349
  1961   09     7.794
  1961   10     9.436
  1961   11    11.329
  1961   12    13.964
  1962   01    16.002
  1962   02    17.215
  1962   03    17.736
  1962   04    17.514
  1962   05    16.322
  1962   06    13.901
  1962   07    11.397
  1962   08     8.286
  1962   09     7.172
  1962   10     9.108
  1962   11    11.514
  1962   12    13.864
  1963   01    15.742
  1963   02    17.304
  1963   03    17.701
  1963   04    17.373
  1963   05    16.055
  1963   06    13.697
  1963   07    11.082
  1963   08     7.521
  1963   09     6.790
  1963   10     9.172
  1963   11    11.274
  1963   12    14.236
  1964   01    16.054
  1964   02    17.375
  1964   03    17.940
  1964   04    17.623
  1964   05    16.396
  1964   06    14.182
  1964   07    11.015
  1964   08     8.620
  1964   09     7.635
  1964   10     9.455
  1964   11    11.013
  1964   12    14.026
  1965   01    16.144
  1965   02    17.594
  1965   03    18.199
  1965   04    18.001
  1965   05    16.400
  1965   06    13.851
  1965   07    10.702
  1965   08     7.886
  1965   09     7.448
  1965   10     8.957
  1965   11    10.767
  1965   12    13.231
  1966   01    15.391
  1966   02    16.724
  1966   03    17.410
  1966   04    17.171
  1966   05    16.053
  1966   06    14.152
  1966   07    11.151
  1966   08     8.309
  1966   09     7.711
  1966   10     9.655
  1966   11    11.890
  1966   12    14.127
  1967   01    16.638
  1967   02    17.570
  1967   03    17.910
  1967   04    17.913
  1967   05    16.937
  1967   06    14.567
  1967   07    11.345
  1967   08     8.146
  1967   09     7.598
  1967   10     9.362
  1967   11    10.981
  1967   12    14.272
  1968   01    15.872
  1968   02    17.168
  1968   03    17.746
  1968   04    17.318
  1968   05    16.221
  1968   06    13.678
  1968   07    11.196
  1968   08     8.254
  1968   09     7.712
  1968   10     9.606
  1968   11    11.294
  1968   12    13.951
  1969   01    15.841
  1969   02    16.909
  1969   03    17.699
  1969   04    17.506
  1969   05    16.300
  1969   06    13.605
  1969   07    10.915
  1969   08     8.110
  1969   09     7.443
  1969   10     9.373
  1969   11    11.352
  1969   12    13.201
  1970   01    15.164
  1970   02    16.447
  1970   03    17.058
  1970   04    16.685
  1970   05    15.696
  1970   06    13.492
  1970   07    10.666
  1970   08     8.223
  1970   09     7.594
  1970   10     9.200
  1970   11    11.169
  1970   12    13.919
  1971   01    15.592
  1971   02    16.880
  1971   03    17.295
  1971   04    17.389
  1971   05    16.292
  1971   06    13.544
  1971   07    10.789
  1971   08     7.847
  1971   09     7.072
  1971   10     8.652
  1971   11    11.152
  1971   12    13.275
  1972   01    15.279
  1972   02    16.824
  1972   03    17.507
  1972   04    17.160
  1972   05    15.847
  1972   06    13.483
  1972   07    11.171
  1972   08     8.218
  1972   09     6.999
  1972   10     9.245
  1972   11    11.344
  1972   12    13.917
  1973   01    15.718
  1973   02    16.955
  1973   03    17.270
  1973   04    16.970
  1973   05    16.270
  1973   06    13.748
  1973   07    10.775
  1973   08     8.203
  1973   09     7.169
  1973   10     9.550
  1973   11    10.956
  1973   12    13.284
  1974   01    15.838
  1974   02    16.674
  1974   03    17.418
  1974   04    17.430
  1974   05    16.383
  1974   06    13.951
  1974   07    10.729
  1974   08     8.811
  1974   09     7.913
  1974   10     9.393
  1974   11    11.317
  1974   12    14.296
  1975   01    16.084
  1975   02    16.961
  1975   03    17.935
  1975   04    17.419
  1975   05    16.011
  1975   06    13.978
  1975   07    11.126
  1975   08     7.992
  1975   09     7.173
  1975   10     9.506
  1975   11    11.515
  1975   12    13.931
  1976   01    16.038
  1976   02    17.254
  1976   03    18.002
  1976   04    17.557
  1976   05    16.142
  1976   06    13.820
  1976   07    10.725
  1976   08     8.589
  1976   09     7.810
  1976   10     9.347
  1976   11    10.592
  1976   12    12.710
  1977   01    15.169
  1977   02    16.323
  1977   03    16.887
  1977   04    16.632
  1977   05    15.460
  1977   06    13.097
  1977   07    10.314
  1977   08     8.299
  1977   09     7.743
  1977   10     9.186
  1977   11    11.100
  1977   12    13.402
  1978   01    15.126
  1978   02    16.529
  1978   03    16.804
  1978   04    16.535
  1978   05    15.475
  1978   06    13.577
  1978   07    11.949
  1978   08     8.928
  1978   09     7.512
  1978   10     9.758
  1978   11    11.327
  1978   12    13.412
  1979   01    15.318
  1979   02    16.314
  1979   03    16.846
  1979   04    16.791
  1979   05    15.882
  1979   06    13.281
  1979   07    10.729
  1979   08     7.883
  1979   09     6.877
  1979   10     9.000
  1979   11    10.968
  1979   12    13.559
  1980   01    15.164
  1980   02    16.684
  1980   03    17.099
  1980   04    16.763
  1980   05    15.915
  1980   06    14.373
  1980   07    11.049
  1980   08     8.330
  1980   09     7.903
  1980   10     9.843
  1980   11    11.531
  1980   12    13.813
  1981   01    15.337
  1981   02    16.674
  1981   03    17.086
  1981   04    17.153
  1981   05    16.181
  1981   06    13.498
  1981   07    10.699
  1981   08     7.805
  1981   09     7.201
  1981   10     9.146
  1981   11    11.769
  1981   12    14.050
  1982   01    15.596
  1982   02    16.551
  1982   03    16.882
  1982   04    16.778
  1982   05    15.530
  1982   06    13.214
  1982   07    11.700
  1982   08     8.315
  1982   09     7.244
  1982   10     9.842
  1982   11    11.978
  1982   12    13.792
  1983   01    15.195
  1983   02    16.080
  1983   03    16.695
  1983   04    16.794
  1983   05    15.881
  1983   06    13.509
  1983   07    11.316
  1983   08     9.218
  1983   09     8.344
  1983   10    10.077
  1983   11    12.154
  1983   12    14.386
  1984   01    16.157
  1984   02    17.274
  1984   03    17.707
  1984   04    17.656
  1984   05    16.499
  1984   06    13.916
  1984   07    11.116
  1984   08     8.961
  1984   09     8.372
  1984   10    10.088
  1984   11    11.622
  1984   12    13.873
  1985   01    15.870
  1985   02    17.087
  1985   03    17.619
  1985   04    16.996
  1985   05    15.822
  1985   06    13.518
  1985   07    11.273
  1985   08     8.947
  1985   09     7.922
  1985   10     9.302
  1985   11    11.029
  1985   12    14.081
  1986   01    15.974
  1986   02    16.923
  1986   03    17.581
  1986   04    17.314
  1986   05    16.117
  1986   06    13.526
  1986   07    10.062
  1986   08     7.791
  1986   09     7.302
  1986   10     9.042
  1986   11    11.313
  1986   12    13.477
  1987   01    15.700
  1987   02    17.025
  1987   03    17.657
  1987   04    17.367
  1987   05    16.152
  1987   06    14.186
  1987   07    10.954
  1987   08     8.219
  1987   09     7.618
  1987   10     9.784
  1987   11    11.772
  1987   12    13.744
  1988   01    15.761
  1988   02    17.022
  1988   03    17.632
  1988   04    17.318
  1988   05    16.274
  1988   06    13.894
  1988   07    11.651
  1988   08     8.888
  1988   09     8.042
  1988   10     9.872
  1988   11    11.723
  1988   12    14.039
  1989   01    15.970
  1989   02    17.302
  1989   03    17.941
  1989   04    17.761
  1989   05    16.553
  1989   06    14.218
  1989   07    11.637
  1989   08     8.194
  1989   09     7.452
  1989   10     8.748
  1989   11    11.627
  1989   12    13.883
  1990   01    15.657
  1990   02    16.888
  1990   03    17.549
  1990   04    17.220
  1990   05    16.076
  1990   06    14.201
  1990   07    11.767
  1990   08     8.857
  1990   09     8.096
  1990   10    10.143
  1990   11    11.921
  1990   12    13.923
  1991   01    15.880
  1991   02    16.992
  1991   03    17.597
  1991   04    17.455
  1991   05    16.371
  1991   06    13.850
  1991   07    11.465
  1991   08     8.548
  1991   09     7.248
  1991   10     9.193
  1991   11    11.285
  1991   12    13.617
  1992   01    16.139
  1992   02    17.198
  1992   03    17.685
  1992   04    17.653
  1992   05    16.271
  1992   06    13.491
  1992   07    11.112
  1992   08     8.647
  1992   09     8.040
  1992   10     9.606
  1992   11    11.609
  1992   12    14.275
  1993   01    15.907
  1993   02    17.147
  1993   03    17.746
  1993   04    17.468
  1993   05    16.565
  1993   06    14.118
  1993   07    11.665
  1993   08     8.958
  1993   09     8.231
  1993   10     9.765
  1993   11    11.595
  1993   12    14.204
  1994   01    16.139
  1994   02    17.161
  1994   03    17.804
  1994   04    17.632
  1994   05    16.476
  1994   06    13.849
  1994   07    11.188
  1994   08     8.271
  1994   09     7.471
  1994   10     9.623
  1994   11    11.464
  1994   12    13.943
  1995   01    15.533
  1995   02    16.486
  1995   03    17.082
  1995   04    17.279
  1995   05    16.037
  1995   06    13.356
  1995   07    10.698
  1995   08     7.866
  1995   09     6.868
  1995   10     8.521
  1995   11    10.978
  1995   12    12.945
  1996   01    15.267
  1996   02    16.423
  1996   03    16.916
  1996   04    16.778
  1996   05    15.807
  1996   06    13.227
  1996   07    10.092
  1996   08     7.528
  1996   09     6.370
  1996   10     8.563
  1996   11    10.981
  1996   12    13.586
  1997   01    15.301
  1997   02    16.960
  1997   03    17.489
  1997   04    17.272
  1997   05    16.126
  1997   06    13.405
  1997   07    10.443
  1997   08     7.157
  1997   09     6.270
  1997   10     7.889
  1997   11    10.552
  1997   12    12.895
  1998   01    15.428
  1998   02    16.740
  1998   03    17.399
  1998   04    17.238
  1998   05    16.062
  1998   06    13.249
  1998   07    10.530
  1998   08     8.303
  1998   09     6.909
  1998   10     9.182
  1998   11    10.824
  1998   12    12.850
  1999   01    15.065
  1999   02    16.089
  1999   03    16.992
  1999   04    17.090
  1999   05    15.754
  1999   06    13.392
  1999   07     9.957
  1999   08     7.769
  1999   09     7.137
  1999   10     8.466
  1999   11    10.642
  1999   12    12.807
  2000   01    14.989
  2000   02    16.483
  2000   03    17.245
  2000   04    16.925
  2000   05    15.450
  2000   06    12.784
  2000   07     9.906
  2000   08     6.804
  2000   09     6.048
  2000   10     7.996
  2000   11    10.483
  2000   12    12.476
  2001   01    14.571
  2001   02    15.801
  2001   03    16.261
  2001   04    16.165
  2001   05    15.276
  2001   06    13.155
  2001   07    10.030
  2001   08     7.158
  2001   09     6.763
  2001   10     8.614
  2001   11    10.737
  2001   12    12.889
  2002   01    14.784
  2002   02    15.991
  2002   03    16.809
  2002   04    16.586
  2002   05    15.305
  2002   06    13.232
  2002   07    10.733
  2002   08     7.713
  2002   09     6.370
  2002   10     8.402
  2002   11    10.486
  2002   12    12.971
  2003   01    14.497
  2003   02    15.893
  2003   03    16.561
  2003   04    16.430
  2003   05    14.903
  2003   06    12.907
  2003   07    10.524
  2003   08     7.945
  2003   09     7.273
  2003   10     9.134
  2003   11    10.591
  2003   12    12.751
  2004   01    14.498
  2004   02    15.495
  2004   03    16.250
  2004   04    16.275
  2004   05    15.199
  2004   06    12.374
  2004   07     9.427
  2004   08     6.858
  2004   09     6.425
  2004   10     8.512
  2004   11    10.610
  2004   12    12.561
  2005   01    14.846
  2005   02    16.078
  2005   03    16.506
  2005   04    16.224
  2005   05    15.374
  2005   06    13.055
  2005   07    10.221
  2005   08     7.464
  2005   09     6.440
  2005   10     8.290
  2005   11    11.190
  2005   12    13.541
  2006   01    15.352
  2006   02    16.260
  2006   03    16.745
  2006   04    16.445
  2006   05    15.486
  2006   06    13.296
  2006   07     9.912
  2006   08     7.965
  2006   09     7.321
  2006   10     9.160
  2006   11    11.159
  2006   12    13.269
  2007   01    15.088
  2007   02    16.130
  2007   03    16.563
  2007   04    16.668
  2007   05    15.815
  2007   06    13.178
  2007   07    10.313
  2007   08     8.197
  2007   09     7.453
  2007   10     9.041
  2007   11    11.103
  2007   12    13.591
  2008   01    15.371
  2008   02    16.378
  2008   03    16.710
  2008   04    16.364
  2008   05    15.321
  2008   06    12.980
  2008   07     9.993
  2008   08     7.256
  2008   09     6.492
  2008   10     7.833
  2008   11    10.937
  2008   12    13.152
  2009   01    15.017
  2009   02    16.464
  2009   03    17.080
  2009   04    16.750
  2009   05    15.659
  2009   06    13.632
  2009   07    10.851
  2009   08     7.550
  2009   09     6.863
  2009   10     8.698
  2009   11    11.486
  2009   12    13.540
  2010   01    15.393
  2010   02    16.565
  2010   03    16.641
  2010   04    16.699
  2010   05    15.930
  2010   06    13.519
  2010   07    10.633
  2010   08     8.412
  2010   09     7.463
  2010   10     8.657
  2010   11    11.197
  2010   12    13.230
  2011   01    14.955
  2011   02    16.234
  2011   03    16.983
  2011   04    17.004
  2011   05    16.142
  2011   06    13.552
  2011   07    10.117
  2011   08     7.477
  2011   09     5.809
  2011   10     7.811
  2011   11    10.636
  2011   12    13.105
  2012   01    15.078
  2012   02    15.941
  2012   03    16.256
  2012   04    16.583
  2012   05    15.334
  2012   06    12.543
  2012   07     9.072
  2012   08     6.656
  2012   09     5.500
  2012   10     7.106
  2012   11    10.600
  2012   12    12.197
  2013   01    14.703
  2013   02    15.483
  2013   03    16.090
  2013   04    16.141
  2013   05    15.237
  2013   06    13.094
  2013   07    10.124
  2013   08     7.135
  2013   09     5.369
  2013   10     7.728
  2013   11    10.414
  2013   12    12.575
  2014   01    14.314
  2014   02    15.664
  2014   03    16.495
  2014   04    16.362
  2014   05    14.528
  2014   06    12.401
  2014   07     9.477
  2014   08     6.866
  2014   09     5.725
  2014   10     7.618
  2014   11    10.434
  2014   12    12.330
  2015   01    14.268
  2015   02    15.485
  2015   03    15.712
  2015   04    15.647
  2015   05    14.780
  2015   06    13.045
  2015   07    10.704
  2015   08     7.227
  2015   09     6.057
  2015   10     8.025
  2015   11    10.644
  2015   12    12.723
  2016   01    14.236
  2016   02    15.210
  2016   03    15.546
  2016   04    15.320
  2016   05    14.705
  2016   06    12.552
  2016   07     9.619
  2016   08     6.740
  2016   09     6.505
  2016   10     8.088
  2016   11    10.298
  2016   12    12.746
  2017   01    14.560
  2017   02    15.238
  2017   03    15.573
  2017   04    15.561
  2017   05    14.738
  2017   06    12.474
  2017   07     9.480
  2017   08     6.219
  2017   09     5.934
  2017   10     7.789
  2017   11    10.232
  2017   12    11.949
  2018   01    14.434
  2018   02    15.312
  2018   03    15.812
  2018   04    15.519
  2018   05    14.516
  2018   06    12.259
  2018   07     8.971
  2018   08     6.352
  2018   09     5.430
  2018   10     6.855
  2018   11     9.529
  2018   12    11.281
  2019   01    13.766
  2019   02    14.943
  2019   03    15.707
  2019   04    15.501
  2019   05    14.639
  2019   06    11.512
  2019   07     8.784
  2019   08     6.332
  2019   09     5.384
  2019   10     6.776
  2019   11     9.482
  2019   12    11.176
  2020   01    13.294
  2020   02    14.372
  2020   03    15.158
  2020   04    15.133
  2020   05    14.410
  2020   06    12.172
  2020   07     8.794
  2020   08     6.186
  2020   09     5.170
  2020   10     7.306
  2020   11     9.907
  2020   12    11.802
  2021   01    14.108
  2021   02    15.214
  2021   03    15.589
  2021   04    15.152
  2021   05    14.250
  2021   06    12.324
  2021   07     9.156
  2021   08     6.399
  2021   09     4.451
  2021   10     6.653
  2021   11     9.171
  2021   12    11.263
  2022   01    13.894
  2022   02    15.247
  2022   03    15.845
  2022   04    15.747
  2022   05    14.845
  2022   06    12.694
  2022   07     9.000
  2022   08     5.733
  2022   09     4.347
  2022   10     6.239
  2022   11    10.159
  2022   12    11.778
  2023   01    13.720
  2023   02    14.845
  2023   03    15.171
  2023   04    15.233
  2023   05    14.601
  2023   06    12.194
  2023   07     8.847
  2023   08     6.266
  2023   09     4.444
  2023   10     6.638
  2023   11     9.970
  2023   12    11.780
  2024   01    13.837
  2024   02    15.109
  2024   03    15.780
  2024   04    15.610
  2024   05    14.762
  2024   06    12.501
  2024   07    10.069
  2024   08     5.062
  2024   09     3.553
  2024   10     6.452
  2024   11    10.257
  2024   12    12.546
  2025   01    14.190
  2025   02    15.309
  2025   03    15.928
  2025   04    15.740
  2025   05    14.758
  2025   06    12.257
  2025   07     9.183
  2025   08     5.220
  2025   09     3.818
  2025   10     6.101
  2025   11     9.898
  2025   12    12.224
  2026   01    13.958
  2026   02    15.252
  2026   03    15.696
  2026   04    15.687
  2026   05    14.687
  2026   06    12.535
  2026   07     9.220
  2026   08     5.923
  2026   09     3.348
  2026   10     5.668
  2026   11     9.941
  2026   12    11.858
  2027   01    13.651
  2027   02    14.621
  2027   03    15.106
  2027   04    14.850
  2027   05    14.036
  2027   06    12.437
  2027   07     9.372
  2027   08     4.599
  2027   09     1.719
  2027   10     5.905
  2027   11     9.306
  2027   12    11.059
  2028   01    13.512
  2028   02    15.054
  2028   03    15.495
  2028   04    15.507
  2028   05    14.487
  2028   06    12.135
  2028   07     9.341
  2028   08     5.003
  2028   09     1.968
  2028   10     6.031
  2028   11    10.274
  2028   12    12.152
  2029   01    13.683
  2029   02    14.887
  2029   03    15.590
  2029   04    15.513
  2029   05    14.543
  2029   06    12.546
  2029   07     9.515
  2029   08     4.514
  2029   09     2.772
  2029   10     6.149
  2029   11     9.645
  2029   12    11.922
  2030   01    13.774
  2030   02    14.801
  2030   03    15.605
  2030   04    15.482
  2030   05    14.589
  2030   06    12.686
  2030   07    10.212
  2030   08     5.582
  2030   09     4.101
  2030   10     6.964
  2030   11    10.559
  2030   12    12.268
  2031   01    14.404
  2031   02    15.600
  2031   03    16.151
  2031   04    16.171
  2031   05    15.194
  2031   06    12.479
  2031   07     8.806
  2031   08     4.996
  2031   09     3.048
  2031   10     5.508
  2031   11     9.794
  2031   12    11.698
  2032   01    14.012
  2032   02    15.509
  2032   03    16.086
  2032   04    16.259
  2032   05    15.177
  2032   06    12.224
  2032   07     9.214
  2032   08     5.493
  2032   09     2.970
  2032   10     5.933
  2032   11     9.938
  2032   12    11.492
  2033   01    13.812
  2033   02    15.200
  2033   03    15.887
  2033   04    15.839
  2033   05    14.787
  2033   06    12.295
  2033   07     9.034
  2033   08     5.643
  2033   09     3.701
  2033   10     5.891
  2033   11     9.661
  2033   12    11.301
  2034   01    13.580
  2034   02    14.942
  2034   03    15.618
  2034   04    15.554
  2034   05    14.368
  2034   06    11.667
  2034   07     8.354
  2034   08     4.264
  2034   09     1.895
  2034   10     5.655
  2034   11     8.816
  2034   12    11.283
  2035   01    13.387
  2035   02    14.274
  2035   03    14.781
  2035   04    14.679
  2035   05    13.504
  2035   06    12.084
  2035   07     8.199
  2035   08     2.750
  2035   09     1.328
  2035   10     4.171
  2035   11     8.358
  2035   12    10.864
  2036   01    12.509
  2036   02    13.688
  2036   03    14.066
  2036   04    13.827
  2036   05    12.812
  2036   06    10.754
  2036   07     7.501
  2036   08     4.177
  2036   09     2.869
  2036   10     4.666
  2036   11     7.891
  2036   12    10.525
  2037   01    12.796
  2037   02    13.971
  2037   03    14.518
  2037   04    14.440
  2037   05    13.840
  2037   06    11.518
  2037   07     7.227
  2037   08     2.295
  2037   09     0.696
  2037   10     3.653
  2037   11     6.869
  2037   12    10.348
  2038   01    12.728
  2038   02    14.211
  2038   03    14.962
  2038   04    15.023
  2038   05    14.114
  2038   06    11.864
  2038   07     8.364
  2038   08     2.235
  2038   09     1.029
  2038   10     3.861
  2038   11     8.166
  2038   12    11.288
  2039   01    13.378
  2039   02    14.249
  2039   03    14.811
  2039   04    14.888
  2039   05    13.882
  2039   06    12.085
  2039   07     8.446
  2039   08     3.797
  2039   09     1.900
  2039   10     4.586
  2039   11     8.595
  2039   12    11.299
  2040   01    13.469
  2040   02    14.622
  2040   03    15.143
  2040   04    15.109
  2040   05    14.226
  2040   06    12.304
  2040   07     8.890
  2040   08     4.147
  2040   09     1.927
  2040   10     5.907
  2040   11     9.316
  2040   12    11.271
  2041   01    13.460
  2041   02    14.523
  2041   03    14.968
  2041   04    14.912
  2041   05    14.107
  2041   06    12.161
  2041   07     8.541
  2041   08     2.961
  2041   09     1.467
  2041   10     4.706
  2041   11     8.449
  2041   12    11.163
  2042   01    13.127
  2042   02    14.052
  2042   03    15.100
  2042   04    14.961
  2042   05    13.906
  2042   06    12.110
  2042   07     7.735
  2042   08     2.750
  2042   09     1.193
  2042   10     3.810
  2042   11     7.763
  2042   12    10.908
  2043   01    13.384
  2043   02    14.519
  2043   03    15.212
  2043   04    15.213
  2043   05    14.003
  2043   06    11.996
  2043   07     7.989
  2043   08     1.822
  2043   09     0.181
  2043   10     3.914
  2043   11     7.807
  2043   12    10.997
  2044   01    12.972
  2044   02    13.922
  2044   03    14.662
  2044   04    14.668
  2044   05    14.033
  2044   06    11.533
  2044   07     7.903
  2044   08     1.960
  2044   09     0.681
  2044   10     4.212
  2044   11     8.635
  2044   12    11.011
  2045   01    13.049
  2045   02    14.093
  2045   03    14.721
  2045   04    14.604
  2045   05    13.716
  2045   06    11.788
  2045   07     7.910
  2045   08     1.738
  2045   09     0.373
  2045   10     2.996
  2045   11     7.427
  2045   12    11.126
  2046   01    13.066
  2046   02    13.908
  2046   03    14.392
  2046   04    14.266
  2046   05    13.411
  2046   06    11.655
  2046   07     8.225
  2046   08     3.356
  2046   09     1.026
  2046   10     3.916
  2046   11     7.928
  2046   12    10.543
  2047   01    12.359
  2047   02    13.858
  2047   03    14.415
  2047   04    14.132
  2047   05    13.133
  2047   06    11.165
  2047   07     8.092
  2047   08     1.905
  2047   09     0.568
  2047   10     2.790
  2047   11     7.195
  2047   12    10.624
  2048   01    12.511
  2048   02    13.902
  2048   03    14.339
  2048   04    13.747
  2048   05    12.528
  2048   06    10.751
  2048   07     7.175
  2048   08     1.192
  2048   09     0.236
  2048   10     2.906
  2048   11     7.808
  2048   12    10.150
  2049   01    11.961
  2049   02    13.396
  2049   03    14.170
  2049   04    13.982
  2049   05    12.929
  2049   06    10.882
  2049   07     7.553
  2049   08     3.001
  2049   09     1.509
  2049   10     3.139
  2049   11     6.793
  2049   12     9.962
  2050   01    11.784
  2050   02    13.259
  2050   03    13.990
  2050   04    13.906
  2050   05    12.772
  2050   06    10.379
  2050   07     6.690
  2050   08     0.298
  2050   09     0.076
  2050   10     0.706
  2050   11     6.060
  2050   12     9.843
  2051   01    11.874
  2051   02    13.125
  2051   03    13.611
  2051   04    13.751
  2051   05    13.114
  2051   06    11.368
  2051   07     7.323
  2051   08     0.818
  2051   09     0.227
  2051   10     1.681
  2051   11     6.551
  2051   12    10.316
  2052   01    12.474
  2052   02    13.712
  2052   03    14.296
  2052   04    14.055
  2052   05    13.076
  2052   06    11.117
  2052   07     7.351
  2052   08     0.408
  2052   09     0.125
  2052   10     1.515
  2052   11     6.469
  2052   12     9.756
  2053   01    11.702
  2053   02    13.288
  2053   03    14.156
  2053   04    14.141
  2053   05    12.953
  2053   06    10.338
  2053   07     7.170
  2053   08     2.053
  2053   09     0.313
  2053   10     2.594
  2053   11     5.987
  2053   12     9.676
  2054   01    11.063
  2054   02    12.252
  2054   03    13.109
  2054   04    13.447
  2054   05    12.485
  2054   06    10.306
  2054   07     7.146
  2054   08     0.635
  2054   09     0.205
  2054   10     1.680
  2054   11     6.367
  2054   12     9.950
  2055   01    11.485
  2055   02    12.895
  2055   03    13.846
  2055   04    13.725
  2055   05    12.587
  2055   06    10.643
  2055   07     6.633
  2055   08     0.406
  2055   09     0.091
  2055   10     0.327
  2055   11     5.345
  2055   12     9.641
  2056   01    11.586
  2056   02    12.580
  2056   03    13.101
  2056   04    13.211
  2056   05    12.382
  2056   06    10.491
  2056   07     5.016
  2056   08     0.150
  2056   09     0.037
  2056   10     0.476
  2056   11     4.976
  2056   12     9.235
  2057   01    11.544
  2057   02    12.791
  2057   03    13.381
  2057   04    13.213
  2057   05    12.407
  2057   06    10.566
  2057   07     5.823
  2057   08     0.429
  2057   09     0.049
  2057   10     0.657
  2057   11     4.016
  2057   12     8.405
  2058   01    10.909
  2058   02    12.366
  2058   03    13.030
  2058   04    12.950
  2058   05    12.296
  2058   06    10.100
  2058   07     4.942
  2058   08     0.173
  2058   09     0.062
  2058   10     0.359
  2058   11     3.843
  2058   12     8.111
  2059   01    10.989
  2059   02    12.233
  2059   03    12.990
  2059   04    13.044
  2059   05    12.238
  2059   06    10.445
  2059   07     5.447
  2059   08     0.124
  2059   09     0.012
  2059   10     0.424
  2059   11     3.396
  2059   12     9.188
  2060   01    11.187
  2060   02    12.417
  2060   03    13.289
  2060   04    13.309
  2060   05    12.515
  2060   06    10.586
  2060   07     6.163
  2060   08     0.248
  2060   09     0.064
  2060   10     0.740
  2060   11     5.786
  2060   12     9.539
  2061   01    11.366
  2061   02    12.908
  2061   03    13.562
  2061   04    13.576
  2061   05    12.732
  2061   06    10.480
  2061   07     6.122
  2061   08     0.229
  2061   09     0.074
  2061   10     0.311
  2061   11     3.837
  2061   12     8.834
  2062   01    11.124
  2062   02    12.521
  2062   03    13.260
  2062   04    13.207
  2062   05    12.330
  2062   06    10.073
  2062   07     5.675
  2062   08     0.162
  2062   09     0.020
  2062   10     0.707
  2062   11     4.761
  2062   12     8.999
  2063   01    10.911
  2063   02    12.266
  2063   03    12.860
  2063   04    12.980
  2063   05    12.259
  2063   06    10.075
  2063   07     5.220
  2063   08     0.144
  2063   09     0.009
  2063   10     0.477
  2063   11     3.745
  2063   12     7.877
  2064   01    11.064
  2064   02    12.470
  2064   03    13.015
  2064   04    12.934
  2064   05    12.003
  2064   06    10.106
  2064   07     5.383
  2064   08     0.226
  2064   09     0.062
  2064   10     0.220
  2064   11     5.079
  2064   12     9.332
  2065   01    11.321
  2065   02    12.419
  2065   03    13.374
  2065   04    13.425
  2065   05    12.639
  2065   06    10.560
  2065   07     7.555
  2065   08     0.486
  2065   09     0.236
  2065   10     1.179
  2065   11     5.719
  2065   12     9.418
  2066   01    11.500
  2066   02    12.847
  2066   03    13.414
  2066   04    13.137
  2066   05    11.980
  2066   06    10.078
  2066   07     5.405
  2066   08     0.310
  2066   09     0.113
  2066   10     0.186
  2066   11     4.626
  2066   12     8.893
  2067   01    10.626
  2067   02    11.946
  2067   03    12.546
  2067   04    12.506
  2067   05    11.384
  2067   06     9.702
  2067   07     5.728
  2067   08     0.221
  2067   09     0.050
  2067   10     0.124
  2067   11     3.369
  2067   12     7.529
  2068   01     9.885
  2068   02    11.509
  2068   03    12.317
  2068   04    12.317
  2068   05    11.479
  2068   06     9.246
  2068   07     5.141
  2068   08     0.126
  2068   09     0.024
  2068   10     0.055
  2068   11     3.674
  2068   12     7.882
  2069   01    10.088
  2069   02    11.593
  2069   03    12.283
  2069   04    12.155
  2069   05    11.296
  2069   06     9.311
  2069   07     6.046
  2069   08     0.245
  2069   09     0.027
  2069   10     0.205
  2069   11     3.184
  2069   12     7.565
  2070   01    10.250
  2070   02    11.567
  2070   03    12.136
  2070   04    12.128
  2070   05    11.512
  2070   06     9.557
  2070   07     5.335
  2070   08     0.265
  2070   09     0.057
  2070   10     0.158
  2070   11     3.748
  2070   12     7.625
  2071   01    10.372
  2071   02    11.728
  2071   03    12.444
  2071   04    12.277
  2071   05    11.126
  2071   06     8.901
  2071   07     3.518
  2071   08     0.070
  2071   09     0.022
  2071   10     0.074
  2071   11     1.156
  2071   12     6.244
  2072   01     9.364
  2072   02    10.833
  2072   03    11.339
  2072   04    11.429
  2072   05    10.634
  2072   06     8.146
  2072   07     0.827
  2072   08     0.074
  2072   09     0.032
  2072   10     0.176
  2072   11     0.842
  2072   12     6.353
  2073   01     9.499
  2073   02    10.887
  2073   03    11.439
  2073   04    11.638
  2073   05    11.028
  2073   06     8.630
  2073   07     4.655
  2073   08     0.300
  2073   09     0.173
  2073   10     0.322
  2073   11     1.363
  2073   12     6.758
  2074   01     9.121
  2074   02    10.684
  2074   03    11.372
  2074   04    11.359
  2074   05    10.820
  2074   06     8.791
  2074   07     3.353
  2074   08     0.062
  2074   09     0.029
  2074   10     0.184
  2074   11     1.205
  2074   12     5.583
  2075   01     9.692
  2075   02    10.976
  2075   03    11.765
  2075   04    11.762
  2075   05    10.965
  2075   06     8.710
  2075   07     3.098
  2075   08     0.073
  2075   09     0.012
  2075   10     0.059
  2075   11     0.754
  2075   12     6.517
  2076   01     9.030
  2076   02    10.454
  2076   03    11.505
  2076   04    11.766
  2076   05    10.479
  2076   06     8.056
  2076   07     1.358
  2076   08     0.057
  2076   09     0.019
  2076   10     0.088
  2076   11     1.093
  2076   12     5.870
  2077   01     9.397
  2077   02    10.731
  2077   03    11.630
  2077   04    11.812
  2077   05    11.200
  2077   06     8.927
  2077   07     4.182
  2077   08     0.020
  2077   09     0.000
  2077   10     0.127
  2077   11     1.778
  2077   12     6.748
  2078   01    10.089
  2078   02    11.209
  2078   03    12.126
  2078   04    12.104
  2078   05    11.490
  2078   06     9.370
  2078   07     3.527
  2078   08     0.058
  2078   09     0.013
  2078   10     0.151
  2078   11     0.674
  2078   12     4.127
  2079   01     9.191
  2079   02    10.844
  2079   03    11.766
  2079   04    12.124
  2079   05    11.451
  2079   06     9.291
  2079   07     3.377
  2079   08     0.095
  2079   09     0.029
  2079   10     0.095
  2079   11     1.564
  2079   12     5.665
  2080   01     9.793
  2080   02    11.290
  2080   03    11.962
  2080   04    11.875
  2080   05    11.089
  2080   06     9.340
  2080   07     3.170
  2080   08     0.039
  2080   09     0.009
  2080   10     0.178
  2080   11     0.684
  2080   12     5.762
  2081   01     9.763
  2081   02    10.881
  2081   03    11.518
  2081   04    11.535
  2081   05    10.812
  2081   06     8.505
  2081   07     1.960
  2081   08     0.092
  2081   09     0.042
  2081   10     0.052
  2081   11     0.354
  2081   12     5.151
  2082   01     9.285
  2082   02    10.555
  2082   03    11.318
  2082   04    11.466
  2082   05    10.568
  2082   06     9.159
  2082   07     3.490
  2082   08     0.057
  2082   09     0.017
  2082   10     0.074
  2082   11     1.051
  2082   12     6.289
  2083   01     9.878
  2083   02    11.050
  2083   03    11.590
  2083   04    11.552
  2083   05    11.048
  2083   06     8.720
  2083   07     4.187
  2083   08     0.054
  2083   09     0.006
  2083   10     0.150
  2083   11     1.773
  2083   12     6.335
  2084   01     9.164
  2084   02    10.685
  2084   03    11.347
  2084   04    11.526
  2084   05    10.914
  2084   06     8.217
  2084   07     0.584
  2084   08     0.072
  2084   09     0.012
  2084   10     0.019
  2084   11     0.303
  2084   12     3.636
  2085   01     8.833
  2085   02    10.316
  2085   03    11.094
  2085   04    10.983
  2085   05    10.036
  2085   06     8.129
  2085   07     0.298
  2085   08     0.005
  2085   09     0.000
  2085   10     0.000
  2085   11     0.250
  2085   12     3.111
  2086   01     8.056
  2086   02    10.060
  2086   03    10.872
  2086   04    10.905
  2086   05    10.028
  2086   06     8.209
  2086   07     1.136
  2086   08     0.011
  2086   09     0.000
  2086   10     0.017
  2086   11     0.345
  2086   12     3.993
  2087   01     8.411
  2087   02     9.642
  2087   03    10.538
  2087   04    10.806
  2087   05     9.807
  2087   06     7.584
  2087   07     0.184
  2087   08     0.028
  2087   09     0.008
  2087   10     0.023
  2087   11     0.405
  2087   12     2.308
  2088   01     6.597
  2088   02     9.781
  2088   03    10.378
  2088   04    10.399
  2088   05     9.220
  2088   06     7.173
  2088   07     0.389
  2088   08     0.045
  2088   09     0.010
  2088   10     0.038
  2088   11     0.377
  2088   12     2.416
  2089   01     6.046
  2089   02     9.197
  2089   03    10.104
  2089   04    10.318
  2089   05     9.257
  2089   06     7.369
  2089   07     0.155
  2089   08     0.012
  2089   09     0.003
  2089   10     0.004
  2089   11     0.150
  2089   12     1.660
  2090   01     6.610
  2090   02     9.078
  2090   03    10.029
  2090   04    10.187
  2090   05     9.495
  2090   06     7.034
  2090   07     0.127
  2090   08     0.011
  2090   09     0.000
  2090   10     0.005
  2090   11     0.161
  2090   12     2.261
  2091   01     5.900
  2091   02     9.069
  2091   03    10.084
  2091   04    10.112
  2091   05     9.192
  2091   06     6.936
  2091   07     0.198
  2091   08     0.041
  2091   09     0.011
  2091   10     0.006
  2091   11     0.146
  2091   12     2.021
  2092   01     6.310
  2092   02     9.087
  2092   03     9.971
  2092   04    10.069
  2092   05     9.336
  2092   06     6.630
  2092   07     0.173
  2092   08     0.030
  2092   09     0.006
  2092   10     0.014
  2092   11     0.265
  2092   12     2.437
  2093   01     7.065
  2093   02     9.027
  2093   03     9.935
  2093   04    10.114
  2093   05     9.478
  2093   06     6.931
  2093   07     0.158
  2093   08     0.016
  2093   09     0.003
  2093   10     0.003
  2093   11     0.159
  2093   12     2.210
  2094   01     6.311
  2094   02     9.038
  2094   03     9.776
  2094   04     9.955
  2094   05     9.277
  2094   06     6.797
  2094   07     0.057
  2094   08     0.000
  2094   09     0.000
  2094   10     0.004
  2094   11     0.123
  2094   12     0.741
  2095   01     3.588
  2095   02     7.465
  2095   03     9.018
  2095   04     9.314
  2095   05     8.842
  2095   06     6.342
  2095   07     0.056
  2095   08     0.000
  2095   09     0.000
  2095   10     0.001
  2095   11     0.132
  2095   12     0.717
  2096   01     3.953
  2096   02     8.305
  2096   03     9.347
  2096   04     9.403
  2096   05     8.779
  2096   06     6.446
  2096   07     0.076
  2096   08     0.010
  2096   09     0.000
  2096   10     0.001
  2096   11     0.135
  2096   12     0.922
  2097   01     4.131
  2097   02     8.143
  2097   03     9.196
  2097   04     9.257
  2097   05     8.600
  2097   06     7.026
  2097   07     0.209
  2097   08     0.035
  2097   09     0.010
  2097   10     0.000
  2097   11     0.157
  2097   12     0.676
  2098   01     3.470
  2098   02     6.964
  2098   03     8.546
  2098   04     8.800
  2098   05     7.885
  2098   06     4.140
  2098   07     0.035
  2098   08     0.003
  2098   09     0.000
  2098   10     0.001
  2098   11     0.024
  2098   12     0.311
  2099   01     2.163
  2099   02     6.294
  2099   03     8.108
  2099   04     8.517
  2099   05     7.636
  2099   06     3.762
  2099   07     0.084
  2099   08     0.007
  2099   09     0.000
  2099   10     0.002
  2099   11     0.151
  2099   12     0.661
  2100   01     2.511
  2100   02     5.190
  2100   03     7.444
  2100   04     8.176
  2100   05     7.230
  2100   06     3.360
  2100   07     0.004
  2100   08     0.000
  2100   09     0.000
  2100   10     0.001
  2100   11     0.039
  2100   12     0.199
