  1850   01    14.362
  1850   02    15.054
  1850   03    15.574
  1850   04    15.279
  1850   05    14.348
  1850   06    12.749
  1850   07    10.467
  1850   08     8.042
  1850   09     6.886
  1850   10     8.295
  1850   11    10.952
  1850   12    13.307
  1851   01    14.321
  1851   02    14.984
  1851   03    15.240
  1851   04    15.052
  1851   05    14.214
  1851   06    12.614
  1851   07    10.910
  1851   08     8.212
  1851   09     6.654
  1851   10     8.441
  1851   11    10.704
  1851   12    12.712
  1852   01    14.031
  1852   02    14.650
  1852   03    15.090
  1852   04    14.953
  1852   05    14.194
  1852   06    12.164
  1852   07     9.896
  1852   08     7.587
  1852   09     6.658
  1852   10     8.372
  1852   11    10.341
  1852   12    12.594
  1853   01    14.021
  1853   02    14.678
  1853   03    14.746
  1853   04    14.580
  1853   05    13.858
  1853   06    12.316
  1853   07    10.482
  1853   08     8.224
  1853   09     6.993
  1853   10     8.990
  1853   11    10.827
  1853   12    12.945
  1854   01    14.198
  1854   02    14.859
  1854   03    15.014
  1854   04    14.828
  1854   05    14.125
  1854   06    12.111
  1854   07     9.921
  1854   08     7.441
  1854   09     6.276
  1854   10     7.922
  1854   11    10.444
  1854   12    12.662
  1855   01    13.766
  1855   02    14.629
  1855   03    14.953
  1855   04    14.841
  1855   05    13.992
  1855   06    12.100
  1855   07    10.371
  1855   08     7.612
  1855   09     6.688
  1855   10     8.759
  1855   11    10.680
  1855   12    12.650
  1856   01    13.864
  1856   02    14.720
  1856   03    15.039
  1856   04    14.780
  1856   05    13.789
  1856   06    12.212
  1856   07    10.427
  1856   08     7.825
  1856   09     6.515
  1856   10     8.463
  1856   11    10.249
  1856   12    12.252
  1857   01    13.815
  1857   02    14.611
  1857   03    14.924
  1857   04    14.667
  1857   05    13.744
  1857   06    12.032
  1857   07    10.166
  1857   08     7.702
  1857   09     6.693
  1857   10     7.850
  1857   11    10.080
  1857   12    12.352
  1858   01    13.962
  1858   02    14.645
  1858   03    14.855
  1858   04    14.887
  1858   05    13.898
  1858   06    12.152
  1858   07    10.374
  1858   08     8.344
  1858   09     7.731
  1858   10     9.387
  1858   11    10.729
  1858   12    12.996
  1859   01    14.130
  1859   02    14.848
  1859   03    15.123
  1859   04    14.670
  1859   05    13.811
  1859   06    12.302
  1859   07    10.501
  1859   08     8.289
  1859   09     6.989
  1859   10     8.912
  1859   11    11.039
  1859   12    13.058
  1860   01    14.343
  1860   02    15.018
  1860   03    15.267
  1860   04    15.012
  1860   05    13.960
  1860   06    12.538
  1860   07    10.668
  1860   08     8.034
  1860   09     6.665
  1860   10     8.286
  1860   11    10.836
  1860   12    12.950
  1861   01    14.428
  1861   02    14.919
  1861   03    15.087
  1861   04    14.574
  1861   05    13.646
  1861   06    12.716
  1861   07    10.825
  1861   08     7.303
  1861   09     5.997
  1861   10     8.647
  1861   11    11.440
  1861   12    13.089
  1862   01    14.153
  1862   02    14.576
  1862   03    14.796
  1862   04    14.648
  1862   05    13.819
  1862   06    12.784
  1862   07    10.466
  1862   08     7.598
  1862   09     6.195
  1862   10     8.011
  1862   11    11.400
  1862   12    13.350
  1863   01    14.511
  1863   02    14.925
  1863   03    15.143
  1863   04    14.885
  1863   05    13.876
  1863   06    12.811
  1863   07    10.601
  1863   08     7.199
  1863   09     5.846
  1863   10     7.498
  1863   11    11.196
  1863   12    12.773
  1864   01    14.063
  1864   02    14.910
  1864   03    15.217
  1864   04    15.050
  1864   05    14.121
  1864   06    12.521
  1864   07    10.418
  1864   08     6.906
  1864   09     5.701
  1864   10     7.988
  1864   11    10.645
  1864   12    12.489
  1865   01    13.843
  1865   02    14.681
  1865   03    14.643
  1865   04    14.566
  1865   05    13.741
  1865   06    12.490
  1865   07    10.605
  1865   08     7.235
  1865   09     5.911
  1865   10     8.040
  1865   11    10.867
  1865   12    12.356
  1866   01    13.771
  1866   02    14.433
  1866   03    14.583
  1866   04    14.506
  1866   05    13.434
  1866   06    11.917
  1866   07     9.830
  1866   08     7.035
  1866   09     5.201
  1866   10     7.743
  1866   11    10.048
  1866   12    12.612
  1867   01    13.787
  1867   02    14.560
  1867   03    14.896
  1867   04    14.615
  1867   05    13.912
  1867   06    12.501
  1867   07    10.164
  1867   08     7.486
  1867   09     6.456
  1867   10     7.804
  1867   11    10.642
  1867   12    13.000
  1868   01    14.225
  1868   02    14.859
  1868   03    15.110
  1868   04    14.777
  1868   05    14.027
  1868   06    12.872
  1868   07    10.980
  1868   08     7.998
  1868   09     7.060
  1868   10     9.040
  1868   11    11.501
  1868   12    13.167
  1869   01    14.344
  1869   02    15.048
  1869   03    15.398
  1869   04    15.499
  1869   05    14.688
  1869   06    12.474
  1869   07    10.158
  1869   08     8.091
  1869   09     6.966
  1869   10     8.120
  1869   11    10.724
  1869   12    13.121
  1870   01    14.269
  1870   02    14.987
  1870   03    15.192
  1870   04    15.008
  1870   05    14.043
  1870   06    12.402
  1870   07    10.632
  1870   08     7.710
  1870   09     6.366
  1870   10     7.965
  1870   11    10.382
  1870   12    12.183
  1871   01    14.175
  1871   02    14.847
  1871   03    15.251
  1871   04    14.936
  1871   05    14.043
  1871   06    12.082
  1871   07     9.792
  1871   08     7.506
  1871   09     6.431
  1871   10     8.209
  1871   11    10.870
  1871   12    13.009
  1872   01    14.181
  1872   02    14.954
  1872   03    14.982
  1872   04    14.486
  1872   05    13.670
  1872   06    12.143
  1872   07    10.253
  1872   08     7.462
  1872   09     6.464
  1872   10     8.412
  1872   11    10.668
  1872   12    13.039
  1873   01    14.055
  1873   02    14.583
  1873   03    14.926
  1873   04    14.934
  1873   05    14.288
  1873   06    12.519
  1873   07    10.925
  1873   08     8.097
  1873   09     6.664
  1873   10     8.353
  1873   11    10.562
  1873   12    12.858
  1874   01    14.188
  1874   02    14.808
  1874   03    14.985
  1874   04    14.868
  1874   05    13.940
  1874   06    12.251
  1874   07    10.466
  1874   08     8.218
  1874   09     7.466
  1874   10     9.304
  1874   11    10.965
  1874   12    13.299
  1875   01    14.249
  1875   02    14.837
  1875   03    15.109
  1875   04    15.003
  1875   05    14.212
  1875   06    12.402
  1875   07    10.178
  1875   08     7.675
  1875   09     6.418
  1875   10     7.910
  1875   11    10.812
  1875   12    13.238
  1876   01    14.372
  1876   02    14.795
  1876   03    15.099
  1876   04    14.867
  1876   05    13.794
  1876   06    12.518
  1876   07    10.408
  1876   08     7.655
  1876   09     6.481
  1876   10     8.540
  1876   11    10.882
  1876   12    13.150
  1877   01    14.237
  1877   02    14.763
  1877   03    14.737
  1877   04    14.354
  1877   05    13.689
  1877   06    12.190
  1877   07     9.582
  1877   08     6.475
  1877   09     5.485
  1877   10     7.457
  1877   11    10.335
  1877   12    12.897
  1878   01    14.253
  1878   02    15.023
  1878   03    15.169
  1878   04    14.788
  1878   05    13.980
  1878   06    12.125
  1878   07    10.268
  1878   08     7.959
  1878   09     7.257
  1878   10     8.202
  1878   11    10.658
  1878   12    12.917
  1879   01    14.115
  1879   02    14.828
  1879   03    15.115
  1879   04    14.968
  1879   05    13.947
  1879   06    11.938
  1879   07    10.019
  1879   08     8.299
  1879   09     7.544
  1879   10     9.043
  1879   11    10.953
  1879   12    13.045
  1880   01    14.209
  1880   02    14.781
  1880   03    14.958
  1880   04    15.068
  1880   05    14.295
  1880   06    12.345
  1880   07    10.244
  1880   08     8.210
  1880   09     6.741
  1880   10     8.816
  1880   11    10.789
  1880   12    12.692
  1881   01    14.164
  1881   02    15.003
  1881   03    15.430
  1881   04    15.264
  1881   05    14.376
  1881   06    12.481
  1881   07    10.405
  1881   08     7.997
  1881   09     6.343
  1881   10     8.910
  1881   11    11.035
  1881   12    13.015
  1882   01    14.407
  1882   02    15.050
  1882   03    15.243
  1882   04    15.113
  1882   05    14.229
  1882   06    12.845
  1882   07    10.952
  1882   08     8.494
  1882   09     7.738
  1882   10     9.520
  1882   11    11.395
  1882   12    13.359
  1883   01    14.522
  1883   02    14.837
  1883   03    15.088
  1883   04    15.132
  1883   05    14.214
  1883   06    12.842
  1883   07    10.814
  1883   08     7.780
  1883   09     6.244
  1883   10     8.500
  1883   11    10.856
  1883   12    13.338
  1884   01    14.451
  1884   02    14.910
  1884   03    15.127
  1884   04    15.081
  1884   05    13.955
  1884   06    12.429
  1884   07    10.208
  1884   08     7.919
  1884   09     6.747
  1884   10     8.067
  1884   11    10.923
  1884   12    13.322
  1885   01    14.508
  1885   02    15.173
  1885   03    15.414
  1885   04    15.178
  1885   05    14.420
  1885   06    12.659
  1885   07    10.702
  1885   08     7.763
  1885   09     6.720
  1885   10     8.455
  1885   11    11.330
  1885   12    13.360
  1886   01    14.442
  1886   02    15.242
  1886   03    15.490
  1886   04    15.266
  1886   05    14.614
  1886   06    12.722
  1886   07    10.697
  1886   08     8.417
  1886   09     7.070
  1886   10     9.060
  1886   11    11.370
  1886   12    13.452
  1887   01    14.512
  1887   02    14.986
  1887   03    15.332
  1887   04    15.198
  1887   05    14.115
  1887   06    12.489
  1887   07    10.557
  1887   08     7.770
  1887   09     6.660
  1887   10     8.839
  1887   11    10.660
  1887   12    12.768
  1888   01    13.899
  1888   02    14.564
  1888   03    14.707
  1888   04    14.484
  1888   05    13.530
  1888   06    12.276
  1888   07    10.666
  1888   08     7.167
  1888   09     5.587
  1888   10     8.241
  1888   11    10.515
  1888   12    13.018
  1889   01    14.252
  1889   02    14.704
  1889   03    14.839
  1889   04    14.546
  1889   05    13.844
  1889   06    12.259
  1889   07    10.734
  1889   08     8.522
  1889   09     7.081
  1889   10     8.535
  1889   11    10.754
  1889   12    12.888
  1890   01    14.052
  1890   02    14.699
  1890   03    14.973
  1890   04    14.851
  1890   05    14.107
  1890   06    12.786
  1890   07    10.171
  1890   08     8.012
  1890   09     6.953
  1890   10     8.780
  1890   11    10.630
  1890   12    13.086
  1891   01    14.211
  1891   02    14.818
  1891   03    15.255
  1891   04    15.155
  1891   05    14.233
  1891   06    12.360
  1891   07    10.354
  1891   08     8.366
  1891   09     7.149
  1891   10     8.443
  1891   11    10.743
  1891   12    13.059
  1892   01    14.274
  1892   02    14.721
  1892   03    14.737
  1892   04    14.557
  1892   05    14.015
  1892   06    12.544
  1892   07    10.713
  1892   08     8.027
  1892   09     6.775
  1892   10     8.259
  1892   11    10.578
  1892   12    13.130
  1893   01    14.212
  1893   02    14.647
  1893   03    14.966
  1893   04    14.763
  1893   05    13.932
  1893   06    12.151
  1893   07     9.623
  1893   08     8.025
  1893   09     6.988
  1893   10     8.073
  1893   11    10.474
  1893   12    12.354
  1894   01    13.922
  1894   02    14.611
  1894   03    14.812
  1894   04    14.802
  1894   05    14.142
  1894   06    12.420
  1894   07     9.650
  1894   08     7.203
  1894   09     5.857
  1894   10     7.455
  1894   11    11.006
  1894   12    13.040
  1895   01    14.197
  1895   02    14.737
  1895   03    15.022
  1895   04    15.011
  1895   05    14.340
  1895   06    12.459
  1895   07    10.171
  1895   08     7.331
  1895   09     6.589
  1895   10     8.602
  1895   11    10.505
  1895   12    12.383
  1896   01    14.088
  1896   02    14.615
  1896   03    14.913
  1896   04    15.081
  1896   05    14.514
  1896   06    12.852
  1896   07    10.432
  1896   08     7.384
  1896   09     6.018
  1896   10     7.936
  1896   11    10.566
  1896   12    13.109
  1897   01    14.160
  1897   02    14.627
  1897   03    15.051
  1897   04    14.950
  1897   05    14.264
  1897   06    12.391
  1897   07    10.069
  1897   08     7.695
  1897   09     6.528
  1897   10     8.394
  1897   11    10.534
  1897   12    12.727
  1898   01    13.877
  1898   02    14.574
  1898   03    14.835
  1898   04    14.780
  1898   05    13.937
  1898   06    12.383
  1898   07    10.390
  1898   08     7.992
  1898   09     6.135
  1898   10     7.865
  1898   11    10.284
  1898   12    12.313
  1899   01    13.847
  1899   02    14.712
  1899   03    15.169
  1899   04    14.977
  1899   05    14.136
  1899   06    12.818
  1899   07    10.651
  1899   08     8.286
  1899   09     7.125
  1899   10     8.977
  1899   11    10.928
  1899   12    13.050
  1900   01    14.169
  1900   02    14.745
  1900   03    14.937
  1900   04    14.918
  1900   05    14.273
  1900   06    12.657
  1900   07    10.634
  1900   08     8.262
  1900   09     6.453
  1900   10     8.602
  1900   11    10.686
  1900   12    12.990
  1901   01    14.127
  1901   02    14.979
  1901   03    15.255
  1901   04    15.145
  1901   05    14.231
  1901   06    12.580
  1901   07    10.544
  1901   08     7.486
  1901   09     6.424
  1901   10     8.075
  1901   11    10.662
  1901   12    12.880
  1902   01    13.899
  1902   02    14.456
  1902   03    14.619
  1902   04    14.494
  1902   05    13.330
  1902   06    11.955
  1902   07    10.061
  1902   08     7.564
  1902   09     6.574
  1902   10     7.875
  1902   11    10.046
  1902   12    12.187
  1903   01    13.727
  1903   02    14.281
  1903   03    14.483
  1903   04    14.202
  1903   05    13.432
  1903   06    12.029
  1903   07     9.573
  1903   08     7.028
  1903   09     6.194
  1903   10     7.352
  1903   11    10.260
  1903   12    12.855
  1904   01    13.993
  1904   02    14.395
  1904   03    14.903
  1904   04    14.819
  1904   05    14.028
  1904   06    12.417
  1904   07    10.379
  1904   08     8.161
  1904   09     6.913
  1904   10     9.202
  1904   11    10.862
  1904   12    13.125
  1905   01    13.985
  1905   02    14.742
  1905   03    15.154
  1905   04    14.804
  1905   05    14.121
  1905   06    12.597
  1905   07    10.610
  1905   08     8.380
  1905   09     7.482
  1905   10     8.650
  1905   11    10.500
  1905   12    12.751
  1906   01    14.430
  1906   02    15.095
  1906   03    15.169
  1906   04    14.759
  1906   05    13.934
  1906   06    12.005
  1906   07    10.120
  1906   08     8.022
  1906   09     7.053
  1906   10     8.207
  1906   11    10.574
  1906   12    12.598
  1907   01    14.081
  1907   02    14.624
  1907   03    14.807
  1907   04    14.647
  1907   05    13.881
  1907   06    12.432
  1907   07    10.391
  1907   08     8.457
  1907   09     7.924
  1907   10     8.927
  1907   11    10.787
  1907   12    12.818
  1908   01    14.100
  1908   02    14.847
  1908   03    15.100
  1908   04    15.046
  1908   05    14.051
  1908   06    12.210
  1908   07    10.355
  1908   08     8.229
  1908   09     7.202
  1908   10     9.117
  1908   11    10.942
  1908   12    13.125
  1909   01    14.080
  1909   02    14.503
  1909   03    14.612
  1909   04    14.476
  1909   05    13.719
  1909   06    12.457
  1909   07    10.439
  1909   08     7.946
  1909   09     7.162
  1909   10     8.536
  1909   11    11.168
  1909   12    12.944
  1910   01    14.019
  1910   02    14.471
  1910   03    14.781
  1910   04    14.530
  1910   05    13.693
  1910   06    12.089
  1910   07    10.211
  1910   08     8.046
  1910   09     6.800
  1910   10     8.460
  1910   11    10.297
  1910   12    12.847
  1911   01    14.114
  1911   02    14.735
  1911   03    15.099
  1911   04    15.092
  1911   05    14.401
  1911   06    12.610
  1911   07    10.807
  1911   08     8.041
  1911   09     6.929
  1911   10     8.204
  1911   11    10.805
  1911   12    13.016
  1912   01    14.115
  1912   02    14.573
  1912   03    14.949
  1912   04    14.892
  1912   05    14.103
  1912   06    12.451
  1912   07    10.285
  1912   08     7.344
  1912   09     6.041
  1912   10     8.351
  1912   11    11.234
  1912   12    13.062
  1913   01    14.263
  1913   02    14.794
  1913   03    15.023
  1913   04    14.984
  1913   05    14.205
  1913   06    12.674
  1913   07    11.314
  1913   08     8.709
  1913   09     7.235
  1913   10     9.218
  1913   11    10.910
  1913   12    13.101
  1914   01    14.475
  1914   02    15.095
  1914   03    15.584
  1914   04    15.515
  1914   05    14.674
  1914   06    12.827
  1914   07    10.153
  1914   08     8.175
  1914   09     7.599
  1914   10     8.558
  1914   11    10.707
  1914   12    13.382
  1915   01    14.557
  1915   02    15.119
  1915   03    15.378
  1915   04    15.310
  1915   05    14.181
  1915   06    12.371
  1915   07    10.156
  1915   08     8.618
  1915   09     7.807
  1915   10     9.085
  1915   11    10.913
  1915   12    12.991
  1916   01    14.386
  1916   02    15.002
  1916   03    15.069
  1916   04    14.831
  1916   05    13.985
  1916   06    12.750
  1916   07    10.644
  1916   08     8.489
  1916   09     7.479
  1916   10     9.410
  1916   11    10.898
  1916   12    13.079
  1917   01    14.105
  1917   02    14.840
  1917   03    14.985
  1917   04    14.914
  1917   05    13.952
  1917   06    12.215
  1917   07    10.131
  1917   08     8.402
  1917   09     7.748
  1917   10     8.653
  1917   11    10.639
  1917   12    12.596
  1918   01    13.829
  1918   02    14.656
  1918   03    15.029
  1918   04    14.794
  1918   05    13.872
  1918   06    12.254
  1918   07     9.637
  1918   08     7.956
  1918   09     7.200
  1918   10     8.507
  1918   11    10.531
  1918   12    12.922
  1919   01    14.360
  1919   02    14.851
  1919   03    15.230
  1919   04    15.043
  1919   05    14.236
  1919   06    12.494
  1919   07     9.921
  1919   08     7.956
  1919   09     7.153
  1919   10     8.799
  1919   11    10.987
  1919   12    13.264
  1920   01    14.124
  1920   02    14.544
  1920   03    15.016
  1920   04    14.841
  1920   05    13.731
  1920   06    12.251
  1920   07    10.533
  1920   08     7.836
  1920   09     6.697
  1920   10     8.392
  1920   11    10.822
  1920   12    12.905
  1921   01    14.085
  1921   02    14.500
  1921   03    14.639
  1921   04    14.532
  1921   05    13.662
  1921   06    12.434
  1921   07    10.662
  1921   08     7.754
  1921   09     6.722
  1921   10     8.308
  1921   11    10.424
  1921   12    12.630
  1922   01    13.975
  1922   02    14.302
  1922   03    14.492
  1922   04    14.409
  1922   05    13.637
  1922   06    12.200
  1922   07     9.632
  1922   08     6.996
  1922   09     5.702
  1922   10     7.882
  1922   11    10.142
  1922   12    12.168
  1923   01    14.017
  1923   02    14.364
  1923   03    14.603
  1923   04    14.343
  1923   05    13.441
  1923   06    12.143
  1923   07     9.652
  1923   08     7.506
  1923   09     5.778
  1923   10     7.581
  1923   11     9.919
  1923   12    12.288
  1924   01    13.470
  1924   02    14.066
  1924   03    14.203
  1924   04    14.105
  1924   05    13.505
  1924   06    11.987
  1924   07     9.971
  1924   08     7.738
  1924   09     6.666
  1924   10     8.219
  1924   11    10.137
  1924   12    12.556
  1925   01    13.704
  1925   02    14.267
  1925   03    14.653
  1925   04    14.600
  1925   05    13.579
  1925   06    12.057
  1925   07     9.581
  1925   08     8.180
  1925   09     6.735
  1925   10     8.430
  1925   11    10.341
  1925   12    12.386
  1926   01    13.588
  1926   02    14.167
  1926   03    14.437
  1926   04    14.375
  1926   05    13.681
  1926   06    12.494
  1926   07    10.130
  1926   08     7.373
  1926   09     5.848
  1926   10     7.531
  1926   11    10.120
  1926   12    12.619
  1927   01    13.758
  1927   02    14.224
  1927   03    14.244
  1927   04    13.945
  1927   05    13.243
  1927   06    12.188
  1927   07    10.355
  1927   08     7.563
  1927   09     5.604
  1927   10     7.524
  1927   11    10.125
  1927   12    12.371
  1928   01    13.656
  1928   02    14.353
  1928   03    14.618
  1928   04    14.445
  1928   05    13.195
  1928   06    11.708
  1928   07     9.853
  1928   08     7.286
  1928   09     5.887
  1928   10     7.388
  1928   11     9.997
  1928   12    12.401
  1929   01    13.701
  1929   02    14.378
  1929   03    14.752
  1929   04    14.689
  1929   05    13.498
  1929   06    12.168
  1929   07     9.811
  1929   08     6.882
  1929   09     5.942
  1929   10     8.159
  1929   11    10.384
  1929   12    12.342
  1930   01    13.550
  1930   02    14.463
  1930   03    14.658
  1930   04    14.479
  1930   05    13.499
  1930   06    11.738
  1930   07     9.405
  1930   08     6.982
  1930   09     6.111
  1930   10     7.595
  1930   11    10.090
  1930   12    12.277
  1931   01    14.001
  1931   02    14.540
  1931   03    14.783
  1931   04    14.484
  1931   05    13.807
  1931   06    12.275
  1931   07    10.186
  1931   08     7.422
  1931   09     5.988
  1931   10     7.807
  1931   11    10.735
  1931   12    12.742
  1932   01    14.056
  1932   02    14.491
  1932   03    14.778
  1932   04    14.507
  1932   05    13.673
  1932   06    12.634
  1932   07    10.690
  1932   08     7.847
  1932   09     6.070
  1932   10     7.865
  1932   11    10.575
  1932   12    12.752
  1933   01    14.178
  1933   02    14.653
  1933   03    14.834
  1933   04    14.656
  1933   05    13.554
  1933   06    12.104
  1933   07     9.707
  1933   08     6.530
  1933   09     5.156
  1933   10     7.098
  1933   11    10.222
  1933   12    12.534
  1934   01    13.856
  1934   02    14.445
  1934   03    14.608
  1934   04    14.372
  1934   05    13.659
  1934   06    12.076
  1934   07     9.230
  1934   08     7.025
  1934   09     5.940
  1934   10     7.231
  1934   11    10.097
  1934   12    12.595
  1935   01    13.969
  1935   02    14.481
  1935   03    14.907
  1935   04    14.875
  1935   05    14.161
  1935   06    12.111
  1935   07     9.569
  1935   08     6.822
  1935   09     5.336
  1935   10     7.466
  1935   11    10.483
  1935   12    12.986
  1936   01    14.152
  1936   02    14.854
  1936   03    15.042
  1936   04    14.653
  1936   05    13.887
  1936   06    12.202
  1936   07     9.632
  1936   08     6.768
  1936   09     5.458
  1936   10     7.509
  1936   11    10.223
  1936   12    12.509
  1937   01    13.714
  1937   02    14.488
  1937   03    14.948
  1937   04    14.806
  1937   05    13.789
  1937   06    12.163
  1937   07     9.863
  1937   08     6.565
  1937   09     5.450
  1937   10     8.035
  1937   11    10.353
  1937   12    12.078
  1938   01    13.901
  1938   02    14.456
  1938   03    14.856
  1938   04    14.653
  1938   05    13.660
  1938   06    11.998
  1938   07     9.475
  1938   08     7.208
  1938   09     6.136
  1938   10     7.659
  1938   11     9.908
  1938   12    11.921
  1939   01    13.547
  1939   02    14.032
  1939   03    14.300
  1939   04    14.199
  1939   05    13.411
  1939   06    11.782
  1939   07     9.491
  1939   08     7.986
  1939   09     7.110
  1939   10     8.723
  1939   11    10.600
  1939   12    12.356
  1940   01    13.588
  1940   02    14.050
  1940   03    14.150
  1940   04    14.083
  1940   05    13.415
  1940   06    12.116
  1940   07     9.658
  1940   08     7.519
  1940   09     6.166
  1940   10     8.439
  1940   11    10.372
  1940   12    12.737
  1941   01    13.935
  1941   02    14.409
  1941   03    14.483
  1941   04    14.373
  1941   05    13.355
  1941   06    12.013
  1941   07    10.282
  1941   08     7.625
  1941   09     6.423
  1941   10     8.137
  1941   11    10.561
  1941   12    12.420
  1942   01    13.714
  1942   02    14.327
  1942   03    14.540
  1942   04    14.470
  1942   05    13.268
  1942   06    11.774
  1942   07     9.454
  1942   08     7.477
  1942   09     6.504
  1942   10     7.811
  1942   11    10.419
  1942   12    12.662
  1943   01    13.801
  1943   02    14.548
  1943   03    14.772
  1943   04    14.526
  1943   05    13.829
  1943   06    12.336
  1943   07     9.997
  1943   08     7.219
  1943   09     6.358
  1943   10     7.590
  1943   11    10.852
  1943   12    13.046
  1944   01    14.096
  1944   02    14.824
  1944   03    14.969
  1944   04    14.740
  1944   05    13.912
  1944   06    12.333
  1944   07    10.180
  1944   08     7.520
  1944   09     6.788
  1944   10     8.788
  1944   11    10.770
  1944   12    12.762
  1945   01    14.248
  1945   02    14.852
  1945   03    15.006
  1945   04    14.968
  1945   05    14.108
  1945   06    12.564
  1945   07    10.854
  1945   08     8.363
  1945   09     6.926
  1945   10     8.771
  1945   11    11.136
  1945   12    13.042
  1946   01    14.047
  1946   02    14.608
  1946   03    15.064
  1946   04    14.971
  1946   05    13.950
  1946   06    12.466
  1946   07    10.669
  1946   08     7.788
  1946   09     7.174
  1946   10     9.048
  1946   11    10.843
  1946   12    12.949
  1947   01    14.318
  1947   02    14.916
  1947   03    15.239
  1947   04    15.215
  1947   05    14.293
  1947   06    12.699
  1947   07    10.880
  1947   08     8.313
  1947   09     7.108
  1947   10     8.957
  1947   11    11.030
  1947   12    13.104
  1948   01    14.532
  1948   02    15.040
  1948   03    15.351
  1948   04    15.140
  1948   05    14.390
  1948   06    12.587
  1948   07    10.433
  1948   08     8.572
  1948   09     7.327
  1948   10     9.118
  1948   11    11.043
  1948   12    13.035
  1949   01    14.060
  1949   02    14.511
  1949   03    15.159
  1949   04    14.853
  1949   05    13.963
  1949   06    12.185
  1949   07     9.788
  1949   08     7.145
  1949   09     6.240
  1949   10     8.520
  1949   11    10.659
  1949   12    12.811
  1950   01    14.144
  1950   02    14.841
  1950   03    15.150
  1950   04    15.092
  1950   05    14.282
  1950   06    12.261
  1950   07    10.170
  1950   08     7.412
  1950   09     6.360
  1950   10     7.864
  1950   11    10.918
  1950   12    12.730
  1951   01    13.857
  1951   02    14.627
  1951   03    15.020
  1951   04    14.898
  1951   05    13.780
  1951   06    12.194
  1951   07     9.851
  1951   08     7.141
  1951   09     5.861
  1951   10     7.597
  1951   11    10.562
  1951   12    12.770
  1952   01    14.103
  1952   02    14.622
  1952   03    14.808
  1952   04    14.847
  1952   05    13.706
  1952   06    12.576
  1952   07    10.759
  1952   08     8.100
  1952   09     6.679
  1952   10     8.632
  1952   11    10.550
  1952   12    13.038
  1953   01    14.157
  1953   02    14.886
  1953   03    15.024
  1953   04    14.980
  1953   05    13.703
  1953   06    12.250
  1953   07    10.261
  1953   08     8.157
  1953   09     6.835
  1953   10     8.062
  1953   11    10.543
  1953   12    12.893
  1954   01    14.101
  1954   02    14.662
  1954   03    15.242
  1954   04    15.244
  1954   05    14.264
  1954   06    12.559
  1954   07    10.891
  1954   08     8.323
  1954   09     6.905
  1954   10     9.537
  1954   11    11.440
  1954   12    13.290
  1955   01    14.446
  1955   02    14.966
  1955   03    15.121
  1955   04    14.949
  1955   05    14.355
  1955   06    12.602
  1955   07     9.761
  1955   08     6.975
  1955   09     5.763
  1955   10     8.129
  1955   11    10.715
  1955   12    13.044
  1956   01    14.509
  1956   02    15.211
  1956   03    15.508
  1956   04    15.216
  1956   05    14.353
  1956   06    12.785
  1956   07    10.876
  1956   08     8.395
  1956   09     6.665
  1956   10     8.870
  1956   11    11.103
  1956   12    13.477
  1957   01    14.595
  1957   02    15.137
  1957   03    15.492
  1957   04    15.226
  1957   05    14.129
  1957   06    12.467
  1957   07    10.835
  1957   08     7.562
  1957   09     6.011
  1957   10     8.812
  1957   11    10.941
  1957   12    13.316
  1958   01    14.707
  1958   02    15.103
  1958   03    15.408
  1958   04    15.253
  1958   05    14.033
  1958   06    12.495
  1958   07    10.481
  1958   08     8.008
  1958   09     6.812
  1958   10     8.848
  1958   11    11.077
  1958   12    13.183
  1959   01    14.632
  1959   02    15.203
  1959   03    15.463
  1959   04    15.225
  1959   05    14.328
  1959   06    12.161
  1959   07     9.631
  1959   08     7.344
  1959   09     5.901
  1959   10     7.552
  1959   11     9.865
  1959   12    12.598
  1960   01    14.220
  1960   02    14.821
  1960   03    14.994
  1960   04    14.826
  1960   05    13.942
  1960   06    12.612
  1960   07    10.876
  1960   08     8.126
  1960   09     6.273
  1960   10     8.541
  1960   11    10.298
  1960   12    12.757
  1961   01    14.019
  1961   02    14.887
  1961   03    15.240
  1961   04    14.913
  1961   05    14.056
  1961   06    12.507
  1961   07    10.400
  1961   08     7.148
  1961   09     5.401
  1961   10     7.826
  1961   11    10.800
  1961   12    12.536
  1962   01    14.013
  1962   02    14.613
  1962   03    14.832
  1962   04    14.842
  1962   05    13.605
  1962   06    11.978
  1962   07     9.206
  1962   08     6.358
  1962   09     4.662
  1962   10     6.595
  1962   11    10.178
  1962   12    12.703
  1963   01    14.099
  1963   02    14.892
  1963   03    15.201
  1963   04    15.040
  1963   05    14.135
  1963   06    12.693
  1963   07    10.797
  1963   08     7.886
  1963   09     6.649
  1963   10     8.293
  1963   11    10.823
  1963   12    13.135
  1964   01    14.073
  1964   02    14.866
  1964   03    15.145
  1964   04    14.883
  1964   05    14.041
  1964   06    12.275
  1964   07     9.670
  1964   08     6.938
  1964   09     5.427
  1964   10     7.938
  1964   11    10.632
  1964   12    13.049
  1965   01    14.213
  1965   02    14.885
  1965   03    15.144
  1965   04    14.816
  1965   05    13.803
  1965   06    11.961
  1965   07     9.844
  1965   08     7.138
  1965   09     5.876
  1965   10     7.645
  1965   11    10.578
  1965   12    12.854
  1966   01    14.228
  1966   02    14.873
  1966   03    15.148
  1966   04    15.011
  1966   05    14.299
  1966   06    12.585
  1966   07    10.362
  1966   08     7.481
  1966   09     6.105
  1966   10     8.694
  1966   11    10.950
  1966   12    13.197
  1967   01    14.224
  1967   02    14.853
  1967   03    15.135
  1967   04    14.948
  1967   05    14.071
  1967   06    12.386
  1967   07    10.550
  1967   08     8.285
  1967   09     7.274
  1967   10     9.180
  1967   11    10.869
  1967   12    12.820
  1968   01    13.927
  1968   02    14.724
  1968   03    15.149
  1968   04    14.981
  1968   05    14.198
  1968   06    12.349
  1968   07    10.147
  1968   08     7.921
  1968   09     6.826
  1968   10     8.633
  1968   11    10.784
  1968   12    12.803
  1969   01    14.513
  1969   02    15.165
  1969   03    15.430
  1969   04    15.221
  1969   05    14.286
  1969   06    12.148
  1969   07    10.012
  1969   08     8.374
  1969   09     7.506
  1969   10     9.191
  1969   11    11.173
  1969   12    13.035
  1970   01    14.236
  1970   02    14.868
  1970   03    15.339
  1970   04    15.289
  1970   05    14.470
  1970   06    12.299
  1970   07    10.278
  1970   08     7.816
  1970   09     6.780
  1970   10     8.713
  1970   11    10.615
  1970   12    12.947
  1971   01    14.008
  1971   02    14.754
  1971   03    15.132
  1971   04    15.086
  1971   05    14.062
  1971   06    12.254
  1971   07     9.959
  1971   08     7.739
  1971   09     6.811
  1971   10     7.808
  1971   11    10.270
  1971   12    12.645
  1972   01    14.319
  1972   02    14.858
  1972   03    14.991
  1972   04    14.745
  1972   05    13.730
  1972   06    12.026
  1972   07    10.208
  1972   08     7.993
  1972   09     7.404
  1972   10     8.634
  1972   11    11.203
  1972   12    13.341
  1973   01    14.417
  1973   02    14.896
  1973   03    15.097
  1973   04    15.027
  1973   05    14.259
  1973   06    12.361
  1973   07    11.061
  1973   08     8.357
  1973   09     7.020
  1973   10     8.777
  1973   11    11.113
  1973   12    12.995
  1974   01    14.423
  1974   02    15.027
  1974   03    15.257
  1974   04    15.146
  1974   05    14.176
  1974   06    12.508
  1974   07    10.378
  1974   08     7.715
  1974   09     6.239
  1974   10     8.351
  1974   11    10.668
  1974   12    12.933
  1975   01    13.990
  1975   02    14.767
  1975   03    15.235
  1975   04    14.897
  1975   05    13.893
  1975   06    12.246
  1975   07    10.514
  1975   08     8.100
  1975   09     6.880
  1975   10     8.610
  1975   11    10.964
  1975   12    12.487
  1976   01    13.898
  1976   02    14.583
  1976   03    14.884
  1976   04    14.708
  1976   05    13.842
  1976   06    12.018
  1976   07    10.194
  1976   08     7.372
  1976   09     6.262
  1976   10     8.332
  1976   11    10.291
  1976   12    12.667
  1977   01    13.909
  1977   02    14.687
  1977   03    15.157
  1977   04    14.998
  1977   05    14.010
  1977   06    12.260
  1977   07     9.885
  1977   08     7.532
  1977   09     6.334
  1977   10     8.533
  1977   11    10.350
  1977   12    12.734
  1978   01    13.894
  1978   02    14.861
  1978   03    15.099
  1978   04    14.724
  1978   05    13.744
  1978   06    12.186
  1978   07    10.250
  1978   08     7.245
  1978   09     6.590
  1978   10     8.507
  1978   11    10.663
  1978   12    13.092
  1979   01    14.170
  1979   02    14.905
  1979   03    15.180
  1979   04    15.202
  1979   05    14.086
  1979   06    12.274
  1979   07    10.404
  1979   08     8.428
  1979   09     7.078
  1979   10     9.357
  1979   11    11.064
  1979   12    12.771
  1980   01    13.792
  1980   02    14.579
  1980   03    14.840
  1980   04    14.472
  1980   05    13.606
  1980   06    11.821
  1980   07    10.028
  1980   08     7.644
  1980   09     6.365
  1980   10     8.206
  1980   11    10.725
  1980   12    12.552
  1981   01    13.802
  1981   02    14.423
  1981   03    14.658
  1981   04    14.631
  1981   05    14.038
  1981   06    12.327
  1981   07     9.850
  1981   08     6.984
  1981   09     5.856
  1981   10     8.406
  1981   11    10.734
  1981   12    13.024
  1982   01    14.090
  1982   02    14.581
  1982   03    14.761
  1982   04    14.675
  1982   05    13.898
  1982   06    12.330
  1982   07    10.180
  1982   08     7.830
  1982   09     6.413
  1982   10     8.817
  1982   11    11.018
  1982   12    12.842
  1983   01    13.847
  1983   02    14.595
  1983   03    14.815
  1983   04    14.570
  1983   05    14.092
  1983   06    11.846
  1983   07     9.217
  1983   08     7.808
  1983   09     6.715
  1983   10     8.710
  1983   11    10.643
  1983   12    12.720
  1984   01    14.019
  1984   02    14.607
  1984   03    14.840
  1984   04    14.713
  1984   05    13.679
  1984   06    11.947
  1984   07    10.250
  1984   08     7.375
  1984   09     6.633
  1984   10     8.522
  1984   11    10.075
  1984   12    12.373
  1985   01    13.781
  1985   02    14.553
  1985   03    14.933
  1985   04    14.637
  1985   05    13.691
  1985   06    12.168
  1985   07     9.386
  1985   08     6.997
  1985   09     5.992
  1985   10     8.003
  1985   11    10.284
  1985   12    12.766
  1986   01    13.836
  1986   02    14.540
  1986   03    14.802
  1986   04    14.536
  1986   05    13.671
  1986   06    11.679
  1986   07    10.138
  1986   08     6.951
  1986   09     5.731
  1986   10     7.303
  1986   11     9.742
  1986   12    12.360
  1987   01    13.330
  1987   02    14.322
  1987   03    14.855
  1987   04    14.687
  1987   05    13.799
  1987   06    12.438
  1987   07     9.616
  1987   08     6.451
  1987   09     4.787
  1987   10     6.609
  1987   11    10.210
  1987   12    12.395
  1988   01    13.857
  1988   02    14.680
  1988   03    14.797
  1988   04    14.582
  1988   05    13.436
  1988   06    11.505
  1988   07     9.445
  1988   08     6.453
  1988   09     4.782
  1988   10     7.604
  1988   11    10.267
  1988   12    12.680
  1989   01    13.905
  1989   02    14.579
  1989   03    14.732
  1989   04    14.568
  1989   05    13.660
  1989   06    12.182
  1989   07     9.414
  1989   08     6.902
  1989   09     5.971
  1989   10     7.558
  1989   11    10.392
  1989   12    12.581
  1990   01    13.713
  1990   02    14.517
  1990   03    14.908
  1990   04    14.732
  1990   05    14.013
  1990   06    12.020
  1990   07     9.310
  1990   08     7.565
  1990   09     6.100
  1990   10     7.899
  1990   11    10.280
  1990   12    12.374
  1991   01    13.946
  1991   02    14.658
  1991   03    14.893
  1991   04    14.826
  1991   05    14.082
  1991   06    12.341
  1991   07     9.835
  1991   08     7.496
  1991   09     6.074
  1991   10     8.403
  1991   11    10.844
  1991   12    12.624
  1992   01    14.284
  1992   02    14.665
  1992   03    15.071
  1992   04    14.722
  1992   05    13.927
  1992   06    12.556
  1992   07    10.746
  1992   08     8.411
  1992   09     6.230
  1992   10     7.943
  1992   11    10.981
  1992   12    13.167
  1993   01    14.431
  1993   02    15.130
  1993   03    15.219
  1993   04    15.094
  1993   05    14.136
  1993   06    11.864
  1993   07     9.435
  1993   08     7.379
  1993   09     6.161
  1993   10     7.140
  1993   11     9.985
  1993   12    12.853
  1994   01    14.078
  1994   02    15.013
  1994   03    15.267
  1994   04    15.058
  1994   05    14.243
  1994   06    12.467
  1994   07    10.519
  1994   08     7.069
  1994   09     5.639
  1994   10     8.469
  1994   11    10.852
  1994   12    12.908
  1995   01    13.588
  1995   02    14.208
  1995   03    14.504
  1995   04    14.388
  1995   05    13.434
  1995   06    11.803
  1995   07     9.494
  1995   08     6.948
  1995   09     5.693
  1995   10     7.320
  1995   11    10.218
  1995   12    12.706
  1996   01    13.582
  1996   02    14.298
  1996   03    14.620
  1996   04    14.390
  1996   05    13.587
  1996   06    11.940
  1996   07    10.164
  1996   08     7.651
  1996   09     5.893
  1996   10     8.295
  1996   11    10.305
  1996   12    12.748
  1997   01    13.997
  1997   02    14.692
  1997   03    14.801
  1997   04    14.668
  1997   05    13.638
  1997   06    12.275
  1997   07     9.414
  1997   08     6.696
  1997   09     5.416
  1997   10     7.175
  1997   11     9.980
  1997   12    12.238
  1998   01    13.580
  1998   02    14.243
  1998   03    14.699
  1998   04    14.530
  1998   05    13.902
  1998   06    11.767
  1998   07     9.851
  1998   08     6.441
  1998   09     5.226
  1998   10     7.810
  1998   11    10.050
  1998   12    11.949
  1999   01    13.780
  1999   02    14.442
  1999   03    14.486
  1999   04    14.330
  1999   05    13.502
  1999   06    11.940
  1999   07     9.429
  1999   08     7.325
  1999   09     6.401
  1999   10     7.642
  1999   11    10.073
  1999   12    12.369
  2000   01    13.552
  2000   02    13.961
  2000   03    14.245
  2000   04    14.134
  2000   05    13.316
  2000   06    12.003
  2000   07     9.526
  2000   08     6.833
  2000   09     4.758
  2000   10     6.743
  2000   11     9.663
  2000   12    12.145
  2001   01    13.598
  2001   02    14.269
  2001   03    14.681
  2001   04    14.448
  2001   05    13.240
  2001   06    11.830
  2001   07     9.614
  2001   08     6.924
  2001   09     5.242
  2001   10     7.268
  2001   11    10.140
  2001   12    11.822
  2002   01    13.396
  2002   02    13.972
  2002   03    14.329
  2002   04    13.977
  2002   05    13.048
  2002   06    11.881
  2002   07     9.040
  2002   08     5.792
  2002   09     4.420
  2002   10     5.815
  2002   11     9.230
  2002   12    11.431
  2003   01    13.020
  2003   02    13.875
  2003   03    14.061
  2003   04    13.933
  2003   05    12.904
  2003   06    11.231
  2003   07     8.182
  2003   08     4.122
  2003   09     2.690
  2003   10     4.823
  2003   11     8.225
  2003   12    10.922
  2004   01    12.980
  2004   02    13.848
  2004   03    14.129
  2004   04    14.190
  2004   05    13.034
  2004   06    11.165
  2004   07     7.834
  2004   08     4.778
  2004   09     2.471
  2004   10     5.272
  2004   11     8.836
  2004   12    11.663
  2005   01    13.243
  2005   02    14.177
  2005   03    14.376
  2005   04    14.092
  2005   05    13.167
  2005   06    11.616
  2005   07     8.359
  2005   08     4.935
  2005   09     3.149
  2005   10     5.492
  2005   11     8.936
  2005   12    11.961
  2006   01    13.265
  2006   02    13.958
  2006   03    14.460
  2006   04    14.223
  2006   05    12.929
  2006   06    11.191
  2006   07     8.624
  2006   08     6.125
  2006   09     4.376
  2006   10     6.503
  2006   11     9.366
  2006   12    11.428
  2007   01    13.012
  2007   02    13.948
  2007   03    14.491
  2007   04    14.355
  2007   05    13.395
  2007   06    11.571
  2007   07     8.499
  2007   08     6.195
  2007   09     3.279
  2007   10     5.911
  2007   11     9.207
  2007   12    11.237
  2008   01    13.414
  2008   02    13.945
  2008   03    14.141
  2008   04    13.842
  2008   05    13.319
  2008   06    11.839
  2008   07     8.458
  2008   08     4.426
  2008   09     2.811
  2008   10     5.081
  2008   11     9.115
  2008   12    11.212
  2009   01    13.465
  2009   02    14.045
  2009   03    14.165
  2009   04    13.963
  2009   05    13.046
  2009   06    11.675
  2009   07     8.347
  2009   08     4.197
  2009   09     1.508
  2009   10     5.277
  2009   11     8.668
  2009   12    10.632
  2010   01    12.888
  2010   02    13.743
  2010   03    14.169
  2010   04    13.894
  2010   05    12.920
  2010   06    11.550
  2010   07     8.710
  2010   08     6.079
  2010   09     3.463
  2010   10     6.571
  2010   11     9.142
  2010   12    11.737
  2011   01    13.062
  2011   02    13.675
  2011   03    14.081
  2011   04    14.026
  2011   05    13.043
  2011   06    11.539
  2011   07     8.689
  2011   08     5.065
  2011   09     3.614
  2011   10     5.501
  2011   11     9.704
  2011   12    11.679
  2012   01    13.408
  2012   02    14.203
  2012   03    14.491
  2012   04    14.342
  2012   05    13.336
  2012   06    11.829
  2012   07     8.526
  2012   08     5.212
  2012   09     3.616
  2012   10     5.409
  2012   11     9.033
  2012   12    11.634
  2013   01    13.229
  2013   02    14.163
  2013   03    14.504
  2013   04    13.963
  2013   05    13.084
  2013   06    10.905
  2013   07     7.958
  2013   08     5.467
  2013   09     1.862
  2013   10     6.074
  2013   11     8.838
  2013   12    11.318
  2014   01    13.156
  2014   02    13.931
  2014   03    14.282
  2014   04    13.969
  2014   05    12.915
  2014   06    11.384
  2014   07     8.910
  2014   08     4.980
  2014   09     3.153
  2014   10     6.162
  2014   11     8.696
  2014   12    11.371
  2015   01    13.639
  2015   02    14.098
  2015   03    14.421
  2015   04    14.379
  2015   05    13.639
  2015   06    10.850
  2015   07     8.268
  2015   08     5.259
  2015   09     2.482
  2015   10     5.998
  2015   11     9.183
  2015   12    11.152
  2016   01    13.172
  2016   02    13.998
  2016   03    14.159
  2016   04    14.084
  2016   05    13.116
  2016   06    11.087
  2016   07     8.449
  2016   08     4.995
  2016   09     3.037
  2016   10     4.951
  2016   11     9.467
  2016   12    11.552
  2017   01    13.178
  2017   02    13.501
  2017   03    13.984
  2017   04    13.760
  2017   05    12.850
  2017   06    11.279
  2017   07     8.246
  2017   08     5.204
  2017   09     2.865
  2017   10     5.433
  2017   11     8.904
  2017   12    11.134
  2018   01    13.246
  2018   02    13.939
  2018   03    14.225
  2018   04    13.760
  2018   05    12.762
  2018   06    11.300
  2018   07     8.277
  2018   08     5.276
  2018   09     3.028
  2018   10     5.232
  2018   11     8.708
  2018   12    10.777
  2019   01    13.016
  2019   02    13.880
  2019   03    14.323
  2019   04    14.204
  2019   05    13.005
  2019   06    10.745
  2019   07     8.115
  2019   08     4.627
  2019   09     1.648
  2019   10     5.699
  2019   11     8.394
  2019   12    10.616
  2020   01    12.657
  2020   02    13.544
  2020   03    13.845
  2020   04    13.761
  2020   05    12.757
  2020   06    10.795
  2020   07     8.467
  2020   08     4.425
  2020   09     1.914
  2020   10     5.493
  2020   11     8.899
  2020   12    11.393
  2021   01    12.723
  2021   02    13.428
  2021   03    13.589
  2021   04    13.358
  2021   05    12.454
  2021   06    11.248
  2021   07     7.423
  2021   08     4.420
  2021   09     3.043
  2021   10     4.702
  2021   11     8.294
  2021   12    10.527
  2022   01    12.780
  2022   02    13.922
  2022   03    14.192
  2022   04    14.070
  2022   05    13.212
  2022   06    11.228
  2022   07     8.611
  2022   08     5.461
  2022   09     3.670
  2022   10     5.975
  2022   11     8.910
  2022   12    10.864
  2023   01    12.933
  2023   02    13.784
  2023   03    14.012
  2023   04    13.773
  2023   05    12.626
  2023   06    10.923
  2023   07     7.988
  2023   08     4.145
  2023   09     2.122
  2023   10     5.131
  2023   11     8.053
  2023   12    10.824
  2024   01    12.918
  2024   02    13.713
  2024   03    14.199
  2024   04    13.894
  2024   05    12.697
  2024   06    11.101
  2024   07     7.826
  2024   08     4.277
  2024   09     1.797
  2024   10     4.591
  2024   11     7.777
  2024   12    10.622
  2025   01    12.902
  2025   02    13.828
  2025   03    14.132
  2025   04    13.954
  2025   05    12.804
  2025   06    11.125
  2025   07     8.549
  2025   08     4.170
  2025   09     0.778
  2025   10     5.113
  2025   11     9.042
  2025   12    10.637
  2026   01    13.085
  2026   02    13.753
  2026   03    14.056
  2026   04    13.880
  2026   05    13.039
  2026   06    11.254
  2026   07     8.553
  2026   08     4.734
  2026   09     3.169
  2026   10     5.546
  2026   11     8.949
  2026   12    11.657
  2027   01    12.888
  2027   02    13.516
  2027   03    13.978
  2027   04    13.627
  2027   05    12.690
  2027   06    11.228
  2027   07     8.088
  2027   08     3.690
  2027   09     1.595
  2027   10     4.011
  2027   11     8.246
  2027   12    11.006
  2028   01    13.173
  2028   02    13.639
  2028   03    13.644
  2028   04    13.491
  2028   05    12.426
  2028   06    10.776
  2028   07     7.835
  2028   08     3.345
  2028   09     0.864
  2028   10     3.761
  2028   11     7.957
  2028   12    10.126
  2029   01    12.697
  2029   02    13.490
  2029   03    13.887
  2029   04    13.713
  2029   05    12.659
  2029   06    10.649
  2029   07     7.393
  2029   08     2.177
  2029   09     0.611
  2029   10     4.068
  2029   11     7.552
  2029   12    10.170
  2030   01    12.796
  2030   02    13.531
  2030   03    13.853
  2030   04    13.748
  2030   05    12.488
  2030   06    10.638
  2030   07     7.224
  2030   08     2.670
  2030   09     0.625
  2030   10     3.679
  2030   11     7.490
  2030   12    10.265
  2031   01    12.634
  2031   02    13.627
  2031   03    13.869
  2031   04    13.858
  2031   05    12.873
  2031   06    11.601
  2031   07     8.041
  2031   08     2.094
  2031   09     0.733
  2031   10     3.563
  2031   11     8.673
  2031   12    10.980
  2032   01    12.908
  2032   02    13.537
  2032   03    13.993
  2032   04    13.879
  2032   05    12.852
  2032   06    10.365
  2032   07     7.682
  2032   08     1.309
  2032   09     0.589
  2032   10     3.099
  2032   11     7.949
  2032   12    10.672
  2033   01    12.584
  2033   02    13.743
  2033   03    13.858
  2033   04    13.884
  2033   05    12.847
  2033   06    10.618
  2033   07     7.922
  2033   08     3.478
  2033   09     0.551
  2033   10     4.730
  2033   11     8.540
  2033   12    10.644
  2034   01    12.746
  2034   02    13.421
  2034   03    13.536
  2034   04    13.446
  2034   05    12.761
  2034   06    11.220
  2034   07     8.198
  2034   08     4.087
  2034   09     1.463
  2034   10     4.635
  2034   11     7.995
  2034   12    10.490
  2035   01    12.751
  2035   02    13.619
  2035   03    13.862
  2035   04    13.633
  2035   05    12.432
  2035   06    10.397
  2035   07     6.978
  2035   08     1.202
  2035   09     0.650
  2035   10     1.987
  2035   11     7.425
  2035   12    10.280
  2036   01    12.389
  2036   02    13.221
  2036   03    13.446
  2036   04    13.317
  2036   05    12.516
  2036   06    10.889
  2036   07     7.675
  2036   08     3.377
  2036   09     1.062
  2036   10     4.168
  2036   11     8.146
  2036   12    10.376
  2037   01    12.446
  2037   02    13.225
  2037   03    13.453
  2037   04    12.999
  2037   05    12.064
  2037   06    10.540
  2037   07     7.303
  2037   08     2.236
  2037   09     0.501
  2037   10     3.087
  2037   11     7.034
  2037   12     9.634
  2038   01    12.154
  2038   02    12.946
  2038   03    13.452
  2038   04    13.435
  2038   05    12.115
  2038   06    10.578
  2038   07     7.232
  2038   08     2.860
  2038   09     0.549
  2038   10     3.263
  2038   11     6.777
  2038   12     9.695
  2039   01    12.162
  2039   02    13.058
  2039   03    13.818
  2039   04    13.700
  2039   05    12.427
  2039   06     9.992
  2039   07     6.811
  2039   08     0.586
  2039   09     0.102
  2039   10     1.938
  2039   11     6.278
  2039   12     9.335
  2040   01    11.756
  2040   02    13.021
  2040   03    13.536
  2040   04    13.396
  2040   05    12.284
  2040   06     9.948
  2040   07     6.233
  2040   08     1.898
  2040   09     0.285
  2040   10     2.459
  2040   11     5.633
  2040   12     8.867
  2041   01    11.259
  2041   02    12.784
  2041   03    13.691
  2041   04    13.569
  2041   05    12.465
  2041   06    10.132
  2041   07     5.693
  2041   08     0.745
  2041   09     0.306
  2041   10     1.801
  2041   11     6.537
  2041   12     9.552
  2042   01    11.646
  2042   02    13.186
  2042   03    13.799
  2042   04    13.787
  2042   05    12.515
  2042   06     9.982
  2042   07     6.146
  2042   08     0.639
  2042   09     0.240
  2042   10     1.281
  2042   11     5.388
  2042   12     9.367
  2043   01    11.936
  2043   02    12.917
  2043   03    13.046
  2043   04    12.980
  2043   05    12.410
  2043   06    10.130
  2043   07     5.753
  2043   08     0.811
  2043   09     0.341
  2043   10     1.775
  2043   11     5.480
  2043   12     9.801
  2044   01    11.790
  2044   02    12.716
  2044   03    13.413
  2044   04    13.152
  2044   05    12.052
  2044   06     9.806
  2044   07     4.762
  2044   08     0.390
  2044   09     0.177
  2044   10     0.864
  2044   11     3.556
  2044   12     8.831
  2045   01    11.615
  2045   02    12.815
  2045   03    13.469
  2045   04    13.344
  2045   05    12.268
  2045   06    10.242
  2045   07     6.501
  2045   08     0.371
  2045   09     0.139
  2045   10     1.195
  2045   11     5.875
  2045   12     9.366
  2046   01    11.457
  2046   02    12.639
  2046   03    13.077
  2046   04    13.014
  2046   05    12.079
  2046   06    10.034
  2046   07     7.006
  2046   08     0.402
  2046   09     0.143
  2046   10     2.109
  2046   11     6.199
  2046   12     9.526
  2047   01    11.759
  2047   02    12.995
  2047   03    13.344
  2047   04    13.135
  2047   05    12.293
  2047   06     9.783
  2047   07     7.037
  2047   08     0.891
  2047   09     0.165
  2047   10     1.844
  2047   11     6.337
  2047   12     9.458
  2048   01    11.843
  2048   02    13.099
  2048   03    13.690
  2048   04    13.356
  2048   05    12.334
  2048   06    10.263
  2048   07     6.321
  2048   08     0.656
  2048   09     0.217
  2048   10     1.730
  2048   11     5.753
  2048   12     9.572
  2049   01    11.551
  2049   02    12.682
  2049   03    12.935
  2049   04    12.612
  2049   05    11.706
  2049   06     9.693
  2049   07     4.614
  2049   08     0.646
  2049   09     0.300
  2049   10     0.930
  2049   11     4.553
  2049   12     8.455
  2050   01    10.958
  2050   02    12.336
  2050   03    12.825
  2050   04    12.752
  2050   05    11.945
  2050   06    10.197
  2050   07     5.695
  2050   08     0.257
  2050   09     0.064
  2050   10     0.350
  2050   11     3.912
  2050   12     8.166
  2051   01    11.307
  2051   02    12.757
  2051   03    13.580
  2051   04    13.427
  2051   05    12.169
  2051   06     9.934
  2051   07     6.113
  2051   08     0.491
  2051   09     0.087
  2051   10     0.567
  2051   11     5.183
  2051   12     8.839
  2052   01    10.930
  2052   02    12.178
  2052   03    12.663
  2052   04    12.512
  2052   05    11.343
  2052   06     9.039
  2052   07     4.179
  2052   08     0.220
  2052   09     0.081
  2052   10     0.572
  2052   11     4.453
  2052   12     8.036
  2053   01    10.796
  2053   02    11.973
  2053   03    12.733
  2053   04    12.789
  2053   05    11.676
  2053   06     9.507
  2053   07     5.036
  2053   08     0.223
  2053   09     0.125
  2053   10     0.449
  2053   11     3.725
  2053   12     8.781
  2054   01    11.071
  2054   02    12.184
  2054   03    12.357
  2054   04    12.543
  2054   05    11.865
  2054   06     9.497
  2054   07     4.847
  2054   08     0.133
  2054   09     0.055
  2054   10     0.334
  2054   11     2.253
  2054   12     6.938
  2055   01    10.157
  2055   02    12.228
  2055   03    13.040
  2055   04    12.910
  2055   05    12.105
  2055   06     9.375
  2055   07     5.118
  2055   08     0.156
  2055   09     0.078
  2055   10     0.340
  2055   11     2.053
  2055   12     7.721
  2056   01    10.275
  2056   02    12.006
  2056   03    12.958
  2056   04    12.844
  2056   05    11.817
  2056   06     9.034
  2056   07     2.733
  2056   08     0.049
  2056   09     0.003
  2056   10     0.098
  2056   11     2.955
  2056   12     7.425
  2057   01    10.085
  2057   02    12.393
  2057   03    13.014
  2057   04    12.793
  2057   05    12.027
  2057   06     8.984
  2057   07     4.185
  2057   08     0.156
  2057   09     0.038
  2057   10     0.310
  2057   11     2.695
  2057   12     7.485
  2058   01    10.177
  2058   02    12.312
  2058   03    13.061
  2058   04    12.956
  2058   05    11.888
  2058   06     9.441
  2058   07     4.364
  2058   08     0.098
  2058   09     0.021
  2058   10     0.265
  2058   11     2.761
  2058   12     7.606
  2059   01     9.702
  2059   02    11.346
  2059   03    12.349
  2059   04    12.275
  2059   05    10.946
  2059   06     8.004
  2059   07     2.457
  2059   08     0.067
  2059   09     0.011
  2059   10     0.116
  2059   11     1.103
  2059   12     6.236
  2060   01     9.131
  2060   02    11.059
  2060   03    12.501
  2060   04    12.276
  2060   05    11.333
  2060   06     8.190
  2060   07     2.938
  2060   08     0.248
  2060   09     0.113
  2060   10     0.293
  2060   11     1.608
  2060   12     6.775
  2061   01     9.296
  2061   02    11.722
  2061   03    12.945
  2061   04    12.897
  2061   05    11.675
  2061   06     8.809
  2061   07     2.452
  2061   08     0.059
  2061   09     0.001
  2061   10     0.158
  2061   11     2.096
  2061   12     6.835
  2062   01     9.233
  2062   02    11.500
  2062   03    12.649
  2062   04    12.663
  2062   05    11.402
  2062   06     7.668
  2062   07     1.716
  2062   08     0.210
  2062   09     0.090
  2062   10     0.244
  2062   11     1.434
  2062   12     5.112
  2063   01     9.727
  2063   02    11.705
  2063   03    12.736
  2063   04    12.591
  2063   05    11.559
  2063   06     9.027
  2063   07     2.381
  2063   08     0.045
  2063   09     0.006
  2063   10     0.000
  2063   11     1.023
  2063   12     7.514
  2064   01    10.154
  2064   02    11.311
  2064   03    12.282
  2064   04    12.315
  2064   05    11.657
  2064   06     9.099
  2064   07     3.510
  2064   08     0.032
  2064   09     0.009
  2064   10     0.074
  2064   11     1.433
  2064   12     5.992
  2065   01     9.302
  2065   02    11.062
  2065   03    11.824
  2065   04    11.667
  2065   05    11.060
  2065   06     8.637
  2065   07     3.214
  2065   08     0.087
  2065   09     0.008
  2065   10     0.037
  2065   11     1.343
  2065   12     5.505
  2066   01     8.693
  2066   02    10.917
  2066   03    11.817
  2066   04    11.918
  2066   05    11.226
  2066   06     9.050
  2066   07     2.817
  2066   08     0.042
  2066   09     0.006
  2066   10     0.063
  2066   11     0.842
  2066   12     6.643
  2067   01    10.117
  2067   02    11.808
  2067   03    12.620
  2067   04    12.511
  2067   05    11.643
  2067   06     9.237
  2067   07     4.654
  2067   08     0.134
  2067   09     0.031
  2067   10     0.121
  2067   11     3.048
  2067   12     7.560
  2068   01    10.179
  2068   02    11.749
  2068   03    12.705
  2068   04    12.488
  2068   05    11.334
  2068   06     8.714
  2068   07     3.337
  2068   08     0.016
  2068   09     0.000
  2068   10     0.043
  2068   11     0.788
  2068   12     6.472
  2069   01     9.047
  2069   02    11.361
  2069   03    12.344
  2069   04    12.304
  2069   05    10.803
  2069   06     7.532
  2069   07     0.430
  2069   08     0.026
  2069   09     0.007
  2069   10     0.020
  2069   11     0.326
  2069   12     3.203
  2070   01     8.420
  2070   02    10.635
  2070   03    11.019
  2070   04    10.983
  2070   05    10.177
  2070   06     7.686
  2070   07     0.439
  2070   08     0.015
  2070   09     0.000
  2070   10     0.001
  2070   11     0.259
  2070   12     4.541
  2071   01     8.390
  2071   02    10.535
  2071   03    11.512
  2071   04    11.694
  2071   05    10.771
  2071   06     7.986
  2071   07     1.077
  2071   08     0.046
  2071   09     0.006
  2071   10     0.120
  2071   11     0.948
  2071   12     4.798
  2072   01     9.290
  2072   02    10.906
  2072   03    11.750
  2072   04    11.724
  2072   05    10.890
  2072   06     8.116
  2072   07     0.467
  2072   08     0.018
  2072   09     0.002
  2072   10     0.004
  2072   11     0.285
  2072   12     3.895
  2073   01     8.481
  2073   02    10.207
  2073   03    11.472
  2073   04    11.435
  2073   05    10.001
  2073   06     6.831
  2073   07     0.302
  2073   08     0.030
  2073   09     0.003
  2073   10     0.042
  2073   11     0.334
  2073   12     2.833
  2074   01     6.977
  2074   02     8.935
  2074   03    10.133
  2074   04    10.323
  2074   05     9.264
  2074   06     6.451
  2074   07     0.378
  2074   08     0.024
  2074   09     0.002
  2074   10     0.001
  2074   11     0.143
  2074   12     3.152
  2075   01     8.231
  2075   02     9.864
  2075   03    11.222
  2075   04    11.158
  2075   05    10.431
  2075   06     7.780
  2075   07     0.661
  2075   08     0.025
  2075   09     0.007
  2075   10     0.004
  2075   11     0.258
  2075   12     2.882
  2076   01     6.995
  2076   02     9.273
  2076   03    10.991
  2076   04    11.232
  2076   05    10.028
  2076   06     6.635
  2076   07     0.624
  2076   08     0.029
  2076   09     0.003
  2076   10     0.002
  2076   11     0.180
  2076   12     1.335
  2077   01     6.520
  2077   02     9.101
  2077   03    10.471
  2077   04    10.737
  2077   05     9.286
  2077   06     6.873
  2077   07     0.252
  2077   08     0.008
  2077   09     0.000
  2077   10     0.000
  2077   11     0.075
  2077   12     3.319
  2078   01     7.369
  2078   02     9.290
  2078   03    10.548
  2078   04    10.645
  2078   05     9.840
  2078   06     6.352
  2078   07     0.140
  2078   08     0.001
  2078   09     0.000
  2078   10     0.002
  2078   11     0.207
  2078   12     1.176
  2079   01     6.060
  2079   02     9.067
  2079   03    10.511
  2079   04    10.557
  2079   05     9.693
  2079   06     5.757
  2079   07     0.090
  2079   08     0.003
  2079   09     0.000
  2079   10     0.000
  2079   11     0.145
  2079   12     1.490
  2080   01     6.426
  2080   02     9.674
  2080   03    10.605
  2080   04    10.431
  2080   05     9.566
  2080   06     5.828
  2080   07     0.360
  2080   08     0.006
  2080   09     0.000
  2080   10     0.000
  2080   11     0.140
  2080   12     0.857
  2081   01     4.404
  2081   02     8.217
  2081   03     9.740
  2081   04     9.961
  2081   05     8.917
  2081   06     5.134
  2081   07     0.130
  2081   08     0.020
  2081   09     0.003
  2081   10     0.003
  2081   11     0.227
  2081   12     1.773
  2082   01     5.934
  2082   02     7.862
  2082   03     9.205
  2082   04     9.499
  2082   05     8.727
  2082   06     6.033
  2082   07     0.035
  2082   08     0.000
  2082   09     0.000
  2082   10     0.000
  2082   11     0.023
  2082   12     0.409
  2083   01     3.634
  2083   02     7.428
  2083   03     8.727
  2083   04     9.143
  2083   05     8.442
  2083   06     5.651
  2083   07     0.125
  2083   08     0.000
  2083   09     0.000
  2083   10     0.000
  2083   11     0.086
  2083   12     1.402
  2084   01     5.673
  2084   02     7.676
  2084   03     9.293
  2084   04     9.280
  2084   05     8.412
  2084   06     5.634
  2084   07     0.086
  2084   08     0.013
  2084   09     0.000
  2084   10     0.000
  2084   11     0.074
  2084   12     0.999
  2085   01     4.507
  2085   02     7.518
  2085   03     9.548
  2085   04     9.747
  2085   05     8.659
  2085   06     4.437
  2085   07     0.108
  2085   08     0.005
  2085   09     0.001
  2085   10     0.000
  2085   11     0.096
  2085   12     0.712
  2086   01     3.308
  2086   02     6.646
  2086   03     7.988
  2086   04     8.033
  2086   05     7.243
  2086   06     2.858
  2086   07     0.037
  2086   08     0.000
  2086   09     0.000
  2086   10     0.000
  2086   11     0.013
  2086   12     0.286
  2087   01     3.222
  2087   02     7.017
  2087   03     8.886
  2087   04     9.173
  2087   05     7.912
  2087   06     3.686
  2087   07     0.053
  2087   08     0.001
  2087   09     0.000
  2087   10     0.001
  2087   11     0.076
  2087   12     0.760
  2088   01     4.595
  2088   02     7.253
  2088   03     9.011
  2088   04     9.306
  2088   05     8.137
  2088   06     5.188
  2088   07     0.077
  2088   08     0.002
  2088   09     0.000
  2088   10     0.000
  2088   11     0.096
  2088   12     0.563
  2089   01     3.831
  2089   02     7.217
  2089   03     8.399
  2089   04     8.728
  2089   05     7.868
  2089   06     4.345
  2089   07     0.053
  2089   08     0.000
  2089   09     0.000
  2089   10     0.000
  2089   11     0.070
  2089   12     0.367
  2090   01     2.864
  2090   02     5.605
  2090   03     7.022
  2090   04     7.369
  2090   05     6.470
  2090   06     2.676
  2090   07     0.018
  2090   08     0.001
  2090   09     0.000
  2090   10     0.000
  2090   11     0.055
  2090   12     0.323
  2091   01     2.175
  2091   02     5.414
  2091   03     7.363
  2091   04     7.865
  2091   05     6.759
  2091   06     2.707
  2091   07     0.026
  2091   08     0.003
  2091   09     0.000
  2091   10     0.000
  2091   11     0.005
  2091   12     0.604
  2092   01     3.068
  2092   02     5.449
  2092   03     7.013
  2092   04     7.473
  2092   05     6.489
  2092   06     3.086
  2092   07     0.006
  2092   08     0.000
  2092   09     0.000
  2092   10     0.000
  2092   11     0.005
  2092   12     0.537
  2093   01     3.187
  2093   02     6.202
  2093   03     7.391
  2093   04     7.898
  2093   05     6.483
  2093   06     1.497
  2093   07     0.068
  2093   08     0.003
  2093   09     0.000
  2093   10     0.000
  2093   11     0.001
  2093   12     0.168
  2094   01     1.374
  2094   02     3.565
  2094   03     5.855
  2094   04     6.458
  2094   05     5.587
  2094   06     1.136
  2094   07     0.031
  2094   08     0.000
  2094   09     0.000
  2094   10     0.000
  2094   11     0.001
  2094   12     0.142
  2095   01     1.626
  2095   02     3.302
  2095   03     4.929
  2095   04     5.758
  2095   05     4.783
  2095   06     0.814
  2095   07     0.000
  2095   08     0.000
  2095   09     0.000
  2095   10     0.000
  2095   11     0.000
  2095   12     0.031
  2096   01     0.871
  2096   02     2.942
  2096   03     4.816
  2096   04     5.566
  2096   05     4.545
  2096   06     0.442
  2096   07     0.001
  2096   08     0.000
  2096   09     0.000
  2096   10     0.000
  2096   11     0.001
  2096   12     0.066
  2097   01     0.978
  2097   02     2.182
  2097   03     3.755
  2097   04     3.979
  2097   05     2.799
  2097   06     0.205
  2097   07     0.006
  2097   08     0.000
  2097   09     0.000
  2097   10     0.000
  2097   11     0.001
  2097   12     0.008
  2098   01     0.469
  2098   02     2.070
  2098   03     3.235
  2098   04     3.636
  2098   05     2.632
  2098   06     0.314
  2098   07     0.000
  2098   08     0.000
  2098   09     0.000
  2098   10     0.000
  2098   11     0.000
  2098   12     0.005
  2099   01     0.742
  2099   02     2.313
  2099   03     4.208
  2099   04     5.016
  2099   05     3.266
  2099   06     0.231
  2099   07     0.006
  2099   08     0.000
  2099   09     0.000
  2099   10     0.000
  2099   11     0.001
  2099   12     0.173
  2100   01     1.426
  2100   02     3.024
  2100   03     5.317
  2100   04     6.210
  2100   05     4.485
  2100   06     0.160
  2100   07     0.002
  2100   08     0.000
  2100   09     0.000
  2100   10     0.000
  2100   11     0.000
  2100   12     0.079
