  1850   01    19.179
  1850   02    21.271
  1850   03    21.900
  1850   04    20.950
  1850   05    18.669
  1850   06    15.094
  1850   07    12.200
  1850   08     8.946
  1850   09     7.629
  1850   10     9.285
  1850   11    12.576
  1850   12    15.905
  1851   01    18.557
  1851   02    21.076
  1851   03    21.928
  1851   04    20.714
  1851   05    18.552
  1851   06    14.874
  1851   07    11.854
  1851   08     8.402
  1851   09     6.705
  1851   10     8.773
  1851   11    12.285
  1851   12    16.365
  1852   01    19.022
  1852   02    20.800
  1852   03    21.583
  1852   04    20.952
  1852   05    18.929
  1852   06    14.549
  1852   07    10.534
  1852   08     8.009
  1852   09     6.875
  1852   10     8.155
  1852   11    11.263
  1852   12    14.945
  1853   01    18.170
  1853   02    20.094
  1853   03    21.086
  1853   04    20.586
  1853   05    18.107
  1853   06    14.396
  1853   07    10.715
  1853   08     7.995
  1853   09     6.519
  1853   10     7.887
  1853   11    10.595
  1853   12    14.483
  1854   01    17.907
  1854   02    19.532
  1854   03    20.684
  1854   04    19.545
  1854   05    17.352
  1854   06    14.589
  1854   07    11.270
  1854   08     8.231
  1854   09     6.476
  1854   10     8.580
  1854   11    11.812
  1854   12    15.970
  1855   01    18.968
  1855   02    20.662
  1855   03    20.803
  1855   04    20.049
  1855   05    18.281
  1855   06    14.563
  1855   07    11.529
  1855   08     8.803
  1855   09     7.280
  1855   10     8.974
  1855   11    11.931
  1855   12    15.921
  1856   01    18.838
  1856   02    20.467
  1856   03    20.815
  1856   04    19.707
  1856   05    17.568
  1856   06    14.456
  1856   07    11.510
  1856   08     8.665
  1856   09     7.128
  1856   10     8.871
  1856   11    11.839
  1856   12    15.068
  1857   01    18.610
  1857   02    20.488
  1857   03    21.172
  1857   04    20.086
  1857   05    17.053
  1857   06    14.266
  1857   07    11.182
  1857   08     8.556
  1857   09     6.936
  1857   10     8.398
  1857   11    11.752
  1857   12    15.210
  1858   01    18.625
  1858   02    20.796
  1858   03    21.048
  1858   04    20.342
  1858   05    17.515
  1858   06    14.046
  1858   07    11.084
  1858   08     7.383
  1858   09     6.595
  1858   10     8.319
  1858   11    11.662
  1858   12    14.982
  1859   01    18.352
  1859   02    20.033
  1859   03    20.644
  1859   04    19.896
  1859   05    17.937
  1859   06    14.764
  1859   07    12.292
  1859   08     8.702
  1859   09     6.804
  1859   10     8.841
  1859   11    12.046
  1859   12    15.176
  1860   01    18.916
  1860   02    20.571
  1860   03    21.176
  1860   04    20.131
  1860   05    18.295
  1860   06    14.721
  1860   07    11.894
  1860   08     8.972
  1860   09     7.765
  1860   10     9.887
  1860   11    12.862
  1860   12    15.990
  1861   01    18.967
  1861   02    21.077
  1861   03    21.470
  1861   04    20.307
  1861   05    18.420
  1861   06    15.163
  1861   07    12.573
  1861   08     9.571
  1861   09     7.671
  1861   10     9.247
  1861   11    11.831
  1861   12    15.938
  1862   01    19.256
  1862   02    20.829
  1862   03    21.396
  1862   04    20.273
  1862   05    17.870
  1862   06    15.425
  1862   07    12.720
  1862   08     9.247
  1862   09     7.880
  1862   10     9.461
  1862   11    12.894
  1862   12    16.381
  1863   01    18.859
  1863   02    20.992
  1863   03    21.261
  1863   04    20.323
  1863   05    17.678
  1863   06    14.844
  1863   07    12.393
  1863   08     9.378
  1863   09     7.590
  1863   10     9.357
  1863   11    12.528
  1863   12    16.379
  1864   01    19.130
  1864   02    20.961
  1864   03    21.416
  1864   04    20.365
  1864   05    18.099
  1864   06    14.475
  1864   07    11.155
  1864   08     8.767
  1864   09     7.593
  1864   10     8.953
  1864   11    11.740
  1864   12    15.238
  1865   01    18.215
  1865   02    20.023
  1865   03    20.334
  1865   04    19.478
  1865   05    17.236
  1865   06    14.284
  1865   07    11.712
  1865   08     8.830
  1865   09     6.978
  1865   10     8.877
  1865   11    12.094
  1865   12    15.758
  1866   01    18.543
  1866   02    20.270
  1866   03    20.618
  1866   04    20.016
  1866   05    17.958
  1866   06    14.392
  1866   07    11.268
  1866   08     8.302
  1866   09     6.808
  1866   10     8.902
  1866   11    11.841
  1866   12    15.716
  1867   01    18.619
  1867   02    20.722
  1867   03    21.637
  1867   04    20.468
  1867   05    17.844
  1867   06    14.683
  1867   07    11.356
  1867   08     7.849
  1867   09     7.011
  1867   10     8.663
  1867   11    11.617
  1867   12    15.090
  1868   01    18.183
  1868   02    20.275
  1868   03    21.156
  1868   04    19.991
  1868   05    17.940
  1868   06    14.762
  1868   07    11.053
  1868   08     8.859
  1868   09     7.001
  1868   10     8.333
  1868   11    11.580
  1868   12    15.083
  1869   01    18.604
  1869   02    20.749
  1869   03    21.463
  1869   04    20.553
  1869   05    17.456
  1869   06    14.880
  1869   07    12.196
  1869   08     9.842
  1869   09     7.797
  1869   10     9.403
  1869   11    12.626
  1869   12    16.645
  1870   01    19.098
  1870   02    21.050
  1870   03    21.628
  1870   04    21.000
  1870   05    18.716
  1870   06    15.445
  1870   07    11.683
  1870   08     8.662
  1870   09     7.423
  1870   10     9.420
  1870   11    12.240
  1870   12    15.868
  1871   01    19.882
  1871   02    21.774
  1871   03    22.591
  1871   04    21.631
  1871   05    19.066
  1871   06    15.419
  1871   07    11.976
  1871   08     8.661
  1871   09     6.853
  1871   10     8.356
  1871   11    10.552
  1871   12    15.196
  1872   01    19.036
  1872   02    21.304
  1872   03    21.929
  1872   04    21.017
  1872   05    17.978
  1872   06    14.584
  1872   07    11.592
  1872   08     8.055
  1872   09     6.708
  1872   10     8.549
  1872   11    11.706
  1872   12    15.509
  1873   01    18.654
  1873   02    20.591
  1873   03    21.302
  1873   04    20.702
  1873   05    18.069
  1873   06    14.035
  1873   07    11.327
  1873   08     8.970
  1873   09     7.912
  1873   10     8.903
  1873   11    11.508
  1873   12    15.628
  1874   01    18.462
  1874   02    20.384
  1874   03    20.803
  1874   04    19.649
  1874   05    17.311
  1874   06    14.955
  1874   07    11.670
  1874   08     8.919
  1874   09     7.367
  1874   10     8.666
  1874   11    12.373
  1874   12    16.318
  1875   01    19.171
  1875   02    20.794
  1875   03    21.333
  1875   04    20.649
  1875   05    17.602
  1875   06    14.754
  1875   07    11.712
  1875   08     9.343
  1875   09     7.973
  1875   10     9.514
  1875   11    12.350
  1875   12    15.816
  1876   01    18.698
  1876   02    20.839
  1876   03    21.575
  1876   04    20.742
  1876   05    17.464
  1876   06    14.475
  1876   07    11.115
  1876   08     8.588
  1876   09     7.526
  1876   10     8.610
  1876   11    11.668
  1876   12    15.901
  1877   01    19.024
  1877   02    21.032
  1877   03    21.598
  1877   04    20.906
  1877   05    17.831
  1877   06    14.494
  1877   07    11.095
  1877   08     8.077
  1877   09     7.296
  1877   10     8.854
  1877   11    11.951
  1877   12    15.066
  1878   01    17.992
  1878   02    19.847
  1878   03    20.861
  1878   04    20.142
  1878   05    17.640
  1878   06    14.382
  1878   07    10.876
  1878   08     8.583
  1878   09     7.143
  1878   10     8.823
  1878   11    12.206
  1878   12    16.146
  1879   01    19.614
  1879   02    21.179
  1879   03    21.768
  1879   04    21.331
  1879   05    18.871
  1879   06    14.679
  1879   07    11.478
  1879   08     8.386
  1879   09     6.966
  1879   10     8.594
  1879   11    11.655
  1879   12    15.837
  1880   01    19.420
  1880   02    21.043
  1880   03    21.558
  1880   04    20.740
  1880   05    18.000
  1880   06    14.289
  1880   07    11.220
  1880   08     8.557
  1880   09     7.115
  1880   10     8.131
  1880   11    11.420
  1880   12    15.749
  1881   01    18.458
  1881   02    20.286
  1881   03    21.109
  1881   04    20.393
  1881   05    17.597
  1881   06    14.985
  1881   07    12.099
  1881   08     8.884
  1881   09     6.892
  1881   10     8.527
  1881   11    11.973
  1881   12    15.622
  1882   01    18.324
  1882   02    20.423
  1882   03    21.221
  1882   04    19.990
  1882   05    17.751
  1882   06    15.142
  1882   07    12.093
  1882   08     9.244
  1882   09     7.003
  1882   10     9.361
  1882   11    11.676
  1882   12    15.427
  1883   01    18.808
  1883   02    21.075
  1883   03    21.921
  1883   04    21.284
  1883   05    18.597
  1883   06    14.700
  1883   07    10.851
  1883   08     7.859
  1883   09     6.243
  1883   10     8.546
  1883   11    11.943
  1883   12    15.678
  1884   01    19.125
  1884   02    21.729
  1884   03    22.570
  1884   04    21.103
  1884   05    18.645
  1884   06    15.164
  1884   07    10.903
  1884   08     8.204
  1884   09     7.205
  1884   10     9.212
  1884   11    12.638
  1884   12    17.105
  1885   01    19.619
  1885   02    21.473
  1885   03    22.198
  1885   04    21.408
  1885   05    18.639
  1885   06    14.994
  1885   07    11.039
  1885   08     8.873
  1885   09     7.824
  1885   10     9.409
  1885   11    12.104
  1885   12    16.163
  1886   01    19.308
  1886   02    21.217
  1886   03    22.037
  1886   04    20.848
  1886   05    18.373
  1886   06    14.797
  1886   07    10.984
  1886   08     8.679
  1886   09     6.825
  1886   10     9.329
  1886   11    12.289
  1886   12    16.628
  1887   01    19.490
  1887   02    21.053
  1887   03    21.994
  1887   04    20.951
  1887   05    18.268
  1887   06    14.659
  1887   07    10.922
  1887   08     8.657
  1887   09     7.362
  1887   10     9.198
  1887   11    12.168
  1887   12    15.920
  1888   01    19.255
  1888   02    21.448
  1888   03    22.139
  1888   04    20.733
  1888   05    17.976
  1888   06    15.094
  1888   07    11.955
  1888   08     9.389
  1888   09     8.039
  1888   10     9.472
  1888   11    12.739
  1888   12    15.992
  1889   01    18.432
  1889   02    20.274
  1889   03    21.054
  1889   04    19.739
  1889   05    17.517
  1889   06    14.320
  1889   07    11.375
  1889   08     8.369
  1889   09     7.164
  1889   10     8.389
  1889   11    11.959
  1889   12    15.214
  1890   01    18.476
  1890   02    20.091
  1890   03    21.025
  1890   04    19.743
  1890   05    17.065
  1890   06    13.190
  1890   07    10.423
  1890   08     8.555
  1890   09     8.019
  1890   10     9.133
  1890   11    11.396
  1890   12    14.807
  1891   01    17.783
  1891   02    20.356
  1891   03    21.117
  1891   04    20.156
  1891   05    17.320
  1891   06    14.038
  1891   07    11.260
  1891   08     8.465
  1891   09     7.176
  1891   10     9.134
  1891   11    11.479
  1891   12    15.602
  1892   01    18.691
  1892   02    21.011
  1892   03    21.384
  1892   04    20.079
  1892   05    17.930
  1892   06    14.742
  1892   07    11.056
  1892   08     8.401
  1892   09     7.190
  1892   10     8.626
  1892   11    12.233
  1892   12    15.512
  1893   01    18.480
  1893   02    20.272
  1893   03    20.594
  1893   04    20.039
  1893   05    17.709
  1893   06    14.327
  1893   07    11.893
  1893   08     8.673
  1893   09     6.659
  1893   10     8.814
  1893   11    12.117
  1893   12    15.736
  1894   01    18.222
  1894   02    19.961
  1894   03    20.563
  1894   04    19.450
  1894   05    17.425
  1894   06    14.591
  1894   07    11.638
  1894   08     8.662
  1894   09     6.930
  1894   10     8.466
  1894   11    12.066
  1894   12    15.745
  1895   01    18.925
  1895   02    20.750
  1895   03    21.517
  1895   04    20.352
  1895   05    18.313
  1895   06    14.427
  1895   07    10.641
  1895   08     7.383
  1895   09     5.577
  1895   10     7.870
  1895   11    12.002
  1895   12    14.613
  1896   01    18.633
  1896   02    20.539
  1896   03    21.599
  1896   04    20.779
  1896   05    18.746
  1896   06    14.545
  1896   07    11.576
  1896   08     8.527
  1896   09     6.673
  1896   10     9.077
  1896   11    12.714
  1896   12    16.723
  1897   01    19.348
  1897   02    21.185
  1897   03    21.714
  1897   04    20.480
  1897   05    18.438
  1897   06    15.383
  1897   07    11.909
  1897   08     9.175
  1897   09     7.346
  1897   10     9.276
  1897   11    12.213
  1897   12    16.262
  1898   01    19.449
  1898   02    21.022
  1898   03    21.837
  1898   04    20.949
  1898   05    18.571
  1898   06    15.263
  1898   07    11.693
  1898   08     8.695
  1898   09     7.077
  1898   10     9.324
  1898   11    12.249
  1898   12    15.496
  1899   01    18.973
  1899   02    20.812
  1899   03    21.611
  1899   04    20.586
  1899   05    18.353
  1899   06    14.869
  1899   07    11.748
  1899   08     8.782
  1899   09     7.655
  1899   10     9.630
  1899   11    12.721
  1899   12    16.357
  1900   01    18.977
  1900   02    21.216
  1900   03    21.604
  1900   04    20.450
  1900   05    18.143
  1900   06    14.834
  1900   07    12.774
  1900   08     9.590
  1900   09     7.985
  1900   10     9.460
  1900   11    12.603
  1900   12    15.988
  1901   01    19.074
  1901   02    21.075
  1901   03    21.480
  1901   04    21.046
  1901   05    18.696
  1901   06    15.257
  1901   07    12.474
  1901   08     9.830
  1901   09     8.066
  1901   10     9.408
  1901   11    12.905
  1901   12    16.881
  1902   01    19.243
  1902   02    21.162
  1902   03    21.656
  1902   04    20.806
  1902   05    18.484
  1902   06    14.847
  1902   07    11.793
  1902   08     9.555
  1902   09     8.217
  1902   10     9.938
  1902   11    12.834
  1902   12    15.983
  1903   01    18.839
  1903   02    20.643
  1903   03    21.269
  1903   04    20.245
  1903   05    17.972
  1903   06    13.713
  1903   07    10.913
  1903   08     8.570
  1903   09     7.230
  1903   10     9.307
  1903   11    11.979
  1903   12    16.161
  1904   01    19.171
  1904   02    20.972
  1904   03    21.414
  1904   04    19.962
  1904   05    17.886
  1904   06    14.899
  1904   07    11.314
  1904   08     8.928
  1904   09     7.740
  1904   10     8.990
  1904   11    12.163
  1904   12    15.882
  1905   01    19.248
  1905   02    21.706
  1905   03    22.381
  1905   04    20.860
  1905   05    18.256
  1905   06    15.174
  1905   07    12.107
  1905   08     9.210
  1905   09     7.520
  1905   10     9.061
  1905   11    12.838
  1905   12    16.564
  1906   01    19.511
  1906   02    21.486
  1906   03    22.111
  1906   04    21.173
  1906   05    19.039
  1906   06    16.012
  1906   07    13.015
  1906   08     9.375
  1906   09     7.414
  1906   10     9.220
  1906   11    12.817
  1906   12    16.745
  1907   01    19.769
  1907   02    22.314
  1907   03    23.186
  1907   04    22.038
  1907   05    19.245
  1907   06    15.920
  1907   07    12.840
  1907   08     9.289
  1907   09     7.513
  1907   10     9.770
  1907   11    12.874
  1907   12    17.078
  1908   01    19.450
  1908   02    21.759
  1908   03    22.229
  1908   04    21.145
  1908   05    19.189
  1908   06    15.328
  1908   07    12.462
  1908   08    10.013
  1908   09     8.862
  1908   10    10.099
  1908   11    12.856
  1908   12    17.057
  1909   01    19.557
  1909   02    21.321
  1909   03    21.731
  1909   04    20.725
  1909   05    18.785
  1909   06    15.705
  1909   07    12.639
  1909   08     9.867
  1909   09     8.836
  1909   10    10.192
  1909   11    13.345
  1909   12    16.590
  1910   01    19.124
  1910   02    21.336
  1910   03    22.154
  1910   04    21.286
  1910   05    19.114
  1910   06    15.987
  1910   07    11.985
  1910   08     9.259
  1910   09     8.010
  1910   10     9.711
  1910   11    12.713
  1910   12    16.329
  1911   01    19.472
  1911   02    21.467
  1911   03    22.269
  1911   04    21.066
  1911   05    18.757
  1911   06    14.097
  1911   07    11.352
  1911   08     8.971
  1911   09     8.029
  1911   10     9.741
  1911   11    12.994
  1911   12    16.060
  1912   01    18.883
  1912   02    20.918
  1912   03    21.434
  1912   04    20.561
  1912   05    18.781
  1912   06    14.991
  1912   07    12.074
  1912   08     9.373
  1912   09     8.377
  1912   10     9.906
  1912   11    12.707
  1912   12    16.467
  1913   01    19.513
  1913   02    21.412
  1913   03    22.024
  1913   04    21.184
  1913   05    18.093
  1913   06    14.411
  1913   07    11.523
  1913   08     8.866
  1913   09     7.679
  1913   10     9.459
  1913   11    12.634
  1913   12    15.927
  1914   01    18.733
  1914   02    20.910
  1914   03    22.021
  1914   04    21.185
  1914   05    18.963
  1914   06    15.677
  1914   07    12.476
  1914   08    10.075
  1914   09     8.718
  1914   10    10.045
  1914   11    12.993
  1914   12    16.426
  1915   01    19.472
  1915   02    21.534
  1915   03    22.221
  1915   04    21.634
  1915   05    19.231
  1915   06    14.601
  1915   07    11.859
  1915   08     9.664
  1915   09     8.598
  1915   10     9.769
  1915   11    13.123
  1915   12    16.378
  1916   01    19.780
  1916   02    22.154
  1916   03    23.338
  1916   04    22.448
  1916   05    19.763
  1916   06    16.156
  1916   07    12.231
  1916   08     9.915
  1916   09     8.555
  1916   10    10.266
  1916   11    13.345
  1916   12    17.593
  1917   01    20.503
  1917   02    22.217
  1917   03    23.217
  1917   04    22.188
  1917   05    19.836
  1917   06    15.915
  1917   07    13.006
  1917   08    10.313
  1917   09     8.390
  1917   10     9.766
  1917   11    12.738
  1917   12    17.178
  1918   01    19.926
  1918   02    21.847
  1918   03    22.661
  1918   04    21.737
  1918   05    19.296
  1918   06    15.530
  1918   07    13.274
  1918   08    10.677
  1918   09     9.510
  1918   10    10.655
  1918   11    13.400
  1918   12    17.227
  1919   01    20.215
  1919   02    22.267
  1919   03    22.807
  1919   04    21.774
  1919   05    18.918
  1919   06    14.766
  1919   07    11.659
  1919   08     9.114
  1919   09     7.944
  1919   10     9.183
  1919   11    11.992
  1919   12    16.141
  1920   01    19.130
  1920   02    21.807
  1920   03    22.287
  1920   04    21.566
  1920   05    19.494
  1920   06    15.287
  1920   07    11.788
  1920   08     8.878
  1920   09     7.759
  1920   10     8.979
  1920   11    12.375
  1920   12    16.009
  1921   01    19.743
  1921   02    21.653
  1921   03    22.892
  1921   04    22.123
  1921   05    18.962
  1921   06    15.259
  1921   07    12.049
  1921   08     9.334
  1921   09     8.019
  1921   10     9.318
  1921   11    12.577
  1921   12    17.063
  1922   01    20.219
  1922   02    22.202
  1922   03    22.811
  1922   04    21.793
  1922   05    19.436
  1922   06    15.991
  1922   07    12.737
  1922   08     9.532
  1922   09     7.793
  1922   10     9.727
  1922   11    12.672
  1922   12    17.368
  1923   01    19.850
  1923   02    21.596
  1923   03    22.602
  1923   04    21.131
  1923   05    18.883
  1923   06    15.308
  1923   07    12.797
  1923   08     9.905
  1923   09     8.235
  1923   10     9.954
  1923   11    12.613
  1923   12    16.732
  1924   01    19.627
  1924   02    21.261
  1924   03    21.912
  1924   04    21.494
  1924   05    19.155
  1924   06    15.491
  1924   07    12.199
  1924   08     9.393
  1924   09     7.858
  1924   10     9.077
  1924   11    12.500
  1924   12    16.408
  1925   01    19.369
  1925   02    21.261
  1925   03    22.337
  1925   04    20.948
  1925   05    18.403
  1925   06    14.160
  1925   07    10.969
  1925   08     8.277
  1925   09     6.836
  1925   10     7.991
  1925   11    11.520
  1925   12    15.046
  1926   01    18.509
  1926   02    20.289
  1926   03    21.062
  1926   04    20.302
  1926   05    17.336
  1926   06    13.942
  1926   07    10.858
  1926   08     8.876
  1926   09     7.912
  1926   10     9.131
  1926   11    12.172
  1926   12    15.767
  1927   01    19.107
  1927   02    20.876
  1927   03    21.954
  1927   04    21.143
  1927   05    18.221
  1927   06    14.736
  1927   07    11.402
  1927   08     8.931
  1927   09     7.943
  1927   10     9.324
  1927   11    12.013
  1927   12    15.834
  1928   01    18.636
  1928   02    20.611
  1928   03    21.381
  1928   04    20.799
  1928   05    18.563
  1928   06    14.170
  1928   07    10.719
  1928   08     8.704
  1928   09     7.500
  1928   10     9.302
  1928   11    11.897
  1928   12    16.111
  1929   01    19.276
  1929   02    21.775
  1929   03    22.785
  1929   04    22.121
  1929   05    19.040
  1929   06    15.320
  1929   07    12.153
  1929   08     8.673
  1929   09     7.332
  1929   10     9.038
  1929   11    13.097
  1929   12    16.970
  1930   01    19.873
  1930   02    21.643
  1930   03    22.502
  1930   04    21.954
  1930   05    19.078
  1930   06    15.543
  1930   07    13.451
  1930   08     9.862
  1930   09     7.919
  1930   10     9.675
  1930   11    12.604
  1930   12    16.693
  1931   01    19.701
  1931   02    21.681
  1931   03    22.349
  1931   04    21.954
  1931   05    19.659
  1931   06    15.183
  1931   07    12.107
  1931   08     9.104
  1931   09     8.203
  1931   10     9.457
  1931   11    12.637
  1931   12    16.362
  1932   01    19.717
  1932   02    21.911
  1932   03    22.515
  1932   04    21.348
  1932   05    19.104
  1932   06    14.741
  1932   07    11.393
  1932   08     8.759
  1932   09     7.126
  1932   10     8.590
  1932   11    11.249
  1932   12    15.975
  1933   01    19.397
  1933   02    21.118
  1933   03    21.893
  1933   04    20.901
  1933   05    17.662
  1933   06    14.383
  1933   07    11.619
  1933   08     8.567
  1933   09     7.458
  1933   10     9.167
  1933   11    12.582
  1933   12    15.892
  1934   01    18.613
  1934   02    20.506
  1934   03    21.405
  1934   04    20.303
  1934   05    17.366
  1934   06    14.885
  1934   07    12.017
  1934   08     9.129
  1934   09     7.248
  1934   10     8.868
  1934   11    12.223
  1934   12    15.420
  1935   01    18.914
  1935   02    20.994
  1935   03    21.822
  1935   04    20.607
  1935   05    17.677
  1935   06    14.766
  1935   07    12.062
  1935   08     9.491
  1935   09     8.003
  1935   10     9.906
  1935   11    13.027
  1935   12    16.751
  1936   01    19.104
  1936   02    21.063
  1936   03    22.217
  1936   04    20.420
  1936   05    17.499
  1936   06    14.462
  1936   07    12.064
  1936   08     9.572
  1936   09     7.669
  1936   10     9.065
  1936   11    12.248
  1936   12    16.445
  1937   01    19.518
  1937   02    21.446
  1937   03    22.495
  1937   04    20.943
  1937   05    18.008
  1937   06    14.141
  1937   07    11.121
  1937   08     8.821
  1937   09     7.216
  1937   10     9.185
  1937   11    12.234
  1937   12    16.121
  1938   01    18.980
  1938   02    20.891
  1938   03    21.431
  1938   04    20.537
  1938   05    18.497
  1938   06    14.684
  1938   07    11.509
  1938   08     8.547
  1938   09     7.123
  1938   10     9.200
  1938   11    12.561
  1938   12    16.311
  1939   01    19.063
  1939   02    20.617
  1939   03    21.857
  1939   04    21.214
  1939   05    18.645
  1939   06    15.354
  1939   07    11.428
  1939   08     8.710
  1939   09     7.621
  1939   10     8.799
  1939   11    12.371
  1939   12    16.379
  1940   01    19.318
  1940   02    21.336
  1940   03    22.238
  1940   04    21.221
  1940   05    18.511
  1940   06    15.017
  1940   07    11.783
  1940   08     8.842
  1940   09     7.891
  1940   10     9.259
  1940   11    12.046
  1940   12    16.026
  1941   01    18.990
  1941   02    21.543
  1941   03    22.164
  1941   04    21.071
  1941   05    19.001
  1941   06    15.240
  1941   07    12.508
  1941   08     9.510
  1941   09     7.735
  1941   10    10.468
  1941   11    13.117
  1941   12    16.013
  1942   01    19.180
  1942   02    20.927
  1942   03    21.963
  1942   04    21.104
  1942   05    18.374
  1942   06    15.240
  1942   07    12.872
  1942   08     9.979
  1942   09     8.734
  1942   10    10.354
  1942   11    13.169
  1942   12    16.823
  1943   01    19.187
  1943   02    21.201
  1943   03    21.938
  1943   04    20.740
  1943   05    17.684
  1943   06    14.799
  1943   07    12.189
  1943   08     9.263
  1943   09     8.016
  1943   10    10.116
  1943   11    12.903
  1943   12    16.808
  1944   01    19.108
  1944   02    20.842
  1944   03    21.446
  1944   04    20.704
  1944   05    17.812
  1944   06    14.247
  1944   07    10.711
  1944   08     8.898
  1944   09     7.867
  1944   10     9.225
  1944   11    11.757
  1944   12    15.642
  1945   01    18.251
  1945   02    20.699
  1945   03    21.182
  1945   04    20.680
  1945   05    18.147
  1945   06    14.504
  1945   07    11.016
  1945   08     8.429
  1945   09     7.244
  1945   10     8.486
  1945   11    11.791
  1945   12    16.076
  1946   01    18.998
  1946   02    20.791
  1946   03    21.106
  1946   04    20.242
  1946   05    17.548
  1946   06    13.201
  1946   07    10.120
  1946   08     7.359
  1946   09     6.213
  1946   10     8.324
  1946   11    11.537
  1946   12    15.358
  1947   01    18.277
  1947   02    20.604
  1947   03    21.606
  1947   04    21.274
  1947   05    18.403
  1947   06    15.135
  1947   07    11.494
  1947   08     8.183
  1947   09     6.897
  1947   10     9.011
  1947   11    12.326
  1947   12    15.786
  1948   01    18.884
  1948   02    20.832
  1948   03    21.855
  1948   04    21.024
  1948   05    19.060
  1948   06    15.218
  1948   07    11.936
  1948   08     9.534
  1948   09     7.950
  1948   10     9.772
  1948   11    12.729
  1948   12    16.435
  1949   01    18.994
  1949   02    21.094
  1949   03    22.049
  1949   04    21.551
  1949   05    18.943
  1949   06    14.553
  1949   07    12.022
  1949   08     9.417
  1949   09     8.089
  1949   10     9.808
  1949   11    12.926
  1949   12    16.654
  1950   01    19.808
  1950   02    21.570
  1950   03    22.108
  1950   04    21.440
  1950   05    19.502
  1950   06    16.046
  1950   07    13.122
  1950   08     9.728
  1950   09     8.587
  1950   10    10.211
  1950   11    13.208
  1950   12    17.094
  1951   01    20.049
  1951   02    21.627
  1951   03    22.213
  1951   04    21.257
  1951   05    19.700
  1951   06    15.934
  1951   07    12.251
  1951   08     9.943
  1951   09     8.378
  1951   10     9.911
  1951   11    12.651
  1951   12    16.073
  1952   01    19.472
  1952   02    21.136
  1952   03    21.833
  1952   04    20.698
  1952   05    18.714
  1952   06    14.264
  1952   07    10.716
  1952   08     8.776
  1952   09     7.570
  1952   10     9.119
  1952   11    12.113
  1952   12    15.967
  1953   01    18.940
  1953   02    21.457
  1953   03    22.025
  1953   04    20.339
  1953   05    18.560
  1953   06    14.733
  1953   07    12.153
  1953   08     9.321
  1953   09     7.844
  1953   10     9.615
  1953   11    12.756
  1953   12    16.129
  1954   01    19.158
  1954   02    21.344
  1954   03    21.746
  1954   04    20.847
  1954   05    17.980
  1954   06    14.699
  1954   07    11.765
  1954   08     9.288
  1954   09     7.734
  1954   10     9.759
  1954   11    12.757
  1954   12    15.751
  1955   01    18.447
  1955   02    20.402
  1955   03    21.142
  1955   04    20.041
  1955   05    17.753
  1955   06    14.299
  1955   07    11.229
  1955   08     8.856
  1955   09     7.973
  1955   10     9.172
  1955   11    12.162
  1955   12    16.034
  1956   01    18.520
  1956   02    20.470
  1956   03    21.297
  1956   04    20.557
  1956   05    18.395
  1956   06    14.996
  1956   07    11.919
  1956   08     9.211
  1956   09     7.556
  1956   10     9.264
  1956   11    12.403
  1956   12    16.189
  1957   01    19.337
  1957   02    21.077
  1957   03    21.424
  1957   04    20.861
  1957   05    18.615
  1957   06    14.915
  1957   07    12.109
  1957   08     8.894
  1957   09     7.105
  1957   10     9.554
  1957   11    12.822
  1957   12    16.745
  1958   01    19.536
  1958   02    21.742
  1958   03    22.514
  1958   04    21.528
  1958   05    18.841
  1958   06    15.131
  1958   07    12.044
  1958   08     9.056
  1958   09     7.733
  1958   10     9.197
  1958   11    12.419
  1958   12    15.943
  1959   01    19.304
  1959   02    21.556
  1959   03    22.234
  1959   04    20.794
  1959   05    18.588
  1959   06    15.122
  1959   07    12.493
  1959   08    10.198
  1959   09     8.381
  1959   10     9.770
  1959   11    12.804
  1959   12    17.020
  1960   01    19.849
  1960   02    21.542
  1960   03    22.728
  1960   04    21.793
  1960   05    19.359
  1960   06    15.567
  1960   07    12.675
  1960   08     9.109
  1960   09     7.972
  1960   10    10.113
  1960   11    12.764
  1960   12    16.289
  1961   01    19.489
  1961   02    21.195
  1961   03    22.276
  1961   04    21.481
  1961   05    18.839
  1961   06    15.439
  1961   07    12.272
  1961   08     9.376
  1961   09     7.928
  1961   10     9.325
  1961   11    13.148
  1961   12    16.943
  1962   01    19.847
  1962   02    21.935
  1962   03    22.766
  1962   04    22.086
  1962   05    18.134
  1962   06    14.740
  1962   07    12.827
  1962   08    10.691
  1962   09     9.127
  1962   10    10.478
  1962   11    13.296
  1962   12    16.901
  1963   01    19.031
  1963   02    21.405
  1963   03    22.555
  1963   04    21.552
  1963   05    18.417
  1963   06    14.876
  1963   07    12.675
  1963   08     9.800
  1963   09     8.460
  1963   10     9.895
  1963   11    13.000
  1963   12    16.796
  1964   01    19.925
  1964   02    22.027
  1964   03    23.017
  1964   04    21.902
  1964   05    18.896
  1964   06    14.888
  1964   07    12.527
  1964   08     9.671
  1964   09     8.436
  1964   10    10.070
  1964   11    13.775
  1964   12    17.737
  1965   01    20.535
  1965   02    21.784
  1965   03    22.310
  1965   04    21.341
  1965   05    19.530
  1965   06    14.930
  1965   07    12.404
  1965   08     9.758
  1965   09     8.425
  1965   10    10.132
  1965   11    12.921
  1965   12    16.621
  1966   01    19.415
  1966   02    21.726
  1966   03    22.954
  1966   04    22.020
  1966   05    18.872
  1966   06    15.591
  1966   07    13.158
  1966   08    10.494
  1966   09     9.039
  1966   10    10.430
  1966   11    13.547
  1966   12    17.380
  1967   01    20.139
  1967   02    21.960
  1967   03    22.569
  1967   04    21.572
  1967   05    18.489
  1967   06    15.606
  1967   07    13.544
  1967   08    11.008
  1967   09     9.823
  1967   10    11.748
  1967   11    14.202
  1967   12    17.076
  1968   01    19.379
  1968   02    21.158
  1968   03    21.405
  1968   04    20.359
  1968   05    18.315
  1968   06    15.041
  1968   07    12.404
  1968   08     9.573
  1968   09     8.364
  1968   10    10.278
  1968   11    13.535
  1968   12    17.559
  1969   01    20.156
  1969   02    21.857
  1969   03    22.696
  1969   04    21.852
  1969   05    19.015
  1969   06    15.193
  1969   07    13.047
  1969   08    10.490
  1969   09     9.433
  1969   10    11.070
  1969   11    14.046
  1969   12    17.376
  1970   01    20.186
  1970   02    22.053
  1970   03    22.931
  1970   04    22.357
  1970   05    19.807
  1970   06    15.408
  1970   07    13.597
  1970   08    10.806
  1970   09     9.424
  1970   10    11.237
  1970   11    14.581
  1970   12    17.808
  1971   01    21.036
  1971   02    23.498
  1971   03    24.436
  1971   04    23.028
  1971   05    20.301
  1971   06    17.117
  1971   07    14.185
  1971   08    11.931
  1971   09    10.911
  1971   10    12.725
  1971   11    15.269
  1971   12    19.149
  1972   01    22.137
  1972   02    23.951
  1972   03    24.301
  1972   04    23.804
  1972   05    21.557
  1972   06    16.775
  1972   07    13.625
  1972   08    12.216
  1972   09    11.029
  1972   10    12.384
  1972   11    15.339
  1972   12    19.435
  1973   01    22.224
  1973   02    24.232
  1973   03    25.086
  1973   04    23.503
  1973   05    21.049
  1973   06    16.966
  1973   07    13.732
  1973   08    11.148
  1973   09     9.988
  1973   10    11.374
  1973   11    14.780
  1973   12    18.855
  1974   01    21.783
  1974   02    23.548
  1974   03    24.027
  1974   04    23.147
  1974   05    20.959
  1974   06    16.535
  1974   07    14.044
  1974   08    11.722
  1974   09    10.232
  1974   10    11.866
  1974   11    14.057
  1974   12    18.193
  1975   01    21.225
  1975   02    23.308
  1975   03    24.197
  1975   04    22.607
  1975   05    20.247
  1975   06    16.626
  1975   07    14.122
  1975   08    11.509
  1975   09    10.179
  1975   10    11.177
  1975   11    14.323
  1975   12    18.201
  1976   01    21.297
  1976   02    23.345
  1976   03    23.836
  1976   04    22.865
  1976   05    20.266
  1976   06    16.914
  1976   07    13.545
  1976   08    10.717
  1976   09     9.888
  1976   10    11.272
  1976   11    13.869
  1976   12    17.879
  1977   01    20.540
  1977   02    22.486
  1977   03    23.279
  1977   04    22.483
  1977   05    20.020
  1977   06    16.201
  1977   07    13.286
  1977   08    10.866
  1977   09     9.573
  1977   10    10.906
  1977   11    13.192
  1977   12    17.539
  1978   01    20.773
  1978   02    23.018
  1978   03    23.780
  1978   04    22.874
  1978   05    20.009
  1978   06    15.802
  1978   07    13.267
  1978   08    10.490
  1978   09     8.849
  1978   10    10.867
  1978   11    14.687
  1978   12    18.263
  1979   01    20.507
  1979   02    22.243
  1979   03    23.206
  1979   04    22.117
  1979   05    18.900
  1979   06    15.512
  1979   07    12.298
  1979   08     9.957
  1979   09     8.750
  1979   10    10.033
  1979   11    12.240
  1979   12    16.076
  1980   01    19.824
  1980   02    21.914
  1980   03    22.935
  1980   04    22.111
  1980   05    18.861
  1980   06    14.913
  1980   07    11.940
  1980   08     9.646
  1980   09     8.901
  1980   10    10.208
  1980   11    12.947
  1980   12    16.314
  1981   01    19.146
  1981   02    21.364
  1981   03    22.120
  1981   04    20.813
  1981   05    18.574
  1981   06    15.416
  1981   07    11.930
  1981   08     9.408
  1981   09     8.109
  1981   10     9.377
  1981   11    12.276
  1981   12    16.391
  1982   01    19.481
  1982   02    21.178
  1982   03    21.780
  1982   04    20.947
  1982   05    18.580
  1982   06    15.222
  1982   07    12.425
  1982   08     9.529
  1982   09     7.966
  1982   10     9.887
  1982   11    12.299
  1982   12    16.036
  1983   01    19.327
  1983   02    21.969
  1983   03    23.213
  1983   04    22.442
  1983   05    20.296
  1983   06    15.805
  1983   07    13.219
  1983   08    10.043
  1983   09     8.569
  1983   10    10.225
  1983   11    13.044
  1983   12    17.830
  1984   01    20.942
  1984   02    22.813
  1984   03    23.665
  1984   04    22.645
  1984   05    19.598
  1984   06    15.716
  1984   07    12.798
  1984   08    10.463
  1984   09     8.974
  1984   10    10.207
  1984   11    13.531
  1984   12    17.757
  1985   01    20.390
  1985   02    22.205
  1985   03    22.843
  1985   04    21.141
  1985   05    18.639
  1985   06    15.183
  1985   07    12.424
  1985   08    10.161
  1985   09     8.561
  1985   10     9.976
  1985   11    12.780
  1985   12    16.885
  1986   01    20.185
  1986   02    22.226
  1986   03    22.833
  1986   04    22.284
  1986   05    19.270
  1986   06    15.617
  1986   07    11.593
  1986   08     9.393
  1986   09     8.633
  1986   10     9.792
  1986   11    12.840
  1986   12    16.882
  1987   01    19.751
  1987   02    21.766
  1987   03    22.625
  1987   04    21.544
  1987   05    19.239
  1987   06    15.431
  1987   07    11.733
  1987   08     9.137
  1987   09     7.690
  1987   10     9.494
  1987   11    12.648
  1987   12    15.517
  1988   01    18.920
  1988   02    20.701
  1988   03    21.386
  1988   04    20.491
  1988   05    17.890
  1988   06    14.743
  1988   07    12.421
  1988   08     9.591
  1988   09     8.359
  1988   10    10.132
  1988   11    12.490
  1988   12    16.063
  1989   01    19.291
  1989   02    21.639
  1989   03    22.515
  1989   04    21.292
  1989   05    18.836
  1989   06    15.724
  1989   07    12.775
  1989   08     9.854
  1989   09     8.805
  1989   10    10.212
  1989   11    12.993
  1989   12    16.701
  1990   01    19.934
  1990   02    21.790
  1990   03    22.876
  1990   04    21.929
  1990   05    19.174
  1990   06    15.208
  1990   07    12.199
  1990   08    10.282
  1990   09     9.182
  1990   10    10.307
  1990   11    13.620
  1990   12    17.286
  1991   01    20.031
  1991   02    22.535
  1991   03    22.896
  1991   04    22.275
  1991   05    19.277
  1991   06    14.131
  1991   07    11.182
  1991   08     8.669
  1991   09     7.707
  1991   10     8.698
  1991   11    12.428
  1991   12    16.244
  1992   01    19.241
  1992   02    21.529
  1992   03    22.279
  1992   04    21.538
  1992   05    19.294
  1992   06    15.201
  1992   07    12.157
  1992   08     9.420
  1992   09     8.381
  1992   10     9.853
  1992   11    13.245
  1992   12    16.970
  1993   01    20.133
  1993   02    22.302
  1993   03    23.254
  1993   04    22.435
  1993   05    19.682
  1993   06    15.217
  1993   07    12.363
  1993   08    10.263
  1993   09     8.783
  1993   10    10.044
  1993   11    13.391
  1993   12    17.470
  1994   01    20.659
  1994   02    22.546
  1994   03    23.139
  1994   04    22.564
  1994   05    20.823
  1994   06    16.354
  1994   07    12.283
  1994   08     9.180
  1994   09     8.126
  1994   10     9.421
  1994   11    12.592
  1994   12    17.759
  1995   01    20.856
  1995   02    22.487
  1995   03    22.792
  1995   04    22.328
  1995   05    19.227
  1995   06    14.501
  1995   07    12.178
  1995   08     9.844
  1995   09     7.786
  1995   10     9.781
  1995   11    13.114
  1995   12    16.672
  1996   01    20.064
  1996   02    21.684
  1996   03    22.505
  1996   04    21.634
  1996   05    19.150
  1996   06    15.392
  1996   07    12.199
  1996   08     8.993
  1996   09     7.770
  1996   10     9.058
  1996   11    12.873
  1996   12    17.238
  1997   01    20.033
  1997   02    21.368
  1997   03    22.273
  1997   04    21.682
  1997   05    19.406
  1997   06    15.076
  1997   07    11.869
  1997   08     8.783
  1997   09     7.502
  1997   10     8.499
  1997   11    12.234
  1997   12    16.287
  1998   01    19.153
  1998   02    21.352
  1998   03    21.735
  1998   04    20.661
  1998   05    18.124
  1998   06    14.349
  1998   07    12.041
  1998   08     9.603
  1998   09     8.053
  1998   10     9.523
  1998   11    12.326
  1998   12    15.190
  1999   01    17.856
  1999   02    20.037
  1999   03    21.126
  1999   04    20.367
  1999   05    18.310
  1999   06    14.186
  1999   07    11.213
  1999   08     8.715
  1999   09     7.535
  1999   10     8.464
  1999   11    11.518
  1999   12    15.070
  2000   01    18.352
  2000   02    20.465
  2000   03    21.565
  2000   04    21.125
  2000   05    18.414
  2000   06    13.904
  2000   07    10.551
  2000   08     8.099
  2000   09     6.618
  2000   10     8.166
  2000   11    11.229
  2000   12    14.571
  2001   01    18.455
  2001   02    20.750
  2001   03    21.889
  2001   04    21.654
  2001   05    18.725
  2001   06    13.935
  2001   07    10.377
  2001   08     8.174
  2001   09     7.263
  2001   10     8.846
  2001   11    11.447
  2001   12    14.799
  2002   01    18.483
  2002   02    20.569
  2002   03    21.383
  2002   04    20.482
  2002   05    17.776
  2002   06    14.022
  2002   07    10.432
  2002   08     7.663
  2002   09     6.338
  2002   10     7.953
  2002   11    11.625
  2002   12    15.089
  2003   01    18.257
  2003   02    20.368
  2003   03    20.981
  2003   04    19.815
  2003   05    17.637
  2003   06    13.648
  2003   07    10.621
  2003   08     8.490
  2003   09     7.651
  2003   10     8.972
  2003   11    11.694
  2003   12    15.484
  2004   01    18.106
  2004   02    20.073
  2004   03    20.766
  2004   04    20.058
  2004   05    17.994
  2004   06    13.712
  2004   07    10.275
  2004   08     8.372
  2004   09     7.513
  2004   10     8.590
  2004   11    11.579
  2004   12    14.343
  2005   01    17.776
  2005   02    19.465
  2005   03    20.252
  2005   04    19.681
  2005   05    17.591
  2005   06    13.469
  2005   07     9.776
  2005   08     7.922
  2005   09     6.857
  2005   10     8.227
  2005   11    11.260
  2005   12    15.269
  2006   01    18.042
  2006   02    19.792
  2006   03    20.322
  2006   04    19.724
  2006   05    17.528
  2006   06    14.541
  2006   07    10.841
  2006   08     7.883
  2006   09     6.171
  2006   10     7.965
  2006   11    11.164
  2006   12    15.039
  2007   01    17.930
  2007   02    20.112
  2007   03    20.508
  2007   04    19.592
  2007   05    17.450
  2007   06    13.914
  2007   07    10.169
  2007   08     7.167
  2007   09     5.373
  2007   10     7.067
  2007   11    10.774
  2007   12    14.324
  2008   01    17.730
  2008   02    19.462
  2008   03    20.323
  2008   04    19.633
  2008   05    16.791
  2008   06    13.113
  2008   07     9.571
  2008   08     6.797
  2008   09     6.060
  2008   10     7.604
  2008   11    10.059
  2008   12    13.769
  2009   01    17.927
  2009   02    20.021
  2009   03    20.775
  2009   04    20.210
  2009   05    17.247
  2009   06    14.083
  2009   07    10.983
  2009   08     7.852
  2009   09     6.079
  2009   10     8.065
  2009   11    11.526
  2009   12    14.809
  2010   01    17.276
  2010   02    18.915
  2010   03    19.692
  2010   04    19.152
  2010   05    16.389
  2010   06    12.945
  2010   07     9.768
  2010   08     7.240
  2010   09     6.045
  2010   10     7.823
  2010   11    10.835
  2010   12    13.876
  2011   01    16.948
  2011   02    19.074
  2011   03    19.535
  2011   04    18.640
  2011   05    16.822
  2011   06    13.053
  2011   07     9.451
  2011   08     7.401
  2011   09     5.936
  2011   10     7.629
  2011   11    10.642
  2011   12    13.975
  2012   01    17.192
  2012   02    19.167
  2012   03    19.547
  2012   04    18.093
  2012   05    16.338
  2012   06    13.355
  2012   07    10.311
  2012   08     7.598
  2012   09     5.502
  2012   10     7.422
  2012   11    10.676
  2012   12    14.245
  2013   01    17.325
  2013   02    19.348
  2013   03    19.613
  2013   04    18.888
  2013   05    16.404
  2013   06    13.478
  2013   07    10.210
  2013   08     7.229
  2013   09     5.714
  2013   10     7.666
  2013   11    10.615
  2013   12    14.559
  2014   01    17.971
  2014   02    19.630
  2014   03    20.622
  2014   04    20.031
  2014   05    17.773
  2014   06    14.173
  2014   07    10.520
  2014   08     8.058
  2014   09     6.864
  2014   10     8.097
  2014   11    10.868
  2014   12    14.264
  2015   01    18.001
  2015   02    19.929
  2015   03    20.914
  2015   04    20.409
  2015   05    17.866
  2015   06    14.048
  2015   07    10.039
  2015   08     7.730
  2015   09     6.259
  2015   10     7.257
  2015   11    10.478
  2015   12    14.792
  2016   01    18.260
  2016   02    19.841
  2016   03    20.477
  2016   04    19.376
  2016   05    16.946
  2016   06    13.966
  2016   07    10.342
  2016   08     7.020
  2016   09     5.298
  2016   10     7.032
  2016   11    10.892
  2016   12    14.650
  2017   01    17.443
  2017   02    19.316
  2017   03    19.620
  2017   04    19.426
  2017   05    17.227
  2017   06    13.230
  2017   07    10.117
  2017   08     7.640
  2017   09     6.171
  2017   10     8.217
  2017   11    11.013
  2017   12    14.307
  2018   01    17.505
  2018   02    18.753
  2018   03    19.352
  2018   04    18.880
  2018   05    15.689
  2018   06    12.877
  2018   07    10.246
  2018   08     7.605
  2018   09     5.649
  2018   10     8.022
  2018   11    10.814
  2018   12    13.826
  2019   01    16.585
  2019   02    18.530
  2019   03    19.298
  2019   04    18.677
  2019   05    15.920
  2019   06    13.204
  2019   07     9.496
  2019   08     6.016
  2019   09     4.543
  2019   10     6.188
  2019   11    10.564
  2019   12    13.490
  2020   01    16.855
  2020   02    18.356
  2020   03    18.957
  2020   04    17.786
  2020   05    15.920
  2020   06    11.849
  2020   07     8.581
  2020   08     5.365
  2020   09     3.356
  2020   10     5.284
  2020   11     9.001
  2020   12    12.833
  2021   01    16.113
  2021   02    18.424
  2021   03    19.117
  2021   04    18.756
  2021   05    16.470
  2021   06    13.117
  2021   07     9.004
  2021   08     4.102
  2021   09     2.734
  2021   10     3.782
  2021   11     9.093
  2021   12    12.777
  2022   01    16.842
  2022   02    18.844
  2022   03    19.353
  2022   04    18.576
  2022   05    16.159
  2022   06    12.998
  2022   07     8.978
  2022   08     5.877
  2022   09     3.288
  2022   10     5.243
  2022   11     8.909
  2022   12    13.305
  2023   01    16.267
  2023   02    18.233
  2023   03    18.936
  2023   04    18.225
  2023   05    15.812
  2023   06    12.309
  2023   07     8.077
  2023   08     3.691
  2023   09     1.400
  2023   10     4.377
  2023   11     8.816
  2023   12    11.976
  2024   01    15.908
  2024   02    18.007
  2024   03    18.600
  2024   04    18.099
  2024   05    15.504
  2024   06    11.646
  2024   07     7.630
  2024   08     2.785
  2024   09     0.924
  2024   10     2.280
  2024   11     6.628
  2024   12    11.969
  2025   01    16.057
  2025   02    18.005
  2025   03    18.597
  2025   04    17.744
  2025   05    14.847
  2025   06    11.765
  2025   07     8.635
  2025   08     4.305
  2025   09     0.564
  2025   10     4.153
  2025   11     8.108
  2025   12    12.250
  2026   01    15.673
  2026   02    18.059
  2026   03    18.506
  2026   04    17.688
  2026   05    15.209
  2026   06    12.330
  2026   07     8.616
  2026   08     5.005
  2026   09     1.695
  2026   10     5.194
  2026   11     9.508
  2026   12    12.899
  2027   01    16.107
  2027   02    17.952
  2027   03    18.683
  2027   04    18.065
  2027   05    15.503
  2027   06    12.501
  2027   07     9.116
  2027   08     5.250
  2027   09     2.076
  2027   10     4.966
  2027   11     8.964
  2027   12    12.574
  2028   01    15.682
  2028   02    17.670
  2028   03    18.295
  2028   04    17.994
  2028   05    15.820
  2028   06    12.079
  2028   07     7.934
  2028   08     4.463
  2028   09     1.497
  2028   10     4.127
  2028   11     8.180
  2028   12    12.657
  2029   01    16.048
  2029   02    17.973
  2029   03    18.567
  2029   04    17.730
  2029   05    15.448
  2029   06    11.313
  2029   07     7.692
  2029   08     3.528
  2029   09     1.348
  2029   10     4.265
  2029   11     8.144
  2029   12    11.566
  2030   01    15.037
  2030   02    17.085
  2030   03    18.344
  2030   04    17.926
  2030   05    15.271
  2030   06    11.491
  2030   07     8.298
  2030   08     3.573
  2030   09     1.378
  2030   10     2.939
  2030   11     7.048
  2030   12    11.829
  2031   01    15.705
  2031   02    17.157
  2031   03    18.156
  2031   04    16.815
  2031   05    14.727
  2031   06    11.335
  2031   07     6.435
  2031   08     1.273
  2031   09     0.454
  2031   10     2.652
  2031   11     6.449
  2031   12    10.983
  2032   01    14.502
  2032   02    16.401
  2032   03    16.815
  2032   04    16.563
  2032   05    14.652
  2032   06    11.025
  2032   07     5.874
  2032   08     1.747
  2032   09     0.174
  2032   10     0.329
  2032   11     5.197
  2032   12    11.522
  2033   01    14.899
  2033   02    16.478
  2033   03    17.448
  2033   04    16.614
  2033   05    14.499
  2033   06    11.644
  2033   07     8.127
  2033   08     2.075
  2033   09     0.336
  2033   10     2.134
  2033   11     6.998
  2033   12    11.411
  2034   01    14.526
  2034   02    16.237
  2034   03    17.219
  2034   04    16.151
  2034   05    14.330
  2034   06    11.373
  2034   07     7.545
  2034   08     1.987
  2034   09     0.536
  2034   10     1.553
  2034   11     6.704
  2034   12    11.537
  2035   01    14.224
  2035   02    16.327
  2035   03    17.308
  2035   04    16.354
  2035   05    14.151
  2035   06    10.536
  2035   07     6.994
  2035   08     1.346
  2035   09     0.353
  2035   10     1.691
  2035   11     6.378
  2035   12    10.359
  2036   01    14.071
  2036   02    16.064
  2036   03    16.766
  2036   04    16.069
  2036   05    14.341
  2036   06    10.718
  2036   07     4.675
  2036   08     0.490
  2036   09     0.219
  2036   10     0.647
  2036   11     3.125
  2036   12    10.031
  2037   01    13.469
  2037   02    15.585
  2037   03    16.429
  2037   04    15.986
  2037   05    13.992
  2037   06    10.608
  2037   07     5.655
  2037   08     0.341
  2037   09     0.070
  2037   10     0.547
  2037   11     3.614
  2037   12     8.894
  2038   01    13.561
  2038   02    15.972
  2038   03    16.589
  2038   04    16.194
  2038   05    14.462
  2038   06    10.441
  2038   07     5.304
  2038   08     0.276
  2038   09     0.071
  2038   10     0.259
  2038   11     2.906
  2038   12     8.713
  2039   01    12.788
  2039   02    15.772
  2039   03    16.548
  2039   04    15.327
  2039   05    13.011
  2039   06     9.150
  2039   07     3.623
  2039   08     0.151
  2039   09     0.020
  2039   10     0.019
  2039   11     3.050
  2039   12     9.843
  2040   01    12.983
  2040   02    14.693
  2040   03    16.003
  2040   04    15.363
  2040   05    14.150
  2040   06    10.724
  2040   07     6.045
  2040   08     0.224
  2040   09     0.026
  2040   10     0.108
  2040   11     2.111
  2040   12     9.907
  2041   01    13.256
  2041   02    15.885
  2041   03    16.283
  2041   04    15.773
  2041   05    13.300
  2041   06     9.503
  2041   07     3.981
  2041   08     0.220
  2041   09     0.020
  2041   10     0.042
  2041   11     0.922
  2041   12     6.946
  2042   01    12.182
  2042   02    14.694
  2042   03    15.521
  2042   04    14.746
  2042   05    12.026
  2042   06     8.362
  2042   07     2.713
  2042   08     0.083
  2042   09     0.000
  2042   10     0.000
  2042   11     0.443
  2042   12     7.210
  2043   01    11.831
  2043   02    14.737
  2043   03    15.640
  2043   04    15.254
  2043   05    13.356
  2043   06     9.626
  2043   07     3.827
  2043   08     0.092
  2043   09     0.026
  2043   10     0.190
  2043   11     0.936
  2043   12     8.276
  2044   01    12.330
  2044   02    15.195
  2044   03    16.207
  2044   04    15.961
  2044   05    13.440
  2044   06     9.452
  2044   07     2.308
  2044   08     0.113
  2044   09     0.024
  2044   10     0.036
  2044   11     0.745
  2044   12     6.040
  2045   01    11.723
  2045   02    14.905
  2045   03    16.182
  2045   04    15.391
  2045   05    13.208
  2045   06     9.540
  2045   07     2.835
  2045   08     0.058
  2045   09     0.003
  2045   10     0.000
  2045   11     1.639
  2045   12     8.237
  2046   01    12.253
  2046   02    15.191
  2046   03    15.794
  2046   04    15.132
  2046   05    12.913
  2046   06     9.666
  2046   07     3.382
  2046   08     0.193
  2046   09     0.049
  2046   10     0.064
  2046   11     0.812
  2046   12     7.775
  2047   01    11.455
  2047   02    14.115
  2047   03    14.614
  2047   04    14.147
  2047   05    12.518
  2047   06     8.097
  2047   07     1.330
  2047   08     0.066
  2047   09     0.014
  2047   10     0.027
  2047   11     0.234
  2047   12     2.338
  2048   01     7.960
  2048   02    12.219
  2048   03    13.663
  2048   04    13.309
  2048   05    11.052
  2048   06     7.054
  2048   07     1.664
  2048   08     0.142
  2048   09     0.017
  2048   10     0.011
  2048   11     0.623
  2048   12     3.811
  2049   01    10.236
  2049   02    13.191
  2049   03    14.495
  2049   04    14.305
  2049   05    12.078
  2049   06     6.685
  2049   07     0.637
  2049   08     0.085
  2049   09     0.015
  2049   10     0.025
  2049   11     0.258
  2049   12     2.275
  2050   01     8.516
  2050   02    12.734
  2050   03    13.684
  2050   04    13.048
  2050   05    10.566
  2050   06     6.804
  2050   07     0.200
  2050   08     0.013
  2050   09     0.000
  2050   10     0.000
  2050   11     0.244
  2050   12     2.285
  2051   01     9.539
  2051   02    12.680
  2051   03    13.848
  2051   04    13.284
  2051   05    11.454
  2051   06     7.201
  2051   07     0.590
  2051   08     0.036
  2051   09     0.003
  2051   10     0.000
  2051   11     0.053
  2051   12     3.139
  2052   01     8.444
  2052   02    11.856
  2052   03    13.612
  2052   04    13.255
  2052   05     9.981
  2052   06     5.442
  2052   07     0.295
  2052   08     0.007
  2052   09     0.000
  2052   10     0.000
  2052   11     0.066
  2052   12     2.675
  2053   01     9.213
  2053   02    12.538
  2053   03    13.777
  2053   04    13.463
  2053   05    10.969
  2053   06     6.786
  2053   07     0.321
  2053   08     0.056
  2053   09     0.007
  2053   10     0.000
  2053   11     0.050
  2053   12     1.287
  2054   01     8.649
  2054   02    12.254
  2054   03    13.680
  2054   04    13.308
  2054   05    11.265
  2054   06     7.158
  2054   07     0.383
  2054   08     0.015
  2054   09     0.000
  2054   10     0.000
  2054   11     0.184
  2054   12     2.431
  2055   01     9.816
  2055   02    12.575
  2055   03    14.229
  2055   04    13.270
  2055   05    11.776
  2055   06     7.798
  2055   07     0.374
  2055   08     0.010
  2055   09     0.000
  2055   10     0.000
  2055   11     0.039
  2055   12     1.369
  2056   01     7.956
  2056   02    11.627
  2056   03    12.724
  2056   04    11.873
  2056   05     9.574
  2056   06     6.009
  2056   07     0.264
  2056   08     0.017
  2056   09     0.000
  2056   10     0.000
  2056   11     0.081
  2056   12     0.730
  2057   01     5.541
  2057   02    10.069
  2057   03    11.531
  2057   04    11.585
  2057   05     9.062
  2057   06     4.895
  2057   07     0.067
  2057   08     0.003
  2057   09     0.000
  2057   10     0.000
  2057   11     0.022
  2057   12     1.116
  2058   01     7.404
  2058   02    11.242
  2058   03    12.672
  2058   04    12.381
  2058   05    10.942
  2058   06     6.566
  2058   07     0.116
  2058   08     0.006
  2058   09     0.000
  2058   10     0.000
  2058   11     0.041
  2058   12     1.343
  2059   01     9.063
  2059   02    12.077
  2059   03    13.108
  2059   04    12.235
  2059   05     9.926
  2059   06     6.141
  2059   07     0.207
  2059   08     0.022
  2059   09     0.000
  2059   10     0.000
  2059   11     0.243
  2059   12     1.294
  2060   01     8.646
  2060   02    12.291
  2060   03    13.162
  2060   04    12.722
  2060   05    10.555
  2060   06     6.431
  2060   07     0.398
  2060   08     0.023
  2060   09     0.000
  2060   10     0.000
  2060   11     0.081
  2060   12     2.031
  2061   01     5.701
  2061   02    11.012
  2061   03    12.369
  2061   04    11.642
  2061   05     9.256
  2061   06     3.664
  2061   07     0.075
  2061   08     0.003
  2061   09     0.000
  2061   10     0.000
  2061   11     0.027
  2061   12     0.718
  2062   01     5.236
  2062   02    10.159
  2062   03    11.397
  2062   04    11.515
  2062   05     8.531
  2062   06     2.635
  2062   07     0.070
  2062   08     0.000
  2062   09     0.000
  2062   10     0.000
  2062   11     0.005
  2062   12     0.698
  2063   01     4.084
  2063   02     9.710
  2063   03    12.038
  2063   04    12.153
  2063   05     8.984
  2063   06     4.087
  2063   07     0.084
  2063   08     0.000
  2063   09     0.000
  2063   10     0.000
  2063   11     0.068
  2063   12     0.704
  2064   01     6.028
  2064   02     9.594
  2064   03    11.451
  2064   04    11.471
  2064   05     8.998
  2064   06     2.907
  2064   07     0.033
  2064   08     0.000
  2064   09     0.000
  2064   10     0.000
  2064   11     0.015
  2064   12     0.390
  2065   01     2.449
  2065   02     5.998
  2065   03     8.990
  2065   04     8.313
  2065   05     6.371
  2065   06     0.995
  2065   07     0.000
  2065   08     0.000
  2065   09     0.000
  2065   10     0.000
  2065   11     0.000
  2065   12     0.155
  2066   01     1.941
  2066   02     5.504
  2066   03     9.018
  2066   04     8.880
  2066   05     6.315
  2066   06     1.252
  2066   07     0.000
  2066   08     0.000
  2066   09     0.000
  2066   10     0.000
  2066   11     0.000
  2066   12     0.381
  2067   01     2.540
  2067   02     8.001
  2067   03     9.734
  2067   04    10.359
  2067   05     7.861
  2067   06     1.782
  2067   07     0.018
  2067   08     0.000
  2067   09     0.000
  2067   10     0.000
  2067   11     0.000
  2067   12     0.235
  2068   01     3.109
  2068   02     7.382
  2068   03     9.736
  2068   04     9.719
  2068   05     7.493
  2068   06     2.167
  2068   07     0.031
  2068   08     0.000
  2068   09     0.000
  2068   10     0.000
  2068   11     0.000
  2068   12     0.293
  2069   01     1.990
  2069   02     5.276
  2069   03     8.170
  2069   04     7.904
  2069   05     5.313
  2069   06     0.844
  2069   07     0.012
  2069   08     0.000
  2069   09     0.000
  2069   10     0.000
  2069   11     0.000
  2069   12     0.070
  2070   01     1.783
  2070   02     4.486
  2070   03     7.044
  2070   04     6.749
  2070   05     3.467
  2070   06     0.347
  2070   07     0.000
  2070   08     0.000
  2070   09     0.000
  2070   10     0.000
  2070   11     0.000
  2070   12     0.091
  2071   01     1.231
  2071   02     4.104
  2071   03     5.863
  2071   04     6.542
  2071   05     2.650
  2071   06     0.109
  2071   07     0.000
  2071   08     0.000
  2071   09     0.000
  2071   10     0.000
  2071   11     0.003
  2071   12     0.143
  2072   01     0.837
  2072   02     3.639
  2072   03     5.868
  2072   04     6.529
  2072   05     3.598
  2072   06     0.445
  2072   07     0.007
  2072   08     0.000
  2072   09     0.000
  2072   10     0.000
  2072   11     0.000
  2072   12     0.086
  2073   01     0.743
  2073   02     3.248
  2073   03     4.730
  2073   04     4.669
  2073   05     2.015
  2073   06     0.053
  2073   07     0.000
  2073   08     0.000
  2073   09     0.000
  2073   10     0.000
  2073   11     0.000
  2073   12     0.030
  2074   01     0.438
  2074   02     2.370
  2074   03     4.084
  2074   04     3.740
  2074   05     1.193
  2074   06     0.018
  2074   07     0.000
  2074   08     0.000
  2074   09     0.000
  2074   10     0.000
  2074   11     0.000
  2074   12     0.053
  2075   01     0.548
  2075   02     1.905
  2075   03     3.620
  2075   04     3.641
  2075   05     1.422
  2075   06     0.003
  2075   07     0.000
  2075   08     0.000
  2075   09     0.000
  2075   10     0.000
  2075   11     0.000
  2075   12     0.042
  2076   01     0.284
  2076   02     1.739
  2076   03     3.755
  2076   04     3.403
  2076   05     1.303
  2076   06     0.035
  2076   07     0.000
  2076   08     0.000
  2076   09     0.000
  2076   10     0.000
  2076   11     0.000
  2076   12     0.051
  2077   01     0.608
  2077   02     2.339
  2077   03     4.339
  2077   04     3.629
  2077   05     1.425
  2077   06     0.041
  2077   07     0.000
  2077   08     0.000
  2077   09     0.000
  2077   10     0.000
  2077   11     0.000
  2077   12     0.065
  2078   01     0.589
  2078   02     1.919
  2078   03     3.272
  2078   04     2.770
  2078   05     1.304
  2078   06     0.064
  2078   07     0.000
  2078   08     0.000
  2078   09     0.000
  2078   10     0.000
  2078   11     0.000
  2078   12     0.000
  2079   01     0.257
  2079   02     1.415
  2079   03     3.780
  2079   04     3.371
  2079   05     1.469
  2079   06     0.026
  2079   07     0.010
  2079   08     0.000
  2079   09     0.000
  2079   10     0.000
  2079   11     0.000
  2079   12     0.011
  2080   01     0.264
  2080   02     2.052
  2080   03     3.698
  2080   04     2.925
  2080   05     0.825
  2080   06     0.000
  2080   07     0.000
  2080   08     0.000
  2080   09     0.000
  2080   10     0.000
  2080   11     0.000
  2080   12     0.005
  2081   01     0.215
  2081   02     1.107
  2081   03     2.689
  2081   04     2.072
  2081   05     0.710
  2081   06     0.000
  2081   07     0.000
  2081   08     0.000
  2081   09     0.000
  2081   10     0.000
  2081   11     0.000
  2081   12     0.023
  2082   01     0.196
  2082   02     0.569
  2082   03     1.317
  2082   04     1.183
  2082   05     0.394
  2082   06     0.000
  2082   07     0.000
  2082   08     0.000
  2082   09     0.000
  2082   10     0.000
  2082   11     0.000
  2082   12     0.036
  2083   01     0.350
  2083   02     1.425
  2083   03     2.363
  2083   04     2.001
  2083   05     0.726
  2083   06     0.000
  2083   07     0.000
  2083   08     0.000
  2083   09     0.000
  2083   10     0.000
  2083   11     0.000
  2083   12     0.010
  2084   01     0.222
  2084   02     0.908
  2084   03     1.487
  2084   04     1.170
  2084   05     0.209
  2084   06     0.000
  2084   07     0.000
  2084   08     0.000
  2084   09     0.000
  2084   10     0.000
  2084   11     0.000
  2084   12     0.003
  2085   01     0.109
  2085   02     0.512
  2085   03     1.124
  2085   04     0.939
  2085   05     0.194
  2085   06     0.000
  2085   07     0.000
  2085   08     0.000
  2085   09     0.000
  2085   10     0.000
  2085   11     0.000
  2085   12     0.000
  2086   01     0.116
  2086   02     0.564
  2086   03     0.962
  2086   04     0.924
  2086   05     0.150
  2086   06     0.000
  2086   07     0.000
  2086   08     0.000
  2086   09     0.000
  2086   10     0.000
  2086   11     0.000
  2086   12     0.000
  2087   01     0.052
  2087   02     0.354
  2087   03     0.864
  2087   04     0.603
  2087   05     0.041
  2087   06     0.000
  2087   07     0.000
  2087   08     0.000
  2087   09     0.000
  2087   10     0.000
  2087   11     0.000
  2087   12     0.000
  2088   01     0.036
  2088   02     0.228
  2088   03     1.045
  2088   04     0.483
  2088   05     0.002
  2088   06     0.000
  2088   07     0.000
  2088   08     0.000
  2088   09     0.000
  2088   10     0.000
  2088   11     0.000
  2088   12     0.000
  2089   01     0.091
  2089   02     0.382
  2089   03     0.757
  2089   04     0.597
  2089   05     0.094
  2089   06     0.000
  2089   07     0.000
  2089   08     0.000
  2089   09     0.000
  2089   10     0.000
  2089   11     0.000
  2089   12     0.000
  2090   01     0.064
  2090   02     0.323
  2090   03     0.609
  2090   04     0.488
  2090   05     0.023
  2090   06     0.000
  2090   07     0.000
  2090   08     0.000
  2090   09     0.000
  2090   10     0.000
  2090   11     0.000
  2090   12     0.000
  2091   01     0.076
  2091   02     0.410
  2091   03     0.647
  2091   04     0.489
  2091   05     0.015
  2091   06     0.000
  2091   07     0.000
  2091   08     0.000
  2091   09     0.000
  2091   10     0.000
  2091   11     0.000
  2091   12     0.000
  2092   01     0.012
  2092   02     0.120
  2092   03     0.413
  2092   04     0.272
  2092   05     0.003
  2092   06     0.000
  2092   07     0.000
  2092   08     0.000
  2092   09     0.000
  2092   10     0.000
  2092   11     0.000
  2092   12     0.000
  2093   01     0.042
  2093   02     0.204
  2093   03     0.565
  2093   04     0.435
  2093   05     0.024
  2093   06     0.000
  2093   07     0.000
  2093   08     0.000
  2093   09     0.000
  2093   10     0.000
  2093   11     0.000
  2093   12     0.000
  2094   01     0.023
  2094   02     0.165
  2094   03     0.420
  2094   04     0.250
  2094   05     0.003
  2094   06     0.000
  2094   07     0.000
  2094   08     0.000
  2094   09     0.000
  2094   10     0.000
  2094   11     0.000
  2094   12     0.000
  2095   01     0.008
  2095   02     0.036
  2095   03     0.202
  2095   04     0.131
  2095   05     0.000
  2095   06     0.000
  2095   07     0.000
  2095   08     0.000
  2095   09     0.000
  2095   10     0.000
  2095   11     0.000
  2095   12     0.000
  2096   01     0.006
  2096   02     0.065
  2096   03     0.200
  2096   04     0.107
  2096   05     0.004
  2096   06     0.000
  2096   07     0.000
  2096   08     0.000
  2096   09     0.000
  2096   10     0.000
  2096   11     0.000
  2096   12     0.000
  2097   01     0.005
  2097   02     0.052
  2097   03     0.160
  2097   04     0.103
  2097   05     0.000
  2097   06     0.000
  2097   07     0.000
  2097   08     0.000
  2097   09     0.000
  2097   10     0.000
  2097   11     0.000
  2097   12     0.000
  2098   01     0.008
  2098   02     0.080
  2098   03     0.224
  2098   04     0.085
  2098   05     0.000
  2098   06     0.000
  2098   07     0.000
  2098   08     0.000
  2098   09     0.000
  2098   10     0.000
  2098   11     0.000
  2098   12     0.000
  2099   01     0.011
  2099   02     0.093
  2099   03     0.200
  2099   04     0.165
  2099   05     0.018
  2099   06     0.000
  2099   07     0.000
  2099   08     0.000
  2099   09     0.000
  2099   10     0.000
  2099   11     0.000
  2099   12     0.000
  2100   01     0.000
  2100   02     0.021
  2100   03     0.104
  2100   04     0.082
  2100   05     0.000
  2100   06     0.000
  2100   07     0.000
  2100   08     0.000
  2100   09     0.000
  2100   10     0.000
  2100   11     0.000
  2100   12     0.000
