  1850   01    14.857
  1850   02    15.272
  1850   03    15.141
  1850   04    14.853
  1850   05    13.754
  1850   06    12.229
  1850   07    10.294
  1850   08     8.220
  1850   09     8.127
  1850   10     9.807
  1850   11    11.134
  1850   12    13.700
  1851   01    14.779
  1851   02    15.555
  1851   03    15.617
  1851   04    14.982
  1851   05    13.775
  1851   06    12.215
  1851   07    10.223
  1851   08     8.547
  1851   09     7.881
  1851   10     9.645
  1851   11    11.090
  1851   12    13.689
  1852   01    14.648
  1852   02    15.158
  1852   03    15.130
  1852   04    14.357
  1852   05    13.242
  1852   06    11.962
  1852   07    10.601
  1852   08     8.255
  1852   09     7.376
  1852   10     9.501
  1852   11    10.874
  1852   12    13.063
  1853   01    14.128
  1853   02    14.888
  1853   03    14.870
  1853   04    14.389
  1853   05    12.837
  1853   06    11.584
  1853   07     9.692
  1853   08     8.115
  1853   09     7.273
  1853   10     9.287
  1853   11    11.083
  1853   12    12.903
  1854   01    14.227
  1854   02    14.866
  1854   03    14.756
  1854   04    14.487
  1854   05    13.425
  1854   06    11.739
  1854   07    10.192
  1854   08     7.957
  1854   09     7.695
  1854   10     9.147
  1854   11    11.248
  1854   12    13.366
  1855   01    14.388
  1855   02    14.866
  1855   03    15.006
  1855   04    14.284
  1855   05    13.098
  1855   06    11.710
  1855   07    10.012
  1855   08     7.233
  1855   09     6.546
  1855   10     9.428
  1855   11    11.142
  1855   12    13.265
  1856   01    14.456
  1856   02    14.945
  1856   03    14.974
  1856   04    14.573
  1856   05    13.433
  1856   06    11.715
  1856   07     9.839
  1856   08     7.693
  1856   09     7.369
  1856   10     9.445
  1856   11    11.446
  1856   12    13.381
  1857   01    14.595
  1857   02    15.117
  1857   03    15.384
  1857   04    14.877
  1857   05    13.658
  1857   06    12.106
  1857   07    10.273
  1857   08     7.546
  1857   09     6.766
  1857   10     8.619
  1857   11    11.372
  1857   12    13.714
  1858   01    14.630
  1858   02    15.344
  1858   03    15.440
  1858   04    14.815
  1858   05    13.795
  1858   06    11.832
  1858   07     9.507
  1858   08     7.797
  1858   09     7.197
  1858   10     9.319
  1858   11    11.046
  1858   12    13.383
  1859   01    14.577
  1859   02    15.323
  1859   03    15.427
  1859   04    14.943
  1859   05    13.989
  1859   06    12.354
  1859   07    10.069
  1859   08     8.543
  1859   09     7.814
  1859   10     9.786
  1859   11    11.610
  1859   12    13.975
  1860   01    15.105
  1860   02    15.727
  1860   03    15.531
  1860   04    14.801
  1860   05    13.930
  1860   06    12.527
  1860   07    10.919
  1860   08     8.930
  1860   09     8.386
  1860   10    10.142
  1860   11    11.777
  1860   12    13.727
  1861   01    14.720
  1861   02    15.336
  1861   03    15.374
  1861   04    15.078
  1861   05    14.274
  1861   06    12.668
  1861   07    10.838
  1861   08     9.479
  1861   09     8.768
  1861   10    10.492
  1861   11    11.848
  1861   12    13.983
  1862   01    14.796
  1862   02    15.442
  1862   03    15.500
  1862   04    14.780
  1862   05    13.718
  1862   06    12.229
  1862   07    10.621
  1862   08     8.822
  1862   09     8.609
  1862   10    10.378
  1862   11    12.036
  1862   12    14.018
  1863   01    15.023
  1863   02    15.362
  1863   03    15.395
  1863   04    14.640
  1863   05    13.533
  1863   06    12.408
  1863   07    10.917
  1863   08     8.564
  1863   09     7.698
  1863   10     9.962
  1863   11    11.586
  1863   12    13.536
  1864   01    14.712
  1864   02    15.291
  1864   03    15.577
  1864   04    15.022
  1864   05    14.146
  1864   06    12.511
  1864   07    10.848
  1864   08     9.025
  1864   09     8.191
  1864   10    10.233
  1864   11    12.060
  1864   12    13.500
  1865   01    14.840
  1865   02    15.241
  1865   03    15.354
  1865   04    15.119
  1865   05    14.171
  1865   06    12.629
  1865   07    10.714
  1865   08     8.518
  1865   09     7.760
  1865   10     9.642
  1865   11    11.531
  1865   12    13.471
  1866   01    15.007
  1866   02    15.480
  1866   03    15.620
  1866   04    14.815
  1866   05    13.680
  1866   06    11.651
  1866   07    10.319
  1866   08     8.421
  1866   09     7.752
  1866   10     9.834
  1866   11    11.461
  1866   12    13.514
  1867   01    14.525
  1867   02    15.177
  1867   03    15.196
  1867   04    14.559
  1867   05    13.451
  1867   06    12.110
  1867   07     9.998
  1867   08     7.976
  1867   09     7.575
  1867   10    10.126
  1867   11    11.569
  1867   12    13.706
  1868   01    14.661
  1868   02    15.411
  1868   03    15.448
  1868   04    14.853
  1868   05    13.454
  1868   06    12.145
  1868   07    10.206
  1868   08     8.377
  1868   09     7.344
  1868   10     9.745
  1868   11    11.612
  1868   12    13.514
  1869   01    14.403
  1869   02    15.089
  1869   03    15.433
  1869   04    14.676
  1869   05    13.687
  1869   06    12.405
  1869   07    10.627
  1869   08     8.342
  1869   09     8.112
  1869   10     9.760
  1869   11    11.753
  1869   12    13.693
  1870   01    14.720
  1870   02    15.335
  1870   03    15.351
  1870   04    14.462
  1870   05    13.452
  1870   06    11.934
  1870   07    10.277
  1870   08     8.748
  1870   09     7.768
  1870   10     9.795
  1870   11    11.464
  1870   12    13.575
  1871   01    14.519
  1871   02    15.080
  1871   03    15.253
  1871   04    14.375
  1871   05    13.454
  1871   06    12.158
  1871   07     9.923
  1871   08     7.998
  1871   09     6.962
  1871   10     9.652
  1871   11    11.370
  1871   12    13.569
  1872   01    14.514
  1872   02    15.180
  1872   03    15.463
  1872   04    14.850
  1872   05    13.597
  1872   06    12.198
  1872   07    10.231
  1872   08     8.263
  1872   09     7.912
  1872   10     9.950
  1872   11    11.538
  1872   12    13.625
  1873   01    14.437
  1873   02    15.312
  1873   03    15.401
  1873   04    14.651
  1873   05    13.851
  1873   06    12.528
  1873   07    10.159
  1873   08     8.432
  1873   09     7.771
  1873   10     9.884
  1873   11    11.122
  1873   12    13.602
  1874   01    14.494
  1874   02    15.135
  1874   03    15.128
  1874   04    14.584
  1874   05    13.898
  1874   06    12.299
  1874   07    10.385
  1874   08     8.434
  1874   09     7.976
  1874   10    10.074
  1874   11    11.436
  1874   12    13.993
  1875   01    14.765
  1875   02    15.300
  1875   03    15.342
  1875   04    14.681
  1875   05    13.447
  1875   06    11.817
  1875   07    10.117
  1875   08     8.535
  1875   09     8.035
  1875   10    10.009
  1875   11    11.563
  1875   12    13.310
  1876   01    14.414
  1876   02    14.885
  1876   03    14.781
  1876   04    14.373
  1876   05    13.468
  1876   06    12.002
  1876   07    10.112
  1876   08     8.040
  1876   09     7.520
  1876   10     9.468
  1876   11    11.546
  1876   12    13.504
  1877   01    14.531
  1877   02    15.163
  1877   03    15.154
  1877   04    14.216
  1877   05    13.189
  1877   06    12.030
  1877   07     9.998
  1877   08     7.746
  1877   09     6.476
  1877   10     9.580
  1877   11    10.992
  1877   12    12.826
  1878   01    14.139
  1878   02    15.004
  1878   03    15.242
  1878   04    14.280
  1878   05    13.159
  1878   06    11.293
  1878   07     9.289
  1878   08     7.305
  1878   09     6.897
  1878   10     8.786
  1878   11    10.676
  1878   12    12.844
  1879   01    14.239
  1879   02    14.789
  1879   03    14.861
  1879   04    14.303
  1879   05    13.371
  1879   06    11.602
  1879   07    10.045
  1879   08     7.899
  1879   09     7.808
  1879   10     8.479
  1879   11    11.021
  1879   12    13.445
  1880   01    14.367
  1880   02    14.972
  1880   03    14.989
  1880   04    14.465
  1880   05    13.598
  1880   06    12.063
  1880   07     9.635
  1880   08     7.917
  1880   09     7.206
  1880   10     8.914
  1880   11    11.091
  1880   12    13.270
  1881   01    14.711
  1881   02    15.242
  1881   03    15.456
  1881   04    14.904
  1881   05    13.803
  1881   06    12.418
  1881   07    10.184
  1881   08     8.741
  1881   09     7.969
  1881   10     9.569
  1881   11    11.177
  1881   12    13.540
  1882   01    14.619
  1882   02    15.106
  1882   03    15.083
  1882   04    14.615
  1882   05    13.702
  1882   06    11.988
  1882   07    10.371
  1882   08     8.773
  1882   09     8.011
  1882   10     9.782
  1882   11    11.245
  1882   12    13.390
  1883   01    14.348
  1883   02    14.894
  1883   03    14.929
  1883   04    14.312
  1883   05    13.351
  1883   06    11.990
  1883   07    10.253
  1883   08     8.654
  1883   09     8.072
  1883   10     9.474
  1883   11    11.373
  1883   12    13.464
  1884   01    14.333
  1884   02    14.905
  1884   03    14.710
  1884   04    14.299
  1884   05    12.978
  1884   06    11.750
  1884   07    10.050
  1884   08     8.244
  1884   09     7.557
  1884   10     9.751
  1884   11    11.009
  1884   12    13.307
  1885   01    14.346
  1885   02    14.840
  1885   03    14.903
  1885   04    14.345
  1885   05    13.452
  1885   06    11.466
  1885   07     9.509
  1885   08     7.925
  1885   09     7.522
  1885   10     9.707
  1885   11    11.035
  1885   12    13.236
  1886   01    14.306
  1886   02    15.033
  1886   03    15.114
  1886   04    14.719
  1886   05    13.659
  1886   06    12.257
  1886   07    10.140
  1886   08     7.740
  1886   09     7.439
  1886   10     9.209
  1886   11    11.342
  1886   12    13.291
  1887   01    14.399
  1887   02    15.077
  1887   03    15.021
  1887   04    14.519
  1887   05    13.817
  1887   06    12.142
  1887   07    10.917
  1887   08     8.833
  1887   09     8.432
  1887   10    10.048
  1887   11    11.586
  1887   12    13.645
  1888   01    14.501
  1888   02    15.126
  1888   03    15.226
  1888   04    14.439
  1888   05    13.434
  1888   06    11.936
  1888   07     9.514
  1888   08     8.154
  1888   09     7.389
  1888   10     8.941
  1888   11    11.667
  1888   12    13.450
  1889   01    14.251
  1889   02    14.921
  1889   03    15.040
  1889   04    14.771
  1889   05    13.953
  1889   06    12.099
  1889   07    10.036
  1889   08     8.076
  1889   09     7.318
  1889   10     9.974
  1889   11    11.719
  1889   12    13.359
  1890   01    14.489
  1890   02    15.001
  1890   03    15.267
  1890   04    14.548
  1890   05    13.339
  1890   06    12.162
  1890   07    10.299
  1890   08     8.260
  1890   09     7.499
  1890   10     9.584
  1890   11    11.265
  1890   12    13.239
  1891   01    14.531
  1891   02    15.128
  1891   03    15.110
  1891   04    14.573
  1891   05    13.386
  1891   06    12.170
  1891   07    10.369
  1891   08     7.383
  1891   09     6.547
  1891   10     9.236
  1891   11    11.280
  1891   12    13.640
  1892   01    14.668
  1892   02    15.392
  1892   03    15.562
  1892   04    14.987
  1892   05    13.619
  1892   06    12.295
  1892   07     9.589
  1892   08     7.694
  1892   09     6.675
  1892   10     8.744
  1892   11    10.861
  1892   12    13.414
  1893   01    14.366
  1893   02    15.064
  1893   03    15.043
  1893   04    14.347
  1893   05    12.892
  1893   06    11.323
  1893   07     9.829
  1893   08     7.690
  1893   09     6.509
  1893   10     9.224
  1893   11    11.186
  1893   12    13.185
  1894   01    14.169
  1894   02    14.790
  1894   03    14.916
  1894   04    14.235
  1894   05    13.113
  1894   06    11.809
  1894   07     9.534
  1894   08     7.439
  1894   09     6.397
  1894   10     8.978
  1894   11    10.837
  1894   12    13.113
  1895   01    14.217
  1895   02    14.841
  1895   03    14.747
  1895   04    14.429
  1895   05    13.452
  1895   06    12.010
  1895   07     9.866
  1895   08     7.388
  1895   09     6.820
  1895   10     9.233
  1895   11    11.397
  1895   12    13.051
  1896   01    14.285
  1896   02    14.907
  1896   03    14.913
  1896   04    14.130
  1896   05    13.107
  1896   06    11.910
  1896   07     9.238
  1896   08     7.640
  1896   09     6.332
  1896   10     9.127
  1896   11    10.988
  1896   12    13.014
  1897   01    14.144
  1897   02    14.949
  1897   03    15.056
  1897   04    14.606
  1897   05    13.410
  1897   06    11.796
  1897   07     9.984
  1897   08     7.403
  1897   09     6.379
  1897   10     8.940
  1897   11    11.158
  1897   12    13.382
  1898   01    14.360
  1898   02    15.127
  1898   03    15.285
  1898   04    14.384
  1898   05    12.735
  1898   06    11.314
  1898   07     8.574
  1898   08     7.090
  1898   09     6.671
  1898   10     8.566
  1898   11    10.792
  1898   12    13.082
  1899   01    14.072
  1899   02    14.667
  1899   03    14.935
  1899   04    14.177
  1899   05    13.139
  1899   06    11.552
  1899   07     9.433
  1899   08     7.748
  1899   09     7.050
  1899   10     8.782
  1899   11    10.870
  1899   12    13.013
  1900   01    14.151
  1900   02    14.795
  1900   03    14.827
  1900   04    14.232
  1900   05    13.125
  1900   06    11.864
  1900   07     9.909
  1900   08     7.206
  1900   09     6.380
  1900   10     9.552
  1900   11    11.349
  1900   12    13.320
  1901   01    14.288
  1901   02    15.027
  1901   03    15.022
  1901   04    14.310
  1901   05    13.265
  1901   06    11.573
  1901   07     9.248
  1901   08     6.878
  1901   09     6.020
  1901   10     8.474
  1901   11    11.079
  1901   12    13.021
  1902   01    14.273
  1902   02    14.690
  1902   03    14.743
  1902   04    14.290
  1902   05    13.153
  1902   06    11.375
  1902   07     9.379
  1902   08     7.669
  1902   09     6.976
  1902   10     8.934
  1902   11    11.353
  1902   12    13.026
  1903   01    14.211
  1903   02    15.089
  1903   03    15.298
  1903   04    14.706
  1903   05    13.507
  1903   06    11.903
  1903   07    10.060
  1903   08     7.939
  1903   09     7.116
  1903   10     9.483
  1903   11    11.039
  1903   12    13.311
  1904   01    14.335
  1904   02    14.959
  1904   03    15.189
  1904   04    14.626
  1904   05    13.138
  1904   06    11.868
  1904   07     9.969
  1904   08     8.100
  1904   09     7.317
  1904   10     9.953
  1904   11    11.583
  1904   12    13.590
  1905   01    14.618
  1905   02    15.085
  1905   03    15.241
  1905   04    14.364
  1905   05    13.139
  1905   06    11.749
  1905   07     9.957
  1905   08     7.923
  1905   09     7.140
  1905   10     9.127
  1905   11    10.846
  1905   12    13.330
  1906   01    14.403
  1906   02    15.252
  1906   03    15.508
  1906   04    14.971
  1906   05    13.781
  1906   06    11.989
  1906   07     9.928
  1906   08     8.369
  1906   09     7.397
  1906   10     9.127
  1906   11    10.920
  1906   12    13.474
  1907   01    14.522
  1907   02    15.270
  1907   03    15.495
  1907   04    14.811
  1907   05    13.451
  1907   06    11.751
  1907   07     9.886
  1907   08     8.258
  1907   09     7.550
  1907   10     9.853
  1907   11    11.145
  1907   12    13.141
  1908   01    14.385
  1908   02    14.904
  1908   03    15.215
  1908   04    14.896
  1908   05    14.009
  1908   06    12.302
  1908   07    10.301
  1908   08     7.845
  1908   09     7.525
  1908   10     9.785
  1908   11    11.659
  1908   12    13.579
  1909   01    14.694
  1909   02    15.382
  1909   03    15.384
  1909   04    14.568
  1909   05    13.483
  1909   06    12.017
  1909   07    10.530
  1909   08     8.482
  1909   09     7.241
  1909   10     9.930
  1909   11    11.337
  1909   12    13.356
  1910   01    14.541
  1910   02    15.082
  1910   03    15.174
  1910   04    14.761
  1910   05    13.676
  1910   06    12.334
  1910   07    10.359
  1910   08     9.148
  1910   09     7.775
  1910   10     9.439
  1910   11    11.038
  1910   12    13.436
  1911   01    14.487
  1911   02    15.087
  1911   03    15.161
  1911   04    14.542
  1911   05    13.269
  1911   06    11.829
  1911   07     9.897
  1911   08     7.421
  1911   09     7.205
  1911   10     9.643
  1911   11    11.713
  1911   12    13.754
  1912   01    14.734
  1912   02    15.297
  1912   03    15.335
  1912   04    14.822
  1912   05    13.662
  1912   06    12.188
  1912   07     9.779
  1912   08     7.882
  1912   09     7.558
  1912   10     9.625
  1912   11    11.418
  1912   12    13.986
  1913   01    14.911
  1913   02    15.454
  1913   03    15.383
  1913   04    15.201
  1913   05    14.208
  1913   06    12.555
  1913   07    10.570
  1913   08     8.273
  1913   09     7.725
  1913   10     9.522
  1913   11    11.383
  1913   12    13.955
  1914   01    15.091
  1914   02    15.755
  1914   03    15.890
  1914   04    15.139
  1914   05    14.171
  1914   06    12.354
  1914   07    10.814
  1914   08     9.448
  1914   09     8.606
  1914   10    10.495
  1914   11    12.217
  1914   12    14.392
  1915   01    15.174
  1915   02    15.666
  1915   03    15.628
  1915   04    15.238
  1915   05    14.085
  1915   06    12.321
  1915   07    10.636
  1915   08     8.379
  1915   09     8.168
  1915   10    10.338
  1915   11    11.814
  1915   12    13.982
  1916   01    14.881
  1916   02    15.582
  1916   03    15.705
  1916   04    15.012
  1916   05    13.816
  1916   06    12.095
  1916   07    10.004
  1916   08     8.531
  1916   09     8.091
  1916   10     9.947
  1916   11    11.378
  1916   12    13.785
  1917   01    14.802
  1917   02    15.462
  1917   03    15.422
  1917   04    14.648
  1917   05    13.609
  1917   06    12.198
  1917   07    10.710
  1917   08     9.444
  1917   09     8.884
  1917   10    10.303
  1917   11    11.804
  1917   12    14.050
  1918   01    15.007
  1918   02    15.457
  1918   03    15.506
  1918   04    14.565
  1918   05    13.451
  1918   06    12.129
  1918   07    10.483
  1918   08     8.853
  1918   09     8.050
  1918   10     9.694
  1918   11    11.212
  1918   12    13.503
  1919   01    14.632
  1919   02    14.991
  1919   03    14.800
  1919   04    14.479
  1919   05    13.184
  1919   06    12.033
  1919   07     9.933
  1919   08     7.926
  1919   09     7.316
  1919   10     9.574
  1919   11    11.793
  1919   12    13.796
  1920   01    14.742
  1920   02    15.349
  1920   03    15.387
  1920   04    14.814
  1920   05    13.703
  1920   06    12.223
  1920   07     9.685
  1920   08     7.890
  1920   09     7.451
  1920   10     8.943
  1920   11    11.220
  1920   12    13.650
  1921   01    14.659
  1921   02    15.353
  1921   03    15.325
  1921   04    14.742
  1921   05    13.653
  1921   06    12.339
  1921   07    10.547
  1921   08     8.048
  1921   09     7.235
  1921   10     9.907
  1921   11    11.670
  1921   12    13.707
  1922   01    14.309
  1922   02    15.164
  1922   03    15.215
  1922   04    14.574
  1922   05    13.663
  1922   06    12.216
  1922   07    10.004
  1922   08     7.909
  1922   09     7.373
  1922   10     9.389
  1922   11    11.118
  1922   12    13.370
  1923   01    14.463
  1923   02    15.008
  1923   03    15.055
  1923   04    14.187
  1923   05    12.906
  1923   06    11.721
  1923   07     9.812
  1923   08     7.123
  1923   09     6.139
  1923   10     8.871
  1923   11    11.130
  1923   12    12.899
  1924   01    14.176
  1924   02    14.676
  1924   03    14.956
  1924   04    14.624
  1924   05    13.556
  1924   06    11.999
  1924   07     9.959
  1924   08     8.469
  1924   09     7.755
  1924   10     9.710
  1924   11    11.343
  1924   12    13.253
  1925   01    14.356
  1925   02    14.933
  1925   03    14.917
  1925   04    14.156
  1925   05    13.290
  1925   06    11.752
  1925   07     9.958
  1925   08     8.231
  1925   09     7.712
  1925   10     9.796
  1925   11    11.265
  1925   12    12.895
  1926   01    14.493
  1926   02    15.057
  1926   03    14.766
  1926   04    14.430
  1926   05    13.411
  1926   06    11.893
  1926   07    10.212
  1926   08     8.422
  1926   09     8.345
  1926   10     9.887
  1926   11    11.162
  1926   12    13.553
  1927   01    14.383
  1927   02    14.887
  1927   03    15.091
  1927   04    14.548
  1927   05    13.591
  1927   06    12.091
  1927   07     9.686
  1927   08     7.643
  1927   09     6.976
  1927   10     9.779
  1927   11    11.507
  1927   12    13.366
  1928   01    14.519
  1928   02    15.034
  1928   03    14.868
  1928   04    14.463
  1928   05    13.430
  1928   06    12.326
  1928   07     9.751
  1928   08     7.198
  1928   09     6.463
  1928   10     8.520
  1928   11    11.088
  1928   12    13.596
  1929   01    14.467
  1929   02    14.984
  1929   03    15.060
  1929   04    14.285
  1929   05    13.031
  1929   06    12.043
  1929   07    10.240
  1929   08     8.069
  1929   09     7.047
  1929   10     9.159
  1929   11    11.018
  1929   12    12.898
  1930   01    13.829
  1930   02    14.588
  1930   03    14.573
  1930   04    14.180
  1930   05    13.440
  1930   06    11.538
  1930   07     9.094
  1930   08     7.710
  1930   09     7.293
  1930   10     9.362
  1930   11    11.269
  1930   12    13.394
  1931   01    14.354
  1931   02    14.721
  1931   03    14.868
  1931   04    14.270
  1931   05    13.612
  1931   06    12.041
  1931   07     9.599
  1931   08     8.008
  1931   09     7.628
  1931   10    10.061
  1931   11    11.418
  1931   12    13.589
  1932   01    14.420
  1932   02    14.712
  1932   03    14.943
  1932   04    14.544
  1932   05    13.576
  1932   06    12.379
  1932   07    10.282
  1932   08     7.721
  1932   09     7.056
  1932   10     9.705
  1932   11    11.616
  1932   12    13.717
  1933   01    14.681
  1933   02    15.366
  1933   03    15.485
  1933   04    14.935
  1933   05    13.529
  1933   06    12.226
  1933   07    10.132
  1933   08     8.610
  1933   09     7.756
  1933   10     8.873
  1933   11    11.241
  1933   12    13.455
  1934   01    14.398
  1934   02    14.992
  1934   03    15.084
  1934   04    14.314
  1934   05    13.303
  1934   06    11.714
  1934   07     9.504
  1934   08     7.491
  1934   09     7.390
  1934   10     9.328
  1934   11    11.326
  1934   12    13.701
  1935   01    14.673
  1935   02    15.051
  1935   03    15.179
  1935   04    14.720
  1935   05    13.405
  1935   06    11.974
  1935   07     9.862
  1935   08     8.119
  1935   09     7.323
  1935   10     9.518
  1935   11    10.983
  1935   12    13.660
  1936   01    14.532
  1936   02    15.345
  1936   03    15.439
  1936   04    14.627
  1936   05    13.454
  1936   06    12.211
  1936   07    10.570
  1936   08     8.430
  1936   09     7.739
  1936   10    10.114
  1936   11    11.445
  1936   12    12.838
  1937   01    14.098
  1937   02    14.746
  1937   03    14.825
  1937   04    14.339
  1937   05    13.152
  1937   06    11.775
  1937   07    10.023
  1937   08     8.423
  1937   09     7.742
  1937   10     9.276
  1937   11    11.019
  1937   12    13.218
  1938   01    14.230
  1938   02    14.632
  1938   03    14.643
  1938   04    14.128
  1938   05    12.902
  1938   06    11.717
  1938   07     9.602
  1938   08     8.224
  1938   09     7.706
  1938   10     9.036
  1938   11    11.118
  1938   12    13.235
  1939   01    14.330
  1939   02    14.885
  1939   03    14.913
  1939   04    14.396
  1939   05    12.989
  1939   06    12.018
  1939   07    10.196
  1939   08     8.960
  1939   09     8.300
  1939   10     9.965
  1939   11    11.267
  1939   12    13.230
  1940   01    14.449
  1940   02    14.913
  1940   03    14.987
  1940   04    14.409
  1940   05    13.351
  1940   06    11.679
  1940   07    10.205
  1940   08     8.445
  1940   09     7.632
  1940   10     9.484
  1940   11    11.099
  1940   12    13.275
  1941   01    14.321
  1941   02    14.688
  1941   03    14.894
  1941   04    14.601
  1941   05    13.443
  1941   06    11.980
  1941   07     9.733
  1941   08     7.642
  1941   09     7.258
  1941   10     8.916
  1941   11    11.371
  1941   12    13.200
  1942   01    14.357
  1942   02    14.849
  1942   03    14.858
  1942   04    14.353
  1942   05    13.507
  1942   06    12.155
  1942   07     9.759
  1942   08     7.715
  1942   09     7.679
  1942   10     9.112
  1942   11    11.041
  1942   12    13.239
  1943   01    14.069
  1943   02    14.956
  1943   03    14.948
  1943   04    14.533
  1943   05    13.391
  1943   06    11.847
  1943   07    10.235
  1943   08     9.010
  1943   09     8.419
  1943   10    10.043
  1943   11    11.384
  1943   12    13.170
  1944   01    14.406
  1944   02    14.873
  1944   03    14.718
  1944   04    14.352
  1944   05    13.462
  1944   06    12.074
  1944   07    10.045
  1944   08     8.609
  1944   09     7.796
  1944   10     9.443
  1944   11    11.084
  1944   12    12.742
  1945   01    14.108
  1945   02    14.819
  1945   03    14.830
  1945   04    14.391
  1945   05    13.299
  1945   06    11.630
  1945   07     9.594
  1945   08     8.019
  1945   09     7.283
  1945   10     9.330
  1945   11    11.171
  1945   12    13.042
  1946   01    14.088
  1946   02    14.759
  1946   03    14.907
  1946   04    14.076
  1946   05    12.890
  1946   06    11.732
  1946   07     9.793
  1946   08     7.564
  1946   09     6.870
  1946   10     9.102
  1946   11    11.276
  1946   12    13.016
  1947   01    14.077
  1947   02    14.799
  1947   03    14.819
  1947   04    14.185
  1947   05    13.357
  1947   06    12.162
  1947   07    10.581
  1947   08     8.421
  1947   09     7.191
  1947   10     9.610
  1947   11    11.173
  1947   12    13.319
  1948   01    14.372
  1948   02    14.719
  1948   03    14.919
  1948   04    14.462
  1948   05    13.553
  1948   06    11.518
  1948   07     9.321
  1948   08     7.506
  1948   09     6.809
  1948   10     9.128
  1948   11    11.105
  1948   12    13.536
  1949   01    14.486
  1949   02    14.972
  1949   03    15.070
  1949   04    14.508
  1949   05    13.319
  1949   06    11.899
  1949   07     9.554
  1949   08     7.893
  1949   09     7.097
  1949   10     9.390
  1949   11    11.452
  1949   12    13.507
  1950   01    14.370
  1950   02    14.993
  1950   03    15.275
  1950   04    14.733
  1950   05    13.307
  1950   06    11.829
  1950   07    10.313
  1950   08     8.073
  1950   09     7.359
  1950   10     9.936
  1950   11    11.729
  1950   12    13.700
  1951   01    14.793
  1951   02    15.424
  1951   03    15.402
  1951   04    14.570
  1951   05    13.425
  1951   06    11.709
  1951   07     9.810
  1951   08     8.483
  1951   09     7.921
  1951   10     9.601
  1951   11    11.267
  1951   12    13.401
  1952   01    14.577
  1952   02    15.128
  1952   03    15.072
  1952   04    14.398
  1952   05    12.945
  1952   06    11.461
  1952   07     9.869
  1952   08     7.263
  1952   09     6.270
  1952   10     9.141
  1952   11    10.825
  1952   12    12.849
  1953   01    14.221
  1953   02    14.854
  1953   03    14.777
  1953   04    14.305
  1953   05    13.039
  1953   06    11.359
  1953   07     9.224
  1953   08     6.920
  1953   09     6.676
  1953   10     8.909
  1953   11    11.189
  1953   12    13.266
  1954   01    14.065
  1954   02    14.797
  1954   03    14.784
  1954   04    14.203
  1954   05    13.321
  1954   06    11.839
  1954   07     9.406
  1954   08     6.917
  1954   09     6.173
  1954   10     9.317
  1954   11    11.242
  1954   12    13.384
  1955   01    14.421
  1955   02    15.121
  1955   03    15.246
  1955   04    14.725
  1955   05    13.385
  1955   06    11.357
  1955   07     9.589
  1955   08     7.633
  1955   09     6.650
  1955   10     9.224
  1955   11    11.011
  1955   12    13.172
  1956   01    14.203
  1956   02    14.772
  1956   03    14.983
  1956   04    14.439
  1956   05    13.214
  1956   06    11.910
  1956   07     9.989
  1956   08     7.730
  1956   09     6.521
  1956   10     9.353
  1956   11    11.238
  1956   12    12.389
  1957   01    13.771
  1957   02    14.542
  1957   03    14.693
  1957   04    14.138
  1957   05    12.832
  1957   06    11.590
  1957   07     9.698
  1957   08     7.228
  1957   09     6.159
  1957   10     8.928
  1957   11    11.031
  1957   12    13.072
  1958   01    14.127
  1958   02    14.748
  1958   03    14.999
  1958   04    14.495
  1958   05    13.341
  1958   06    11.739
  1958   07     9.298
  1958   08     7.457
  1958   09     7.398
  1958   10     9.096
  1958   11    11.143
  1958   12    13.508
  1959   01    14.479
  1959   02    15.224
  1959   03    15.203
  1959   04    14.471
  1959   05    13.309
  1959   06    11.825
  1959   07     9.154
  1959   08     7.651
  1959   09     7.417
  1959   10     9.525
  1959   11    11.215
  1959   12    13.104
  1960   01    14.339
  1960   02    14.880
  1960   03    14.977
  1960   04    14.646
  1960   05    13.765
  1960   06    12.178
  1960   07    10.078
  1960   08     8.129
  1960   09     6.623
  1960   10     9.217
  1960   11    11.596
  1960   12    13.331
  1961   01    14.343
  1961   02    15.009
  1961   03    15.218
  1961   04    14.578
  1961   05    13.875
  1961   06    12.597
  1961   07    10.620
  1961   08     7.945
  1961   09     6.502
  1961   10     9.685
  1961   11    11.411
  1961   12    13.588
  1962   01    14.598
  1962   02    15.412
  1962   03    15.382
  1962   04    14.846
  1962   05    13.799
  1962   06    12.328
  1962   07    10.327
  1962   08     8.230
  1962   09     7.429
  1962   10     9.899
  1962   11    12.059
  1962   12    13.790
  1963   01    14.796
  1963   02    15.501
  1963   03    15.437
  1963   04    15.117
  1963   05    13.855
  1963   06    12.362
  1963   07    10.377
  1963   08     8.575
  1963   09     8.091
  1963   10     9.621
  1963   11    11.521
  1963   12    13.858
  1964   01    14.787
  1964   02    15.315
  1964   03    15.189
  1964   04    14.686
  1964   05    13.314
  1964   06    12.139
  1964   07    10.230
  1964   08     8.079
  1964   09     7.425
  1964   10    10.288
  1964   11    11.965
  1964   12    13.893
  1965   01    14.875
  1965   02    15.370
  1965   03    15.504
  1965   04    14.774
  1965   05    13.873
  1965   06    12.764
  1965   07    10.377
  1965   08     8.786
  1965   09     8.310
  1965   10    10.192
  1965   11    11.742
  1965   12    13.713
  1966   01    14.566
  1966   02    15.260
  1966   03    15.443
  1966   04    14.806
  1966   05    13.510
  1966   06    12.127
  1966   07    10.387
  1966   08     8.133
  1966   09     7.701
  1966   10     9.683
  1966   11    11.654
  1966   12    13.853
  1967   01    14.845
  1967   02    15.535
  1967   03    15.585
  1967   04    14.707
  1967   05    13.917
  1967   06    12.048
  1967   07    10.296
  1967   08     9.227
  1967   09     8.833
  1967   10    10.121
  1967   11    11.806
  1967   12    13.911
  1968   01    14.953
  1968   02    15.372
  1968   03    15.520
  1968   04    15.260
  1968   05    13.955
  1968   06    12.148
  1968   07    11.169
  1968   08     9.355
  1968   09     8.633
  1968   10    10.225
  1968   11    12.064
  1968   12    13.966
  1969   01    14.879
  1969   02    15.350
  1969   03    15.393
  1969   04    14.977
  1969   05    13.865
  1969   06    12.234
  1969   07    10.656
  1969   08     8.848
  1969   09     8.303
  1969   10    10.124
  1969   11    11.938
  1969   12    13.941
  1970   01    15.066
  1970   02    15.625
  1970   03    15.648
  1970   04    15.169
  1970   05    13.661
  1970   06    12.358
  1970   07    10.776
  1970   08     8.319
  1970   09     7.282
  1970   10     9.723
  1970   11    11.626
  1970   12    13.657
  1971   01    14.652
  1971   02    15.363
  1971   03    15.522
  1971   04    14.783
  1971   05    13.563
  1971   06    11.922
  1971   07    10.480
  1971   08     8.086
  1971   09     7.315
  1971   10     9.647
  1971   11    11.844
  1971   12    13.076
  1972   01    14.147
  1972   02    14.730
  1972   03    14.789
  1972   04    14.098
  1972   05    12.884
  1972   06    11.523
  1972   07     9.290
  1972   08     7.538
  1972   09     7.282
  1972   10     9.350
  1972   11    11.440
  1972   12    13.596
  1973   01    14.521
  1973   02    15.171
  1973   03    15.104
  1973   04    14.778
  1973   05    13.610
  1973   06    11.940
  1973   07    10.234
  1973   08     9.124
  1973   09     8.100
  1973   10    10.020
  1973   11    11.310
  1973   12    13.176
  1974   01    14.468
  1974   02    15.047
  1974   03    15.361
  1974   04    14.757
  1974   05    13.638
  1974   06    11.994
  1974   07     9.795
  1974   08     8.487
  1974   09     7.610
  1974   10     9.323
  1974   11    11.234
  1974   12    13.480
  1975   01    14.426
  1975   02    15.113
  1975   03    15.444
  1975   04    14.782
  1975   05    13.570
  1975   06    12.016
  1975   07    10.227
  1975   08     8.092
  1975   09     7.711
  1975   10    10.059
  1975   11    11.807
  1975   12    13.691
  1976   01    14.649
  1976   02    15.303
  1976   03    15.259
  1976   04    14.588
  1976   05    13.619
  1976   06    11.779
  1976   07    10.222
  1976   08     8.633
  1976   09     8.254
  1976   10     9.529
  1976   11    12.069
  1976   12    13.785
  1977   01    14.723
  1977   02    15.263
  1977   03    15.469
  1977   04    15.180
  1977   05    13.853
  1977   06    12.060
  1977   07    10.090
  1977   08     8.377
  1977   09     7.713
  1977   10     9.992
  1977   11    11.675
  1977   12    13.580
  1978   01    14.618
  1978   02    15.083
  1978   03    15.340
  1978   04    14.933
  1978   05    13.740
  1978   06    12.223
  1978   07    10.251
  1978   08     8.286
  1978   09     7.528
  1978   10     9.821
  1978   11    11.732
  1978   12    13.520
  1979   01    14.772
  1979   02    15.147
  1979   03    15.252
  1979   04    14.394
  1979   05    13.436
  1979   06    12.191
  1979   07    10.044
  1979   08     8.151
  1979   09     7.703
  1979   10     9.408
  1979   11    11.489
  1979   12    13.172
  1980   01    14.635
  1980   02    14.847
  1980   03    14.953
  1980   04    14.145
  1980   05    13.208
  1980   06    11.554
  1980   07    10.436
  1980   08     8.065
  1980   09     7.348
  1980   10     9.719
  1980   11    11.579
  1980   12    13.112
  1981   01    14.442
  1981   02    14.713
  1981   03    14.960
  1981   04    14.362
  1981   05    13.532
  1981   06    12.001
  1981   07    10.246
  1981   08     8.027
  1981   09     7.535
  1981   10    10.036
  1981   11    12.017
  1981   12    13.321
  1982   01    14.385
  1982   02    14.952
  1982   03    14.965
  1982   04    14.540
  1982   05    13.223
  1982   06    11.784
  1982   07    10.163
  1982   08     7.991
  1982   09     7.176
  1982   10     8.898
  1982   11    11.461
  1982   12    13.314
  1983   01    14.528
  1983   02    15.243
  1983   03    15.356
  1983   04    14.593
  1983   05    13.566
  1983   06    12.113
  1983   07    10.304
  1983   08     8.321
  1983   09     7.678
  1983   10     9.489
  1983   11    10.984
  1983   12    13.262
  1984   01    14.197
  1984   02    14.914
  1984   03    15.103
  1984   04    14.290
  1984   05    13.373
  1984   06    11.588
  1984   07    10.131
  1984   08     8.221
  1984   09     7.324
  1984   10     9.718
  1984   11    11.846
  1984   12    13.476
  1985   01    14.438
  1985   02    14.953
  1985   03    15.087
  1985   04    14.702
  1985   05    13.463
  1985   06    11.819
  1985   07     9.626
  1985   08     7.892
  1985   09     7.334
  1985   10     9.230
  1985   11    11.024
  1985   12    13.293
  1986   01    14.371
  1986   02    15.182
  1986   03    15.239
  1986   04    14.652
  1986   05    13.615
  1986   06    11.960
  1986   07     9.997
  1986   08     8.569
  1986   09     8.393
  1986   10     9.647
  1986   11    11.293
  1986   12    13.249
  1987   01    14.603
  1987   02    15.067
  1987   03    14.787
  1987   04    14.087
  1987   05    13.053
  1987   06    11.952
  1987   07    10.236
  1987   08     8.219
  1987   09     7.516
  1987   10     9.762
  1987   11    11.769
  1987   12    13.572
  1988   01    14.420
  1988   02    14.928
  1988   03    15.025
  1988   04    14.604
  1988   05    13.538
  1988   06    12.046
  1988   07    10.018
  1988   08     7.502
  1988   09     6.903
  1988   10     9.976
  1988   11    11.767
  1988   12    13.557
  1989   01    14.488
  1989   02    15.023
  1989   03    15.158
  1989   04    14.295
  1989   05    13.212
  1989   06    11.419
  1989   07     9.862
  1989   08     7.470
  1989   09     6.780
  1989   10     9.291
  1989   11    11.198
  1989   12    13.340
  1990   01    14.101
  1990   02    14.798
  1990   03    14.894
  1990   04    13.953
  1990   05    12.870
  1990   06    11.575
  1990   07     9.066
  1990   08     7.188
  1990   09     6.992
  1990   10     9.165
  1990   11    10.754
  1990   12    13.221
  1991   01    14.207
  1991   02    14.933
  1991   03    15.010
  1991   04    14.382
  1991   05    13.229
  1991   06    11.547
  1991   07     9.450
  1991   08     7.145
  1991   09     6.490
  1991   10     9.333
  1991   11    11.859
  1991   12    13.733
  1992   01    13.997
  1992   02    14.875
  1992   03    15.008
  1992   04    14.244
  1992   05    13.090
  1992   06    11.183
  1992   07     9.538
  1992   08     7.935
  1992   09     7.536
  1992   10     9.512
  1992   11    10.983
  1992   12    13.248
  1993   01    14.213
  1993   02    14.748
  1993   03    14.827
  1993   04    14.631
  1993   05    12.845
  1993   06    11.268
  1993   07     9.465
  1993   08     8.055
  1993   09     7.770
  1993   10     9.608
  1993   11    10.978
  1993   12    13.021
  1994   01    14.121
  1994   02    14.540
  1994   03    14.503
  1994   04    14.040
  1994   05    13.009
  1994   06    11.375
  1994   07     9.578
  1994   08     8.167
  1994   09     7.544
  1994   10     9.397
  1994   11    10.862
  1994   12    12.993
  1995   01    14.245
  1995   02    14.870
  1995   03    14.880
  1995   04    14.203
  1995   05    12.859
  1995   06    11.455
  1995   07     9.586
  1995   08     8.261
  1995   09     7.856
  1995   10     9.027
  1995   11    11.050
  1995   12    12.836
  1996   01    14.052
  1996   02    14.663
  1996   03    14.765
  1996   04    14.098
  1996   05    12.630
  1996   06    11.055
  1996   07     9.426
  1996   08     7.298
  1996   09     6.914
  1996   10     8.799
  1996   11    10.896
  1996   12    12.974
  1997   01    14.093
  1997   02    14.603
  1997   03    14.825
  1997   04    14.107
  1997   05    12.930
  1997   06    11.509
  1997   07     9.539
  1997   08     7.362
  1997   09     6.434
  1997   10     8.705
  1997   11    10.790
  1997   12    13.055
  1998   01    14.121
  1998   02    14.543
  1998   03    14.514
  1998   04    14.123
  1998   05    13.185
  1998   06    11.586
  1998   07     8.986
  1998   08     7.737
  1998   09     7.557
  1998   10     9.005
  1998   11    10.989
  1998   12    12.882
  1999   01    13.818
  1999   02    14.474
  1999   03    14.580
  1999   04    14.048
  1999   05    12.783
  1999   06    11.347
  1999   07     9.351
  1999   08     7.270
  1999   09     6.775
  1999   10     8.685
  1999   11    10.905
  1999   12    12.443
  2000   01    13.915
  2000   02    14.327
  2000   03    14.357
  2000   04    13.706
  2000   05    12.404
  2000   06    10.589
  2000   07     8.428
  2000   08     6.484
  2000   09     5.900
  2000   10     7.931
  2000   11    10.247
  2000   12    12.689
  2001   01    13.678
  2001   02    14.415
  2001   03    14.773
  2001   04    14.165
  2001   05    13.087
  2001   06    10.795
  2001   07     8.263
  2001   08     6.981
  2001   09     6.823
  2001   10     8.608
  2001   11    10.252
  2001   12    12.161
  2002   01    13.605
  2002   02    14.465
  2002   03    14.576
  2002   04    13.772
  2002   05    13.119
  2002   06    11.165
  2002   07     8.888
  2002   08     7.492
  2002   09     7.069
  2002   10     8.892
  2002   11    10.757
  2002   12    12.833
  2003   01    14.074
  2003   02    14.522
  2003   03    14.562
  2003   04    13.836
  2003   05    12.679
  2003   06    11.141
  2003   07     9.260
  2003   08     7.520
  2003   09     7.217
  2003   10     9.189
  2003   11    10.991
  2003   12    12.797
  2004   01    14.197
  2004   02    14.947
  2004   03    15.006
  2004   04    14.255
  2004   05    13.153
  2004   06    11.228
  2004   07     9.205
  2004   08     7.923
  2004   09     7.372
  2004   10     9.237
  2004   11    11.007
  2004   12    13.200
  2005   01    13.894
  2005   02    14.754
  2005   03    14.964
  2005   04    14.375
  2005   05    13.053
  2005   06    11.554
  2005   07     9.916
  2005   08     7.773
  2005   09     6.636
  2005   10     9.225
  2005   11    10.911
  2005   12    12.972
  2006   01    14.176
  2006   02    14.677
  2006   03    14.448
  2006   04    13.921
  2006   05    12.694
  2006   06    10.980
  2006   07     9.750
  2006   08     7.457
  2006   09     6.564
  2006   10     9.169
  2006   11    10.696
  2006   12    12.869
  2007   01    13.946
  2007   02    14.646
  2007   03    14.835
  2007   04    14.139
  2007   05    12.901
  2007   06    11.483
  2007   07     9.019
  2007   08     6.559
  2007   09     5.763
  2007   10     8.268
  2007   11    10.528
  2007   12    12.650
  2008   01    13.826
  2008   02    14.485
  2008   03    14.648
  2008   04    14.138
  2008   05    12.797
  2008   06    11.051
  2008   07     8.717
  2008   08     6.211
  2008   09     5.618
  2008   10     7.364
  2008   11    10.125
  2008   12    12.600
  2009   01    14.030
  2009   02    14.602
  2009   03    14.702
  2009   04    14.156
  2009   05    12.801
  2009   06    11.383
  2009   07     8.712
  2009   08     6.929
  2009   09     6.041
  2009   10     7.831
  2009   11    10.659
  2009   12    13.254
  2010   01    14.411
  2010   02    14.807
  2010   03    14.829
  2010   04    14.181
  2010   05    13.140
  2010   06    11.743
  2010   07     9.227
  2010   08     6.847
  2010   09     5.422
  2010   10     7.498
  2010   11    10.660
  2010   12    12.620
  2011   01    14.068
  2011   02    14.627
  2011   03    14.682
  2011   04    13.754
  2011   05    12.548
  2011   06    11.268
  2011   07     9.276
  2011   08     6.591
  2011   09     5.809
  2011   10     8.237
  2011   11    10.600
  2011   12    12.771
  2012   01    14.052
  2012   02    14.749
  2012   03    14.780
  2012   04    14.114
  2012   05    13.269
  2012   06    11.879
  2012   07     9.148
  2012   08     6.630
  2012   09     5.892
  2012   10     8.315
  2012   11    10.554
  2012   12    12.761
  2013   01    14.041
  2013   02    14.579
  2013   03    14.823
  2013   04    14.071
  2013   05    12.727
  2013   06    10.961
  2013   07     8.746
  2013   08     6.333
  2013   09     5.595
  2013   10     8.340
  2013   11    10.630
  2013   12    12.375
  2014   01    13.961
  2014   02    14.597
  2014   03    14.668
  2014   04    13.874
  2014   05    12.372
  2014   06    10.707
  2014   07     8.373
  2014   08     5.875
  2014   09     5.143
  2014   10     7.774
  2014   11    10.357
  2014   12    12.262
  2015   01    13.836
  2015   02    14.343
  2015   03    14.499
  2015   04    13.693
  2015   05    12.607
  2015   06    11.208
  2015   07     8.999
  2015   08     7.225
  2015   09     6.065
  2015   10     8.785
  2015   11    10.339
  2015   12    11.977
  2016   01    13.817
  2016   02    14.339
  2016   03    14.557
  2016   04    13.891
  2016   05    13.008
  2016   06    11.376
  2016   07     9.175
  2016   08     7.106
  2016   09     5.942
  2016   10     8.434
  2016   11    10.579
  2016   12    12.933
  2017   01    14.082
  2017   02    14.598
  2017   03    14.590
  2017   04    14.177
  2017   05    12.528
  2017   06    11.565
  2017   07     8.739
  2017   08     6.078
  2017   09     5.187
  2017   10     7.718
  2017   11    10.806
  2017   12    13.059
  2018   01    14.355
  2018   02    14.770
  2018   03    14.774
  2018   04    14.144
  2018   05    12.989
  2018   06    11.045
  2018   07     8.490
  2018   08     5.703
  2018   09     4.934
  2018   10     7.502
  2018   11    10.310
  2018   12    12.652
  2019   01    13.983
  2019   02    14.694
  2019   03    14.748
  2019   04    14.411
  2019   05    13.048
  2019   06    11.244
  2019   07     8.984
  2019   08     5.883
  2019   09     4.392
  2019   10     8.029
  2019   11    10.571
  2019   12    12.847
  2020   01    14.124
  2020   02    14.894
  2020   03    14.971
  2020   04    14.328
  2020   05    13.280
  2020   06    11.607
  2020   07     9.005
  2020   08     6.144
  2020   09     4.960
  2020   10     8.617
  2020   11    10.586
  2020   12    12.907
  2021   01    14.446
  2021   02    14.810
  2021   03    14.906
  2021   04    14.171
  2021   05    13.206
  2021   06    11.157
  2021   07     8.708
  2021   08     6.324
  2021   09     4.879
  2021   10     6.796
  2021   11    10.084
  2021   12    12.598
  2022   01    14.064
  2022   02    14.741
  2022   03    14.657
  2022   04    14.171
  2022   05    13.340
  2022   06    11.089
  2022   07     8.607
  2022   08     6.384
  2022   09     5.249
  2022   10     7.326
  2022   11    10.205
  2022   12    12.724
  2023   01    14.272
  2023   02    15.002
  2023   03    14.989
  2023   04    14.355
  2023   05    13.034
  2023   06    11.445
  2023   07     8.639
  2023   08     6.452
  2023   09     5.493
  2023   10     8.137
  2023   11    10.590
  2023   12    12.660
  2024   01    13.806
  2024   02    14.512
  2024   03    14.664
  2024   04    14.214
  2024   05    13.294
  2024   06    11.478
  2024   07     8.750
  2024   08     5.988
  2024   09     5.130
  2024   10     8.403
  2024   11    10.839
  2024   12    12.840
  2025   01    14.209
  2025   02    14.784
  2025   03    14.592
  2025   04    14.350
  2025   05    13.458
  2025   06    11.730
  2025   07    10.129
  2025   08     7.665
  2025   09     6.367
  2025   10     9.253
  2025   11    10.804
  2025   12    12.752
  2026   01    14.315
  2026   02    14.852
  2026   03    14.946
  2026   04    14.504
  2026   05    13.031
  2026   06    10.662
  2026   07     9.148
  2026   08     7.241
  2026   09     6.357
  2026   10     8.414
  2026   11    10.700
  2026   12    12.549
  2027   01    14.198
  2027   02    14.584
  2027   03    14.743
  2027   04    14.129
  2027   05    13.011
  2027   06    11.744
  2027   07    10.159
  2027   08     6.956
  2027   09     6.162
  2027   10     8.739
  2027   11    10.990
  2027   12    12.796
  2028   01    14.516
  2028   02    15.094
  2028   03    15.023
  2028   04    14.604
  2028   05    13.358
  2028   06    11.586
  2028   07     9.801
  2028   08     6.936
  2028   09     5.897
  2028   10     9.084
  2028   11    11.052
  2028   12    13.297
  2029   01    14.599
  2029   02    14.905
  2029   03    14.901
  2029   04    14.491
  2029   05    13.412
  2029   06    10.968
  2029   07     9.668
  2029   08     7.042
  2029   09     5.772
  2029   10     8.743
  2029   11    10.699
  2029   12    12.782
  2030   01    14.473
  2030   02    14.881
  2030   03    14.793
  2030   04    14.210
  2030   05    13.130
  2030   06    11.505
  2030   07     9.011
  2030   08     7.016
  2030   09     6.106
  2030   10     8.239
  2030   11    10.597
  2030   12    12.550
  2031   01    14.318
  2031   02    14.880
  2031   03    14.983
  2031   04    14.443
  2031   05    13.196
  2031   06    11.826
  2031   07     8.845
  2031   08     6.622
  2031   09     5.853
  2031   10     8.051
  2031   11    10.473
  2031   12    12.774
  2032   01    14.524
  2032   02    15.167
  2032   03    15.133
  2032   04    14.721
  2032   05    13.391
  2032   06    10.630
  2032   07     8.759
  2032   08     6.838
  2032   09     6.193
  2032   10     8.982
  2032   11    10.925
  2032   12    12.813
  2033   01    14.126
  2033   02    14.806
  2033   03    14.899
  2033   04    14.161
  2033   05    12.950
  2033   06    11.613
  2033   07     9.168
  2033   08     6.504
  2033   09     5.490
  2033   10     7.545
  2033   11    10.368
  2033   12    12.132
  2034   01    13.934
  2034   02    14.731
  2034   03    14.825
  2034   04    14.470
  2034   05    13.104
  2034   06    11.032
  2034   07     9.446
  2034   08     6.500
  2034   09     5.092
  2034   10     8.087
  2034   11    10.234
  2034   12    12.313
  2035   01    14.117
  2035   02    14.898
  2035   03    14.859
  2035   04    14.151
  2035   05    13.070
  2035   06    11.458
  2035   07     9.197
  2035   08     5.266
  2035   09     3.894
  2035   10     6.526
  2035   11    10.328
  2035   12    12.714
  2036   01    14.208
  2036   02    14.975
  2036   03    14.760
  2036   04    14.112
  2036   05    13.104
  2036   06    11.335
  2036   07     9.293
  2036   08     6.507
  2036   09     4.570
  2036   10     7.989
  2036   11    10.369
  2036   12    11.900
  2037   01    13.788
  2037   02    14.474
  2037   03    14.821
  2037   04    14.369
  2037   05    13.100
  2037   06    11.103
  2037   07     8.009
  2037   08     5.282
  2037   09     3.862
  2037   10     6.580
  2037   11     9.622
  2037   12    12.118
  2038   01    14.199
  2038   02    14.979
  2038   03    15.001
  2038   04    14.408
  2038   05    13.459
  2038   06    10.995
  2038   07     9.557
  2038   08     5.930
  2038   09     4.200
  2038   10     7.710
  2038   11    10.425
  2038   12    12.130
  2039   01    14.160
  2039   02    14.622
  2039   03    14.961
  2039   04    14.367
  2039   05    13.246
  2039   06    11.507
  2039   07     8.810
  2039   08     6.425
  2039   09     5.368
  2039   10     8.185
  2039   11    10.754
  2039   12    12.978
  2040   01    14.255
  2040   02    14.614
  2040   03    14.599
  2040   04    13.997
  2040   05    13.152
  2040   06    11.686
  2040   07     8.998
  2040   08     6.689
  2040   09     5.176
  2040   10     7.707
  2040   11    10.261
  2040   12    12.741
  2041   01    14.096
  2041   02    14.844
  2041   03    14.687
  2041   04    14.244
  2041   05    13.433
  2041   06    11.281
  2041   07     8.949
  2041   08     5.927
  2041   09     4.811
  2041   10     8.123
  2041   11    10.974
  2041   12    12.978
  2042   01    14.145
  2042   02    14.708
  2042   03    14.855
  2042   04    14.174
  2042   05    12.837
  2042   06    11.233
  2042   07     8.878
  2042   08     6.680
  2042   09     5.252
  2042   10     7.898
  2042   11    10.626
  2042   12    12.787
  2043   01    14.120
  2043   02    14.918
  2043   03    15.114
  2043   04    14.338
  2043   05    13.283
  2043   06    11.726
  2043   07     9.763
  2043   08     7.030
  2043   09     6.065
  2043   10     8.694
  2043   11    10.775
  2043   12    12.936
  2044   01    14.562
  2044   02    14.819
  2044   03    14.975
  2044   04    14.254
  2044   05    13.161
  2044   06    11.509
  2044   07     9.180
  2044   08     6.186
  2044   09     4.741
  2044   10     7.728
  2044   11    10.447
  2044   12    12.750
  2045   01    14.387
  2045   02    15.031
  2045   03    14.963
  2045   04    14.467
  2045   05    13.241
  2045   06    11.544
  2045   07     9.316
  2045   08     6.103
  2045   09     4.277
  2045   10     7.930
  2045   11    10.721
  2045   12    12.916
  2046   01    14.141
  2046   02    15.302
  2046   03    15.569
  2046   04    14.978
  2046   05    13.300
  2046   06    11.427
  2046   07     9.146
  2046   08     6.605
  2046   09     5.094
  2046   10     8.045
  2046   11    11.024
  2046   12    13.104
  2047   01    14.621
  2047   02    15.099
  2047   03    15.474
  2047   04    14.743
  2047   05    12.939
  2047   06    11.092
  2047   07     8.341
  2047   08     4.818
  2047   09     3.011
  2047   10     7.299
  2047   11    10.445
  2047   12    12.476
  2048   01    13.706
  2048   02    14.681
  2048   03    15.034
  2048   04    14.092
  2048   05    12.550
  2048   06    11.008
  2048   07     7.907
  2048   08     4.298
  2048   09     2.923
  2048   10     5.990
  2048   11    10.076
  2048   12    12.313
  2049   01    14.044
  2049   02    14.874
  2049   03    14.877
  2049   04    14.406
  2049   05    13.118
  2049   06    10.894
  2049   07     8.693
  2049   08     5.331
  2049   09     3.664
  2049   10     6.615
  2049   11     9.871
  2049   12    11.906
  2050   01    13.829
  2050   02    14.416
  2050   03    14.637
  2050   04    13.932
  2050   05    12.885
  2050   06    11.059
  2050   07     8.517
  2050   08     5.416
  2050   09     4.034
  2050   10     6.007
  2050   11     9.858
  2050   12    11.980
  2051   01    13.541
  2051   02    14.498
  2051   03    14.502
  2051   04    13.743
  2051   05    12.711
  2051   06    11.017
  2051   07     8.497
  2051   08     5.889
  2051   09     3.678
  2051   10     7.613
  2051   11    10.556
  2051   12    12.409
  2052   01    13.896
  2052   02    14.661
  2052   03    14.995
  2052   04    14.302
  2052   05    12.696
  2052   06    10.948
  2052   07     9.242
  2052   08     6.352
  2052   09     3.712
  2052   10     8.249
  2052   11    10.370
  2052   12    11.939
  2053   01    13.849
  2053   02    14.546
  2053   03    14.705
  2053   04    14.277
  2053   05    12.774
  2053   06    10.918
  2053   07     8.585
  2053   08     6.380
  2053   09     5.286
  2053   10     7.496
  2053   11    10.442
  2053   12    12.182
  2054   01    14.107
  2054   02    14.663
  2054   03    14.704
  2054   04    14.234
  2054   05    12.950
  2054   06    10.800
  2054   07     8.149
  2054   08     6.238
  2054   09     4.287
  2054   10     7.137
  2054   11    10.087
  2054   12    12.389
  2055   01    13.720
  2055   02    14.305
  2055   03    14.281
  2055   04    13.370
  2055   05    12.178
  2055   06    10.534
  2055   07     7.689
  2055   08     5.730
  2055   09     3.605
  2055   10     6.867
  2055   11     9.944
  2055   12    11.859
  2056   01    13.322
  2056   02    14.302
  2056   03    14.325
  2056   04    13.845
  2056   05    12.716
  2056   06    10.446
  2056   07     8.021
  2056   08     4.873
  2056   09     2.010
  2056   10     7.135
  2056   11     9.523
  2056   12    12.195
  2057   01    13.873
  2057   02    14.523
  2057   03    14.488
  2057   04    14.169
  2057   05    13.322
  2057   06    11.203
  2057   07     8.948
  2057   08     5.998
  2057   09     4.705
  2057   10     6.861
  2057   11     9.705
  2057   12    11.885
  2058   01    13.795
  2058   02    14.482
  2058   03    14.641
  2058   04    14.078
  2058   05    13.236
  2058   06    11.725
  2058   07     8.849
  2058   08     6.098
  2058   09     4.457
  2058   10     7.510
  2058   11     9.981
  2058   12    12.137
  2059   01    13.819
  2059   02    14.537
  2059   03    14.705
  2059   04    14.200
  2059   05    13.174
  2059   06    11.203
  2059   07     7.998
  2059   08     5.985
  2059   09     4.614
  2059   10     7.030
  2059   11     9.968
  2059   12    12.150
  2060   01    13.873
  2060   02    14.457
  2060   03    14.635
  2060   04    14.330
  2060   05    13.427
  2060   06    11.214
  2060   07     8.049
  2060   08     4.845
  2060   09     2.943
  2060   10     7.037
  2060   11    10.377
  2060   12    12.438
  2061   01    13.992
  2061   02    14.610
  2061   03    14.545
  2061   04    13.771
  2061   05    12.934
  2061   06    11.084
  2061   07     9.025
  2061   08     6.175
  2061   09     4.517
  2061   10     8.087
  2061   11    10.344
  2061   12    12.790
  2062   01    14.169
  2062   02    14.772
  2062   03    14.767
  2062   04    13.770
  2062   05    12.740
  2062   06    11.209
  2062   07     8.788
  2062   08     5.818
  2062   09     3.882
  2062   10     6.898
  2062   11     9.515
  2062   12    11.207
  2063   01    13.496
  2063   02    14.289
  2063   03    14.437
  2063   04    13.905
  2063   05    12.466
  2063   06    10.407
  2063   07     8.132
  2063   08     5.555
  2063   09     3.731
  2063   10     6.397
  2063   11     9.231
  2063   12    11.617
  2064   01    13.405
  2064   02    14.205
  2064   03    14.465
  2064   04    13.883
  2064   05    12.438
  2064   06    11.169
  2064   07     9.487
  2064   08     7.090
  2064   09     4.786
  2064   10     7.951
  2064   11    10.484
  2064   12    11.986
  2065   01    13.661
  2065   02    14.289
  2065   03    14.492
  2065   04    13.816
  2065   05    12.671
  2065   06    11.092
  2065   07     8.015
  2065   08     5.146
  2065   09     3.443
  2065   10     5.685
  2065   11     9.321
  2065   12    11.235
  2066   01    13.517
  2066   02    14.090
  2066   03    14.376
  2066   04    14.018
  2066   05    12.756
  2066   06    10.608
  2066   07     8.179
  2066   08     5.149
  2066   09     3.847
  2066   10     6.875
  2066   11     9.653
  2066   12    11.733
  2067   01    13.583
  2067   02    14.270
  2067   03    14.451
  2067   04    14.045
  2067   05    12.890
  2067   06    10.913
  2067   07     8.713
  2067   08     5.771
  2067   09     3.564
  2067   10     7.571
  2067   11    10.291
  2067   12    12.288
  2068   01    13.897
  2068   02    14.412
  2068   03    14.492
  2068   04    14.096
  2068   05    13.149
  2068   06    11.297
  2068   07     9.738
  2068   08     6.771
  2068   09     4.147
  2068   10     8.101
  2068   11    10.317
  2068   12    12.140
  2069   01    13.751
  2069   02    14.194
  2069   03    14.580
  2069   04    14.357
  2069   05    13.311
  2069   06    11.248
  2069   07     8.743
  2069   08     5.976
  2069   09     4.753
  2069   10     7.993
  2069   11    10.484
  2069   12    12.274
  2070   01    14.108
  2070   02    14.779
  2070   03    15.108
  2070   04    14.706
  2070   05    13.431
  2070   06    11.598
  2070   07     9.013
  2070   08     4.936
  2070   09     2.895
  2070   10     7.320
  2070   11    10.137
  2070   12    12.197
  2071   01    14.194
  2071   02    14.742
  2071   03    14.942
  2071   04    14.243
  2071   05    13.331
  2071   06    11.655
  2071   07     9.079
  2071   08     4.906
  2071   09     3.627
  2071   10     7.636
  2071   11     9.966
  2071   12    12.498
  2072   01    14.162
  2072   02    14.702
  2072   03    14.920
  2072   04    14.292
  2072   05    12.702
  2072   06    11.388
  2072   07     8.742
  2072   08     3.929
  2072   09     2.715
  2072   10     6.559
  2072   11     9.403
  2072   12    11.468
  2073   01    13.952
  2073   02    14.761
  2073   03    14.819
  2073   04    14.404
  2073   05    12.963
  2073   06    11.364
  2073   07     8.756
  2073   08     5.301
  2073   09     4.033
  2073   10     7.539
  2073   11    10.054
  2073   12    11.820
  2074   01    13.898
  2074   02    14.815
  2074   03    15.109
  2074   04    14.314
  2074   05    12.778
  2074   06    11.219
  2074   07     7.882
  2074   08     4.074
  2074   09     3.006
  2074   10     5.648
  2074   11     9.615
  2074   12    11.651
  2075   01    13.662
  2075   02    14.587
  2075   03    14.396
  2075   04    13.991
  2075   05    12.631
  2075   06    10.608
  2075   07     7.885
  2075   08     4.975
  2075   09     3.976
  2075   10     6.545
  2075   11     9.378
  2075   12    11.938
  2076   01    13.776
  2076   02    14.498
  2076   03    14.725
  2076   04    14.172
  2076   05    12.645
  2076   06    10.991
  2076   07     8.079
  2076   08     5.630
  2076   09     3.674
  2076   10     6.147
  2076   11    10.174
  2076   12    11.645
  2077   01    13.773
  2077   02    14.393
  2077   03    14.574
  2077   04    14.095
  2077   05    12.788
  2077   06    10.882
  2077   07     8.075
  2077   08     5.719
  2077   09     3.684
  2077   10     6.720
  2077   11     9.360
  2077   12    11.650
  2078   01    13.761
  2078   02    14.537
  2078   03    14.846
  2078   04    14.224
  2078   05    12.791
  2078   06    11.022
  2078   07     8.409
  2078   08     4.920
  2078   09     3.317
  2078   10     6.270
  2078   11     9.602
  2078   12    11.469
  2079   01    13.447
  2079   02    14.233
  2079   03    14.475
  2079   04    14.011
  2079   05    13.033
  2079   06    11.123
  2079   07     8.377
  2079   08     4.758
  2079   09     2.916
  2079   10     6.425
  2079   11     9.835
  2079   12    11.981
  2080   01    14.043
  2080   02    14.692
  2080   03    14.764
  2080   04    14.331
  2080   05    13.277
  2080   06    11.254
  2080   07     8.405
  2080   08     4.796
  2080   09     3.199
  2080   10     5.697
  2080   11     9.570
  2080   12    11.750
  2081   01    13.978
  2081   02    14.676
  2081   03    14.855
  2081   04    14.204
  2081   05    12.940
  2081   06    10.652
  2081   07     8.316
  2081   08     5.766
  2081   09     3.923
  2081   10     7.109
  2081   11     9.928
  2081   12    11.907
  2082   01    13.897
  2082   02    14.694
  2082   03    14.648
  2082   04    14.207
  2082   05    13.142
  2082   06    10.813
  2082   07     8.579
  2082   08     5.308
  2082   09     3.756
  2082   10     7.832
  2082   11    10.147
  2082   12    12.055
  2083   01    13.976
  2083   02    14.702
  2083   03    14.563
  2083   04    13.959
  2083   05    12.924
  2083   06    10.956
  2083   07     8.882
  2083   08     5.094
  2083   09     3.119
  2083   10     7.703
  2083   11    10.201
  2083   12    11.932
  2084   01    13.653
  2084   02    14.420
  2084   03    14.526
  2084   04    14.272
  2084   05    13.054
  2084   06    10.597
  2084   07     8.881
  2084   08     6.210
  2084   09     3.874
  2084   10     7.917
  2084   11     9.733
  2084   12    11.928
  2085   01    13.557
  2085   02    14.487
  2085   03    14.911
  2085   04    14.345
  2085   05    13.346
  2085   06    10.975
  2085   07     9.401
  2085   08     7.076
  2085   09     5.429
  2085   10     8.297
  2085   11    10.352
  2085   12    11.983
  2086   01    14.154
  2086   02    14.810
  2086   03    14.867
  2086   04    14.129
  2086   05    13.092
  2086   06    11.116
  2086   07     9.019
  2086   08     5.880
  2086   09     4.856
  2086   10     8.011
  2086   11     9.984
  2086   12    11.868
  2087   01    13.878
  2087   02    14.596
  2087   03    14.655
  2087   04    13.970
  2087   05    12.944
  2087   06    10.886
  2087   07     9.266
  2087   08     5.100
  2087   09     3.171
  2087   10     7.812
  2087   11    10.458
  2087   12    11.607
  2088   01    13.697
  2088   02    14.231
  2088   03    14.328
  2088   04    14.051
  2088   05    12.749
  2088   06    11.328
  2088   07     9.007
  2088   08     5.461
  2088   09     4.421
  2088   10     7.474
  2088   11    10.328
  2088   12    12.697
  2089   01    14.076
  2089   02    14.910
  2089   03    15.042
  2089   04    14.536
  2089   05    13.013
  2089   06    11.136
  2089   07     8.420
  2089   08     5.525
  2089   09     4.358
  2089   10     6.955
  2089   11    10.301
  2089   12    12.477
  2090   01    14.106
  2090   02    14.853
  2090   03    14.928
  2090   04    14.434
  2090   05    13.114
  2090   06    11.235
  2090   07     8.356
  2090   08     5.728
  2090   09     4.680
  2090   10     7.042
  2090   11     9.699
  2090   12    11.867
  2091   01    14.161
  2091   02    14.686
  2091   03    14.929
  2091   04    14.312
  2091   05    13.209
  2091   06    10.837
  2091   07     7.765
  2091   08     5.371
  2091   09     3.425
  2091   10     6.689
  2091   11     9.693
  2091   12    11.854
  2092   01    13.985
  2092   02    14.863
  2092   03    15.264
  2092   04    14.558
  2092   05    12.911
  2092   06    10.673
  2092   07     8.204
  2092   08     4.363
  2092   09     3.075
  2092   10     6.906
  2092   11    10.153
  2092   12    12.176
  2093   01    14.061
  2093   02    14.704
  2093   03    14.880
  2093   04    14.472
  2093   05    13.039
  2093   06    11.091
  2093   07     9.140
  2093   08     5.687
  2093   09     4.673
  2093   10     7.588
  2093   11    10.316
  2093   12    11.987
  2094   01    13.843
  2094   02    14.588
  2094   03    14.920
  2094   04    14.364
  2094   05    13.017
  2094   06    11.153
  2094   07     8.828
  2094   08     4.827
  2094   09     3.487
  2094   10     6.387
  2094   11     9.713
  2094   12    11.664
  2095   01    14.159
  2095   02    14.733
  2095   03    15.032
  2095   04    14.664
  2095   05    13.478
  2095   06    11.398
  2095   07     8.881
  2095   08     5.580
  2095   09     3.494
  2095   10     7.180
  2095   11    10.052
  2095   12    12.277
  2096   01    14.104
  2096   02    14.786
  2096   03    14.934
  2096   04    14.306
  2096   05    13.000
  2096   06    11.280
  2096   07     8.832
  2096   08     6.018
  2096   09     4.869
  2096   10     7.738
  2096   11    10.295
  2096   12    11.916
  2097   01    14.168
  2097   02    14.827
  2097   03    14.977
  2097   04    14.580
  2097   05    13.319
  2097   06    11.249
  2097   07     8.608
  2097   08     4.504
  2097   09     3.094
  2097   10     6.619
  2097   11    10.067
  2097   12    12.074
  2098   01    13.990
  2098   02    14.723
  2098   03    14.891
  2098   04    14.416
  2098   05    12.824
  2098   06    11.036
  2098   07     9.074
  2098   08     5.911
  2098   09     4.364
  2098   10     7.563
  2098   11    10.048
  2098   12    11.904
  2099   01    14.052
  2099   02    14.832
  2099   03    14.575
  2099   04    14.176
  2099   05    13.037
  2099   06    11.621
  2099   07     9.584
  2099   08     6.805
  2099   09     5.339
  2099   10     8.783
  2099   11    10.630
  2099   12    12.648
  2100   01    14.193
  2100   02    14.840
  2100   03    14.773
  2100   04    14.155
  2100   05    12.627
  2100   06    10.752
  2100   07     9.177
  2100   08     5.915
  2100   09     4.755
  2100   10     7.407
  2100   11     9.921
  2100   12    12.200
