  1850   01    18.858
  1850   02    20.371
  1850   03    20.734
  1850   04    19.490
  1850   05    17.224
  1850   06    14.979
  1850   07    12.382
  1850   08     9.570
  1850   09     8.950
  1850   10    11.189
  1850   11    14.098
  1850   12    17.208
  1851   01    19.512
  1851   02    20.757
  1851   03    20.989
  1851   04    20.117
  1851   05    18.515
  1851   06    14.190
  1851   07    10.768
  1851   08     8.217
  1851   09     7.878
  1851   10    10.283
  1851   11    13.614
  1851   12    16.764
  1852   01    19.522
  1852   02    20.602
  1852   03    20.617
  1852   04    19.606
  1852   05    16.918
  1852   06    14.716
  1852   07    11.683
  1852   08     7.748
  1852   09     7.885
  1852   10    10.502
  1852   11    13.379
  1852   12    16.994
  1853   01    19.581
  1853   02    20.598
  1853   03    20.979
  1853   04    20.256
  1853   05    17.773
  1853   06    14.710
  1853   07    11.738
  1853   08     8.339
  1853   09     7.838
  1853   10    10.910
  1853   11    14.168
  1853   12    17.139
  1854   01    19.251
  1854   02    20.686
  1854   03    20.992
  1854   04    20.243
  1854   05    17.978
  1854   06    15.057
  1854   07    12.072
  1854   08     8.655
  1854   09     8.192
  1854   10    11.581
  1854   11    14.439
  1854   12    17.311
  1855   01    19.523
  1855   02    20.916
  1855   03    21.278
  1855   04    20.323
  1855   05    18.064
  1855   06    15.017
  1855   07    12.616
  1855   08     9.505
  1855   09     8.652
  1855   10    11.795
  1855   11    14.335
  1855   12    17.152
  1856   01    19.804
  1856   02    21.519
  1856   03    21.826
  1856   04    20.580
  1856   05    18.073
  1856   06    14.877
  1856   07    12.118
  1856   08     8.512
  1856   09     8.429
  1856   10    12.012
  1856   11    14.426
  1856   12    17.338
  1857   01    19.756
  1857   02    21.036
  1857   03    21.459
  1857   04    20.436
  1857   05    18.367
  1857   06    14.786
  1857   07    11.526
  1857   08     9.112
  1857   09     8.837
  1857   10    11.134
  1857   11    13.838
  1857   12    17.026
  1858   01    19.569
  1858   02    20.765
  1858   03    20.886
  1858   04    19.930
  1858   05    18.169
  1858   06    15.502
  1858   07    12.120
  1858   08    10.070
  1858   09     9.603
  1858   10    11.289
  1858   11    14.332
  1858   12    17.383
  1859   01    19.474
  1859   02    20.878
  1859   03    21.016
  1859   04    20.230
  1859   05    17.959
  1859   06    15.323
  1859   07    12.735
  1859   08     9.717
  1859   09     9.185
  1859   10    12.215
  1859   11    14.941
  1859   12    18.062
  1860   01    20.193
  1860   02    21.254
  1860   03    21.288
  1860   04    20.606
  1860   05    18.388
  1860   06    15.242
  1860   07    12.238
  1860   08     8.711
  1860   09     8.403
  1860   10    10.855
  1860   11    14.527
  1860   12    18.142
  1861   01    20.601
  1861   02    21.368
  1861   03    21.533
  1861   04    20.292
  1861   05    17.694
  1861   06    15.180
  1861   07    12.907
  1861   08     9.216
  1861   09     8.907
  1861   10    11.816
  1861   11    14.857
  1861   12    17.457
  1862   01    20.181
  1862   02    21.867
  1862   03    21.880
  1862   04    20.605
  1862   05    18.433
  1862   06    15.398
  1862   07    12.550
  1862   08     9.053
  1862   09     8.631
  1862   10    11.457
  1862   11    14.717
  1862   12    18.389
  1863   01    20.292
  1863   02    21.435
  1863   03    21.716
  1863   04    20.571
  1863   05    18.383
  1863   06    15.848
  1863   07    13.581
  1863   08     9.704
  1863   09     9.169
  1863   10    12.378
  1863   11    15.311
  1863   12    18.301
  1864   01    20.703
  1864   02    22.163
  1864   03    22.393
  1864   04    21.371
  1864   05    18.174
  1864   06    15.553
  1864   07    13.410
  1864   08    10.005
  1864   09     9.457
  1864   10    11.977
  1864   11    14.550
  1864   12    17.743
  1865   01    20.468
  1865   02    22.104
  1865   03    22.273
  1865   04    20.794
  1865   05    18.625
  1865   06    15.922
  1865   07    13.212
  1865   08     9.689
  1865   09     8.959
  1865   10    11.812
  1865   11    15.312
  1865   12    18.931
  1866   01    21.267
  1866   02    22.352
  1866   03    22.601
  1866   04    21.866
  1866   05    19.876
  1866   06    15.763
  1866   07    12.525
  1866   08     9.496
  1866   09     8.495
  1866   10    10.853
  1866   11    13.904
  1866   12    18.327
  1867   01    20.944
  1867   02    22.282
  1867   03    22.570
  1867   04    21.521
  1867   05    19.565
  1867   06    15.070
  1867   07    11.389
  1867   08     9.027
  1867   09     8.634
  1867   10    10.991
  1867   11    14.312
  1867   12    18.520
  1868   01    20.799
  1868   02    22.144
  1868   03    22.168
  1868   04    21.048
  1868   05    18.032
  1868   06    14.866
  1868   07    11.765
  1868   08     8.605
  1868   09     8.469
  1868   10    11.219
  1868   11    14.439
  1868   12    17.937
  1869   01    20.535
  1869   02    21.985
  1869   03    22.089
  1869   04    20.966
  1869   05    18.765
  1869   06    14.764
  1869   07    11.600
  1869   08     9.140
  1869   09     8.929
  1869   10    11.483
  1869   11    14.225
  1869   12    17.875
  1870   01    20.250
  1870   02    21.470
  1870   03    21.799
  1870   04    20.978
  1870   05    18.963
  1870   06    14.922
  1870   07    12.085
  1870   08     9.445
  1870   09     9.455
  1870   10    11.798
  1870   11    14.536
  1870   12    18.210
  1871   01    20.707
  1871   02    21.984
  1871   03    22.361
  1871   04    21.258
  1871   05    18.488
  1871   06    15.580
  1871   07    12.310
  1871   08     9.311
  1871   09     8.899
  1871   10    11.063
  1871   11    14.370
  1871   12    17.677
  1872   01    19.776
  1872   02    21.022
  1872   03    21.159
  1872   04    20.110
  1872   05    17.724
  1872   06    15.431
  1872   07    13.549
  1872   08    10.297
  1872   09     9.793
  1872   10    11.897
  1872   11    14.491
  1872   12    17.724
  1873   01    20.104
  1873   02    21.076
  1873   03    21.211
  1873   04    20.742
  1873   05    18.471
  1873   06    15.401
  1873   07    12.342
  1873   08     8.885
  1873   09     8.662
  1873   10    11.310
  1873   11    14.178
  1873   12    17.885
  1874   01    20.060
  1874   02    21.107
  1874   03    21.401
  1874   04    20.078
  1874   05    18.131
  1874   06    14.928
  1874   07    11.353
  1874   08     8.835
  1874   09     8.868
  1874   10    10.873
  1874   11    14.125
  1874   12    17.196
  1875   01    19.554
  1875   02    21.039
  1875   03    21.552
  1875   04    20.384
  1875   05    17.915
  1875   06    14.720
  1875   07    12.075
  1875   08     9.655
  1875   09     9.506
  1875   10    11.544
  1875   11    14.084
  1875   12    17.100
  1876   01    19.476
  1876   02    20.447
  1876   03    20.458
  1876   04    19.721
  1876   05    17.423
  1876   06    14.969
  1876   07    12.361
  1876   08     9.251
  1876   09     9.072
  1876   10    11.139
  1876   11    14.866
  1876   12    17.988
  1877   01    20.287
  1877   02    21.654
  1877   03    21.868
  1877   04    20.965
  1877   05    17.989
  1877   06    14.991
  1877   07    12.566
  1877   08     8.426
  1877   09     8.020
  1877   10    11.410
  1877   11    14.260
  1877   12    17.162
  1878   01    19.638
  1878   02    21.281
  1878   03    21.401
  1878   04    20.571
  1878   05    18.050
  1878   06    14.308
  1878   07    11.785
  1878   08     8.897
  1878   09     8.588
  1878   10    11.059
  1878   11    14.394
  1878   12    17.295
  1879   01    20.162
  1879   02    21.483
  1879   03    21.792
  1879   04    21.059
  1879   05    18.274
  1879   06    14.510
  1879   07    11.508
  1879   08     8.835
  1879   09     8.602
  1879   10    10.843
  1879   11    14.413
  1879   12    17.911
  1880   01    20.201
  1880   02    21.630
  1880   03    21.726
  1880   04    20.488
  1880   05    17.882
  1880   06    15.087
  1880   07    12.401
  1880   08     9.507
  1880   09     9.252
  1880   10    11.882
  1880   11    14.574
  1880   12    17.847
  1881   01    19.925
  1881   02    21.441
  1881   03    21.420
  1881   04    20.467
  1881   05    18.136
  1881   06    15.006
  1881   07    12.154
  1881   08     9.739
  1881   09     9.195
  1881   10    11.261
  1881   11    14.460
  1881   12    17.519
  1882   01    19.861
  1882   02    21.119
  1882   03    21.049
  1882   04    20.242
  1882   05    18.392
  1882   06    15.406
  1882   07    12.132
  1882   08     9.330
  1882   09     9.047
  1882   10    11.395
  1882   11    14.909
  1882   12    18.244
  1883   01    20.091
  1883   02    21.054
  1883   03    21.236
  1883   04    20.118
  1883   05    18.384
  1883   06    15.331
  1883   07    12.187
  1883   08     9.237
  1883   09     8.818
  1883   10    11.359
  1883   11    14.570
  1883   12    17.970
  1884   01    19.836
  1884   02    20.682
  1884   03    21.063
  1884   04    20.308
  1884   05    18.333
  1884   06    15.037
  1884   07    11.859
  1884   08     9.167
  1884   09     8.897
  1884   10    11.999
  1884   11    14.836
  1884   12    17.983
  1885   01    19.663
  1885   02    20.290
  1885   03    20.360
  1885   04    19.631
  1885   05    17.594
  1885   06    14.890
  1885   07    12.530
  1885   08    10.052
  1885   09     9.202
  1885   10    11.515
  1885   11    14.959
  1885   12    17.926
  1886   01    19.572
  1886   02    20.474
  1886   03    20.532
  1886   04    19.564
  1886   05    17.553
  1886   06    14.999
  1886   07    12.427
  1886   08     9.624
  1886   09     9.374
  1886   10    11.584
  1886   11    14.502
  1886   12    17.513
  1887   01    19.986
  1887   02    21.070
  1887   03    21.154
  1887   04    20.246
  1887   05    18.493
  1887   06    15.386
  1887   07    12.711
  1887   08     9.288
  1887   09     9.177
  1887   10    11.930
  1887   11    14.371
  1887   12    18.046
  1888   01    20.472
  1888   02    21.933
  1888   03    21.985
  1888   04    20.661
  1888   05    18.299
  1888   06    14.326
  1888   07    10.954
  1888   08     9.183
  1888   09     8.769
  1888   10    10.685
  1888   11    13.545
  1888   12    17.645
  1889   01    20.208
  1889   02    21.570
  1889   03    21.668
  1889   04    20.632
  1889   05    18.320
  1889   06    15.089
  1889   07    12.329
  1889   08     9.338
  1889   09     9.084
  1889   10    11.309
  1889   11    14.908
  1889   12    17.636
  1890   01    20.027
  1890   02    21.169
  1890   03    21.646
  1890   04    20.613
  1890   05    18.321
  1890   06    15.092
  1890   07    12.671
  1890   08     9.089
  1890   09     8.955
  1890   10    11.767
  1890   11    14.777
  1890   12    17.841
  1891   01    20.515
  1891   02    21.593
  1891   03    22.233
  1891   04    21.362
  1891   05    18.877
  1891   06    15.568
  1891   07    12.175
  1891   08     8.857
  1891   09     8.741
  1891   10    11.517
  1891   11    14.676
  1891   12    17.848
  1892   01    20.352
  1892   02    21.828
  1892   03    22.132
  1892   04    21.397
  1892   05    19.073
  1892   06    15.026
  1892   07    11.780
  1892   08     9.217
  1892   09     9.104
  1892   10    11.639
  1892   11    14.962
  1892   12    18.427
  1893   01    20.409
  1893   02    21.398
  1893   03    21.614
  1893   04    20.877
  1893   05    18.429
  1893   06    15.402
  1893   07    11.999
  1893   08     8.836
  1893   09     8.554
  1893   10    11.403
  1893   11    14.261
  1893   12    17.596
  1894   01    20.157
  1894   02    21.208
  1894   03    21.616
  1894   04    20.670
  1894   05    18.424
  1894   06    15.481
  1894   07    12.523
  1894   08     9.843
  1894   09     9.263
  1894   10    11.592
  1894   11    14.777
  1894   12    18.208
  1895   01    20.084
  1895   02    21.263
  1895   03    21.570
  1895   04    20.966
  1895   05    18.739
  1895   06    15.416
  1895   07    12.462
  1895   08     9.042
  1895   09     8.664
  1895   10    11.566
  1895   11    14.655
  1895   12    17.735
  1896   01    20.141
  1896   02    21.056
  1896   03    21.403
  1896   04    20.571
  1896   05    18.239
  1896   06    15.255
  1896   07    12.681
  1896   08     9.714
  1896   09     9.591
  1896   10    11.915
  1896   11    14.748
  1896   12    18.106
  1897   01    20.279
  1897   02    21.559
  1897   03    21.539
  1897   04    20.402
  1897   05    18.144
  1897   06    15.389
  1897   07    12.720
  1897   08     9.201
  1897   09     8.975
  1897   10    11.606
  1897   11    14.615
  1897   12    17.250
  1898   01    19.528
  1898   02    20.761
  1898   03    21.177
  1898   04    20.075
  1898   05    18.136
  1898   06    14.399
  1898   07    11.595
  1898   08     9.080
  1898   09     8.725
  1898   10    11.258
  1898   11    14.109
  1898   12    17.277
  1899   01    19.877
  1899   02    21.156
  1899   03    21.494
  1899   04    20.580
  1899   05    17.674
  1899   06    14.692
  1899   07    11.770
  1899   08     8.953
  1899   09     8.885
  1899   10    11.042
  1899   11    14.453
  1899   12    17.419
  1900   01    19.675
  1900   02    20.941
  1900   03    21.066
  1900   04    20.108
  1900   05    18.166
  1900   06    14.987
  1900   07    12.160
  1900   08     9.213
  1900   09     8.999
  1900   10    11.183
  1900   11    14.580
  1900   12    17.402
  1901   01    19.558
  1901   02    20.564
  1901   03    20.634
  1901   04    19.953
  1901   05    17.683
  1901   06    14.184
  1901   07    11.189
  1901   08     9.030
  1901   09     8.869
  1901   10    11.021
  1901   11    14.529
  1901   12    17.519
  1902   01    19.706
  1902   02    20.774
  1902   03    20.724
  1902   04    19.981
  1902   05    17.569
  1902   06    14.930
  1902   07    12.294
  1902   08     9.688
  1902   09     9.466
  1902   10    11.873
  1902   11    14.440
  1902   12    17.171
  1903   01    19.446
  1903   02    20.925
  1903   03    21.246
  1903   04    20.712
  1903   05    18.600
  1903   06    15.049
  1903   07    12.171
  1903   08     9.366
  1903   09     8.997
  1903   10    11.251
  1903   11    14.105
  1903   12    17.533
  1904   01    20.034
  1904   02    21.181
  1904   03    21.530
  1904   04    20.528
  1904   05    18.116
  1904   06    14.258
  1904   07    12.000
  1904   08     9.104
  1904   09     8.815
  1904   10    11.054
  1904   11    14.043
  1904   12    18.130
  1905   01    20.158
  1905   02    21.423
  1905   03    21.584
  1905   04    20.627
  1905   05    18.212
  1905   06    15.116
  1905   07    12.656
  1905   08     9.545
  1905   09     9.160
  1905   10    11.427
  1905   11    14.432
  1905   12    17.684
  1906   01    19.773
  1906   02    21.167
  1906   03    21.591
  1906   04    20.621
  1906   05    18.587
  1906   06    14.767
  1906   07    11.868
  1906   08     8.658
  1906   09     8.450
  1906   10    10.565
  1906   11    13.654
  1906   12    17.658
  1907   01    20.315
  1907   02    21.530
  1907   03    21.664
  1907   04    20.764
  1907   05    18.000
  1907   06    14.372
  1907   07    11.135
  1907   08     8.765
  1907   09     8.758
  1907   10    10.588
  1907   11    13.843
  1907   12    17.037
  1908   01    19.315
  1908   02    20.996
  1908   03    21.206
  1908   04    20.679
  1908   05    18.215
  1908   06    14.628
  1908   07    11.320
  1908   08     8.825
  1908   09     8.701
  1908   10    11.152
  1908   11    14.021
  1908   12    17.623
  1909   01    20.293
  1909   02    21.547
  1909   03    21.525
  1909   04    20.355
  1909   05    18.588
  1909   06    15.471
  1909   07    11.810
  1909   08     8.466
  1909   09     8.030
  1909   10    10.761
  1909   11    13.527
  1909   12    17.415
  1910   01    19.845
  1910   02    21.095
  1910   03    21.121
  1910   04    20.064
  1910   05    17.990
  1910   06    14.434
  1910   07    11.003
  1910   08     8.148
  1910   09     7.852
  1910   10    10.567
  1910   11    13.854
  1910   12    17.341
  1911   01    19.993
  1911   02    21.118
  1911   03    21.261
  1911   04    20.377
  1911   05    17.961
  1911   06    14.493
  1911   07    11.467
  1911   08     8.663
  1911   09     8.059
  1911   10    10.477
  1911   11    14.233
  1911   12    17.879
  1912   01    20.501
  1912   02    21.743
  1912   03    22.253
  1912   04    21.619
  1912   05    18.745
  1912   06    14.304
  1912   07    10.928
  1912   08     8.989
  1912   09     9.163
  1912   10    10.729
  1912   11    14.318
  1912   12    18.529
  1913   01    20.721
  1913   02    21.853
  1913   03    22.002
  1913   04    20.940
  1913   05    18.657
  1913   06    14.711
  1913   07    11.745
  1913   08     8.719
  1913   09     8.261
  1913   10    10.527
  1913   11    13.799
  1913   12    18.247
  1914   01    20.951
  1914   02    22.638
  1914   03    22.896
  1914   04    21.738
  1914   05    18.846
  1914   06    15.306
  1914   07    11.876
  1914   08     8.403
  1914   09     8.154
  1914   10    11.350
  1914   11    14.771
  1914   12    17.639
  1915   01    20.155
  1915   02    21.371
  1915   03    21.756
  1915   04    20.093
  1915   05    17.926
  1915   06    15.084
  1915   07    12.759
  1915   08     8.975
  1915   09     8.647
  1915   10    11.237
  1915   11    14.798
  1915   12    17.687
  1916   01    20.383
  1916   02    21.639
  1916   03    21.632
  1916   04    20.526
  1916   05    18.663
  1916   06    15.777
  1916   07    12.784
  1916   08     9.320
  1916   09     8.449
  1916   10    11.198
  1916   11    14.438
  1916   12    18.139
  1917   01    20.440
  1917   02    21.853
  1917   03    22.135
  1917   04    21.046
  1917   05    18.690
  1917   06    14.734
  1917   07    12.208
  1917   08     9.443
  1917   09     8.946
  1917   10    11.562
  1917   11    14.274
  1917   12    17.773
  1918   01    20.465
  1918   02    21.545
  1918   03    21.704
  1918   04    20.736
  1918   05    18.618
  1918   06    15.449
  1918   07    12.792
  1918   08     9.648
  1918   09     9.302
  1918   10    10.820
  1918   11    14.213
  1918   12    17.632
  1919   01    20.451
  1919   02    21.240
  1919   03    21.431
  1919   04    20.384
  1919   05    18.318
  1919   06    15.149
  1919   07    13.020
  1919   08     9.130
  1919   09     8.843
  1919   10    11.317
  1919   11    14.191
  1919   12    17.730
  1920   01    20.064
  1920   02    21.380
  1920   03    21.753
  1920   04    20.933
  1920   05    17.857
  1920   06    14.294
  1920   07    11.649
  1920   08     9.120
  1920   09     8.723
  1920   10    11.148
  1920   11    13.886
  1920   12    17.547
  1921   01    20.823
  1921   02    21.986
  1921   03    22.140
  1921   04    20.862
  1921   05    18.412
  1921   06    15.062
  1921   07    11.902
  1921   08     9.321
  1921   09     9.236
  1921   10    11.179
  1921   11    14.079
  1921   12    17.137
  1922   01    19.365
  1922   02    21.036
  1922   03    21.351
  1922   04    20.199
  1922   05    18.107
  1922   06    13.854
  1922   07    10.194
  1922   08     8.660
  1922   09     8.523
  1922   10    10.076
  1922   11    13.151
  1922   12    16.845
  1923   01    19.732
  1923   02    21.230
  1923   03    21.523
  1923   04    20.557
  1923   05    18.198
  1923   06    15.013
  1923   07    12.730
  1923   08     9.277
  1923   09     8.595
  1923   10    11.382
  1923   11    14.008
  1923   12    17.017
  1924   01    19.393
  1924   02    20.608
  1924   03    20.996
  1924   04    20.211
  1924   05    17.514
  1924   06    14.768
  1924   07    11.358
  1924   08     9.038
  1924   09     8.698
  1924   10    10.900
  1924   11    13.925
  1924   12    17.203
  1925   01    19.739
  1925   02    20.922
  1925   03    21.217
  1925   04    20.157
  1925   05    17.840
  1925   06    14.795
  1925   07    12.485
  1925   08     9.778
  1925   09     8.867
  1925   10    11.466
  1925   11    14.117
  1925   12    16.994
  1926   01    19.411
  1926   02    20.525
  1926   03    20.608
  1926   04    19.505
  1926   05    17.616
  1926   06    14.728
  1926   07    11.754
  1926   08     8.880
  1926   09     8.810
  1926   10    10.451
  1926   11    13.612
  1926   12    16.752
  1927   01    19.119
  1927   02    20.394
  1927   03    20.352
  1927   04    19.733
  1927   05    17.770
  1927   06    14.268
  1927   07    11.484
  1927   08     9.090
  1927   09     8.813
  1927   10    11.757
  1927   11    14.117
  1927   12    17.194
  1928   01    19.686
  1928   02    21.207
  1928   03    21.181
  1928   04    20.262
  1928   05    17.860
  1928   06    15.047
  1928   07    11.993
  1928   08     9.050
  1928   09     8.254
  1928   10    11.134
  1928   11    14.537
  1928   12    17.756
  1929   01    19.786
  1929   02    20.715
  1929   03    21.135
  1929   04    20.831
  1929   05    18.549
  1929   06    14.685
  1929   07    11.578
  1929   08     8.303
  1929   09     8.135
  1929   10    11.478
  1929   11    14.453
  1929   12    17.480
  1930   01    19.708
  1930   02    21.120
  1930   03    21.433
  1930   04    20.080
  1930   05    17.882
  1930   06    15.234
  1930   07    12.079
  1930   08     8.948
  1930   09     8.603
  1930   10    11.037
  1930   11    14.112
  1930   12    17.775
  1931   01    19.961
  1931   02    21.449
  1931   03    21.869
  1931   04    20.320
  1931   05    17.588
  1931   06    14.234
  1931   07    11.505
  1931   08     8.929
  1931   09     8.495
  1931   10    10.864
  1931   11    13.815
  1931   12    17.591
  1932   01    20.290
  1932   02    21.290
  1932   03    21.763
  1932   04    20.763
  1932   05    18.300
  1932   06    14.813
  1932   07    11.907
  1932   08     9.192
  1932   09     8.903
  1932   10    11.940
  1932   11    14.607
  1932   12    17.422
  1933   01    20.018
  1933   02    21.324
  1933   03    21.695
  1933   04    20.841
  1933   05    18.653
  1933   06    15.110
  1933   07    12.588
  1933   08     9.621
  1933   09     9.219
  1933   10    11.191
  1933   11    14.155
  1933   12    17.913
  1934   01    20.807
  1934   02    21.945
  1934   03    22.001
  1934   04    21.624
  1934   05    19.391
  1934   06    15.057
  1934   07    11.174
  1934   08     8.441
  1934   09     8.145
  1934   10    10.302
  1934   11    13.509
  1934   12    17.428
  1935   01    20.421
  1935   02    21.964
  1935   03    22.050
  1935   04    20.896
  1935   05    18.065
  1935   06    14.147
  1935   07    11.069
  1935   08     8.722
  1935   09     8.536
  1935   10    10.434
  1935   11    14.123
  1935   12    17.352
  1936   01    20.246
  1936   02    21.724
  1936   03    21.989
  1936   04    20.978
  1936   05    18.078
  1936   06    14.491
  1936   07    11.713
  1936   08     8.711
  1936   09     8.395
  1936   10    10.935
  1936   11    14.169
  1936   12    17.275
  1937   01    19.837
  1937   02    21.082
  1937   03    21.382
  1937   04    20.636
  1937   05    18.240
  1937   06    14.457
  1937   07    11.198
  1937   08     8.587
  1937   09     8.328
  1937   10    11.007
  1937   11    13.906
  1937   12    17.360
  1938   01    19.927
  1938   02    21.131
  1938   03    21.761
  1938   04    20.896
  1938   05    18.135
  1938   06    14.959
  1938   07    11.490
  1938   08     8.617
  1938   09     8.379
  1938   10    10.314
  1938   11    13.660
  1938   12    17.893
  1939   01    20.992
  1939   02    22.027
  1939   03    22.196
  1939   04    21.339
  1939   05    18.444
  1939   06    14.684
  1939   07    12.029
  1939   08     9.530
  1939   09     9.130
  1939   10    10.618
  1939   11    13.861
  1939   12    17.711
  1940   01    20.116
  1940   02    21.636
  1940   03    21.847
  1940   04    20.815
  1940   05    18.626
  1940   06    15.263
  1940   07    12.250
  1940   08     8.946
  1940   09     8.801
  1940   10    11.010
  1940   11    14.648
  1940   12    17.689
  1941   01    20.073
  1941   02    21.430
  1941   03    21.498
  1941   04    20.639
  1941   05    18.151
  1941   06    14.992
  1941   07    12.770
  1941   08     9.290
  1941   09     9.017
  1941   10    11.551
  1941   11    14.257
  1941   12    17.346
  1942   01    19.728
  1942   02    20.908
  1942   03    21.158
  1942   04    20.323
  1942   05    18.101
  1942   06    14.687
  1942   07    12.292
  1942   08     9.566
  1942   09     9.069
  1942   10    11.454
  1942   11    14.340
  1942   12    17.540
  1943   01    19.279
  1943   02    20.160
  1943   03    20.654
  1943   04    20.074
  1943   05    17.862
  1943   06    14.645
  1943   07    12.030
  1943   08     9.103
  1943   09     8.758
  1943   10    11.315
  1943   11    14.496
  1943   12    17.990
  1944   01    20.164
  1944   02    21.005
  1944   03    21.254
  1944   04    20.270
  1944   05    17.479
  1944   06    14.672
  1944   07    11.739
  1944   08     8.706
  1944   09     8.170
  1944   10    10.920
  1944   11    13.924
  1944   12    17.399
  1945   01    19.656
  1945   02    21.063
  1945   03    21.275
  1945   04    20.450
  1945   05    17.960
  1945   06    14.935
  1945   07    11.757
  1945   08     9.328
  1945   09     9.093
  1945   10    10.848
  1945   11    14.064
  1945   12    17.416
  1946   01    19.481
  1946   02    21.137
  1946   03    21.311
  1946   04    21.030
  1946   05    19.150
  1946   06    14.943
  1946   07    11.613
  1946   08     9.515
  1946   09     9.208
  1946   10    11.323
  1946   11    14.265
  1946   12    17.652
  1947   01    19.990
  1947   02    21.023
  1947   03    21.174
  1947   04    20.472
  1947   05    18.408
  1947   06    14.274
  1947   07    11.551
  1947   08     9.577
  1947   09     9.014
  1947   10    11.748
  1947   11    14.013
  1947   12    17.552
  1948   01    20.239
  1948   02    21.183
  1948   03    21.267
  1948   04    20.363
  1948   05    18.133
  1948   06    14.912
  1948   07    10.819
  1948   08     8.244
  1948   09     8.424
  1948   10    10.244
  1948   11    13.781
  1948   12    17.234
  1949   01    20.189
  1949   02    21.438
  1949   03    21.626
  1949   04    20.921
  1949   05    18.028
  1949   06    14.214
  1949   07    11.444
  1949   08     8.925
  1949   09     8.672
  1949   10    10.411
  1949   11    13.476
  1949   12    17.061
  1950   01    20.031
  1950   02    21.235
  1950   03    21.489
  1950   04    20.729
  1950   05    17.714
  1950   06    14.210
  1950   07    11.891
  1950   08     9.531
  1950   09     9.090
  1950   10    10.795
  1950   11    13.919
  1950   12    17.822
  1951   01    20.462
  1951   02    21.426
  1951   03    21.503
  1951   04    20.894
  1951   05    18.861
  1951   06    15.270
  1951   07    12.123
  1951   08     8.617
  1951   09     8.161
  1951   10    10.538
  1951   11    13.896
  1951   12    17.919
  1952   01    20.636
  1952   02    21.443
  1952   03    21.430
  1952   04    20.570
  1952   05    18.163
  1952   06    14.420
  1952   07    11.469
  1952   08     9.259
  1952   09     9.100
  1952   10    10.973
  1952   11    13.775
  1952   12    17.733
  1953   01    19.713
  1953   02    20.951
  1953   03    21.310
  1953   04    20.222
  1953   05    17.028
  1953   06    14.622
  1953   07    12.643
  1953   08     9.300
  1953   09     9.128
  1953   10    11.182
  1953   11    13.601
  1953   12    16.857
  1954   01    19.374
  1954   02    20.540
  1954   03    20.694
  1954   04    19.955
  1954   05    17.777
  1954   06    15.339
  1954   07    12.502
  1954   08     9.870
  1954   09     9.155
  1954   10    12.003
  1954   11    13.880
  1954   12    16.716
  1955   01    19.254
  1955   02    20.531
  1955   03    20.762
  1955   04    19.918
  1955   05    17.912
  1955   06    14.979
  1955   07    11.698
  1955   08     9.914
  1955   09     9.626
  1955   10    11.592
  1955   11    14.035
  1955   12    16.694
  1956   01    19.342
  1956   02    20.841
  1956   03    21.042
  1956   04    20.016
  1956   05    17.890
  1956   06    15.467
  1956   07    12.895
  1956   08     9.403
  1956   09     9.077
  1956   10    11.802
  1956   11    14.532
  1956   12    17.535
  1957   01    19.801
  1957   02    21.240
  1957   03    21.341
  1957   04    20.082
  1957   05    18.165
  1957   06    14.953
  1957   07    12.314
  1957   08     9.217
  1957   09     9.056
  1957   10    11.703
  1957   11    14.292
  1957   12    17.668
  1958   01    20.192
  1958   02    20.872
  1958   03    21.162
  1958   04    19.997
  1958   05    18.390
  1958   06    15.154
  1958   07    12.339
  1958   08     9.343
  1958   09     8.864
  1958   10    11.570
  1958   11    14.275
  1958   12    17.866
  1959   01    19.791
  1959   02    21.031
  1959   03    21.268
  1959   04    20.164
  1959   05    17.555
  1959   06    14.881
  1959   07    10.705
  1959   08     8.617
  1959   09     8.260
  1959   10    10.638
  1959   11    13.664
  1959   12    16.995
  1960   01    19.264
  1960   02    20.905
  1960   03    21.122
  1960   04    20.092
  1960   05    17.655
  1960   06    14.889
  1960   07    11.025
  1960   08     9.211
  1960   09     8.922
  1960   10    10.847
  1960   11    14.103
  1960   12    17.921
  1961   01    20.431
  1961   02    21.648
  1961   03    21.682
  1961   04    20.907
  1961   05    18.460
  1961   06    15.037
  1961   07    11.775
  1961   08     9.117
  1961   09     8.633
  1961   10    11.282
  1961   11    13.917
  1961   12    17.321
  1962   01    19.609
  1962   02    21.148
  1962   03    21.492
  1962   04    20.910
  1962   05    18.190
  1962   06    14.796
  1962   07    12.495
  1962   08     9.401
  1962   09     9.252
  1962   10    11.105
  1962   11    13.862
  1962   12    17.212
  1963   01    19.617
  1963   02    20.943
  1963   03    21.441
  1963   04    20.306
  1963   05    17.764
  1963   06    15.073
  1963   07    12.367
  1963   08     9.655
  1963   09     9.094
  1963   10    11.269
  1963   11    14.338
  1963   12    17.654
  1964   01    19.828
  1964   02    21.307
  1964   03    21.813
  1964   04    20.808
  1964   05    18.454
  1964   06    14.742
  1964   07    11.480
  1964   08     8.955
  1964   09     8.315
  1964   10    11.317
  1964   11    14.498
  1964   12    17.890
  1965   01    20.351
  1965   02    22.077
  1965   03    22.348
  1965   04    21.194
  1965   05    18.381
  1965   06    13.979
  1965   07    11.450
  1965   08     8.695
  1965   09     8.505
  1965   10    10.778
  1965   11    13.683
  1965   12    16.947
  1966   01    20.018
  1966   02    21.576
  1966   03    21.942
  1966   04    20.893
  1966   05    17.845
  1966   06    14.218
  1966   07    11.419
  1966   08     8.370
  1966   09     8.027
  1966   10     9.877
  1966   11    13.131
  1966   12    16.940
  1967   01    19.131
  1967   02    20.718
  1967   03    20.779
  1967   04    19.814
  1967   05    17.102
  1967   06    14.406
  1967   07    11.446
  1967   08     8.198
  1967   09     8.204
  1967   10    10.481
  1967   11    13.715
  1967   12    17.093
  1968   01    19.443
  1968   02    20.663
  1968   03    20.719
  1968   04    19.984
  1968   05    17.169
  1968   06    13.933
  1968   07    11.081
  1968   08     7.896
  1968   09     7.892
  1968   10    10.514
  1968   11    13.223
  1968   12    16.315
  1969   01    18.468
  1969   02    19.971
  1969   03    20.337
  1969   04    19.504
  1969   05    16.929
  1969   06    13.944
  1969   07    10.888
  1969   08     8.514
  1969   09     8.401
  1969   10     9.911
  1969   11    12.655
  1969   12    16.831
  1970   01    19.009
  1970   02    20.600
  1970   03    20.632
  1970   04    19.773
  1970   05    16.772
  1970   06    13.830
  1970   07    10.927
  1970   08     7.955
  1970   09     7.922
  1970   10    10.011
  1970   11    12.861
  1970   12    16.390
  1971   01    19.006
  1971   02    20.370
  1971   03    20.719
  1971   04    19.822
  1971   05    17.302
  1971   06    14.408
  1971   07    11.170
  1971   08     8.381
  1971   09     8.108
  1971   10    10.496
  1971   11    13.475
  1971   12    16.686
  1972   01    19.099
  1972   02    20.381
  1972   03    20.439
  1972   04    19.409
  1972   05    16.813
  1972   06    13.881
  1972   07    11.702
  1972   08     9.058
  1972   09     8.751
  1972   10    11.517
  1972   11    13.949
  1972   12    17.218
  1973   01    19.510
  1973   02    20.607
  1973   03    20.616
  1973   04    19.722
  1973   05    17.305
  1973   06    14.883
  1973   07    11.699
  1973   08     8.957
  1973   09     8.347
  1973   10    10.740
  1973   11    13.207
  1973   12    16.492
  1974   01    18.660
  1974   02    19.470
  1974   03    19.831
  1974   04    18.905
  1974   05    16.977
  1974   06    14.482
  1974   07    10.528
  1974   08     8.422
  1974   09     8.021
  1974   10    10.556
  1974   11    13.239
  1974   12    16.733
  1975   01    18.863
  1975   02    20.088
  1975   03    20.076
  1975   04    19.348
  1975   05    17.359
  1975   06    15.324
  1975   07    12.638
  1975   08     9.152
  1975   09     8.900
  1975   10    11.577
  1975   11    14.825
  1975   12    17.109
  1976   01    18.996
  1976   02    20.098
  1976   03    20.359
  1976   04    19.332
  1976   05    17.252
  1976   06    14.979
  1976   07    12.418
  1976   08     9.482
  1976   09     8.821
  1976   10    11.188
  1976   11    14.231
  1976   12    17.567
  1977   01    19.302
  1977   02    20.589
  1977   03    20.698
  1977   04    19.853
  1977   05    17.449
  1977   06    15.227
  1977   07    12.130
  1977   08     8.834
  1977   09     8.381
  1977   10    11.418
  1977   11    13.833
  1977   12    16.832
  1978   01    19.086
  1978   02    20.077
  1978   03    20.020
  1978   04    18.780
  1978   05    16.608
  1978   06    14.460
  1978   07    11.725
  1978   08     8.894
  1978   09     8.700
  1978   10    10.992
  1978   11    13.929
  1978   12    16.812
  1979   01    19.130
  1979   02    20.339
  1979   03    20.572
  1979   04    19.714
  1979   05    17.354
  1979   06    14.337
  1979   07    11.035
  1979   08     8.550
  1979   09     8.289
  1979   10    10.514
  1979   11    13.833
  1979   12    17.072
  1980   01    19.742
  1980   02    20.852
  1980   03    21.049
  1980   04    20.423
  1980   05    18.382
  1980   06    15.301
  1980   07    11.260
  1980   08     8.781
  1980   09     8.427
  1980   10    10.645
  1980   11    14.106
  1980   12    18.570
  1981   01    20.597
  1981   02    21.476
  1981   03    21.610
  1981   04    20.543
  1981   05    18.221
  1981   06    15.431
  1981   07    12.608
  1981   08     9.089
  1981   09     7.962
  1981   10    11.154
  1981   11    14.219
  1981   12    17.852
  1982   01    20.286
  1982   02    21.572
  1982   03    21.476
  1982   04    20.610
  1982   05    18.845
  1982   06    15.033
  1982   07    11.757
  1982   08     8.249
  1982   09     7.765
  1982   10    10.974
  1982   11    14.161
  1982   12    17.860
  1983   01    20.396
  1983   02    21.253
  1983   03    21.282
  1983   04    20.343
  1983   05    18.137
  1983   06    15.237
  1983   07    12.058
  1983   08     9.227
  1983   09     8.268
  1983   10    11.215
  1983   11    14.300
  1983   12    17.714
  1984   01    19.879
  1984   02    21.489
  1984   03    22.118
  1984   04    21.287
  1984   05    18.591
  1984   06    14.677
  1984   07    10.986
  1984   08     8.662
  1984   09     8.237
  1984   10    10.603
  1984   11    13.973
  1984   12    17.035
  1985   01    19.748
  1985   02    21.252
  1985   03    21.627
  1985   04    20.571
  1985   05    18.289
  1985   06    14.908
  1985   07    11.145
  1985   08     8.608
  1985   09     8.148
  1985   10    10.374
  1985   11    14.318
  1985   12    17.234
  1986   01    19.930
  1986   02    21.134
  1986   03    21.582
  1986   04    20.119
  1986   05    17.420
  1986   06    13.980
  1986   07    11.572
  1986   08     8.400
  1986   09     8.161
  1986   10     9.909
  1986   11    12.678
  1986   12    16.946
  1987   01    19.443
  1987   02    20.978
  1987   03    21.319
  1987   04    20.258
  1987   05    17.733
  1987   06    14.202
  1987   07    10.473
  1987   08     8.107
  1987   09     7.968
  1987   10     9.960
  1987   11    12.864
  1987   12    16.771
  1988   01    19.487
  1988   02    20.696
  1988   03    20.412
  1988   04    19.867
  1988   05    17.242
  1988   06    14.049
  1988   07    10.709
  1988   08     8.693
  1988   09     8.422
  1988   10    10.776
  1988   11    13.852
  1988   12    16.731
  1989   01    19.177
  1989   02    20.352
  1989   03    20.764
  1989   04    20.006
  1989   05    17.352
  1989   06    14.189
  1989   07    11.095
  1989   08     8.161
  1989   09     7.642
  1989   10    10.140
  1989   11    12.828
  1989   12    16.741
  1990   01    19.252
  1990   02    20.167
  1990   03    20.581
  1990   04    19.789
  1990   05    17.341
  1990   06    14.238
  1990   07    10.231
  1990   08     8.117
  1990   09     8.176
  1990   10    10.259
  1990   11    13.173
  1990   12    16.847
  1991   01    19.537
  1991   02    20.826
  1991   03    21.067
  1991   04    19.737
  1991   05    17.073
  1991   06    14.769
  1991   07    11.711
  1991   08     8.383
  1991   09     7.735
  1991   10    10.796
  1991   11    14.135
  1991   12    17.192
  1992   01    19.468
  1992   02    20.568
  1992   03    20.617
  1992   04    19.879
  1992   05    17.745
  1992   06    14.448
  1992   07    10.882
  1992   08     8.466
  1992   09     8.186
  1992   10    10.647
  1992   11    13.562
  1992   12    17.243
  1993   01    19.725
  1993   02    20.925
  1993   03    21.038
  1993   04    20.010
  1993   05    17.710
  1993   06    14.481
  1993   07    11.003
  1993   08     8.628
  1993   09     8.761
  1993   10    10.529
  1993   11    13.775
  1993   12    16.858
  1994   01    19.475
  1994   02    20.619
  1994   03    20.725
  1994   04    19.205
  1994   05    16.887
  1994   06    13.775
  1994   07    10.662
  1994   08     8.356
  1994   09     8.099
  1994   10    10.111
  1994   11    13.332
  1994   12    16.887
  1995   01    19.193
  1995   02    20.417
  1995   03    20.804
  1995   04    19.957
  1995   05    17.423
  1995   06    14.073
  1995   07    11.259
  1995   08     8.442
  1995   09     8.237
  1995   10    11.047
  1995   11    13.848
  1995   12    16.668
  1996   01    19.102
  1996   02    20.124
  1996   03    20.215
  1996   04    19.394
  1996   05    17.564
  1996   06    14.467
  1996   07    11.199
  1996   08     8.454
  1996   09     8.285
  1996   10    10.437
  1996   11    14.348
  1996   12    17.151
  1997   01    19.197
  1997   02    20.258
  1997   03    20.524
  1997   04    19.643
  1997   05    16.845
  1997   06    14.065
  1997   07    11.318
  1997   08     8.652
  1997   09     8.348
  1997   10    10.374
  1997   11    12.865
  1997   12    16.505
  1998   01    19.487
  1998   02    20.566
  1998   03    20.600
  1998   04    19.554
  1998   05    17.022
  1998   06    14.494
  1998   07    10.996
  1998   08     8.777
  1998   09     8.432
  1998   10    10.599
  1998   11    13.700
  1998   12    17.017
  1999   01    19.133
  1999   02    20.249
  1999   03    20.040
  1999   04    18.747
  1999   05    16.893
  1999   06    14.552
  1999   07    11.874
  1999   08     8.540
  1999   09     8.003
  1999   10    10.554
  1999   11    14.060
  1999   12    16.825
  2000   01    18.962
  2000   02    20.457
  2000   03    20.673
  2000   04    19.699
  2000   05    16.729
  2000   06    14.105
  2000   07    10.466
  2000   08     8.316
  2000   09     8.096
  2000   10    10.282
  2000   11    13.548
  2000   12    16.726
  2001   01    19.162
  2001   02    20.597
  2001   03    20.725
  2001   04    19.360
  2001   05    17.315
  2001   06    13.910
  2001   07    10.321
  2001   08     7.747
  2001   09     7.563
  2001   10    10.006
  2001   11    13.637
  2001   12    16.868
  2002   01    19.577
  2002   02    20.534
  2002   03    20.799
  2002   04    19.619
  2002   05    17.574
  2002   06    14.405
  2002   07    10.769
  2002   08     8.128
  2002   09     7.946
  2002   10     9.753
  2002   11    13.060
  2002   12    17.425
  2003   01    19.786
  2003   02    20.831
  2003   03    21.125
  2003   04    20.068
  2003   05    17.294
  2003   06    13.578
  2003   07     9.475
  2003   08     7.615
  2003   09     7.557
  2003   10     9.643
  2003   11    12.892
  2003   12    16.599
  2004   01    18.751
  2004   02    20.002
  2004   03    20.095
  2004   04    19.025
  2004   05    16.803
  2004   06    14.841
  2004   07    11.689
  2004   08     8.377
  2004   09     7.746
  2004   10    10.496
  2004   11    14.158
  2004   12    17.079
  2005   01    19.455
  2005   02    20.739
  2005   03    20.862
  2005   04    19.821
  2005   05    17.686
  2005   06    14.486
  2005   07    11.495
  2005   08     7.981
  2005   09     7.691
  2005   10    10.522
  2005   11    13.513
  2005   12    17.090
  2006   01    19.817
  2006   02    20.647
  2006   03    21.039
  2006   04    19.911
  2006   05    17.203
  2006   06    13.902
  2006   07    11.100
  2006   08     8.523
  2006   09     8.184
  2006   10    10.474
  2006   11    13.124
  2006   12    16.396
  2007   01    18.460
  2007   02    19.619
  2007   03    19.967
  2007   04    19.259
  2007   05    16.892
  2007   06    13.845
  2007   07    10.879
  2007   08     8.565
  2007   09     7.979
  2007   10    10.304
  2007   11    13.118
  2007   12    16.392
  2008   01    18.430
  2008   02    19.669
  2008   03    20.082
  2008   04    19.277
  2008   05    17.118
  2008   06    14.177
  2008   07    10.441
  2008   08     8.864
  2008   09     8.667
  2008   10    10.358
  2008   11    13.417
  2008   12    16.333
  2009   01    19.024
  2009   02    20.118
  2009   03    20.359
  2009   04    19.643
  2009   05    17.363
  2009   06    13.827
  2009   07    10.110
  2009   08     7.733
  2009   09     7.595
  2009   10     9.764
  2009   11    13.201
  2009   12    16.888
  2010   01    19.309
  2010   02    20.691
  2010   03    20.736
  2010   04    19.742
  2010   05    17.222
  2010   06    14.619
  2010   07    11.121
  2010   08     8.384
  2010   09     8.122
  2010   10    10.844
  2010   11    13.757
  2010   12    16.644
  2011   01    19.651
  2011   02    20.565
  2011   03    20.689
  2011   04    19.635
  2011   05    17.067
  2011   06    14.239
  2011   07    11.626
  2011   08     8.699
  2011   09     8.119
  2011   10    10.478
  2011   11    13.394
  2011   12    16.640
  2012   01    18.679
  2012   02    19.952
  2012   03    20.167
  2012   04    19.127
  2012   05    16.997
  2012   06    14.373
  2012   07    11.118
  2012   08     7.983
  2012   09     7.272
  2012   10    10.056
  2012   11    13.773
  2012   12    17.334
  2013   01    19.789
  2013   02    20.704
  2013   03    20.748
  2013   04    19.659
  2013   05    17.199
  2013   06    14.330
  2013   07    10.883
  2013   08     8.355
  2013   09     8.122
  2013   10    10.297
  2013   11    13.606
  2013   12    17.233
  2014   01    19.457
  2014   02    21.170
  2014   03    21.513
  2014   04    20.814
  2014   05    18.465
  2014   06    15.046
  2014   07    11.901
  2014   08     8.426
  2014   09     8.101
  2014   10    10.689
  2014   11    13.995
  2014   12    17.616
  2015   01    20.180
  2015   02    21.385
  2015   03    21.575
  2015   04    20.197
  2015   05    17.919
  2015   06    15.022
  2015   07    11.564
  2015   08     8.563
  2015   09     8.349
  2015   10     9.854
  2015   11    13.057
  2015   12    16.921
  2016   01    19.441
  2016   02    20.585
  2016   03    20.543
  2016   04    20.054
  2016   05    18.044
  2016   06    14.837
  2016   07    12.171
  2016   08     8.975
  2016   09     8.293
  2016   10    10.945
  2016   11    13.554
  2016   12    16.428
  2017   01    19.089
  2017   02    20.072
  2017   03    20.395
  2017   04    19.550
  2017   05    17.257
  2017   06    14.091
  2017   07    11.001
  2017   08     8.622
  2017   09     8.507
  2017   10    10.088
  2017   11    12.549
  2017   12    16.494
  2018   01    18.910
  2018   02    20.271
  2018   03    20.634
  2018   04    19.534
  2018   05    17.222
  2018   06    14.410
  2018   07    11.269
  2018   08     8.328
  2018   09     7.869
  2018   10     9.925
  2018   11    13.690
  2018   12    16.840
  2019   01    19.265
  2019   02    20.487
  2019   03    20.763
  2019   04    19.868
  2019   05    17.553
  2019   06    14.782
  2019   07    11.240
  2019   08     8.802
  2019   09     7.926
  2019   10    10.999
  2019   11    13.486
  2019   12    16.597
  2020   01    18.709
  2020   02    20.249
  2020   03    20.559
  2020   04    19.406
  2020   05    17.133
  2020   06    13.794
  2020   07    11.449
  2020   08     8.066
  2020   09     7.796
  2020   10    10.159
  2020   11    13.517
  2020   12    16.600
  2021   01    18.796
  2021   02    19.978
  2021   03    20.261
  2021   04    19.646
  2021   05    16.722
  2021   06    13.605
  2021   07    10.727
  2021   08     8.389
  2021   09     8.207
  2021   10    10.558
  2021   11    13.281
  2021   12    16.545
  2022   01    18.782
  2022   02    20.038
  2022   03    20.438
  2022   04    19.477
  2022   05    17.041
  2022   06    13.914
  2022   07    10.268
  2022   08     7.792
  2022   09     7.661
  2022   10     9.807
  2022   11    12.884
  2022   12    15.849
  2023   01    18.459
  2023   02    20.070
  2023   03    20.320
  2023   04    19.534
  2023   05    17.308
  2023   06    14.291
  2023   07    10.634
  2023   08     8.422
  2023   09     8.128
  2023   10    10.648
  2023   11    13.075
  2023   12    16.167
  2024   01    18.186
  2024   02    19.683
  2024   03    19.722
  2024   04    19.010
  2024   05    16.439
  2024   06    13.078
  2024   07    10.413
  2024   08     8.299
  2024   09     8.000
  2024   10     9.805
  2024   11    12.790
  2024   12    15.621
  2025   01    18.794
  2025   02    20.038
  2025   03    20.088
  2025   04    19.664
  2025   05    16.627
  2025   06    13.262
  2025   07     9.476
  2025   08     7.482
  2025   09     7.475
  2025   10     9.483
  2025   11    13.024
  2025   12    16.056
  2026   01    18.685
  2026   02    19.913
  2026   03    19.836
  2026   04    19.077
  2026   05    16.211
  2026   06    13.637
  2026   07     9.879
  2026   08     8.263
  2026   09     7.919
  2026   10    10.158
  2026   11    12.936
  2026   12    16.072
  2027   01    19.039
  2027   02    20.100
  2027   03    20.312
  2027   04    19.312
  2027   05    16.658
  2027   06    12.858
  2027   07    10.185
  2027   08     8.018
  2027   09     7.790
  2027   10     9.978
  2027   11    12.927
  2027   12    15.651
  2028   01    18.401
  2028   02    20.073
  2028   03    20.402
  2028   04    19.374
  2028   05    16.648
  2028   06    13.377
  2028   07     9.511
  2028   08     7.054
  2028   09     7.064
  2028   10    10.023
  2028   11    12.584
  2028   12    16.222
  2029   01    18.642
  2029   02    19.875
  2029   03    20.079
  2029   04    18.757
  2029   05    16.037
  2029   06    13.051
  2029   07     9.404
  2029   08     7.383
  2029   09     7.310
  2029   10     9.324
  2029   11    12.047
  2029   12    15.613
  2030   01    17.960
  2030   02    19.374
  2030   03    19.720
  2030   04    18.543
  2030   05    16.551
  2030   06    14.048
  2030   07    10.930
  2030   08     7.416
  2030   09     6.930
  2030   10    10.006
  2030   11    13.189
  2030   12    16.057
  2031   01    17.944
  2031   02    19.345
  2031   03    19.966
  2031   04    18.725
  2031   05    16.594
  2031   06    14.109
  2031   07    10.638
  2031   08     8.002
  2031   09     7.409
  2031   10     9.789
  2031   11    12.371
  2031   12    15.540
  2032   01    17.761
  2032   02    19.347
  2032   03    19.848
  2032   04    19.070
  2032   05    16.533
  2032   06    13.834
  2032   07     9.489
  2032   08     7.070
  2032   09     6.834
  2032   10     9.742
  2032   11    13.160
  2032   12    15.934
  2033   01    18.039
  2033   02    19.550
  2033   03    19.838
  2033   04    19.202
  2033   05    16.640
  2033   06    13.266
  2033   07     9.765
  2033   08     6.872
  2033   09     6.633
  2033   10     9.001
  2033   11    12.143
  2033   12    15.689
  2034   01    17.871
  2034   02    19.360
  2034   03    20.136
  2034   04    19.488
  2034   05    16.858
  2034   06    13.632
  2034   07     9.557
  2034   08     7.302
  2034   09     6.762
  2034   10     9.337
  2034   11    12.137
  2034   12    15.744
  2035   01    18.429
  2035   02    19.831
  2035   03    19.974
  2035   04    19.257
  2035   05    16.364
  2035   06    13.801
  2035   07    10.589
  2035   08     8.247
  2035   09     7.653
  2035   10    10.031
  2035   11    13.050
  2035   12    16.516
  2036   01    18.799
  2036   02    20.131
  2036   03    20.316
  2036   04    19.169
  2036   05    16.370
  2036   06    13.640
  2036   07    10.706
  2036   08     8.307
  2036   09     7.809
  2036   10    10.014
  2036   11    13.199
  2036   12    16.102
  2037   01    18.007
  2037   02    19.345
  2037   03    19.443
  2037   04    18.754
  2037   05    16.683
  2037   06    14.267
  2037   07    11.072
  2037   08     8.357
  2037   09     7.497
  2037   10    10.120
  2037   11    13.167
  2037   12    16.090
  2038   01    18.244
  2038   02    19.406
  2038   03    19.487
  2038   04    19.022
  2038   05    16.517
  2038   06    13.520
  2038   07    10.911
  2038   08     8.317
  2038   09     7.523
  2038   10     9.603
  2038   11    12.655
  2038   12    16.047
  2039   01    18.116
  2039   02    19.534
  2039   03    20.155
  2039   04    19.031
  2039   05    17.017
  2039   06    13.493
  2039   07     9.860
  2039   08     6.877
  2039   09     6.350
  2039   10     9.412
  2039   11    12.268
  2039   12    15.576
  2040   01    18.307
  2040   02    19.641
  2040   03    19.875
  2040   04    19.167
  2040   05    16.330
  2040   06    13.442
  2040   07    10.023
  2040   08     7.399
  2040   09     7.022
  2040   10     9.815
  2040   11    12.973
  2040   12    16.187
  2041   01    18.414
  2041   02    19.646
  2041   03    20.048
  2041   04    19.103
  2041   05    17.015
  2041   06    14.370
  2041   07    10.041
  2041   08     7.708
  2041   09     7.226
  2041   10     9.856
  2041   11    13.119
  2041   12    16.383
  2042   01    19.094
  2042   02    20.301
  2042   03    20.637
  2042   04    19.720
  2042   05    17.727
  2042   06    14.154
  2042   07    11.165
  2042   08     8.098
  2042   09     7.627
  2042   10    10.499
  2042   11    12.979
  2042   12    16.343
  2043   01    19.071
  2043   02    20.503
  2043   03    20.531
  2043   04    20.168
  2043   05    17.934
  2043   06    14.443
  2043   07    11.133
  2043   08     7.059
  2043   09     6.512
  2043   10     9.418
  2043   11    12.568
  2043   12    16.797
  2044   01    19.336
  2044   02    20.446
  2044   03    20.660
  2044   04    19.735
  2044   05    16.924
  2044   06    13.925
  2044   07     9.947
  2044   08     7.865
  2044   09     7.595
  2044   10     9.597
  2044   11    12.724
  2044   12    16.266
  2045   01    18.906
  2045   02    20.408
  2045   03    20.870
  2045   04    19.984
  2045   05    17.716
  2045   06    14.007
  2045   07    10.926
  2045   08     8.332
  2045   09     7.850
  2045   10    10.757
  2045   11    13.644
  2045   12    16.727
  2046   01    18.770
  2046   02    19.848
  2046   03    20.335
  2046   04    19.724
  2046   05    17.501
  2046   06    14.831
  2046   07    11.801
  2046   08     8.581
  2046   09     7.939
  2046   10    10.080
  2046   11    13.218
  2046   12    16.571
  2047   01    19.004
  2047   02    20.374
  2047   03    20.610
  2047   04    20.050
  2047   05    17.491
  2047   06    14.354
  2047   07    11.285
  2047   08     7.980
  2047   09     7.034
  2047   10    10.047
  2047   11    13.151
  2047   12    15.679
  2048   01    18.035
  2048   02    19.351
  2048   03    19.567
  2048   04    18.476
  2048   05    16.315
  2048   06    13.764
  2048   07     9.941
  2048   08     7.437
  2048   09     7.421
  2048   10     9.814
  2048   11    13.125
  2048   12    16.182
  2049   01    18.333
  2049   02    19.773
  2049   03    19.756
  2049   04    19.067
  2049   05    16.513
  2049   06    14.660
  2049   07    10.608
  2049   08     8.100
  2049   09     7.610
  2049   10    10.144
  2049   11    13.202
  2049   12    16.136
  2050   01    18.321
  2050   02    19.521
  2050   03    19.805
  2050   04    19.000
  2050   05    16.577
  2050   06    13.960
  2050   07    10.429
  2050   08     8.387
  2050   09     7.762
  2050   10    10.245
  2050   11    13.343
  2050   12    16.216
  2051   01    17.678
  2051   02    19.016
  2051   03    19.179
  2051   04    18.544
  2051   05    16.214
  2051   06    13.600
  2051   07    10.064
  2051   08     7.820
  2051   09     7.259
  2051   10     9.691
  2051   11    12.480
  2051   12    16.314
  2052   01    18.304
  2052   02    19.395
  2052   03    19.533
  2052   04    18.679
  2052   05    15.760
  2052   06    12.733
  2052   07     9.214
  2052   08     7.010
  2052   09     7.088
  2052   10     9.033
  2052   11    11.835
  2052   12    15.147
  2053   01    17.661
  2053   02    18.759
  2053   03    18.893
  2053   04    18.416
  2053   05    16.264
  2053   06    13.468
  2053   07     8.809
  2053   08     6.550
  2053   09     6.376
  2053   10     9.183
  2053   11    12.452
  2053   12    15.813
  2054   01    17.964
  2054   02    19.103
  2054   03    19.345
  2054   04    18.607
  2054   05    16.340
  2054   06    13.802
  2054   07    10.228
  2054   08     7.961
  2054   09     7.268
  2054   10     9.416
  2054   11    11.904
  2054   12    15.521
  2055   01    18.057
  2055   02    19.144
  2055   03    19.228
  2055   04    18.177
  2055   05    16.419
  2055   06    13.369
  2055   07    10.519
  2055   08     7.807
  2055   09     6.825
  2055   10     9.838
  2055   11    12.883
  2055   12    15.939
  2056   01    18.134
  2056   02    19.313
  2056   03    19.377
  2056   04    18.126
  2056   05    15.963
  2056   06    13.988
  2056   07     9.847
  2056   08     7.350
  2056   09     6.719
  2056   10     8.730
  2056   11    12.925
  2056   12    15.630
  2057   01    17.623
  2057   02    18.587
  2057   03    18.733
  2057   04    18.194
  2057   05    15.951
  2057   06    13.981
  2057   07    10.583
  2057   08     7.591
  2057   09     6.919
  2057   10     9.528
  2057   11    12.340
  2057   12    15.507
  2058   01    17.800
  2058   02    19.141
  2058   03    19.684
  2058   04    18.503
  2058   05    16.189
  2058   06    13.302
  2058   07    10.127
  2058   08     7.612
  2058   09     7.260
  2058   10     9.636
  2058   11    11.986
  2058   12    15.173
  2059   01    17.503
  2059   02    18.691
  2059   03    19.100
  2059   04    18.390
  2059   05    16.049
  2059   06    13.245
  2059   07     9.065
  2059   08     6.930
  2059   09     6.771
  2059   10     9.016
  2059   11    12.207
  2059   12    15.551
  2060   01    18.072
  2060   02    18.883
  2060   03    18.874
  2060   04    18.230
  2060   05    16.079
  2060   06    14.004
  2060   07    10.010
  2060   08     7.088
  2060   09     6.693
  2060   10     9.799
  2060   11    12.740
  2060   12    15.531
  2061   01    17.902
  2061   02    18.974
  2061   03    19.273
  2061   04    18.900
  2061   05    17.092
  2061   06    14.187
  2061   07    10.622
  2061   08     7.977
  2061   09     7.292
  2061   10     9.752
  2061   11    12.920
  2061   12    15.653
  2062   01    18.360
  2062   02    19.408
  2062   03    19.781
  2062   04    18.976
  2062   05    16.240
  2062   06    13.784
  2062   07    10.885
  2062   08     7.936
  2062   09     7.195
  2062   10     9.931
  2062   11    12.745
  2062   12    15.960
  2063   01    18.443
  2063   02    19.516
  2063   03    19.542
  2063   04    18.746
  2063   05    16.148
  2063   06    13.031
  2063   07     9.449
  2063   08     7.254
  2063   09     7.059
  2063   10     8.925
  2063   11    11.956
  2063   12    15.784
  2064   01    18.732
  2064   02    19.511
  2064   03    19.738
  2064   04    18.819
  2064   05    16.075
  2064   06    13.571
  2064   07    10.297
  2064   08     6.524
  2064   09     6.349
  2064   10     9.315
  2064   11    12.501
  2064   12    15.856
  2065   01    18.338
  2065   02    19.408
  2065   03    19.689
  2065   04    18.633
  2065   05    16.465
  2065   06    14.320
  2065   07    10.661
  2065   08     7.858
  2065   09     6.795
  2065   10     9.917
  2065   11    13.420
  2065   12    16.023
  2066   01    18.466
  2066   02    19.415
  2066   03    19.402
  2066   04    18.689
  2066   05    16.721
  2066   06    13.366
  2066   07     9.260
  2066   08     6.683
  2066   09     6.456
  2066   10     8.468
  2066   11    11.382
  2066   12    15.433
  2067   01    17.643
  2067   02    19.098
  2067   03    19.236
  2067   04    17.989
  2067   05    16.056
  2067   06    13.082
  2067   07     9.518
  2067   08     6.960
  2067   09     6.690
  2067   10     9.369
  2067   11    12.243
  2067   12    15.333
  2068   01    17.560
  2068   02    19.001
  2068   03    19.293
  2068   04    18.492
  2068   05    16.023
  2068   06    12.921
  2068   07     9.816
  2068   08     7.623
  2068   09     7.235
  2068   10     9.041
  2068   11    12.118
  2068   12    15.408
  2069   01    18.003
  2069   02    18.887
  2069   03    19.144
  2069   04    17.978
  2069   05    15.377
  2069   06    13.366
  2069   07     9.126
  2069   08     6.263
  2069   09     5.785
  2069   10     8.496
  2069   11    11.823
  2069   12    15.105
  2070   01    17.526
  2070   02    18.603
  2070   03    18.837
  2070   04    18.037
  2070   05    15.428
  2070   06    12.425
  2070   07     9.405
  2070   08     6.781
  2070   09     6.216
  2070   10     9.060
  2070   11    11.734
  2070   12    15.099
  2071   01    17.435
  2071   02    18.590
  2071   03    18.986
  2071   04    18.127
  2071   05    15.781
  2071   06    12.696
  2071   07     9.045
  2071   08     6.640
  2071   09     5.978
  2071   10     8.885
  2071   11    11.404
  2071   12    14.863
  2072   01    17.553
  2072   02    18.676
  2072   03    18.881
  2072   04    18.249
  2072   05    15.956
  2072   06    12.575
  2072   07     8.908
  2072   08     6.494
  2072   09     6.318
  2072   10     8.862
  2072   11    12.213
  2072   12    15.125
  2073   01    17.479
  2073   02    18.525
  2073   03    18.667
  2073   04    17.944
  2073   05    15.487
  2073   06    12.871
  2073   07     9.133
  2073   08     7.547
  2073   09     6.841
  2073   10     8.995
  2073   11    11.773
  2073   12    14.923
  2074   01    16.987
  2074   02    18.277
  2074   03    18.529
  2074   04    17.839
  2074   05    15.501
  2074   06    12.943
  2074   07     8.367
  2074   08     5.471
  2074   09     4.813
  2074   10     7.775
  2074   11    11.728
  2074   12    14.857
  2075   01    17.294
  2075   02    18.435
  2075   03    18.600
  2075   04    17.511
  2075   05    15.438
  2075   06    12.484
  2075   07     8.365
  2075   08     6.360
  2075   09     6.338
  2075   10     8.563
  2075   11    10.786
  2075   12    13.807
  2076   01    16.544
  2076   02    17.678
  2076   03    18.399
  2076   04    17.555
  2076   05    15.541
  2076   06    12.322
  2076   07     8.858
  2076   08     6.777
  2076   09     6.485
  2076   10     7.938
  2076   11    11.403
  2076   12    14.574
  2077   01    17.095
  2077   02    18.891
  2077   03    18.885
  2077   04    18.214
  2077   05    15.958
  2077   06    13.014
  2077   07     9.426
  2077   08     6.747
  2077   09     6.676
  2077   10     9.318
  2077   11    12.923
  2077   12    14.918
  2078   01    17.021
  2078   02    18.360
  2078   03    18.536
  2078   04    18.096
  2078   05    15.731
  2078   06    12.621
  2078   07     9.090
  2078   08     6.445
  2078   09     5.761
  2078   10     8.627
  2078   11    11.718
  2078   12    14.776
  2079   01    16.829
  2079   02    18.031
  2079   03    17.981
  2079   04    17.312
  2079   05    15.090
  2079   06    11.830
  2079   07     8.423
  2079   08     6.737
  2079   09     5.982
  2079   10     8.362
  2079   11    10.963
  2079   12    14.516
  2080   01    16.834
  2080   02    17.786
  2080   03    17.879
  2080   04    17.252
  2080   05    15.226
  2080   06    12.582
  2080   07     8.812
  2080   08     5.861
  2080   09     5.341
  2080   10     8.646
  2080   11    11.615
  2080   12    14.564
  2081   01    16.759
  2081   02    17.625
  2081   03    17.604
  2081   04    16.888
  2081   05    15.224
  2081   06    12.877
  2081   07     9.029
  2081   08     5.584
  2081   09     5.323
  2081   10     9.266
  2081   11    12.017
  2081   12    15.162
  2082   01    17.171
  2082   02    17.922
  2082   03    18.098
  2082   04    17.578
  2082   05    15.312
  2082   06    12.824
  2082   07     9.366
  2082   08     6.619
  2082   09     6.210
  2082   10     8.784
  2082   11    11.642
  2082   12    14.631
  2083   01    16.713
  2083   02    17.705
  2083   03    17.739
  2083   04    16.810
  2083   05    15.167
  2083   06    12.734
  2083   07     8.601
  2083   08     5.122
  2083   09     4.689
  2083   10     7.714
  2083   11    11.040
  2083   12    14.374
  2084   01    17.136
  2084   02    18.040
  2084   03    18.068
  2084   04    17.429
  2084   05    15.428
  2084   06    12.587
  2084   07     8.817
  2084   08     5.904
  2084   09     5.192
  2084   10     8.439
  2084   11    11.478
  2084   12    14.261
  2085   01    16.498
  2085   02    17.921
  2085   03    18.011
  2085   04    17.191
  2085   05    15.074
  2085   06    12.430
  2085   07     9.568
  2085   08     6.475
  2085   09     5.483
  2085   10     8.082
  2085   11    10.923
  2085   12    14.625
  2086   01    16.990
  2086   02    17.989
  2086   03    17.928
  2086   04    17.168
  2086   05    14.882
  2086   06    12.855
  2086   07     8.921
  2086   08     5.970
  2086   09     5.306
  2086   10     8.263
  2086   11    11.894
  2086   12    15.109
  2087   01    17.920
  2087   02    18.864
  2087   03    19.109
  2087   04    18.209
  2087   05    15.882
  2087   06    12.559
  2087   07     9.342
  2087   08     6.621
  2087   09     5.445
  2087   10     8.858
  2087   11    11.797
  2087   12    14.804
  2088   01    17.426
  2088   02    18.470
  2088   03    18.817
  2088   04    18.081
  2088   05    15.816
  2088   06    13.188
  2088   07     8.481
  2088   08     5.990
  2088   09     5.674
  2088   10     8.944
  2088   11    11.997
  2088   12    14.345
  2089   01    16.912
  2089   02    18.028
  2089   03    18.081
  2089   04    17.342
  2089   05    15.303
  2089   06    12.109
  2089   07     8.380
  2089   08     5.218
  2089   09     4.907
  2089   10     8.318
  2089   11    11.163
  2089   12    14.321
  2090   01    16.628
  2090   02    17.796
  2090   03    17.786
  2090   04    17.297
  2090   05    15.028
  2090   06    12.795
  2090   07     8.331
  2090   08     5.511
  2090   09     5.193
  2090   10     7.779
  2090   11    11.261
  2090   12    14.618
  2091   01    16.663
  2091   02    18.023
  2091   03    18.461
  2091   04    17.789
  2091   05    15.750
  2091   06    13.361
  2091   07     8.947
  2091   08     5.453
  2091   09     4.769
  2091   10     8.103
  2091   11    11.630
  2091   12    14.745
  2092   01    17.293
  2092   02    18.994
  2092   03    19.377
  2092   04    18.758
  2092   05    16.299
  2092   06    12.226
  2092   07     9.322
  2092   08     6.391
  2092   09     5.690
  2092   10     9.367
  2092   11    12.060
  2092   12    14.850
  2093   01    17.470
  2093   02    18.557
  2093   03    18.788
  2093   04    17.784
  2093   05    15.111
  2093   06    11.270
  2093   07     8.907
  2093   08     6.426
  2093   09     6.195
  2093   10     8.582
  2093   11    11.732
  2093   12    15.048
  2094   01    17.376
  2094   02    18.115
  2094   03    18.421
  2094   04    17.867
  2094   05    15.767
  2094   06    13.705
  2094   07     8.869
  2094   08     5.766
  2094   09     5.263
  2094   10     8.263
  2094   11    11.297
  2094   12    14.592
  2095   01    17.450
  2095   02    18.464
  2095   03    18.563
  2095   04    17.728
  2095   05    15.677
  2095   06    12.997
  2095   07     8.488
  2095   08     5.789
  2095   09     5.273
  2095   10     7.939
  2095   11    11.255
  2095   12    15.166
  2096   01    16.758
  2096   02    17.890
  2096   03    18.436
  2096   04    17.389
  2096   05    15.564
  2096   06    12.532
  2096   07     8.578
  2096   08     6.227
  2096   09     5.872
  2096   10     8.633
  2096   11    11.856
  2096   12    14.877
  2097   01    17.293
  2097   02    18.281
  2097   03    18.864
  2097   04    18.166
  2097   05    15.847
  2097   06    12.408
  2097   07     9.221
  2097   08     6.412
  2097   09     5.999
  2097   10     8.938
  2097   11    11.804
  2097   12    15.355
  2098   01    17.685
  2098   02    19.232
  2098   03    19.309
  2098   04    18.287
  2098   05    15.440
  2098   06    11.968
  2098   07     9.999
  2098   08     6.375
  2098   09     5.731
  2098   10     8.842
  2098   11    12.011
  2098   12    15.310
  2099   01    17.741
  2099   02    19.021
  2099   03    19.228
  2099   04    18.254
  2099   05    15.873
  2099   06    13.070
  2099   07     8.993
  2099   08     6.018
  2099   09     5.722
  2099   10     8.660
  2099   11    11.180
  2099   12    14.681
  2100   01    17.741
  2100   02    19.021
  2100   03    19.228
  2100   04    18.254
  2100   05    15.873
  2100   06    13.070
  2100   07     8.993
  2100   08     6.018
  2100   09     5.722
  2100   10     8.660
  2100   11    11.180
  2100   12    14.681
