  1850   01    14.237
  1850   02    15.029
  1850   03    15.471
  1850   04    15.259
  1850   05    13.913
  1850   06    12.059
  1850   07     9.696
  1850   08     6.298
  1850   09     5.373
  1850   10     7.671
  1850   11    10.432
  1850   12    13.048
  1851   01    14.560
  1851   02    15.084
  1851   03    15.397
  1851   04    14.808
  1851   05    13.616
  1851   06    11.888
  1851   07     9.347
  1851   08     6.132
  1851   09     5.362
  1851   10     6.884
  1851   11     9.327
  1851   12    12.347
  1852   01    14.233
  1852   02    15.125
  1852   03    15.397
  1852   04    15.182
  1852   05    13.684
  1852   06    11.860
  1852   07     9.503
  1852   08     6.808
  1852   09     5.921
  1852   10     7.981
  1852   11    10.135
  1852   12    12.560
  1853   01    14.509
  1853   02    15.371
  1853   03    15.588
  1853   04    15.443
  1853   05    14.109
  1853   06    12.241
  1853   07     9.856
  1853   08     7.597
  1853   09     6.447
  1853   10     8.244
  1853   11    10.584
  1853   12    13.084
  1854   01    14.662
  1854   02    15.507
  1854   03    15.713
  1854   04    15.441
  1854   05    14.341
  1854   06    12.561
  1854   07    10.557
  1854   08     7.706
  1854   09     6.586
  1854   10     8.431
  1854   11    11.000
  1854   12    13.379
  1855   01    14.651
  1855   02    15.481
  1855   03    15.693
  1855   04    15.211
  1855   05    13.970
  1855   06    12.018
  1855   07     9.614
  1855   08     7.267
  1855   09     6.350
  1855   10     7.623
  1855   11    10.307
  1855   12    13.141
  1856   01    14.481
  1856   02    15.475
  1856   03    15.823
  1856   04    15.433
  1856   05    13.912
  1856   06    11.943
  1856   07    10.217
  1856   08     7.111
  1856   09     6.021
  1856   10     8.387
  1856   11    10.386
  1856   12    13.174
  1857   01    14.397
  1857   02    15.118
  1857   03    15.522
  1857   04    15.077
  1857   05    13.814
  1857   06    12.048
  1857   07     9.613
  1857   08     7.392
  1857   09     6.571
  1857   10     8.153
  1857   11    10.508
  1857   12    13.079
  1858   01    14.404
  1858   02    15.361
  1858   03    15.725
  1858   04    15.281
  1858   05    14.217
  1858   06    12.347
  1858   07    10.366
  1858   08     7.256
  1858   09     6.363
  1858   10     8.445
  1858   11    10.613
  1858   12    13.092
  1859   01    14.470
  1859   02    15.097
  1859   03    15.454
  1859   04    15.410
  1859   05    14.413
  1859   06    11.997
  1859   07     9.719
  1859   08     7.116
  1859   09     6.157
  1859   10     7.822
  1859   11    10.299
  1859   12    12.859
  1860   01    14.143
  1860   02    14.828
  1860   03    15.178
  1860   04    15.138
  1860   05    14.062
  1860   06    11.941
  1860   07    10.230
  1860   08     7.408
  1860   09     6.680
  1860   10     8.683
  1860   11    10.296
  1860   12    13.026
  1861   01    14.297
  1861   02    15.019
  1861   03    15.482
  1861   04    15.083
  1861   05    13.710
  1861   06    12.107
  1861   07     9.816
  1861   08     6.967
  1861   09     5.445
  1861   10     7.179
  1861   11    10.445
  1861   12    13.171
  1862   01    14.572
  1862   02    15.257
  1862   03    15.623
  1862   04    15.334
  1862   05    14.097
  1862   06    11.737
  1862   07     9.761
  1862   08     7.311
  1862   09     5.979
  1862   10     8.071
  1862   11    10.206
  1862   12    13.008
  1863   01    14.639
  1863   02    15.743
  1863   03    16.022
  1863   04    15.594
  1863   05    14.315
  1863   06    11.952
  1863   07     9.225
  1863   08     6.794
  1863   09     5.939
  1863   10     7.524
  1863   11    10.206
  1863   12    12.871
  1864   01    14.617
  1864   02    15.448
  1864   03    15.502
  1864   04    15.194
  1864   05    14.078
  1864   06    12.476
  1864   07    10.397
  1864   08     7.714
  1864   09     6.454
  1864   10     8.287
  1864   11    10.674
  1864   12    13.364
  1865   01    14.686
  1865   02    15.571
  1865   03    16.140
  1865   04    15.700
  1865   05    14.419
  1865   06    12.406
  1865   07    10.460
  1865   08     7.841
  1865   09     6.901
  1865   10     8.731
  1865   11    10.487
  1865   12    13.316
  1866   01    14.302
  1866   02    15.297
  1866   03    15.387
  1866   04    15.131
  1866   05    13.792
  1866   06    12.121
  1866   07    10.238
  1866   08     7.506
  1866   09     6.336
  1866   10     8.014
  1866   11    10.625
  1866   12    13.075
  1867   01    14.639
  1867   02    15.280
  1867   03    15.521
  1867   04    15.006
  1867   05    13.986
  1867   06    12.498
  1867   07    10.563
  1867   08     7.107
  1867   09     6.371
  1867   10     8.024
  1867   11    10.871
  1867   12    13.437
  1868   01    14.718
  1868   02    15.608
  1868   03    15.993
  1868   04    15.529
  1868   05    13.909
  1868   06    11.689
  1868   07     9.272
  1868   08     6.521
  1868   09     5.597
  1868   10     6.910
  1868   11     9.937
  1868   12    13.058
  1869   01    14.860
  1869   02    15.773
  1869   03    16.270
  1869   04    15.964
  1869   05    14.653
  1869   06    12.034
  1869   07     9.855
  1869   08     6.647
  1869   09     5.589
  1869   10     7.434
  1869   11     9.714
  1869   12    12.762
  1870   01    14.335
  1870   02    15.145
  1870   03    15.410
  1870   04    15.262
  1870   05    14.109
  1870   06    12.098
  1870   07     9.323
  1870   08     6.799
  1870   09     6.321
  1870   10     8.085
  1870   11    10.524
  1870   12    12.984
  1871   01    14.448
  1871   02    15.365
  1871   03    15.666
  1871   04    15.228
  1871   05    13.914
  1871   06    12.279
  1871   07     9.891
  1871   08     7.441
  1871   09     7.021
  1871   10     8.336
  1871   11    10.662
  1871   12    13.034
  1872   01    14.608
  1872   02    15.486
  1872   03    15.734
  1872   04    15.356
  1872   05    13.999
  1872   06    12.025
  1872   07     9.382
  1872   08     6.695
  1872   09     6.084
  1872   10     7.816
  1872   11    10.624
  1872   12    13.567
  1873   01    14.970
  1873   02    15.669
  1873   03    15.982
  1873   04    15.397
  1873   05    14.468
  1873   06    12.415
  1873   07    10.273
  1873   08     7.104
  1873   09     6.421
  1873   10     8.268
  1873   11    10.428
  1873   12    13.320
  1874   01    14.860
  1874   02    15.565
  1874   03    15.849
  1874   04    15.469
  1874   05    14.409
  1874   06    12.174
  1874   07     9.858
  1874   08     6.778
  1874   09     5.675
  1874   10     7.893
  1874   11    10.401
  1874   12    13.136
  1875   01    14.561
  1875   02    15.252
  1875   03    15.578
  1875   04    15.414
  1875   05    14.255
  1875   06    12.274
  1875   07     9.704
  1875   08     6.316
  1875   09     5.486
  1875   10     7.705
  1875   11    10.428
  1875   12    13.249
  1876   01    14.769
  1876   02    15.776
  1876   03    16.351
  1876   04    16.076
  1876   05    14.771
  1876   06    12.574
  1876   07    10.359
  1876   08     7.498
  1876   09     6.376
  1876   10     8.473
  1876   11    11.048
  1876   12    13.952
  1877   01    15.117
  1877   02    15.911
  1877   03    16.462
  1877   04    16.363
  1877   05    15.064
  1877   06    12.862
  1877   07    10.435
  1877   08     7.633
  1877   09     6.437
  1877   10     7.955
  1877   11    10.602
  1877   12    13.576
  1878   01    15.182
  1878   02    15.923
  1878   03    16.118
  1878   04    15.611
  1878   05    14.230
  1878   06    12.495
  1878   07    10.264
  1878   08     7.014
  1878   09     6.066
  1878   10     8.735
  1878   11    10.747
  1878   12    13.161
  1879   01    14.618
  1879   02    15.475
  1879   03    15.879
  1879   04    15.477
  1879   05    13.900
  1879   06    12.090
  1879   07    10.197
  1879   08     7.607
  1879   09     6.563
  1879   10     8.152
  1879   11    10.442
  1879   12    13.133
  1880   01    14.676
  1880   02    15.501
  1880   03    16.051
  1880   04    15.816
  1880   05    14.841
  1880   06    12.205
  1880   07     9.722
  1880   08     7.589
  1880   09     6.485
  1880   10     8.262
  1880   11    10.595
  1880   12    13.334
  1881   01    14.982
  1881   02    16.127
  1881   03    16.441
  1881   04    16.298
  1881   05    14.874
  1881   06    12.279
  1881   07     9.778
  1881   08     7.510
  1881   09     6.716
  1881   10     8.561
  1881   11    10.582
  1881   12    13.411
  1882   01    15.119
  1882   02    16.146
  1882   03    16.485
  1882   04    16.072
  1882   05    14.637
  1882   06    12.439
  1882   07    10.897
  1882   08     7.909
  1882   09     7.258
  1882   10     9.058
  1882   11    11.011
  1882   12    13.521
  1883   01    14.935
  1883   02    15.835
  1883   03    16.052
  1883   04    15.859
  1883   05    14.644
  1883   06    12.865
  1883   07    10.146
  1883   08     7.855
  1883   09     6.856
  1883   10     8.423
  1883   11    11.146
  1883   12    13.972
  1884   01    15.336
  1884   02    16.122
  1884   03    16.737
  1884   04    16.553
  1884   05    15.009
  1884   06    12.519
  1884   07    10.322
  1884   08     8.485
  1884   09     7.651
  1884   10     9.568
  1884   11    11.496
  1884   12    13.939
  1885   01    16.015
  1885   02    16.969
  1885   03    17.325
  1885   04    16.837
  1885   05    15.477
  1885   06    12.840
  1885   07    10.769
  1885   08     7.729
  1885   09     6.930
  1885   10     8.459
  1885   11    10.801
  1885   12    13.931
  1886   01    15.670
  1886   02    16.335
  1886   03    16.556
  1886   04    16.350
  1886   05    15.134
  1886   06    12.883
  1886   07    10.759
  1886   08     8.070
  1886   09     6.807
  1886   10     8.899
  1886   11    11.202
  1886   12    14.058
  1887   01    15.340
  1887   02    16.429
  1887   03    16.968
  1887   04    16.239
  1887   05    14.723
  1887   06    12.657
  1887   07    10.173
  1887   08     8.040
  1887   09     7.031
  1887   10     8.852
  1887   11    10.990
  1887   12    13.705
  1888   01    15.114
  1888   02    16.223
  1888   03    16.378
  1888   04    15.793
  1888   05    14.510
  1888   06    12.308
  1888   07    10.009
  1888   08     7.511
  1888   09     6.427
  1888   10     8.164
  1888   11    10.907
  1888   12    13.776
  1889   01    15.228
  1889   02    16.058
  1889   03    16.438
  1889   04    15.638
  1889   05    14.169
  1889   06    12.295
  1889   07     9.970
  1889   08     7.434
  1889   09     6.341
  1889   10     8.609
  1889   11    10.882
  1889   12    13.595
  1890   01    15.269
  1890   02    16.219
  1890   03    16.586
  1890   04    16.141
  1890   05    14.371
  1890   06    12.459
  1890   07    10.609
  1890   08     8.382
  1890   09     7.290
  1890   10     9.111
  1890   11    11.005
  1890   12    13.848
  1891   01    15.031
  1891   02    15.975
  1891   03    16.522
  1891   04    15.819
  1891   05    14.582
  1891   06    12.370
  1891   07    10.301
  1891   08     7.534
  1891   09     6.664
  1891   10     8.477
  1891   11    10.906
  1891   12    13.091
  1892   01    14.688
  1892   02    15.722
  1892   03    16.058
  1892   04    15.682
  1892   05    14.166
  1892   06    12.400
  1892   07    10.170
  1892   08     7.817
  1892   09     6.849
  1892   10     8.845
  1892   11    11.058
  1892   12    13.605
  1893   01    14.924
  1893   02    15.352
  1893   03    15.833
  1893   04    15.479
  1893   05    14.252
  1893   06    12.551
  1893   07    10.755
  1893   08     7.793
  1893   09     6.724
  1893   10     9.255
  1893   11    11.115
  1893   12    13.669
  1894   01    15.050
  1894   02    16.009
  1894   03    16.472
  1894   04    16.117
  1894   05    14.696
  1894   06    12.707
  1894   07    10.728
  1894   08     7.587
  1894   09     6.337
  1894   10     8.819
  1894   11    10.807
  1894   12    13.608
  1895   01    15.288
  1895   02    16.199
  1895   03    16.330
  1895   04    15.931
  1895   05    14.454
  1895   06    12.340
  1895   07    10.773
  1895   08     7.949
  1895   09     7.222
  1895   10     9.139
  1895   11    10.762
  1895   12    13.246
  1896   01    14.774
  1896   02    15.751
  1896   03    16.300
  1896   04    15.722
  1896   05    14.598
  1896   06    12.309
  1896   07    10.029
  1896   08     7.293
  1896   09     6.294
  1896   10     8.560
  1896   11    11.055
  1896   12    13.447
  1897   01    14.868
  1897   02    15.716
  1897   03    15.885
  1897   04    15.451
  1897   05    14.344
  1897   06    12.309
  1897   07    10.572
  1897   08     7.146
  1897   09     6.050
  1897   10     8.310
  1897   11    11.026
  1897   12    13.600
  1898   01    14.720
  1898   02    15.521
  1898   03    15.773
  1898   04    15.326
  1898   05    14.242
  1898   06    12.061
  1898   07    10.128
  1898   08     8.020
  1898   09     7.182
  1898   10     9.155
  1898   11    10.767
  1898   12    13.405
  1899   01    14.651
  1899   02    15.603
  1899   03    15.924
  1899   04    15.385
  1899   05    14.165
  1899   06    12.046
  1899   07     9.408
  1899   08     6.992
  1899   09     5.932
  1899   10     7.478
  1899   11    10.539
  1899   12    13.224
  1900   01    14.562
  1900   02    15.383
  1900   03    15.820
  1900   04    15.348
  1900   05    14.578
  1900   06    12.579
  1900   07    10.017
  1900   08     6.981
  1900   09     6.406
  1900   10     7.816
  1900   11    10.795
  1900   12    13.173
  1901   01    14.502
  1901   02    15.320
  1901   03    15.526
  1901   04    15.006
  1901   05    13.862
  1901   06    12.444
  1901   07    10.411
  1901   08     7.344
  1901   09     6.355
  1901   10     7.726
  1901   11    10.779
  1901   12    13.424
  1902   01    14.863
  1902   02    15.630
  1902   03    15.688
  1902   04    15.472
  1902   05    14.163
  1902   06    12.139
  1902   07     9.776
  1902   08     6.892
  1902   09     6.237
  1902   10     7.960
  1902   11    10.352
  1902   12    12.774
  1903   01    14.382
  1903   02    15.153
  1903   03    15.617
  1903   04    15.247
  1903   05    14.046
  1903   06    12.266
  1903   07    10.240
  1903   08     7.544
  1903   09     7.042
  1903   10     9.014
  1903   11    11.234
  1903   12    13.538
  1904   01    14.609
  1904   02    15.239
  1904   03    15.648
  1904   04    15.104
  1904   05    13.645
  1904   06    11.414
  1904   07     9.140
  1904   08     6.412
  1904   09     5.331
  1904   10     7.322
  1904   11     9.902
  1904   12    12.744
  1905   01    14.382
  1905   02    15.356
  1905   03    15.702
  1905   04    15.329
  1905   05    13.779
  1905   06    11.831
  1905   07     9.601
  1905   08     7.121
  1905   09     6.214
  1905   10     8.052
  1905   11    10.466
  1905   12    13.257
  1906   01    14.815
  1906   02    15.796
  1906   03    16.161
  1906   04    15.924
  1906   05    14.420
  1906   06    12.174
  1906   07     9.827
  1906   08     6.418
  1906   09     5.538
  1906   10     7.430
  1906   11    10.467
  1906   12    13.380
  1907   01    14.685
  1907   02    15.593
  1907   03    16.032
  1907   04    15.724
  1907   05    14.293
  1907   06    12.205
  1907   07     9.926
  1907   08     6.879
  1907   09     5.683
  1907   10     7.827
  1907   11    10.601
  1907   12    13.431
  1908   01    14.669
  1908   02    15.361
  1908   03    15.684
  1908   04    15.269
  1908   05    13.695
  1908   06    11.953
  1908   07     9.281
  1908   08     6.730
  1908   09     5.782
  1908   10     7.522
  1908   11    10.091
  1908   12    12.968
  1909   01    14.434
  1909   02    15.329
  1909   03    15.552
  1909   04    15.018
  1909   05    14.026
  1909   06    11.943
  1909   07     9.155
  1909   08     6.443
  1909   09     5.201
  1909   10     6.708
  1909   11    10.252
  1909   12    12.949
  1910   01    14.470
  1910   02    15.457
  1910   03    15.731
  1910   04    15.107
  1910   05    14.066
  1910   06    12.347
  1910   07    10.303
  1910   08     7.160
  1910   09     6.496
  1910   10     7.860
  1910   11    10.425
  1910   12    13.297
  1911   01    14.539
  1911   02    15.145
  1911   03    15.446
  1911   04    15.065
  1911   05    14.191
  1911   06    12.257
  1911   07     9.954
  1911   08     7.047
  1911   09     6.557
  1911   10     8.137
  1911   11    10.470
  1911   12    12.825
  1912   01    14.192
  1912   02    15.218
  1912   03    15.424
  1912   04    15.084
  1912   05    13.734
  1912   06    12.054
  1912   07     9.838
  1912   08     6.988
  1912   09     6.101
  1912   10     8.264
  1912   11    10.726
  1912   12    13.081
  1913   01    14.431
  1913   02    15.275
  1913   03    15.589
  1913   04    15.229
  1913   05    13.951
  1913   06    11.863
  1913   07    10.079
  1913   08     7.839
  1913   09     7.033
  1913   10     8.505
  1913   11    10.447
  1913   12    12.850
  1914   01    14.630
  1914   02    15.584
  1914   03    15.835
  1914   04    15.564
  1914   05    14.206
  1914   06    12.357
  1914   07    10.011
  1914   08     7.451
  1914   09     6.822
  1914   10     8.573
  1914   11    10.642
  1914   12    13.124
  1915   01    14.581
  1915   02    15.285
  1915   03    15.615
  1915   04    15.413
  1915   05    14.080
  1915   06    12.370
  1915   07     9.789
  1915   08     6.936
  1915   09     5.871
  1915   10     8.287
  1915   11    10.760
  1915   12    13.253
  1916   01    14.680
  1916   02    15.602
  1916   03    15.775
  1916   04    15.155
  1916   05    13.800
  1916   06    12.305
  1916   07     9.859
  1916   08     6.801
  1916   09     5.923
  1916   10     7.727
  1916   11    10.125
  1916   12    12.838
  1917   01    14.455
  1917   02    15.179
  1917   03    15.456
  1917   04    15.479
  1917   05    14.500
  1917   06    12.368
  1917   07    10.209
  1917   08     6.830
  1917   09     5.896
  1917   10     8.086
  1917   11    10.774
  1917   12    13.520
  1918   01    14.713
  1918   02    15.326
  1918   03    15.873
  1918   04    15.595
  1918   05    14.560
  1918   06    12.443
  1918   07    10.540
  1918   08     7.563
  1918   09     6.179
  1918   10     8.516
  1918   11    10.524
  1918   12    13.036
  1919   01    14.608
  1919   02    15.588
  1919   03    15.879
  1919   04    15.461
  1919   05    14.402
  1919   06    12.481
  1919   07    10.259
  1919   08     7.720
  1919   09     7.168
  1919   10     8.969
  1919   11    10.626
  1919   12    13.479
  1920   01    14.930
  1920   02    15.707
  1920   03    16.437
  1920   04    16.216
  1920   05    15.013
  1920   06    12.668
  1920   07    10.696
  1920   08     7.914
  1920   09     6.542
  1920   10     8.769
  1920   11    11.373
  1920   12    13.972
  1921   01    15.224
  1921   02    16.198
  1921   03    16.596
  1921   04    15.785
  1921   05    14.737
  1921   06    12.769
  1921   07    10.363
  1921   08     7.618
  1921   09     6.470
  1921   10     8.880
  1921   11    11.121
  1921   12    13.655
  1922   01    15.027
  1922   02    15.545
  1922   03    15.727
  1922   04    15.130
  1922   05    14.000
  1922   06    12.412
  1922   07     9.917
  1922   08     7.614
  1922   09     6.795
  1922   10     8.424
  1922   11    10.562
  1922   12    13.470
  1923   01    14.891
  1923   02    15.789
  1923   03    15.999
  1923   04    15.597
  1923   05    14.436
  1923   06    12.563
  1923   07     9.720
  1923   08     6.916
  1923   09     6.149
  1923   10     7.761
  1923   11    10.557
  1923   12    13.596
  1924   01    15.191
  1924   02    16.367
  1924   03    16.738
  1924   04    16.416
  1924   05    14.615
  1924   06    12.490
  1924   07    10.310
  1924   08     6.308
  1924   09     5.087
  1924   10     8.064
  1924   11    10.780
  1924   12    13.301
  1925   01    14.471
  1925   02    15.425
  1925   03    16.085
  1925   04    15.719
  1925   05    14.388
  1925   06    12.401
  1925   07    10.343
  1925   08     7.303
  1925   09     6.591
  1925   10     8.640
  1925   11    10.718
  1925   12    13.496
  1926   01    14.785
  1926   02    15.671
  1926   03    16.162
  1926   04    15.618
  1926   05    14.674
  1926   06    12.253
  1926   07    10.215
  1926   08     7.429
  1926   09     6.579
  1926   10     8.690
  1926   11    10.610
  1926   12    13.160
  1927   01    15.105
  1927   02    15.713
  1927   03    16.382
  1927   04    16.189
  1927   05    14.958
  1927   06    12.298
  1927   07    10.014
  1927   08     7.638
  1927   09     6.579
  1927   10     8.629
  1927   11    10.786
  1927   12    13.257
  1928   01    15.236
  1928   02    16.380
  1928   03    16.787
  1928   04    16.244
  1928   05    14.788
  1928   06    12.040
  1928   07    10.078
  1928   08     7.766
  1928   09     6.502
  1928   10     8.076
  1928   11    10.605
  1928   12    13.320
  1929   01    15.537
  1929   02    16.498
  1929   03    16.863
  1929   04    16.778
  1929   05    15.166
  1929   06    12.518
  1929   07    10.191
  1929   08     7.397
  1929   09     6.253
  1929   10     8.550
  1929   11    10.539
  1929   12    13.453
  1930   01    14.787
  1930   02    15.986
  1930   03    16.675
  1930   04    16.318
  1930   05    14.901
  1930   06    12.560
  1930   07    10.010
  1930   08     7.220
  1930   09     6.344
  1930   10     7.826
  1930   11    10.574
  1930   12    12.979
  1931   01    15.073
  1931   02    16.100
  1931   03    16.436
  1931   04    15.982
  1931   05    14.680
  1931   06    12.633
  1931   07    10.325
  1931   08     7.689
  1931   09     6.640
  1931   10     8.354
  1931   11    10.640
  1931   12    13.469
  1932   01    15.317
  1932   02    16.356
  1932   03    16.645
  1932   04    15.848
  1932   05    14.730
  1932   06    12.299
  1932   07     9.832
  1932   08     7.313
  1932   09     5.917
  1932   10     8.230
  1932   11    10.691
  1932   12    13.482
  1933   01    14.852
  1933   02    15.497
  1933   03    15.805
  1933   04    15.419
  1933   05    14.266
  1933   06    12.289
  1933   07     9.867
  1933   08     6.526
  1933   09     5.220
  1933   10     7.355
  1933   11    10.130
  1933   12    12.853
  1934   01    14.365
  1934   02    15.372
  1934   03    15.801
  1934   04    15.671
  1934   05    14.448
  1934   06    12.320
  1934   07    10.156
  1934   08     6.799
  1934   09     5.848
  1934   10     8.419
  1934   11    10.761
  1934   12    13.542
  1935   01    14.886
  1935   02    15.728
  1935   03    16.005
  1935   04    15.583
  1935   05    14.728
  1935   06    12.959
  1935   07    10.254
  1935   08     7.303
  1935   09     6.278
  1935   10     7.998
  1935   11    10.485
  1935   12    13.509
  1936   01    14.947
  1936   02    15.548
  1936   03    15.866
  1936   04    15.522
  1936   05    14.527
  1936   06    12.711
  1936   07    10.260
  1936   08     7.158
  1936   09     6.007
  1936   10     7.715
  1936   11    10.749
  1936   12    13.396
  1937   01    14.634
  1937   02    15.409
  1937   03    15.508
  1937   04    15.060
  1937   05    13.877
  1937   06    12.336
  1937   07    10.343
  1937   08     7.870
  1937   09     6.505
  1937   10     8.618
  1937   11    10.825
  1937   12    13.183
  1938   01    14.628
  1938   02    15.376
  1938   03    15.622
  1938   04    15.293
  1938   05    14.070
  1938   06    11.826
  1938   07     9.524
  1938   08     6.920
  1938   09     6.034
  1938   10     7.488
  1938   11    10.285
  1938   12    12.571
  1939   01    14.241
  1939   02    15.034
  1939   03    15.404
  1939   04    15.215
  1939   05    13.776
  1939   06    12.042
  1939   07     9.797
  1939   08     7.320
  1939   09     6.548
  1939   10     8.408
  1939   11    10.829
  1939   12    12.851
  1940   01    13.772
  1940   02    14.675
  1940   03    14.854
  1940   04    14.780
  1940   05    13.917
  1940   06    12.066
  1940   07     9.645
  1940   08     7.372
  1940   09     6.467
  1940   10     8.028
  1940   11    10.367
  1940   12    13.093
  1941   01    14.333
  1941   02    14.862
  1941   03    15.195
  1941   04    15.095
  1941   05    13.777
  1941   06    12.289
  1941   07    10.068
  1941   08     7.013
  1941   09     6.268
  1941   10     7.777
  1941   11    10.407
  1941   12    12.694
  1942   01    14.244
  1942   02    14.815
  1942   03    15.134
  1942   04    14.809
  1942   05    13.833
  1942   06    12.140
  1942   07     9.479
  1942   08     6.348
  1942   09     5.187
  1942   10     6.944
  1942   11    10.389
  1942   12    13.086
  1943   01    14.316
  1943   02    15.044
  1943   03    15.388
  1943   04    14.955
  1943   05    13.949
  1943   06    12.048
  1943   07     9.384
  1943   08     6.484
  1943   09     5.611
  1943   10     7.058
  1943   11    10.320
  1943   12    12.848
  1944   01    14.619
  1944   02    15.535
  1944   03    15.745
  1944   04    15.206
  1944   05    14.268
  1944   06    12.029
  1944   07     9.424
  1944   08     6.544
  1944   09     5.431
  1944   10     7.355
  1944   11    10.285
  1944   12    12.941
  1945   01    14.586
  1945   02    15.589
  1945   03    16.000
  1945   04    15.656
  1945   05    14.245
  1945   06    11.921
  1945   07     9.678
  1945   08     7.042
  1945   09     6.313
  1945   10     8.535
  1945   11    10.804
  1945   12    13.293
  1946   01    14.618
  1946   02    15.769
  1946   03    16.213
  1946   04    15.789
  1946   05    14.377
  1946   06    12.174
  1946   07     9.462
  1946   08     6.907
  1946   09     6.163
  1946   10     7.826
  1946   11    10.022
  1946   12    12.981
  1947   01    15.222
  1947   02    16.168
  1947   03    16.306
  1947   04    15.881
  1947   05    14.238
  1947   06    11.859
  1947   07     9.097
  1947   08     5.583
  1947   09     4.798
  1947   10     6.701
  1947   11     9.880
  1947   12    12.772
  1948   01    14.039
  1948   02    14.922
  1948   03    15.563
  1948   04    15.276
  1948   05    13.917
  1948   06    11.828
  1948   07     9.452
  1948   08     6.046
  1948   09     4.983
  1948   10     7.009
  1948   11     9.973
  1948   12    12.740
  1949   01    14.353
  1949   02    15.464
  1949   03    15.756
  1949   04    15.298
  1949   05    13.833
  1949   06    12.022
  1949   07     9.249
  1949   08     6.448
  1949   09     5.811
  1949   10     7.582
  1949   11    10.580
  1949   12    13.142
  1950   01    14.312
  1950   02    15.032
  1950   03    15.444
  1950   04    14.871
  1950   05    13.371
  1950   06    11.683
  1950   07     9.333
  1950   08     6.344
  1950   09     5.246
  1950   10     7.255
  1950   11     9.556
  1950   12    12.279
  1951   01    14.373
  1951   02    15.394
  1951   03    15.566
  1951   04    15.057
  1951   05    13.877
  1951   06    11.917
  1951   07     9.148
  1951   08     5.403
  1951   09     4.788
  1951   10     6.338
  1951   11     9.936
  1951   12    12.306
  1952   01    13.927
  1952   02    14.648
  1952   03    14.973
  1952   04    14.607
  1952   05    13.420
  1952   06    11.276
  1952   07     8.638
  1952   08     5.834
  1952   09     5.199
  1952   10     6.945
  1952   11     9.608
  1952   12    12.653
  1953   01    14.210
  1953   02    15.021
  1953   03    15.211
  1953   04    14.890
  1953   05    13.787
  1953   06    12.343
  1953   07     9.850
  1953   08     6.788
  1953   09     6.011
  1953   10     8.339
  1953   11    10.415
  1953   12    12.953
  1954   01    14.605
  1954   02    15.400
  1954   03    15.520
  1954   04    15.108
  1954   05    13.711
  1954   06    12.375
  1954   07    10.132
  1954   08     7.999
  1954   09     6.555
  1954   10     9.070
  1954   11    10.963
  1954   12    13.397
  1955   01    14.494
  1955   02    15.039
  1955   03    15.431
  1955   04    14.973
  1955   05    13.847
  1955   06    12.000
  1955   07     9.626
  1955   08     6.437
  1955   09     5.332
  1955   10     7.765
  1955   11    10.569
  1955   12    12.870
  1956   01    14.315
  1956   02    15.033
  1956   03    15.355
  1956   04    14.945
  1956   05    13.807
  1956   06    11.884
  1956   07     9.596
  1956   08     6.354
  1956   09     5.333
  1956   10     7.539
  1956   11     9.925
  1956   12    12.796
  1957   01    14.099
  1957   02    15.120
  1957   03    15.295
  1957   04    14.709
  1957   05    13.659
  1957   06    11.592
  1957   07     9.265
  1957   08     6.691
  1957   09     5.407
  1957   10     7.380
  1957   11    10.248
  1957   12    12.681
  1958   01    14.163
  1958   02    15.056
  1958   03    15.085
  1958   04    14.650
  1958   05    13.675
  1958   06    11.792
  1958   07     8.647
  1958   08     6.218
  1958   09     5.643
  1958   10     6.892
  1958   11    10.148
  1958   12    12.655
  1959   01    14.024
  1959   02    14.973
  1959   03    15.393
  1959   04    14.508
  1959   05    13.352
  1959   06    11.837
  1959   07     9.334
  1959   08     7.291
  1959   09     6.205
  1959   10     8.287
  1959   11    10.342
  1959   12    12.834
  1960   01    14.206
  1960   02    15.080
  1960   03    15.527
  1960   04    14.785
  1960   05    13.729
  1960   06    11.972
  1960   07     9.352
  1960   08     6.418
  1960   09     5.553
  1960   10     6.797
  1960   11     9.731
  1960   12    12.059
  1961   01    14.278
  1961   02    15.599
  1961   03    16.206
  1961   04    15.588
  1961   05    14.094
  1961   06    11.927
  1961   07     8.731
  1961   08     5.541
  1961   09     4.711
  1961   10     6.501
  1961   11     9.806
  1961   12    12.727
  1962   01    14.505
  1962   02    15.270
  1962   03    15.718
  1962   04    15.307
  1962   05    14.272
  1962   06    12.295
  1962   07     8.810
  1962   08     5.600
  1962   09     4.894
  1962   10     6.199
  1962   11    10.194
  1962   12    13.259
  1963   01    14.603
  1963   02    15.185
  1963   03    15.444
  1963   04    14.866
  1963   05    13.824
  1963   06    12.161
  1963   07     9.714
  1963   08     6.655
  1963   09     5.568
  1963   10     7.549
  1963   11    10.659
  1963   12    13.313
  1964   01    14.831
  1964   02    15.982
  1964   03    16.352
  1964   04    15.743
  1964   05    14.621
  1964   06    12.385
  1964   07     9.985
  1964   08     7.252
  1964   09     6.134
  1964   10     8.010
  1964   11    10.389
  1964   12    13.136
  1965   01    15.022
  1965   02    16.124
  1965   03    16.679
  1965   04    15.911
  1965   05    14.154
  1965   06    12.063
  1965   07     9.615
  1965   08     7.291
  1965   09     6.228
  1965   10     7.704
  1965   11    10.531
  1965   12    13.216
  1966   01    15.033
  1966   02    16.055
  1966   03    16.127
  1966   04    15.576
  1966   05    14.234
  1966   06    12.648
  1966   07    10.925
  1966   08     7.394
  1966   09     6.417
  1966   10     8.671
  1966   11    10.762
  1966   12    13.352
  1967   01    15.028
  1967   02    16.051
  1967   03    16.475
  1967   04    16.123
  1967   05    14.697
  1967   06    12.431
  1967   07    10.139
  1967   08     7.104
  1967   09     5.776
  1967   10     7.871
  1967   11    10.486
  1967   12    13.678
  1968   01    15.272
  1968   02    16.149
  1968   03    16.500
  1968   04    16.152
  1968   05    14.692
  1968   06    12.644
  1968   07     9.887
  1968   08     6.516
  1968   09     5.638
  1968   10     7.750
  1968   11    10.439
  1968   12    13.357
  1969   01    14.966
  1969   02    16.205
  1969   03    16.486
  1969   04    15.942
  1969   05    14.360
  1969   06    12.600
  1969   07    10.178
  1969   08     7.381
  1969   09     6.259
  1969   10     8.545
  1969   11    10.630
  1969   12    13.337
  1970   01    15.058
  1970   02    15.980
  1970   03    16.137
  1970   04    15.475
  1970   05    13.655
  1970   06    12.074
  1970   07     9.456
  1970   08     6.477
  1970   09     5.464
  1970   10     6.845
  1970   11     9.682
  1970   12    12.474
  1971   01    14.297
  1971   02    15.293
  1971   03    15.513
  1971   04    15.152
  1971   05    13.790
  1971   06    12.265
  1971   07     9.983
  1971   08     6.627
  1971   09     5.670
  1971   10     7.412
  1971   11    10.034
  1971   12    12.958
  1972   01    14.658
  1972   02    15.738
  1972   03    15.813
  1972   04    15.148
  1972   05    13.736
  1972   06    11.789
  1972   07     9.527
  1972   08     6.354
  1972   09     5.466
  1972   10     7.161
  1972   11    10.412
  1972   12    13.026
  1973   01    14.539
  1973   02    15.172
  1973   03    15.584
  1973   04    14.999
  1973   05    13.881
  1973   06    12.193
  1973   07     9.652
  1973   08     5.876
  1973   09     4.880
  1973   10     6.831
  1973   11    10.037
  1973   12    12.831
  1974   01    14.397
  1974   02    15.265
  1974   03    15.437
  1974   04    14.704
  1974   05    13.586
  1974   06    11.892
  1974   07     9.512
  1974   08     6.392
  1974   09     4.939
  1974   10     7.041
  1974   11    10.010
  1974   12    12.416
  1975   01    14.475
  1975   02    15.216
  1975   03    15.463
  1975   04    14.957
  1975   05    13.568
  1975   06    11.603
  1975   07     8.995
  1975   08     5.999
  1975   09     4.550
  1975   10     6.305
  1975   11     9.537
  1975   12    12.609
  1976   01    14.584
  1976   02    15.398
  1976   03    15.769
  1976   04    15.184
  1976   05    13.482
  1976   06    11.815
  1976   07     9.061
  1976   08     5.501
  1976   09     4.551
  1976   10     6.512
  1976   11     9.608
  1976   12    12.277
  1977   01    14.338
  1977   02    15.417
  1977   03    15.912
  1977   04    15.225
  1977   05    13.755
  1977   06    11.816
  1977   07     8.014
  1977   08     4.129
  1977   09     3.684
  1977   10     4.895
  1977   11     8.972
  1977   12    12.222
  1978   01    14.110
  1978   02    15.169
  1978   03    15.622
  1978   04    15.047
  1978   05    13.852
  1978   06    11.872
  1978   07     9.185
  1978   08     5.804
  1978   09     4.850
  1978   10     6.992
  1978   11     9.992
  1978   12    12.930
  1979   01    14.257
  1979   02    15.058
  1979   03    15.495
  1979   04    15.100
  1979   05    13.784
  1979   06    12.226
  1979   07     9.826
  1979   08     6.467
  1979   09     4.083
  1979   10     7.081
  1979   11    10.089
  1979   12    13.274
  1980   01    14.491
  1980   02    15.337
  1980   03    15.497
  1980   04    15.068
  1980   05    13.696
  1980   06    12.266
  1980   07     9.255
  1980   08     5.431
  1980   09     4.356
  1980   10     6.226
  1980   11    10.220
  1980   12    13.078
  1981   01    14.594
  1981   02    15.397
  1981   03    15.621
  1981   04    14.712
  1981   05    13.840
  1981   06    11.998
  1981   07     9.579
  1981   08     5.803
  1981   09     4.839
  1981   10     6.951
  1981   11     9.861
  1981   12    12.838
  1982   01    14.411
  1982   02    15.466
  1982   03    15.719
  1982   04    15.370
  1982   05    14.216
  1982   06    11.860
  1982   07     8.977
  1982   08     5.852
  1982   09     4.579
  1982   10     6.499
  1982   11     9.862
  1982   12    12.658
  1983   01    14.373
  1983   02    15.191
  1983   03    15.637
  1983   04    15.012
  1983   05    13.566
  1983   06    11.477
  1983   07     9.284
  1983   08     6.320
  1983   09     5.055
  1983   10     7.455
  1983   11    10.001
  1983   12    12.579
  1984   01    14.229
  1984   02    15.227
  1984   03    15.511
  1984   04    15.039
  1984   05    13.444
  1984   06    11.678
  1984   07     8.413
  1984   08     4.633
  1984   09     3.824
  1984   10     5.071
  1984   11     9.341
  1984   12    11.988
  1985   01    13.958
  1985   02    15.003
  1985   03    15.380
  1985   04    15.282
  1985   05    14.177
  1985   06    11.893
  1985   07     8.829
  1985   08     5.341
  1985   09     3.968
  1985   10     6.703
  1985   11     9.919
  1985   12    12.876
  1986   01    14.168
  1986   02    15.179
  1986   03    15.664
  1986   04    15.382
  1986   05    14.202
  1986   06    11.862
  1986   07     9.445
  1986   08     5.643
  1986   09     4.662
  1986   10     6.373
  1986   11    10.021
  1986   12    12.414
  1987   01    14.314
  1987   02    15.200
  1987   03    15.414
  1987   04    14.762
  1987   05    13.628
  1987   06    12.016
  1987   07     9.046
  1987   08     4.491
  1987   09     3.403
  1987   10     5.434
  1987   11     9.359
  1987   12    12.445
  1988   01    13.947
  1988   02    14.955
  1988   03    15.256
  1988   04    14.594
  1988   05    13.558
  1988   06    11.948
  1988   07     8.887
  1988   08     4.665
  1988   09     3.593
  1988   10     5.662
  1988   11     9.243
  1988   12    12.602
  1989   01    14.085
  1989   02    14.615
  1989   03    14.827
  1989   04    14.237
  1989   05    13.104
  1989   06    11.489
  1989   07     8.679
  1989   08     5.722
  1989   09     4.588
  1989   10     5.954
  1989   11     9.400
  1989   12    12.546
  1990   01    14.026
  1990   02    14.838
  1990   03    15.018
  1990   04    14.529
  1990   05    13.679
  1990   06    11.866
  1990   07     8.640
  1990   08     4.755
  1990   09     3.846
  1990   10     4.959
  1990   11     9.173
  1990   12    11.948
  1991   01    13.793
  1991   02    14.915
  1991   03    15.180
  1991   04    14.695
  1991   05    13.637
  1991   06    11.969
  1991   07     9.052
  1991   08     4.461
  1991   09     3.213
  1991   10     5.853
  1991   11     9.022
  1991   12    11.894
  1992   01    13.472
  1992   02    14.413
  1992   03    14.933
  1992   04    14.733
  1992   05    13.216
  1992   06    11.553
  1992   07     8.084
  1992   08     3.789
  1992   09     2.860
  1992   10     4.946
  1992   11     9.109
  1992   12    11.906
  1993   01    13.907
  1993   02    14.844
  1993   03    15.201
  1993   04    14.694
  1993   05    13.372
  1993   06    11.356
  1993   07     8.782
  1993   08     4.996
  1993   09     3.190
  1993   10     6.099
  1993   11     9.805
  1993   12    12.304
  1994   01    13.958
  1994   02    14.775
  1994   03    15.092
  1994   04    14.294
  1994   05    12.997
  1994   06    11.744
  1994   07     8.766
  1994   08     4.750
  1994   09     3.551
  1994   10     5.860
  1994   11     9.537
  1994   12    11.710
  1995   01    13.678
  1995   02    14.276
  1995   03    14.531
  1995   04    14.095
  1995   05    13.458
  1995   06    11.877
  1995   07     8.678
  1995   08     4.766
  1995   09     3.909
  1995   10     5.382
  1995   11     9.619
  1995   12    11.900
  1996   01    13.775
  1996   02    14.502
  1996   03    14.616
  1996   04    13.877
  1996   05    12.538
  1996   06    10.760
  1996   07     8.212
  1996   08     4.806
  1996   09     3.434
  1996   10     5.243
  1996   11     8.943
  1996   12    11.767
  1997   01    13.389
  1997   02    14.173
  1997   03    14.254
  1997   04    13.894
  1997   05    12.905
  1997   06    11.445
  1997   07     8.357
  1997   08     4.997
  1997   09     3.836
  1997   10     5.152
  1997   11     9.352
  1997   12    12.067
  1998   01    13.890
  1998   02    14.566
  1998   03    14.621
  1998   04    14.239
  1998   05    13.044
  1998   06    11.167
  1998   07     8.890
  1998   08     5.610
  1998   09     3.517
  1998   10     6.280
  1998   11     9.438
  1998   12    12.325
  1999   01    13.679
  1999   02    14.349
  1999   03    14.667
  1999   04    14.399
  1999   05    13.453
  1999   06    11.584
  1999   07     9.009
  1999   08     5.821
  1999   09     3.815
  1999   10     6.516
  1999   11     9.521
  1999   12    11.497
  2000   01    13.449
  2000   02    14.522
  2000   03    14.756
  2000   04    13.995
  2000   05    12.890
  2000   06    11.628
  2000   07     8.901
  2000   08     4.788
  2000   09     3.991
  2000   10     5.758
  2000   11     9.451
  2000   12    11.645
  2001   01    13.764
  2001   02    14.508
  2001   03    14.886
  2001   04    14.530
  2001   05    13.220
  2001   06    11.194
  2001   07     8.343
  2001   08     3.402
  2001   09     2.239
  2001   10     4.477
  2001   11     8.616
  2001   12    11.443
  2002   01    13.794
  2002   02    14.883
  2002   03    15.177
  2002   04    14.274
  2002   05    13.122
  2002   06    11.486
  2002   07     8.976
  2002   08     4.521
  2002   09     3.095
  2002   10     5.750
  2002   11     9.228
  2002   12    11.992
  2003   01    13.504
  2003   02    14.279
  2003   03    14.872
  2003   04    14.505
  2003   05    13.245
  2003   06    11.744
  2003   07     8.783
  2003   08     4.381
  2003   09     2.638
  2003   10     5.319
  2003   11     9.022
  2003   12    11.971
  2004   01    13.485
  2004   02    14.613
  2004   03    14.896
  2004   04    14.620
  2004   05    13.239
  2004   06    12.073
  2004   07     8.945
  2004   08     4.129
  2004   09     2.899
  2004   10     5.236
  2004   11     9.338
  2004   12    12.433
  2005   01    14.146
  2005   02    14.800
  2005   03    14.981
  2005   04    14.321
  2005   05    13.033
  2005   06    11.570
  2005   07     7.784
  2005   08     3.903
  2005   09     3.215
  2005   10     4.747
  2005   11     8.407
  2005   12    11.709
  2006   01    13.752
  2006   02    14.496
  2006   03    14.802
  2006   04    14.335
  2006   05    13.245
  2006   06    11.787
  2006   07     8.669
  2006   08     4.094
  2006   09     3.218
  2006   10     4.929
  2006   11     9.264
  2006   12    11.584
  2007   01    13.714
  2007   02    14.676
  2007   03    14.891
  2007   04    14.511
  2007   05    13.433
  2007   06    12.016
  2007   07     8.621
  2007   08     3.581
  2007   09     2.452
  2007   10     4.156
  2007   11     8.596
  2007   12    11.547
  2008   01    13.695
  2008   02    14.406
  2008   03    14.348
  2008   04    13.978
  2008   05    12.836
  2008   06    11.383
  2008   07     8.546
  2008   08     2.962
  2008   09     1.895
  2008   10     4.801
  2008   11     8.682
  2008   12    11.415
  2009   01    13.512
  2009   02    14.322
  2009   03    14.530
  2009   04    14.187
  2009   05    12.947
  2009   06    11.323
  2009   07     8.533
  2009   08     3.694
  2009   09     2.680
  2009   10     4.745
  2009   11     9.115
  2009   12    11.517
  2010   01    13.145
  2010   02    14.138
  2010   03    14.625
  2010   04    14.338
  2010   05    13.218
  2010   06    11.426
  2010   07     7.951
  2010   08     3.434
  2010   09     2.131
  2010   10     4.254
  2010   11     8.520
  2010   12    11.324
  2011   01    13.608
  2011   02    14.334
  2011   03    14.710
  2011   04    14.485
  2011   05    13.455
  2011   06    11.252
  2011   07     7.862
  2011   08     3.889
  2011   09     2.858
  2011   10     4.277
  2011   11     8.044
  2011   12    11.429
  2012   01    13.408
  2012   02    14.589
  2012   03    14.902
  2012   04    14.637
  2012   05    13.325
  2012   06    11.606
  2012   07     8.601
  2012   08     4.687
  2012   09     2.639
  2012   10     5.672
  2012   11     8.732
  2012   12    11.544
  2013   01    13.629
  2013   02    14.435
  2013   03    14.929
  2013   04    14.437
  2013   05    13.130
  2013   06    11.360
  2013   07     7.881
  2013   08     3.803
  2013   09     2.773
  2013   10     4.227
  2013   11     8.127
  2013   12    11.308
  2014   01    13.157
  2014   02    13.864
  2014   03    14.104
  2014   04    13.718
  2014   05    12.689
  2014   06    10.959
  2014   07     8.299
  2014   08     3.714
  2014   09     2.156
  2014   10     4.403
  2014   11     8.876
  2014   12    11.863
  2015   01    13.464
  2015   02    13.958
  2015   03    14.381
  2015   04    13.895
  2015   05    13.049
  2015   06    11.225
  2015   07     8.239
  2015   08     4.046
  2015   09     2.844
  2015   10     5.106
  2015   11     8.602
  2015   12    11.969
  2016   01    13.291
  2016   02    14.142
  2016   03    14.377
  2016   04    14.069
  2016   05    12.952
  2016   06    11.669
  2016   07     8.820
  2016   08     3.577
  2016   09     2.204
  2016   10     4.374
  2016   11     8.653
  2016   12    11.256
  2017   01    13.403
  2017   02    14.306
  2017   03    14.519
  2017   04    13.927
  2017   05    12.713
  2017   06    11.250
  2017   07     7.550
  2017   08     1.401
  2017   09     1.133
  2017   10     2.539
  2017   11     7.121
  2017   12    11.008
  2018   01    13.145
  2018   02    13.917
  2018   03    14.306
  2018   04    14.108
  2018   05    12.880
  2018   06    11.652
  2018   07     7.351
  2018   08     2.416
  2018   09     1.505
  2018   10     3.039
  2018   11     7.319
  2018   12    11.151
  2019   01    13.462
  2019   02    14.370
  2019   03    14.659
  2019   04    14.173
  2019   05    13.094
  2019   06    11.436
  2019   07     7.634
  2019   08     1.745
  2019   09     1.113
  2019   10     2.664
  2019   11     7.363
  2019   12    11.260
  2020   01    13.150
  2020   02    14.162
  2020   03    14.485
  2020   04    14.008
  2020   05    12.700
  2020   06    11.331
  2020   07     8.310
  2020   08     2.172
  2020   09     1.149
  2020   10     3.100
  2020   11     7.830
  2020   12    10.975
  2021   01    13.024
  2021   02    14.014
  2021   03    14.072
  2021   04    13.584
  2021   05    12.652
  2021   06    11.228
  2021   07     7.765
  2021   08     2.748
  2021   09     0.865
  2021   10     3.368
  2021   11     7.418
  2021   12    10.690
  2022   01    12.870
  2022   02    13.962
  2022   03    14.230
  2022   04    13.742
  2022   05    12.465
  2022   06    10.831
  2022   07     7.327
  2022   08     1.639
  2022   09     0.460
  2022   10     2.538
  2022   11     6.814
  2022   12    11.059
  2023   01    12.879
  2023   02    13.740
  2023   03    14.143
  2023   04    13.692
  2023   05    12.428
  2023   06    11.085
  2023   07     8.057
  2023   08     1.898
  2023   09     0.605
  2023   10     2.782
  2023   11     7.811
  2023   12    10.736
  2024   01    12.935
  2024   02    13.850
  2024   03    14.012
  2024   04    13.779
  2024   05    12.419
  2024   06    10.416
  2024   07     7.258
  2024   08     1.168
  2024   09     0.548
  2024   10     2.114
  2024   11     6.532
  2024   12    10.437
  2025   01    12.417
  2025   02    13.622
  2025   03    14.020
  2025   04    13.732
  2025   05    12.365
  2025   06    10.909
  2025   07     6.957
  2025   08     2.076
  2025   09     0.784
  2025   10     2.725
  2025   11     6.560
  2025   12    10.236
  2026   01    12.657
  2026   02    13.418
  2026   03    13.827
  2026   04    13.263
  2026   05    12.275
  2026   06    10.590
  2026   07     5.561
  2026   08     0.625
  2026   09     0.392
  2026   10     1.514
  2026   11     5.557
  2026   12     9.873
  2027   01    12.584
  2027   02    13.443
  2027   03    13.589
  2027   04    13.098
  2027   05    12.046
  2027   06    10.828
  2027   07     6.887
  2027   08     0.960
  2027   09     0.358
  2027   10     1.925
  2027   11     6.439
  2027   12    10.031
  2028   01    12.285
  2028   02    13.260
  2028   03    13.649
  2028   04    13.181
  2028   05    11.863
  2028   06    10.379
  2028   07     6.271
  2028   08     0.524
  2028   09     0.441
  2028   10     1.138
  2028   11     4.296
  2028   12     9.820
  2029   01    12.352
  2029   02    13.466
  2029   03    13.875
  2029   04    13.639
  2029   05    12.801
  2029   06    10.850
  2029   07     7.256
  2029   08     0.789
  2029   09     0.435
  2029   10     1.655
  2029   11     6.088
  2029   12    10.175
  2030   01    12.574
  2030   02    13.138
  2030   03    13.350
  2030   04    13.003
  2030   05    12.126
  2030   06    10.846
  2030   07     7.160
  2030   08     2.423
  2030   09     0.352
  2030   10     3.535
  2030   11     6.884
  2030   12    10.014
  2031   01    12.308
  2031   02    13.214
  2031   03    13.738
  2031   04    13.561
  2031   05    12.577
  2031   06    10.766
  2031   07     7.272
  2031   08     0.718
  2031   09     0.209
  2031   10     1.646
  2031   11     5.869
  2031   12     9.902
  2032   01    12.295
  2032   02    13.171
  2032   03    13.494
  2032   04    13.440
  2032   05    12.082
  2032   06    10.474
  2032   07     7.143
  2032   08     1.443
  2032   09     0.516
  2032   10     2.312
  2032   11     6.556
  2032   12    10.345
  2033   01    12.571
  2033   02    13.393
  2033   03    13.629
  2033   04    13.331
  2033   05    12.283
  2033   06    10.397
  2033   07     6.875
  2033   08     0.691
  2033   09     0.397
  2033   10     1.494
  2033   11     5.049
  2033   12     9.699
  2034   01    12.317
  2034   02    13.159
  2034   03    13.674
  2034   04    13.551
  2034   05    12.577
  2034   06    10.811
  2034   07     5.921
  2034   08     0.360
  2034   09     0.233
  2034   10     0.978
  2034   11     4.430
  2034   12     9.587
  2035   01    12.619
  2035   02    13.416
  2035   03    13.675
  2035   04    13.081
  2035   05    12.001
  2035   06    10.741
  2035   07     6.813
  2035   08     1.499
  2035   09     0.312
  2035   10     2.176
  2035   11     6.314
  2035   12     9.531
  2036   01    12.353
  2036   02    13.095
  2036   03    13.331
  2036   04    13.015
  2036   05    11.870
  2036   06    10.566
  2036   07     6.865
  2036   08     1.515
  2036   09     0.872
  2036   10     1.914
  2036   11     4.791
  2036   12     9.626
  2037   01    12.218
  2037   02    12.998
  2037   03    13.408
  2037   04    13.142
  2037   05    12.031
  2037   06    10.383
  2037   07     6.440
  2037   08     1.335
  2037   09     0.773
  2037   10     1.791
  2037   11     5.238
  2037   12     9.493
  2038   01    12.357
  2038   02    13.125
  2038   03    13.399
  2038   04    12.934
  2038   05    11.992
  2038   06    10.518
  2038   07     7.161
  2038   08     1.577
  2038   09     0.584
  2038   10     2.330
  2038   11     6.554
  2038   12    10.286
  2039   01    12.406
  2039   02    13.250
  2039   03    13.637
  2039   04    13.206
  2039   05    12.099
  2039   06    10.364
  2039   07     5.808
  2039   08     0.776
  2039   09     0.504
  2039   10     1.454
  2039   11     3.768
  2039   12     8.543
  2040   01    12.079
  2040   02    13.106
  2040   03    13.455
  2040   04    13.229
  2040   05    12.576
  2040   06    10.760
  2040   07     5.198
  2040   08     0.326
  2040   09     0.167
  2040   10     0.620
  2040   11     3.758
  2040   12     8.753
  2041   01    12.478
  2041   02    13.301
  2041   03    13.639
  2041   04    13.438
  2041   05    12.514
  2041   06    10.439
  2041   07     5.166
  2041   08     0.240
  2041   09     0.147
  2041   10     0.462
  2041   11     4.100
  2041   12     8.984
  2042   01    12.322
  2042   02    13.126
  2042   03    13.363
  2042   04    12.949
  2042   05    12.124
  2042   06    10.584
  2042   07     5.422
  2042   08     0.394
  2042   09     0.178
  2042   10     0.615
  2042   11     3.342
  2042   12     8.390
  2043   01    11.933
  2043   02    12.768
  2043   03    13.269
  2043   04    13.003
  2043   05    11.972
  2043   06    10.433
  2043   07     5.224
  2043   08     0.174
  2043   09     0.099
  2043   10     0.322
  2043   11     2.739
  2043   12     7.634
  2044   01    11.818
  2044   02    12.949
  2044   03    13.305
  2044   04    13.169
  2044   05    12.035
  2044   06    10.254
  2044   07     5.477
  2044   08     0.115
  2044   09     0.035
  2044   10     0.280
  2044   11     3.050
  2044   12     8.267
  2045   01    11.957
  2045   02    12.598
  2045   03    13.030
  2045   04    12.754
  2045   05    11.885
  2045   06    10.420
  2045   07     5.537
  2045   08     0.317
  2045   09     0.127
  2045   10     0.558
  2045   11     3.221
  2045   12     8.216
  2046   01    11.700
  2046   02    12.560
  2046   03    12.719
  2046   04    12.431
  2046   05    11.145
  2046   06     9.360
  2046   07     5.078
  2046   08     0.218
  2046   09     0.127
  2046   10     0.429
  2046   11     2.651
  2046   12     7.031
  2047   01    10.600
  2047   02    12.455
  2047   03    12.902
  2047   04    12.450
  2047   05    11.451
  2047   06     9.020
  2047   07     3.896
  2047   08     0.094
  2047   09     0.031
  2047   10     0.158
  2047   11     1.637
  2047   12     6.466
  2048   01    10.978
  2048   02    12.426
  2048   03    12.836
  2048   04    12.634
  2048   05    11.350
  2048   06     9.113
  2048   07     5.415
  2048   08     0.108
  2048   09     0.030
  2048   10     0.179
  2048   11     1.359
  2048   12     6.721
  2049   01    10.559
  2049   02    12.436
  2049   03    12.768
  2049   04    12.342
  2049   05    11.545
  2049   06     9.506
  2049   07     4.762
  2049   08     0.212
  2049   09     0.088
  2049   10     0.456
  2049   11     2.889
  2049   12     8.192
  2050   01    11.525
  2050   02    12.630
  2050   03    12.863
  2050   04    12.259
  2050   05    11.321
  2050   06     9.267
  2050   07     3.828
  2050   08     0.430
  2050   09     0.323
  2050   10     0.760
  2050   11     2.471
  2050   12     6.238
  2051   01    10.986
  2051   02    12.000
  2051   03    12.387
  2051   04    12.079
  2051   05    11.201
  2051   06     9.479
  2051   07     3.234
  2051   08     0.219
  2051   09     0.037
  2051   10     0.244
  2051   11     1.689
  2051   12     5.637
  2052   01    10.091
  2052   02    11.886
  2052   03    12.196
  2052   04    11.863
  2052   05    10.859
  2052   06     8.521
  2052   07     2.090
  2052   08     0.152
  2052   09     0.057
  2052   10     0.309
  2052   11     1.360
  2052   12     4.534
  2053   01     9.148
  2053   02    11.975
  2053   03    12.374
  2053   04    12.098
  2053   05    11.160
  2053   06     8.639
  2053   07     3.221
  2053   08     0.074
  2053   09     0.002
  2053   10     0.177
  2053   11     1.362
  2053   12     6.322
  2054   01    10.108
  2054   02    11.821
  2054   03    12.591
  2054   04    12.411
  2054   05    11.443
  2054   06     9.007
  2054   07     4.816
  2054   08     0.101
  2054   09     0.017
  2054   10     0.309
  2054   11     1.831
  2054   12     7.338
  2055   01    10.975
  2055   02    12.148
  2055   03    12.408
  2055   04    12.059
  2055   05    11.300
  2055   06     9.377
  2055   07     2.815
  2055   08     0.135
  2055   09     0.052
  2055   10     0.208
  2055   11     1.434
  2055   12     5.608
  2056   01    10.118
  2056   02    12.117
  2056   03    12.644
  2056   04    12.478
  2056   05    11.560
  2056   06     9.421
  2056   07     4.722
  2056   08     0.228
  2056   09     0.052
  2056   10     0.312
  2056   11     2.232
  2056   12     7.394
  2057   01    11.052
  2057   02    12.455
  2057   03    12.722
  2057   04    12.227
  2057   05    11.291
  2057   06     9.457
  2057   07     3.783
  2057   08     0.182
  2057   09     0.088
  2057   10     0.303
  2057   11     1.662
  2057   12     6.689
  2058   01    10.939
  2058   02    12.399
  2058   03    12.661
  2058   04    12.429
  2058   05    11.548
  2058   06     9.024
  2058   07     3.981
  2058   08     0.036
  2058   09     0.000
  2058   10     0.095
  2058   11     1.264
  2058   12     6.814
  2059   01    11.114
  2059   02    12.278
  2059   03    12.699
  2059   04    12.297
  2059   05    11.659
  2059   06     9.130
  2059   07     3.023
  2059   08     0.152
  2059   09     0.083
  2059   10     0.317
  2059   11     1.330
  2059   12     5.467
  2060   01    10.005
  2060   02    11.932
  2060   03    12.485
  2060   04    12.094
  2060   05    11.160
  2060   06     8.919
  2060   07     3.292
  2060   08     0.129
  2060   09     0.057
  2060   10     0.159
  2060   11     1.191
  2060   12     5.277
  2061   01     9.681
  2061   02    12.092
  2061   03    12.549
  2061   04    12.194
  2061   05    11.127
  2061   06     9.028
  2061   07     2.170
  2061   08     0.065
  2061   09     0.000
  2061   10     0.077
  2061   11     0.543
  2061   12     3.707
  2062   01     8.704
  2062   02    11.343
  2062   03    11.989
  2062   04    11.656
  2062   05    10.791
  2062   06     8.243
  2062   07     1.410
  2062   08     0.048
  2062   09     0.003
  2062   10     0.058
  2062   11     0.793
  2062   12     3.756
  2063   01     8.508
  2063   02    11.449
  2063   03    12.196
  2063   04    12.049
  2063   05    11.013
  2063   06     9.397
  2063   07     2.709
  2063   08     0.002
  2063   09     0.000
  2063   10     0.044
  2063   11     0.458
  2063   12     4.319
  2064   01     9.142
  2064   02    11.526
  2064   03    12.109
  2064   04    11.914
  2064   05    11.102
  2064   06     8.574
  2064   07     2.982
  2064   08     0.067
  2064   09     0.010
  2064   10     0.076
  2064   11     0.851
  2064   12     4.545
  2065   01     8.924
  2065   02    11.225
  2065   03    11.841
  2065   04    11.968
  2065   05    11.063
  2065   06     8.431
  2065   07     1.352
  2065   08     0.032
  2065   09     0.000
  2065   10     0.003
  2065   11     0.262
  2065   12     3.172
  2066   01     7.921
  2066   02    10.766
  2066   03    11.717
  2066   04    11.344
  2066   05    10.200
  2066   06     7.785
  2066   07     1.360
  2066   08     0.130
  2066   09     0.006
  2066   10     0.069
  2066   11     0.414
  2066   12     2.866
  2067   01     7.930
  2067   02    10.898
  2067   03    11.638
  2067   04    11.280
  2067   05    10.575
  2067   06     7.985
  2067   07     0.982
  2067   08     0.019
  2067   09     0.000
  2067   10     0.018
  2067   11     0.590
  2067   12     3.410
  2068   01     7.867
  2068   02    10.705
  2068   03    11.798
  2068   04    11.703
  2068   05    10.591
  2068   06     7.675
  2068   07     1.095
  2068   08     0.126
  2068   09     0.037
  2068   10     0.108
  2068   11     0.560
  2068   12     2.975
  2069   01     6.906
  2069   02    11.085
  2069   03    11.985
  2069   04    11.961
  2069   05    10.886
  2069   06     7.999
  2069   07     0.416
  2069   08     0.008
  2069   09     0.000
  2069   10     0.005
  2069   11     0.446
  2069   12     3.695
  2070   01     8.885
  2070   02    11.641
  2070   03    12.129
  2070   04    12.099
  2070   05    11.487
  2070   06     8.627
  2070   07     1.927
  2070   08     0.012
  2070   09     0.000
  2070   10     0.105
  2070   11     0.632
  2070   12     3.393
  2071   01     8.640
  2071   02    11.739
  2071   03    12.112
  2071   04    11.763
  2071   05    10.938
  2071   06     8.569
  2071   07     2.233
  2071   08     0.025
  2071   09     0.000
  2071   10     0.004
  2071   11     0.334
  2071   12     3.340
  2072   01     8.871
  2072   02    11.506
  2072   03    12.169
  2072   04    12.020
  2072   05    11.405
  2072   06     8.395
  2072   07     0.927
  2072   08     0.068
  2072   09     0.001
  2072   10     0.070
  2072   11     0.481
  2072   12     2.906
  2073   01     7.743
  2073   02    11.116
  2073   03    12.124
  2073   04    11.764
  2073   05    10.940
  2073   06     7.955
  2073   07     0.452
  2073   08     0.023
  2073   09     0.000
  2073   10     0.002
  2073   11     0.170
  2073   12     2.213
  2074   01     5.639
  2074   02     9.980
  2074   03    11.018
  2074   04    11.164
  2074   05    10.018
  2074   06     7.630
  2074   07     1.905
  2074   08     0.053
  2074   09     0.002
  2074   10     0.063
  2074   11     0.621
  2074   12     3.715
  2075   01     7.953
  2075   02    10.869
  2075   03    11.589
  2075   04    11.609
  2075   05    10.519
  2075   06     7.944
  2075   07     1.412
  2075   08     0.006
  2075   09     0.000
  2075   10     0.001
  2075   11     0.365
  2075   12     2.511
  2076   01     7.342
  2076   02    10.840
  2076   03    11.676
  2076   04    11.662
  2076   05    10.692
  2076   06     7.005
  2076   07     0.189
  2076   08     0.001
  2076   09     0.000
  2076   10     0.003
  2076   11     0.159
  2076   12     1.753
  2077   01     5.932
  2077   02     9.472
  2077   03    11.250
  2077   04    11.169
  2077   05    10.347
  2077   06     7.413
  2077   07     0.223
  2077   08     0.000
  2077   09     0.000
  2077   10     0.000
  2077   11     0.057
  2077   12     2.271
  2078   01     6.628
  2078   02     9.836
  2078   03    10.781
  2078   04    10.757
  2078   05     9.770
  2078   06     6.933
  2078   07     0.206
  2078   08     0.002
  2078   09     0.000
  2078   10     0.000
  2078   11     0.161
  2078   12     1.882
  2079   01     4.837
  2079   02     8.774
  2079   03    10.230
  2079   04    10.668
  2079   05     9.980
  2079   06     6.656
  2079   07     0.091
  2079   08     0.000
  2079   09     0.000
  2079   10     0.000
  2079   11     0.115
  2079   12     1.573
  2080   01     4.443
  2080   02     8.166
  2080   03    10.246
  2080   04    10.348
  2080   05     9.615
  2080   06     6.345
  2080   07     0.274
  2080   08     0.000
  2080   09     0.000
  2080   10     0.000
  2080   11     0.067
  2080   12     1.565
  2081   01     4.250
  2081   02     7.997
  2081   03     9.807
  2081   04    10.250
  2081   05     9.088
  2081   06     5.834
  2081   07     0.077
  2081   08     0.000
  2081   09     0.000
  2081   10     0.000
  2081   11     0.056
  2081   12     1.018
  2082   01     4.193
  2082   02     7.963
  2082   03     9.697
  2082   04    10.213
  2082   05     9.112
  2082   06     6.096
  2082   07     0.041
  2082   08     0.000
  2082   09     0.000
  2082   10     0.000
  2082   11     0.009
  2082   12     1.029
  2083   01     3.630
  2083   02     7.326
  2083   03     9.374
  2083   04     9.757
  2083   05     8.712
  2083   06     5.921
  2083   07     0.186
  2083   08     0.000
  2083   09     0.000
  2083   10     0.000
  2083   11     0.003
  2083   12     1.146
  2084   01     3.438
  2084   02     6.968
  2084   03     9.211
  2084   04     9.703
  2084   05     8.164
  2084   06     5.303
  2084   07     0.078
  2084   08     0.000
  2084   09     0.000
  2084   10     0.000
  2084   11     0.057
  2084   12     0.763
  2085   01     3.414
  2085   02     5.975
  2085   03     8.036
  2085   04     8.234
  2085   05     7.123
  2085   06     4.194
  2085   07     0.016
  2085   08     0.000
  2085   09     0.000
  2085   10     0.000
  2085   11     0.046
  2085   12     0.774
  2086   01     3.147
  2086   02     5.164
  2086   03     7.351
  2086   04     7.837
  2086   05     6.991
  2086   06     3.689
  2086   07     0.024
  2086   08     0.000
  2086   09     0.000
  2086   10     0.000
  2086   11     0.025
  2086   12     1.121
  2087   01     3.383
  2087   02     5.666
  2087   03     7.804
  2087   04     8.454
  2087   05     7.453
  2087   06     3.713
  2087   07     0.008
  2087   08     0.000
  2087   09     0.000
  2087   10     0.000
  2087   11     0.001
  2087   12     0.673
  2088   01     2.964
  2088   02     4.844
  2088   03     6.946
  2088   04     7.289
  2088   05     5.565
  2088   06     2.071
  2088   07     0.000
  2088   08     0.000
  2088   09     0.000
  2088   10     0.000
  2088   11     0.007
  2088   12     0.429
  2089   01     2.384
  2089   02     4.280
  2089   03     5.412
  2089   04     5.981
  2089   05     4.932
  2089   06     1.932
  2089   07     0.000
  2089   08     0.000
  2089   09     0.000
  2089   10     0.000
  2089   11     0.007
  2089   12     0.447
  2090   01     2.692
  2090   02     4.469
  2090   03     6.255
  2090   04     7.173
  2090   05     6.310
  2090   06     2.788
  2090   07     0.000
  2090   08     0.000
  2090   09     0.000
  2090   10     0.000
  2090   11     0.000
  2090   12     0.350
  2091   01     2.426
  2091   02     4.059
  2091   03     5.350
  2091   04     5.964
  2091   05     4.604
  2091   06     1.386
  2091   07     0.000
  2091   08     0.000
  2091   09     0.000
  2091   10     0.000
  2091   11     0.000
  2091   12     0.028
  2092   01     1.217
  2092   02     2.954
  2092   03     4.392
  2092   04     4.244
  2092   05     3.158
  2092   06     0.662
  2092   07     0.005
  2092   08     0.000
  2092   09     0.000
  2092   10     0.000
  2092   11     0.000
  2092   12     0.023
  2093   01     1.496
  2093   02     2.981
  2093   03     4.162
  2093   04     4.120
  2093   05     2.996
  2093   06     0.521
  2093   07     0.000
  2093   08     0.000
  2093   09     0.000
  2093   10     0.000
  2093   11     0.000
  2093   12     0.014
  2094   01     0.983
  2094   02     2.519
  2094   03     3.478
  2094   04     3.638
  2094   05     2.331
  2094   06     0.697
  2094   07     0.000
  2094   08     0.000
  2094   09     0.000
  2094   10     0.000
  2094   11     0.000
  2094   12     0.017
  2095   01     0.999
  2095   02     2.247
  2095   03     3.394
  2095   04     3.280
  2095   05     2.393
  2095   06     0.426
  2095   07     0.000
  2095   08     0.000
  2095   09     0.000
  2095   10     0.000
  2095   11     0.000
  2095   12     0.109
  2096   01     0.969
  2096   02     1.989
  2096   03     2.945
  2096   04     3.019
  2096   05     2.376
  2096   06     0.303
  2096   07     0.000
  2096   08     0.000
  2096   09     0.000
  2096   10     0.000
  2096   11     0.000
  2096   12     0.099
  2097   01     1.025
  2097   02     2.143
  2097   03     3.160
  2097   04     3.238
  2097   05     2.300
  2097   06     0.378
  2097   07     0.000
  2097   08     0.000
  2097   09     0.000
  2097   10     0.000
  2097   11     0.000
  2097   12     0.025
  2098   01     0.567
  2098   02     1.731
  2098   03     2.682
  2098   04     2.543
  2098   05     1.903
  2098   06     0.163
  2098   07     0.000
  2098   08     0.000
  2098   09     0.000
  2098   10     0.000
  2098   11     0.000
  2098   12     0.033
  2099   01     0.991
  2099   02     2.346
  2099   03     3.129
  2099   04     3.262
  2099   05     2.237
  2099   06     0.094
  2099   07     0.000
  2099   08     0.000
  2099   09     0.000
  2099   10     0.000
  2099   11     0.000
  2099   12     0.072
  2100   01     1.030
  2100   02     2.158
  2100   03     3.035
  2100   04     3.172
  2100   05     2.340
  2100   06     0.179
  2100   07     0.000
  2100   08     0.000
  2100   09     0.000
  2100   10     0.000
  2100   11     0.000
  2100   12     0.018
