  1850   01    19.665
  1850   02    20.421
  1850   03    20.531
  1850   04    19.497
  1850   05    17.717
  1850   06    15.142
  1850   07    12.033
  1850   08    10.457
  1850   09    10.691
  1850   10    12.271
  1850   11    15.088
  1850   12    17.170
  1851   01    19.100
  1851   02    20.005
  1851   03    20.356
  1851   04    19.955
  1851   05    17.827
  1851   06    15.678
  1851   07    13.288
  1851   08    10.857
  1851   09    11.186
  1851   10    12.725
  1851   11    15.216
  1851   12    17.525
  1852   01    19.012
  1852   02    20.031
  1852   03    20.251
  1852   04    19.699
  1852   05    18.172
  1852   06    14.981
  1852   07    13.436
  1852   08    11.352
  1852   09    11.480
  1852   10    12.541
  1852   11    14.424
  1852   12    16.983
  1853   01    18.431
  1853   02    19.750
  1853   03    20.099
  1853   04    19.492
  1853   05    17.863
  1853   06    14.844
  1853   07    12.613
  1853   08    10.387
  1853   09    10.432
  1853   10    11.712
  1853   11    14.101
  1853   12    16.307
  1854   01    17.848
  1854   02    19.091
  1854   03    19.817
  1854   04    19.323
  1854   05    17.820
  1854   06    15.617
  1854   07    12.200
  1854   08    10.332
  1854   09    10.566
  1854   10    12.313
  1854   11    14.580
  1854   12    17.081
  1855   01    18.227
  1855   02    19.179
  1855   03    19.409
  1855   04    19.231
  1855   05    17.500
  1855   06    14.840
  1855   07    12.708
  1855   08    10.090
  1855   09     9.973
  1855   10    11.898
  1855   11    14.362
  1855   12    16.805
  1856   01    18.463
  1856   02    19.303
  1856   03    19.518
  1856   04    18.300
  1856   05    16.930
  1856   06    14.759
  1856   07    11.790
  1856   08    10.577
  1856   09    10.796
  1856   10    12.524
  1856   11    15.001
  1856   12    16.897
  1857   01    18.462
  1857   02    19.411
  1857   03    19.873
  1857   04    19.151
  1857   05    17.201
  1857   06    15.448
  1857   07    12.709
  1857   08    10.443
  1857   09    10.363
  1857   10    12.529
  1857   11    14.719
  1857   12    16.714
  1858   01    18.197
  1858   02    19.282
  1858   03    19.232
  1858   04    18.869
  1858   05    17.182
  1858   06    14.839
  1858   07    12.782
  1858   08    10.449
  1858   09    10.147
  1858   10    12.663
  1858   11    14.741
  1858   12    16.691
  1859   01    18.398
  1859   02    19.514
  1859   03    19.858
  1859   04    19.428
  1859   05    17.481
  1859   06    15.646
  1859   07    12.034
  1859   08     9.940
  1859   09     9.936
  1859   10    12.300
  1859   11    14.650
  1859   12    17.141
  1860   01    18.358
  1860   02    19.217
  1860   03    19.143
  1860   04    18.531
  1860   05    17.107
  1860   06    15.227
  1860   07    12.767
  1860   08     9.829
  1860   09     9.844
  1860   10    12.813
  1860   11    14.760
  1860   12    17.202
  1861   01    18.216
  1861   02    18.860
  1861   03    18.998
  1861   04    18.018
  1861   05    17.101
  1861   06    15.224
  1861   07    12.494
  1861   08     9.986
  1861   09     9.823
  1861   10    12.187
  1861   11    14.662
  1861   12    16.917
  1862   01    18.152
  1862   02    18.869
  1862   03    19.150
  1862   04    18.693
  1862   05    16.890
  1862   06    14.576
  1862   07    11.838
  1862   08     9.983
  1862   09     9.727
  1862   10    11.657
  1862   11    13.867
  1862   12    15.786
  1863   01    17.575
  1863   02    18.457
  1863   03    18.742
  1863   04    18.327
  1863   05    17.002
  1863   06    15.107
  1863   07    13.173
  1863   08    10.322
  1863   09    10.729
  1863   10    12.220
  1863   11    14.629
  1863   12    16.986
  1864   01    18.396
  1864   02    19.195
  1864   03    19.232
  1864   04    18.737
  1864   05    17.203
  1864   06    14.934
  1864   07    11.838
  1864   08     9.829
  1864   09     9.691
  1864   10    11.242
  1864   11    13.728
  1864   12    16.400
  1865   01    17.809
  1865   02    18.681
  1865   03    19.220
  1865   04    18.597
  1865   05    17.166
  1865   06    14.726
  1865   07    11.587
  1865   08     9.135
  1865   09     9.591
  1865   10    11.911
  1865   11    14.191
  1865   12    16.413
  1866   01    17.917
  1866   02    18.758
  1866   03    19.249
  1866   04    18.292
  1866   05    16.501
  1866   06    13.942
  1866   07    11.195
  1866   08     8.699
  1866   09     8.633
  1866   10    11.113
  1866   11    13.665
  1866   12    16.078
  1867   01    17.907
  1867   02    18.854
  1867   03    19.158
  1867   04    18.770
  1867   05    16.825
  1867   06    14.777
  1867   07    11.564
  1867   08     9.434
  1867   09     9.416
  1867   10    11.768
  1867   11    14.091
  1867   12    15.930
  1868   01    17.673
  1868   02    18.789
  1868   03    19.323
  1868   04    18.357
  1868   05    17.069
  1868   06    14.662
  1868   07    11.559
  1868   08     8.296
  1868   09     7.619
  1868   10    11.364
  1868   11    13.909
  1868   12    16.187
  1869   01    17.342
  1869   02    18.216
  1869   03    18.755
  1869   04    18.471
  1869   05    16.626
  1869   06    14.697
  1869   07    12.372
  1869   08     9.461
  1869   09     9.511
  1869   10    11.662
  1869   11    13.407
  1869   12    15.741
  1870   01    17.056
  1870   02    18.040
  1870   03    18.581
  1870   04    18.303
  1870   05    16.761
  1870   06    13.900
  1870   07    11.194
  1870   08     9.140
  1870   09     9.067
  1870   10    10.700
  1870   11    13.270
  1870   12    15.968
  1871   01    17.201
  1871   02    18.083
  1871   03    18.728
  1871   04    18.204
  1871   05    16.163
  1871   06    13.526
  1871   07    10.623
  1871   08     7.541
  1871   09     8.075
  1871   10    10.420
  1871   11    13.028
  1871   12    15.113
  1872   01    17.168
  1872   02    18.044
  1872   03    18.462
  1872   04    18.025
  1872   05    15.890
  1872   06    13.942
  1872   07    11.435
  1872   08     9.390
  1872   09     9.338
  1872   10    11.521
  1872   11    13.253
  1872   12    15.130
  1873   01    16.845
  1873   02    17.930
  1873   03    18.443
  1873   04    17.582
  1873   05    16.475
  1873   06    14.178
  1873   07    10.759
  1873   08     9.452
  1873   09     9.628
  1873   10    11.332
  1873   11    13.114
  1873   12    15.787
  1874   01    17.155
  1874   02    18.448
  1874   03    18.736
  1874   04    17.982
  1874   05    16.246
  1874   06    14.315
  1874   07    11.394
  1874   08     8.886
  1874   09     8.964
  1874   10    11.092
  1874   11    13.577
  1874   12    15.913
  1875   01    17.595
  1875   02    18.589
  1875   03    19.067
  1875   04    17.767
  1875   05    16.118
  1875   06    13.946
  1875   07    11.024
  1875   08     8.495
  1875   09     8.176
  1875   10    11.122
  1875   11    13.506
  1875   12    15.499
  1876   01    17.149
  1876   02    17.996
  1876   03    18.195
  1876   04    17.598
  1876   05    15.792
  1876   06    13.203
  1876   07    10.657
  1876   08     8.077
  1876   09     8.125
  1876   10    10.674
  1876   11    13.191
  1876   12    15.495
  1877   01    16.642
  1877   02    17.409
  1877   03    17.897
  1877   04    17.585
  1877   05    15.865
  1877   06    13.370
  1877   07    10.635
  1877   08     8.677
  1877   09     8.379
  1877   10    10.897
  1877   11    13.321
  1877   12    15.444
  1878   01    16.761
  1878   02    17.625
  1878   03    18.139
  1878   04    17.525
  1878   05    15.990
  1878   06    13.775
  1878   07    10.635
  1878   08     8.048
  1878   09     8.572
  1878   10    11.008
  1878   11    13.332
  1878   12    15.749
  1879   01    17.466
  1879   02    18.209
  1879   03    18.130
  1879   04    17.470
  1879   05    16.166
  1879   06    13.823
  1879   07    10.933
  1879   08     9.349
  1879   09     9.116
  1879   10    10.875
  1879   11    12.932
  1879   12    15.349
  1880   01    16.648
  1880   02    17.260
  1880   03    17.524
  1880   04    17.169
  1880   05    15.670
  1880   06    13.180
  1880   07    10.297
  1880   08     8.570
  1880   09     8.515
  1880   10    10.704
  1880   11    12.895
  1880   12    14.871
  1881   01    16.626
  1881   02    17.139
  1881   03    17.437
  1881   04    16.947
  1881   05    15.420
  1881   06    13.445
  1881   07    11.381
  1881   08     9.669
  1881   09     9.909
  1881   10    11.145
  1881   11    13.010
  1881   12    15.338
  1882   01    16.346
  1882   02    17.133
  1882   03    17.632
  1882   04    17.128
  1882   05    15.990
  1882   06    14.086
  1882   07    12.192
  1882   08     9.548
  1882   09     9.933
  1882   10    11.865
  1882   11    14.021
  1882   12    15.962
  1883   01    17.121
  1883   02    17.788
  1883   03    17.771
  1883   04    17.599
  1883   05    15.994
  1883   06    14.091
  1883   07    11.224
  1883   08     9.429
  1883   09     9.636
  1883   10    11.883
  1883   11    14.725
  1883   12    16.328
  1884   01    17.750
  1884   02    18.507
  1884   03    18.495
  1884   04    18.066
  1884   05    16.152
  1884   06    14.205
  1884   07    11.766
  1884   08     8.598
  1884   09     8.649
  1884   10    11.370
  1884   11    13.312
  1884   12    15.720
  1885   01    17.011
  1885   02    17.848
  1885   03    18.315
  1885   04    17.709
  1885   05    16.200
  1885   06    13.929
  1885   07    11.762
  1885   08     9.438
  1885   09     9.708
  1885   10    11.373
  1885   11    13.292
  1885   12    16.030
  1886   01    17.013
  1886   02    17.931
  1886   03    18.153
  1886   04    17.555
  1886   05    15.944
  1886   06    14.421
  1886   07    11.339
  1886   08     8.784
  1886   09     9.302
  1886   10    11.189
  1886   11    13.684
  1886   12    15.700
  1887   01    17.103
  1887   02    17.998
  1887   03    17.983
  1887   04    17.313
  1887   05    16.411
  1887   06    13.986
  1887   07    10.774
  1887   08     8.984
  1887   09     9.772
  1887   10    11.666
  1887   11    13.993
  1887   12    16.152
  1888   01    17.393
  1888   02    17.976
  1888   03    18.171
  1888   04    17.549
  1888   05    16.745
  1888   06    14.392
  1888   07    11.414
  1888   08     9.547
  1888   09     9.952
  1888   10    11.597
  1888   11    13.791
  1888   12    16.060
  1889   01    17.289
  1889   02    17.863
  1889   03    18.210
  1889   04    17.571
  1889   05    16.373
  1889   06    14.059
  1889   07    10.929
  1889   08     9.060
  1889   09     9.043
  1889   10    11.152
  1889   11    13.151
  1889   12    15.495
  1890   01    17.048
  1890   02    17.634
  1890   03    18.228
  1890   04    17.739
  1890   05    16.445
  1890   06    14.035
  1890   07    11.114
  1890   08     9.090
  1890   09     9.750
  1890   10    11.399
  1890   11    13.530
  1890   12    16.181
  1891   01    17.644
  1891   02    18.775
  1891   03    18.958
  1891   04    18.539
  1891   05    16.022
  1891   06    13.280
  1891   07    11.353
  1891   08     9.410
  1891   09    10.192
  1891   10    11.988
  1891   11    13.977
  1891   12    15.916
  1892   01    17.726
  1892   02    18.639
  1892   03    18.555
  1892   04    18.302
  1892   05    16.406
  1892   06    13.845
  1892   07    11.391
  1892   08    10.078
  1892   09     9.803
  1892   10    12.034
  1892   11    13.959
  1892   12    16.039
  1893   01    17.618
  1893   02    18.602
  1893   03    18.731
  1893   04    18.465
  1893   05    16.817
  1893   06    14.476
  1893   07    11.393
  1893   08     8.937
  1893   09     8.959
  1893   10    10.812
  1893   11    13.434
  1893   12    15.648
  1894   01    17.350
  1894   02    18.312
  1894   03    18.735
  1894   04    18.586
  1894   05    16.787
  1894   06    14.264
  1894   07    11.308
  1894   08     8.424
  1894   09     8.964
  1894   10    11.244
  1894   11    13.926
  1894   12    15.977
  1895   01    17.758
  1895   02    18.716
  1895   03    18.788
  1895   04    18.279
  1895   05    16.725
  1895   06    14.609
  1895   07    12.440
  1895   08     9.975
  1895   09    10.026
  1895   10    11.835
  1895   11    14.338
  1895   12    16.375
  1896   01    17.900
  1896   02    18.669
  1896   03    18.990
  1896   04    18.555
  1896   05    16.776
  1896   06    14.444
  1896   07    10.800
  1896   08     9.473
  1896   09     9.431
  1896   10    11.178
  1896   11    13.735
  1896   12    16.233
  1897   01    17.815
  1897   02    18.780
  1897   03    18.820
  1897   04    18.104
  1897   05    16.617
  1897   06    13.818
  1897   07    10.976
  1897   08     9.897
  1897   09    10.293
  1897   10    11.441
  1897   11    13.324
  1897   12    15.167
  1898   01    16.895
  1898   02    17.794
  1898   03    18.080
  1898   04    17.389
  1898   05    15.684
  1898   06    13.391
  1898   07    11.016
  1898   08     7.964
  1898   09     8.226
  1898   10    10.655
  1898   11    12.808
  1898   12    15.254
  1899   01    16.718
  1899   02    17.841
  1899   03    18.273
  1899   04    17.634
  1899   05    16.063
  1899   06    14.090
  1899   07    11.475
  1899   08     9.064
  1899   09     8.834
  1899   10    11.204
  1899   11    13.455
  1899   12    15.487
  1900   01    16.900
  1900   02    17.928
  1900   03    18.588
  1900   04    18.179
  1900   05    16.440
  1900   06    13.832
  1900   07    10.505
  1900   08     8.674
  1900   09     8.568
  1900   10    10.817
  1900   11    12.820
  1900   12    15.345
  1901   01    17.272
  1901   02    18.435
  1901   03    18.828
  1901   04    18.010
  1901   05    16.372
  1901   06    14.221
  1901   07    11.196
  1901   08     8.824
  1901   09     8.695
  1901   10    10.962
  1901   11    13.279
  1901   12    15.531
  1902   01    17.092
  1902   02    18.163
  1902   03    18.757
  1902   04    17.677
  1902   05    15.797
  1902   06    13.781
  1902   07    11.182
  1902   08     9.575
  1902   09     9.704
  1902   10    11.340
  1902   11    13.264
  1902   12    15.563
  1903   01    16.966
  1903   02    17.787
  1903   03    18.266
  1903   04    18.057
  1903   05    16.127
  1903   06    14.290
  1903   07    12.441
  1903   08    10.034
  1903   09     9.909
  1903   10    12.043
  1903   11    13.635
  1903   12    16.163
  1904   01    17.775
  1904   02    18.947
  1904   03    19.341
  1904   04    18.112
  1904   05    16.804
  1904   06    14.300
  1904   07    10.783
  1904   08     8.937
  1904   09     8.789
  1904   10    10.791
  1904   11    13.460
  1904   12    15.873
  1905   01    17.650
  1905   02    19.009
  1905   03    19.404
  1905   04    19.129
  1905   05    17.279
  1905   06    14.599
  1905   07    11.092
  1905   08     8.504
  1905   09     8.861
  1905   10    11.740
  1905   11    14.167
  1905   12    16.674
  1906   01    18.022
  1906   02    18.627
  1906   03    19.138
  1906   04    18.338
  1906   05    16.817
  1906   06    15.188
  1906   07    11.972
  1906   08     9.278
  1906   09     9.336
  1906   10    11.278
  1906   11    13.935
  1906   12    16.248
  1907   01    17.792
  1907   02    18.558
  1907   03    18.883
  1907   04    18.503
  1907   05    17.000
  1907   06    14.711
  1907   07    11.500
  1907   08     9.626
  1907   09     9.542
  1907   10    11.871
  1907   11    14.354
  1907   12    16.749
  1908   01    17.691
  1908   02    18.749
  1908   03    18.788
  1908   04    18.336
  1908   05    16.594
  1908   06    14.215
  1908   07    11.300
  1908   08     9.790
  1908   09     9.726
  1908   10    11.818
  1908   11    14.019
  1908   12    16.222
  1909   01    17.771
  1909   02    18.728
  1909   03    18.745
  1909   04    18.182
  1909   05    16.525
  1909   06    14.177
  1909   07    11.781
  1909   08     9.700
  1909   09     9.867
  1909   10    11.612
  1909   11    13.482
  1909   12    15.659
  1910   01    17.543
  1910   02    18.594
  1910   03    19.088
  1910   04    18.395
  1910   05    16.685
  1910   06    14.237
  1910   07    11.385
  1910   08     8.794
  1910   09     8.423
  1910   10    11.147
  1910   11    13.399
  1910   12    15.598
  1911   01    17.326
  1911   02    18.153
  1911   03    18.430
  1911   04    17.992
  1911   05    16.434
  1911   06    14.296
  1911   07    11.626
  1911   08     8.693
  1911   09     8.240
  1911   10    10.830
  1911   11    13.745
  1911   12    15.651
  1912   01    16.780
  1912   02    18.025
  1912   03    18.582
  1912   04    17.738
  1912   05    16.038
  1912   06    13.518
  1912   07    11.693
  1912   08     8.435
  1912   09     8.352
  1912   10    10.736
  1912   11    12.993
  1912   12    15.700
  1913   01    16.598
  1913   02    17.435
  1913   03    17.903
  1913   04    17.474
  1913   05    15.704
  1913   06    13.489
  1913   07    10.548
  1913   08     8.372
  1913   09     8.482
  1913   10    10.339
  1913   11    13.077
  1913   12    14.973
  1914   01    16.613
  1914   02    17.546
  1914   03    17.684
  1914   04    17.429
  1914   05    15.897
  1914   06    14.221
  1914   07    10.958
  1914   08     8.557
  1914   09     8.774
  1914   10    10.694
  1914   11    13.063
  1914   12    15.482
  1915   01    16.993
  1915   02    17.753
  1915   03    18.208
  1915   04    17.603
  1915   05    16.143
  1915   06    14.313
  1915   07    11.760
  1915   08     9.302
  1915   09     9.860
  1915   10    11.649
  1915   11    13.651
  1915   12    15.883
  1916   01    17.575
  1916   02    18.465
  1916   03    18.710
  1916   04    17.751
  1916   05    16.756
  1916   06    14.626
  1916   07    12.207
  1916   08    10.052
  1916   09    10.296
  1916   10    11.874
  1916   11    14.149
  1916   12    16.328
  1917   01    17.609
  1917   02    18.067
  1917   03    18.475
  1917   04    18.124
  1917   05    16.439
  1917   06    15.090
  1917   07    11.710
  1917   08     9.010
  1917   09     8.782
  1917   10    11.429
  1917   11    14.017
  1917   12    16.158
  1918   01    17.531
  1918   02    18.537
  1918   03    18.721
  1918   04    17.947
  1918   05    16.065
  1918   06    13.961
  1918   07    11.025
  1918   08     8.984
  1918   09     9.349
  1918   10    11.404
  1918   11    13.636
  1918   12    15.666
  1919   01    17.282
  1919   02    18.210
  1919   03    18.372
  1919   04    18.061
  1919   05    16.352
  1919   06    13.907
  1919   07    10.888
  1919   08     8.823
  1919   09     8.546
  1919   10    11.333
  1919   11    13.411
  1919   12    15.920
  1920   01    17.143
  1920   02    18.005
  1920   03    18.375
  1920   04    17.753
  1920   05    16.613
  1920   06    13.829
  1920   07    11.021
  1920   08     8.857
  1920   09     8.660
  1920   10    11.478
  1920   11    13.561
  1920   12    15.515
  1921   01    16.849
  1921   02    17.965
  1921   03    18.176
  1921   04    17.536
  1921   05    16.038
  1921   06    13.996
  1921   07    11.368
  1921   08     8.904
  1921   09     9.156
  1921   10    11.615
  1921   11    13.649
  1921   12    15.575
  1922   01    17.284
  1922   02    17.974
  1922   03    17.788
  1922   04    17.287
  1922   05    16.228
  1922   06    14.269
  1922   07    11.787
  1922   08     9.555
  1922   09     9.960
  1922   10    11.739
  1922   11    13.922
  1922   12    15.928
  1923   01    17.310
  1923   02    17.801
  1923   03    18.015
  1923   04    17.555
  1923   05    16.300
  1923   06    13.946
  1923   07    11.574
  1923   08     9.215
  1923   09     9.134
  1923   10    11.017
  1923   11    12.885
  1923   12    15.115
  1924   01    16.533
  1924   02    17.448
  1924   03    17.682
  1924   04    16.886
  1924   05    15.599
  1924   06    13.849
  1924   07    11.311
  1924   08     8.174
  1924   09     8.800
  1924   10    11.125
  1924   11    12.900
  1924   12    15.595
  1925   01    16.701
  1925   02    17.570
  1925   03    17.864
  1925   04    17.336
  1925   05    15.662
  1925   06    13.545
  1925   07    10.885
  1925   08     9.161
  1925   09     9.134
  1925   10    11.197
  1925   11    13.661
  1925   12    15.874
  1926   01    17.311
  1926   02    18.071
  1926   03    18.001
  1926   04    17.877
  1926   05    15.774
  1926   06    14.012
  1926   07    10.925
  1926   08     8.909
  1926   09     9.035
  1926   10    10.980
  1926   11    13.351
  1926   12    16.059
  1927   01    17.557
  1927   02    18.275
  1927   03    18.662
  1927   04    17.805
  1927   05    16.317
  1927   06    14.120
  1927   07    10.938
  1927   08     8.933
  1927   09     9.313
  1927   10    11.276
  1927   11    13.513
  1927   12    15.676
  1928   01    17.069
  1928   02    17.943
  1928   03    18.242
  1928   04    17.555
  1928   05    16.138
  1928   06    13.509
  1928   07    11.550
  1928   08     9.245
  1928   09     9.235
  1928   10    11.395
  1928   11    13.690
  1928   12    15.744
  1929   01    16.913
  1929   02    17.715
  1929   03    18.141
  1929   04    17.563
  1929   05    15.764
  1929   06    14.290
  1929   07    11.650
  1929   08    10.098
  1929   09    10.530
  1929   10    11.827
  1929   11    14.093
  1929   12    15.995
  1930   01    17.378
  1930   02    18.206
  1930   03    18.716
  1930   04    18.016
  1930   05    16.747
  1930   06    14.710
  1930   07    11.013
  1930   08     9.142
  1930   09     9.516
  1930   10    11.254
  1930   11    14.045
  1930   12    16.089
  1931   01    17.349
  1931   02    17.998
  1931   03    18.428
  1931   04    17.847
  1931   05    16.431
  1931   06    14.046
  1931   07    11.581
  1931   08     9.815
  1931   09     9.820
  1931   10    12.153
  1931   11    14.099
  1931   12    16.226
  1932   01    17.679
  1932   02    18.529
  1932   03    18.695
  1932   04    18.068
  1932   05    16.356
  1932   06    14.704
  1932   07    12.264
  1932   08    10.447
  1932   09    10.676
  1932   10    12.428
  1932   11    14.592
  1932   12    16.549
  1933   01    17.866
  1933   02    18.649
  1933   03    18.560
  1933   04    18.041
  1933   05    16.965
  1933   06    14.792
  1933   07    11.721
  1933   08     9.092
  1933   09     9.583
  1933   10    12.311
  1933   11    14.532
  1933   12    16.673
  1934   01    17.769
  1934   02    18.476
  1934   03    18.677
  1934   04    17.897
  1934   05    16.522
  1934   06    14.425
  1934   07    11.744
  1934   08     8.853
  1934   09     9.101
  1934   10    11.033
  1934   11    13.699
  1934   12    16.189
  1935   01    17.569
  1935   02    18.487
  1935   03    18.511
  1935   04    17.870
  1935   05    16.202
  1935   06    14.124
  1935   07    11.956
  1935   08     9.212
  1935   09     9.595
  1935   10    12.060
  1935   11    14.378
  1935   12    16.309
  1936   01    18.112
  1936   02    18.690
  1936   03    18.959
  1936   04    17.696
  1936   05    16.454
  1936   06    14.372
  1936   07    11.486
  1936   08     9.389
  1936   09     9.163
  1936   10    11.303
  1936   11    13.192
  1936   12    15.428
  1937   01    16.730
  1937   02    17.458
  1937   03    18.075
  1937   04    17.093
  1937   05    15.721
  1937   06    14.142
  1937   07    10.875
  1937   08     8.917
  1937   09     8.776
  1937   10    10.922
  1937   11    13.405
  1937   12    15.652
  1938   01    16.920
  1938   02    17.675
  1938   03    18.080
  1938   04    18.029
  1938   05    16.797
  1938   06    14.326
  1938   07    10.550
  1938   08     9.195
  1938   09     9.258
  1938   10    11.126
  1938   11    13.761
  1938   12    16.000
  1939   01    17.799
  1939   02    18.486
  1939   03    18.581
  1939   04    17.996
  1939   05    16.615
  1939   06    14.142
  1939   07    11.038
  1939   08     9.526
  1939   09     9.478
  1939   10    10.715
  1939   11    12.915
  1939   12    15.765
  1940   01    17.058
  1940   02    17.585
  1940   03    17.668
  1940   04    17.200
  1940   05    15.246
  1940   06    12.163
  1940   07     9.350
  1940   08     8.143
  1940   09     8.408
  1940   10    10.149
  1940   11    12.369
  1940   12    14.885
  1941   01    16.500
  1941   02    17.100
  1941   03    17.566
  1941   04    17.101
  1941   05    15.306
  1941   06    13.467
  1941   07    10.926
  1941   08     8.892
  1941   09     8.890
  1941   10    10.907
  1941   11    12.957
  1941   12    14.717
  1942   01    16.197
  1942   02    17.524
  1942   03    17.586
  1942   04    16.729
  1942   05    15.501
  1942   06    13.238
  1942   07    10.930
  1942   08     8.456
  1942   09     8.550
  1942   10    10.476
  1942   11    12.233
  1942   12    14.950
  1943   01    16.539
  1943   02    17.570
  1943   03    17.882
  1943   04    17.297
  1943   05    15.718
  1943   06    13.255
  1943   07    10.645
  1943   08     8.984
  1943   09     8.994
  1943   10    10.787
  1943   11    12.263
  1943   12    15.017
  1944   01    16.457
  1944   02    17.180
  1944   03    17.060
  1944   04    16.603
  1944   05    15.346
  1944   06    13.500
  1944   07     9.974
  1944   08     7.586
  1944   09     7.744
  1944   10    10.235
  1944   11    12.900
  1944   12    14.946
  1945   01    16.251
  1945   02    17.024
  1945   03    17.450
  1945   04    16.551
  1945   05    15.424
  1945   06    13.930
  1945   07    10.805
  1945   08     9.327
  1945   09     9.726
  1945   10    11.518
  1945   11    13.217
  1945   12    15.234
  1946   01    16.954
  1946   02    17.661
  1946   03    17.914
  1946   04    17.299
  1946   05    16.072
  1946   06    13.347
  1946   07    10.785
  1946   08     8.707
  1946   09     8.837
  1946   10    10.425
  1946   11    12.947
  1946   12    14.910
  1947   01    16.582
  1947   02    17.566
  1947   03    17.833
  1947   04    17.264
  1947   05    15.587
  1947   06    13.651
  1947   07    10.972
  1947   08     9.181
  1947   09     9.514
  1947   10    11.265
  1947   11    13.223
  1947   12    15.358
  1948   01    16.764
  1948   02    17.825
  1948   03    17.993
  1948   04    17.316
  1948   05    15.841
  1948   06    13.517
  1948   07    10.598
  1948   08     8.290
  1948   09     8.903
  1948   10    11.044
  1948   11    13.320
  1948   12    14.948
  1949   01    16.159
  1949   02    17.209
  1949   03    17.658
  1949   04    16.753
  1949   05    15.345
  1949   06    12.978
  1949   07    10.408
  1949   08     8.471
  1949   09     8.709
  1949   10    10.405
  1949   11    12.616
  1949   12    15.060
  1950   01    16.464
  1950   02    17.288
  1950   03    17.689
  1950   04    16.535
  1950   05    15.391
  1950   06    13.557
  1950   07    11.295
  1950   08     8.909
  1950   09     8.941
  1950   10    11.033
  1950   11    13.035
  1950   12    15.309
  1951   01    16.300
  1951   02    17.121
  1951   03    17.170
  1951   04    16.562
  1951   05    15.086
  1951   06    12.704
  1951   07    10.170
  1951   08     8.251
  1951   09     8.118
  1951   10    10.200
  1951   11    12.536
  1951   12    14.517
  1952   01    16.104
  1952   02    16.854
  1952   03    17.157
  1952   04    16.575
  1952   05    15.044
  1952   06    13.057
  1952   07    10.671
  1952   08     8.438
  1952   09     8.742
  1952   10    10.698
  1952   11    13.294
  1952   12    14.704
  1953   01    15.997
  1953   02    17.096
  1953   03    17.201
  1953   04    16.426
  1953   05    15.017
  1953   06    13.164
  1953   07     9.826
  1953   08     7.818
  1953   09     7.924
  1953   10     9.895
  1953   11    12.747
  1953   12    15.014
  1954   01    16.266
  1954   02    16.968
  1954   03    17.232
  1954   04    16.704
  1954   05    15.548
  1954   06    13.168
  1954   07    10.329
  1954   08     8.814
  1954   09     8.384
  1954   10    10.051
  1954   11    12.502
  1954   12    15.109
  1955   01    16.610
  1955   02    17.824
  1955   03    18.119
  1955   04    17.040
  1955   05    15.794
  1955   06    13.961
  1955   07    10.780
  1955   08     8.854
  1955   09     8.945
  1955   10    11.186
  1955   11    13.336
  1955   12    15.450
  1956   01    16.802
  1956   02    17.535
  1956   03    18.027
  1956   04    17.552
  1956   05    16.260
  1956   06    14.419
  1956   07    11.724
  1956   08    10.243
  1956   09    10.577
  1956   10    12.157
  1956   11    14.414
  1956   12    16.266
  1957   01    17.416
  1957   02    17.874
  1957   03    17.975
  1957   04    17.436
  1957   05    16.412
  1957   06    13.996
  1957   07    11.739
  1957   08     9.516
  1957   09     9.539
  1957   10    11.335
  1957   11    13.496
  1957   12    15.622
  1958   01    16.997
  1958   02    17.504
  1958   03    18.049
  1958   04    17.319
  1958   05    15.822
  1958   06    14.083
  1958   07    10.838
  1958   08     8.402
  1958   09     8.711
  1958   10    10.578
  1958   11    13.044
  1958   12    15.466
  1959   01    16.900
  1959   02    17.523
  1959   03    17.871
  1959   04    17.605
  1959   05    15.713
  1959   06    13.810
  1959   07    10.594
  1959   08     8.405
  1959   09     8.442
  1959   10    10.720
  1959   11    13.092
  1959   12    15.657
  1960   01    17.366
  1960   02    17.986
  1960   03    18.131
  1960   04    17.292
  1960   05    15.874
  1960   06    13.045
  1960   07     9.205
  1960   08     7.754
  1960   09     7.787
  1960   10    10.123
  1960   11    12.569
  1960   12    15.087
  1961   01    16.810
  1961   02    17.618
  1961   03    18.057
  1961   04    17.595
  1961   05    16.274
  1961   06    14.024
  1961   07    10.531
  1961   08     7.884
  1961   09     8.011
  1961   10    10.862
  1961   11    13.369
  1961   12    15.456
  1962   01    16.826
  1962   02    17.519
  1962   03    17.505
  1962   04    17.108
  1962   05    15.821
  1962   06    13.610
  1962   07    10.495
  1962   08     8.467
  1962   09     8.934
  1962   10    10.920
  1962   11    13.658
  1962   12    15.701
  1963   01    17.318
  1963   02    18.156
  1963   03    18.227
  1963   04    17.767
  1963   05    16.009
  1963   06    14.469
  1963   07    11.236
  1963   08     9.568
  1963   09     9.652
  1963   10    11.375
  1963   11    13.459
  1963   12    15.643
  1964   01    16.816
  1964   02    17.245
  1964   03    17.764
  1964   04    17.245
  1964   05    15.995
  1964   06    14.242
  1964   07    11.432
  1964   08     9.459
  1964   09     9.553
  1964   10    11.434
  1964   11    13.909
  1964   12    15.727
  1965   01    17.353
  1965   02    18.205
  1965   03    18.591
  1965   04    18.092
  1965   05    16.126
  1965   06    13.405
  1965   07    11.499
  1965   08     9.523
  1965   09    10.003
  1965   10    11.380
  1965   11    13.043
  1965   12    15.874
  1966   01    17.071
  1966   02    17.806
  1966   03    18.233
  1966   04    17.952
  1966   05    16.329
  1966   06    13.728
  1966   07    11.132
  1966   08     9.938
  1966   09     9.722
  1966   10    11.256
  1966   11    13.276
  1966   12    15.038
  1967   01    16.884
  1967   02    17.572
  1967   03    17.778
  1967   04    17.294
  1967   05    15.841
  1967   06    14.091
  1967   07    11.037
  1967   08     8.671
  1967   09     8.750
  1967   10    10.807
  1967   11    13.281
  1967   12    15.832
  1968   01    16.962
  1968   02    17.725
  1968   03    18.163
  1968   04    17.678
  1968   05    15.903
  1968   06    13.560
  1968   07    10.480
  1968   08     9.050
  1968   09     8.974
  1968   10    11.408
  1968   11    13.478
  1968   12    15.924
  1969   01    17.649
  1969   02    18.152
  1969   03    18.191
  1969   04    17.567
  1969   05    16.198
  1969   06    13.356
  1969   07    11.192
  1969   08     8.277
  1969   09     8.308
  1969   10    10.478
  1969   11    12.854
  1969   12    15.359
  1970   01    16.822
  1970   02    17.875
  1970   03    18.329
  1970   04    17.506
  1970   05    16.497
  1970   06    13.731
  1970   07    10.899
  1970   08     8.746
  1970   09     8.142
  1970   10    10.803
  1970   11    13.077
  1970   12    14.882
  1971   01    16.675
  1971   02    17.416
  1971   03    17.593
  1971   04    17.048
  1971   05    15.394
  1971   06    13.614
  1971   07    10.843
  1971   08     8.941
  1971   09     9.138
  1971   10    11.088
  1971   11    13.292
  1971   12    15.223
  1972   01    16.428
  1972   02    17.592
  1972   03    17.668
  1972   04    16.869
  1972   05    16.018
  1972   06    14.116
  1972   07    11.186
  1972   08     9.234
  1972   09     9.059
  1972   10    11.334
  1972   11    13.446
  1972   12    15.896
  1973   01    17.291
  1973   02    17.926
  1973   03    18.322
  1973   04    17.508
  1973   05    16.374
  1973   06    14.033
  1973   07    10.967
  1973   08     9.049
  1973   09     9.243
  1973   10    10.941
  1973   11    12.862
  1973   12    15.402
  1974   01    16.789
  1974   02    17.376
  1974   03    17.670
  1974   04    17.343
  1974   05    15.956
  1974   06    13.387
  1974   07    10.653
  1974   08     8.365
  1974   09     8.602
  1974   10    10.405
  1974   11    12.479
  1974   12    15.133
  1975   01    16.357
  1975   02    17.193
  1975   03    17.961
  1975   04    17.472
  1975   05    15.807
  1975   06    13.394
  1975   07     9.820
  1975   08     8.625
  1975   09     8.535
  1975   10    10.546
  1975   11    11.909
  1975   12    14.763
  1976   01    16.563
  1976   02    17.096
  1976   03    17.501
  1976   04    17.065
  1976   05    15.673
  1976   06    13.090
  1976   07     9.799
  1976   08     8.178
  1976   09     8.435
  1976   10    10.020
  1976   11    12.642
  1976   12    15.150
  1977   01    16.496
  1977   02    17.151
  1977   03    17.360
  1977   04    16.639
  1977   05    15.316
  1977   06    12.734
  1977   07     9.876
  1977   08     8.043
  1977   09     8.354
  1977   10     9.945
  1977   11    12.364
  1977   12    14.975
  1978   01    16.183
  1978   02    16.750
  1978   03    16.832
  1978   04    16.502
  1978   05    15.473
  1978   06    13.130
  1978   07    10.318
  1978   08     9.035
  1978   09     8.711
  1978   10    10.772
  1978   11    12.782
  1978   12    15.028
  1979   01    16.496
  1979   02    17.003
  1979   03    17.304
  1979   04    16.697
  1979   05    15.224
  1979   06    12.777
  1979   07     9.416
  1979   08     7.967
  1979   09     8.010
  1979   10     9.807
  1979   11    12.111
  1979   12    14.192
  1980   01    15.703
  1980   02    16.668
  1980   03    16.894
  1980   04    16.286
  1980   05    14.486
  1980   06    12.399
  1980   07     9.070
  1980   08     7.223
  1980   09     7.589
  1980   10     9.735
  1980   11    12.154
  1980   12    14.437
  1981   01    15.927
  1981   02    16.861
  1981   03    17.323
  1981   04    16.874
  1981   05    15.097
  1981   06    12.893
  1981   07    10.638
  1981   08     7.823
  1981   09     7.940
  1981   10    10.485
  1981   11    12.394
  1981   12    14.536
  1982   01    16.022
  1982   02    17.145
  1982   03    17.257
  1982   04    16.406
  1982   05    14.534
  1982   06    12.634
  1982   07     9.871
  1982   08     7.589
  1982   09     8.060
  1982   10     9.816
  1982   11    12.018
  1982   12    14.117
  1983   01    15.720
  1983   02    16.560
  1983   03    16.931
  1983   04    16.328
  1983   05    14.815
  1983   06    13.091
  1983   07    10.714
  1983   08     8.824
  1983   09     9.070
  1983   10    10.878
  1983   11    12.707
  1983   12    14.873
  1984   01    16.195
  1984   02    16.776
  1984   03    17.071
  1984   04    16.513
  1984   05    15.366
  1984   06    12.782
  1984   07     9.946
  1984   08     7.502
  1984   09     7.548
  1984   10    10.327
  1984   11    12.293
  1984   12    14.805
  1985   01    16.337
  1985   02    17.013
  1985   03    17.140
  1985   04    16.729
  1985   05    15.412
  1985   06    13.118
  1985   07    10.158
  1985   08     8.170
  1985   09     8.087
  1985   10    10.435
  1985   11    12.269
  1985   12    14.814
  1986   01    16.183
  1986   02    17.041
  1986   03    17.512
  1986   04    16.660
  1986   05    15.172
  1986   06    12.716
  1986   07     9.422
  1986   08     7.494
  1986   09     8.101
  1986   10     9.883
  1986   11    12.262
  1986   12    14.691
  1987   01    16.315
  1987   02    17.279
  1987   03    17.379
  1987   04    16.596
  1987   05    15.644
  1987   06    13.406
  1987   07    10.474
  1987   08     8.584
  1987   09     8.442
  1987   10    11.070
  1987   11    13.181
  1987   12    15.082
  1988   01    16.343
  1988   02    17.199
  1988   03    17.657
  1988   04    16.962
  1988   05    15.191
  1988   06    12.975
  1988   07     9.798
  1988   08     8.101
  1988   09     8.160
  1988   10    10.138
  1988   11    12.761
  1988   12    14.964
  1989   01    16.425
  1989   02    17.127
  1989   03    17.437
  1989   04    16.695
  1989   05    15.327
  1989   06    13.025
  1989   07     9.729
  1989   08     8.236
  1989   09     7.890
  1989   10    10.155
  1989   11    12.512
  1989   12    15.336
  1990   01    16.425
  1990   02    16.937
  1990   03    17.169
  1990   04    16.904
  1990   05    15.468
  1990   06    13.202
  1990   07     9.636
  1990   08     8.505
  1990   09     8.636
  1990   10    10.078
  1990   11    12.439
  1990   12    14.903
  1991   01    16.061
  1991   02    17.077
  1991   03    17.505
  1991   04    16.484
  1991   05    14.944
  1991   06    13.163
  1991   07    10.789
  1991   08     8.504
  1991   09     8.777
  1991   10    10.437
  1991   11    12.885
  1991   12    14.793
  1992   01    16.386
  1992   02    17.192
  1992   03    17.426
  1992   04    16.860
  1992   05    15.110
  1992   06    12.559
  1992   07    10.272
  1992   08     7.822
  1992   09     8.335
  1992   10    10.886
  1992   11    12.842
  1992   12    14.744
  1993   01    15.973
  1993   02    16.616
  1993   03    16.643
  1993   04    16.132
  1993   05    14.498
  1993   06    12.218
  1993   07     9.173
  1993   08     7.382
  1993   09     7.642
  1993   10     9.244
  1993   11    11.631
  1993   12    14.302
  1994   01    15.677
  1994   02    16.422
  1994   03    16.465
  1994   04    16.164
  1994   05    14.915
  1994   06    12.762
  1994   07     9.113
  1994   08     7.387
  1994   09     7.164
  1994   10     9.727
  1994   11    12.855
  1994   12    14.857
  1995   01    16.115
  1995   02    16.788
  1995   03    17.027
  1995   04    16.221
  1995   05    15.010
  1995   06    12.852
  1995   07    10.199
  1995   08     7.864
  1995   09     7.421
  1995   10     9.802
  1995   11    12.136
  1995   12    14.107
  1996   01    15.811
  1996   02    16.296
  1996   03    16.746
  1996   04    16.369
  1996   05    14.749
  1996   06    13.136
  1996   07     9.893
  1996   08     8.602
  1996   09     9.002
  1996   10    10.601
  1996   11    12.652
  1996   12    14.649
  1997   01    15.719
  1997   02    16.342
  1997   03    16.784
  1997   04    16.163
  1997   05    14.910
  1997   06    12.651
  1997   07     9.321
  1997   08     7.889
  1997   09     7.825
  1997   10     9.365
  1997   11    11.455
  1997   12    13.868
  1998   01    15.716
  1998   02    16.271
  1998   03    16.598
  1998   04    16.457
  1998   05    15.054
  1998   06    12.475
  1998   07     9.554
  1998   08     7.318
  1998   09     7.066
  1998   10     9.234
  1998   11    11.700
  1998   12    14.034
  1999   01    15.566
  1999   02    16.021
  1999   03    16.566
  1999   04    16.315
  1999   05    14.383
  1999   06    12.826
  1999   07     9.915
  1999   08     8.117
  1999   09     7.834
  1999   10     9.460
  1999   11    11.609
  1999   12    13.708
  2000   01    15.279
  2000   02    16.170
  2000   03    16.432
  2000   04    15.934
  2000   05    14.622
  2000   06    12.556
  2000   07     9.438
  2000   08     7.204
  2000   09     7.322
  2000   10    10.398
  2000   11    12.348
  2000   12    14.879
  2001   01    15.868
  2001   02    16.738
  2001   03    16.796
  2001   04    16.398
  2001   05    15.303
  2001   06    13.397
  2001   07     9.996
  2001   08     8.336
  2001   09     8.459
  2001   10    10.600
  2001   11    12.784
  2001   12    14.792
  2002   01    15.889
  2002   02    16.535
  2002   03    16.716
  2002   04    16.571
  2002   05    14.911
  2002   06    13.483
  2002   07    10.202
  2002   08     7.742
  2002   09     7.877
  2002   10     9.711
  2002   11    12.267
  2002   12    14.375
  2003   01    15.536
  2003   02    16.324
  2003   03    16.869
  2003   04    16.035
  2003   05    14.310
  2003   06    12.595
  2003   07     8.856
  2003   08     7.723
  2003   09     7.506
  2003   10     9.445
  2003   11    11.961
  2003   12    14.069
  2004   01    15.562
  2004   02    16.332
  2004   03    16.526
  2004   04    15.721
  2004   05    14.292
  2004   06    11.674
  2004   07     9.150
  2004   08     8.044
  2004   09     7.576
  2004   10     9.120
  2004   11    11.078
  2004   12    13.870
  2005   01    15.155
  2005   02    15.557
  2005   03    16.051
  2005   04    15.658
  2005   05    14.477
  2005   06    12.068
  2005   07     9.069
  2005   08     7.937
  2005   09     7.946
  2005   10     9.693
  2005   11    11.493
  2005   12    13.749
  2006   01    15.072
  2006   02    15.673
  2006   03    16.034
  2006   04    15.449
  2006   05    14.145
  2006   06    12.040
  2006   07     8.701
  2006   08     6.819
  2006   09     7.214
  2006   10     9.563
  2006   11    11.603
  2006   12    13.828
  2007   01    14.599
  2007   02    15.297
  2007   03    15.450
  2007   04    14.744
  2007   05    13.652
  2007   06    11.635
  2007   07     8.993
  2007   08     7.808
  2007   09     8.038
  2007   10     9.556
  2007   11    11.109
  2007   12    12.952
  2008   01    14.253
  2008   02    15.039
  2008   03    15.487
  2008   04    14.664
  2008   05    13.720
  2008   06    11.788
  2008   07     9.002
  2008   08     6.472
  2008   09     6.525
  2008   10     9.519
  2008   11    11.722
  2008   12    13.257
  2009   01    14.171
  2009   02    14.942
  2009   03    15.308
  2009   04    15.128
  2009   05    14.318
  2009   06    11.845
  2009   07     8.980
  2009   08     7.352
  2009   09     7.522
  2009   10     9.196
  2009   11    11.133
  2009   12    13.162
  2010   01    14.624
  2010   02    15.395
  2010   03    15.594
  2010   04    15.116
  2010   05    13.628
  2010   06    11.823
  2010   07     8.492
  2010   08     6.924
  2010   09     7.017
  2010   10     8.438
  2010   11    10.476
  2010   12    12.864
  2011   01    14.250
  2011   02    15.315
  2011   03    15.534
  2011   04    14.773
  2011   05    13.486
  2011   06    11.495
  2011   07     8.719
  2011   08     7.315
  2011   09     7.004
  2011   10     8.644
  2011   11    11.046
  2011   12    13.145
  2012   01    14.315
  2012   02    15.086
  2012   03    15.288
  2012   04    14.517
  2012   05    13.041
  2012   06    11.613
  2012   07     8.793
  2012   08     7.319
  2012   09     6.941
  2012   10     8.884
  2012   11    10.947
  2012   12    12.618
  2013   01    14.353
  2013   02    15.257
  2013   03    15.562
  2013   04    15.076
  2013   05    14.226
  2013   06    12.010
  2013   07     9.601
  2013   08     7.737
  2013   09     7.798
  2013   10     9.478
  2013   11    11.358
  2013   12    13.774
  2014   01    15.078
  2014   02    15.543
  2014   03    15.810
  2014   04    15.428
  2014   05    14.102
  2014   06    11.727
  2014   07     9.152
  2014   08     7.627
  2014   09     7.542
  2014   10     8.920
  2014   11    11.341
  2014   12    13.138
  2015   01    14.330
  2015   02    15.078
  2015   03    15.465
  2015   04    14.896
  2015   05    13.659
  2015   06    11.898
  2015   07     9.261
  2015   08     7.545
  2015   09     7.389
  2015   10     9.438
  2015   11    10.851
  2015   12    12.968
  2016   01    14.685
  2016   02    15.360
  2016   03    15.586
  2016   04    14.926
  2016   05    13.807
  2016   06    11.566
  2016   07     8.128
  2016   08     6.844
  2016   09     6.782
  2016   10     8.356
  2016   11    10.723
  2016   12    13.145
  2017   01    14.476
  2017   02    15.384
  2017   03    15.706
  2017   04    15.251
  2017   05    13.760
  2017   06    11.868
  2017   07     9.632
  2017   08     7.974
  2017   09     7.805
  2017   10     9.384
  2017   11    11.310
  2017   12    13.699
  2018   01    14.946
  2018   02    15.840
  2018   03    16.230
  2018   04    15.880
  2018   05    14.775
  2018   06    12.538
  2018   07     8.669
  2018   08     6.957
  2018   09     6.294
  2018   10     8.583
  2018   11    11.582
  2018   12    13.935
  2019   01    15.636
  2019   02    16.247
  2019   03    16.265
  2019   04    15.654
  2019   05    14.449
  2019   06    12.016
  2019   07     8.478
  2019   08     6.555
  2019   09     6.030
  2019   10     8.505
  2019   11    11.676
  2019   12    13.910
  2020   01    15.259
  2020   02    15.806
  2020   03    15.967
  2020   04    15.553
  2020   05    14.136
  2020   06    12.542
  2020   07     9.344
  2020   08     7.280
  2020   09     7.278
  2020   10     9.065
  2020   11    11.771
  2020   12    13.430
  2021   01    14.538
  2021   02    15.065
  2021   03    15.518
  2021   04    15.052
  2021   05    14.105
  2021   06    11.691
  2021   07     8.158
  2021   08     6.288
  2021   09     6.269
  2021   10     8.178
  2021   11    10.839
  2021   12    13.304
  2022   01    14.547
  2022   02    15.338
  2022   03    15.616
  2022   04    15.006
  2022   05    13.588
  2022   06    11.966
  2022   07     8.386
  2022   08     6.266
  2022   09     5.675
  2022   10     7.554
  2022   11    10.715
  2022   12    13.027
  2023   01    14.251
  2023   02    14.630
  2023   03    14.896
  2023   04    14.541
  2023   05    13.139
  2023   06    11.336
  2023   07     8.283
  2023   08     6.850
  2023   09     6.986
  2023   10     8.578
  2023   11    10.896
  2023   12    13.033
  2024   01    14.441
  2024   02    15.069
  2024   03    15.470
  2024   04    15.071
  2024   05    13.894
  2024   06    11.661
  2024   07     8.528
  2024   08     6.722
  2024   09     6.925
  2024   10     8.876
  2024   11    11.315
  2024   12    12.984
  2025   01    14.503
  2025   02    15.324
  2025   03    15.792
  2025   04    14.974
  2025   05    13.897
  2025   06    11.904
  2025   07     7.909
  2025   08     6.229
  2025   09     6.218
  2025   10     8.107
  2025   11    10.629
  2025   12    12.990
  2026   01    14.343
  2026   02    14.918
  2026   03    15.321
  2026   04    14.730
  2026   05    13.506
  2026   06    11.668
  2026   07     8.363
  2026   08     6.161
  2026   09     5.649
  2026   10     7.912
  2026   11    10.477
  2026   12    12.731
  2027   01    13.826
  2027   02    14.793
  2027   03    15.404
  2027   04    14.805
  2027   05    13.777
  2027   06    12.153
  2027   07     9.027
  2027   08     6.573
  2027   09     6.402
  2027   10     8.717
  2027   11    11.174
  2027   12    13.355
  2028   01    14.427
  2028   02    15.074
  2028   03    15.239
  2028   04    14.722
  2028   05    13.930
  2028   06    11.680
  2028   07     8.848
  2028   08     6.716
  2028   09     6.651
  2028   10     8.992
  2028   11    10.650
  2028   12    13.025
  2029   01    14.225
  2029   02    14.866
  2029   03    15.253
  2029   04    14.614
  2029   05    13.498
  2029   06    11.700
  2029   07     8.575
  2029   08     7.209
  2029   09     6.929
  2029   10     9.071
  2029   11    10.844
  2029   12    12.933
  2030   01    14.261
  2030   02    14.961
  2030   03    14.806
  2030   04    14.344
  2030   05    13.087
  2030   06    10.721
  2030   07     7.781
  2030   08     6.117
  2030   09     5.782
  2030   10     8.212
  2030   11    10.543
  2030   12    12.686
  2031   01    14.484
  2031   02    15.238
  2031   03    15.479
  2031   04    14.874
  2031   05    13.591
  2031   06    10.286
  2031   07     7.576
  2031   08     6.066
  2031   09     5.701
  2031   10     7.654
  2031   11    10.426
  2031   12    12.572
  2032   01    14.218
  2032   02    14.984
  2032   03    14.885
  2032   04    14.393
  2032   05    13.257
  2032   06    11.260
  2032   07     8.040
  2032   08     5.450
  2032   09     5.724
  2032   10     7.823
  2032   11    10.824
  2032   12    12.829
  2033   01    14.570
  2033   02    15.392
  2033   03    15.360
  2033   04    15.007
  2033   05    13.621
  2033   06    11.107
  2033   07     7.508
  2033   08     5.737
  2033   09     5.215
  2033   10     6.710
  2033   11    10.088
  2033   12    13.059
  2034   01    14.295
  2034   02    15.155
  2034   03    15.496
  2034   04    15.019
  2034   05    13.635
  2034   06    11.416
  2034   07     7.081
  2034   08     4.831
  2034   09     4.755
  2034   10     6.629
  2034   11    10.533
  2034   12    13.017
  2035   01    14.706
  2035   02    15.480
  2035   03    15.693
  2035   04    15.135
  2035   05    13.218
  2035   06    10.833
  2035   07     7.621
  2035   08     5.828
  2035   09     5.471
  2035   10     7.533
  2035   11    10.024
  2035   12    12.790
  2036   01    14.047
  2036   02    14.835
  2036   03    14.967
  2036   04    14.539
  2036   05    12.840
  2036   06    10.306
  2036   07     6.865
  2036   08     5.453
  2036   09     5.107
  2036   10     6.534
  2036   11    10.113
  2036   12    12.541
  2037   01    13.797
  2037   02    14.874
  2037   03    15.175
  2037   04    14.843
  2037   05    13.086
  2037   06    11.039
  2037   07     7.344
  2037   08     5.707
  2037   09     5.485
  2037   10     7.349
  2037   11    10.615
  2037   12    13.086
  2038   01    14.234
  2038   02    15.001
  2038   03    15.193
  2038   04    14.788
  2038   05    13.495
  2038   06    11.436
  2038   07     7.496
  2038   08     5.739
  2038   09     4.867
  2038   10     7.074
  2038   11    10.492
  2038   12    12.678
  2039   01    14.178
  2039   02    14.935
  2039   03    14.905
  2039   04    14.612
  2039   05    13.195
  2039   06    11.288
  2039   07     8.296
  2039   08     5.242
  2039   09     5.298
  2039   10     8.676
  2039   11    10.998
  2039   12    12.859
  2040   01    14.348
  2040   02    15.155
  2040   03    15.251
  2040   04    14.922
  2040   05    13.659
  2040   06    11.030
  2040   07     7.338
  2040   08     5.427
  2040   09     5.131
  2040   10     6.783
  2040   11    10.480
  2040   12    13.029
  2041   01    14.233
  2041   02    15.055
  2041   03    15.411
  2041   04    14.538
  2041   05    13.585
  2041   06    11.342
  2041   07     8.104
  2041   08     6.331
  2041   09     5.195
  2041   10     7.504
  2041   11    10.183
  2041   12    12.579
  2042   01    14.047
  2042   02    14.793
  2042   03    15.087
  2042   04    14.698
  2042   05    13.827
  2042   06    11.918
  2042   07     7.990
  2042   08     5.459
  2042   09     5.002
  2042   10     7.379
  2042   11    11.068
  2042   12    12.687
  2043   01    13.783
  2043   02    14.403
  2043   03    14.738
  2043   04    14.314
  2043   05    13.248
  2043   06    11.760
  2043   07     8.063
  2043   08     5.518
  2043   09     5.808
  2043   10     8.098
  2043   11    10.732
  2043   12    12.552
  2044   01    13.957
  2044   02    14.532
  2044   03    14.790
  2044   04    14.378
  2044   05    13.081
  2044   06    11.270
  2044   07     7.564
  2044   08     4.275
  2044   09     3.628
  2044   10     6.823
  2044   11    10.277
  2044   12    12.507
  2045   01    14.382
  2045   02    14.874
  2045   03    15.257
  2045   04    14.822
  2045   05    13.526
  2045   06    11.346
  2045   07     7.665
  2045   08     4.211
  2045   09     3.725
  2045   10     6.157
  2045   11    10.266
  2045   12    12.593
  2046   01    14.255
  2046   02    14.856
  2046   03    15.458
  2046   04    15.021
  2046   05    13.770
  2046   06    11.010
  2046   07     7.164
  2046   08     4.637
  2046   09     4.386
  2046   10     6.634
  2046   11    10.414
  2046   12    12.688
  2047   01    14.145
  2047   02    14.707
  2047   03    15.019
  2047   04    14.514
  2047   05    13.336
  2047   06    11.308
  2047   07     6.943
  2047   08     5.020
  2047   09     4.111
  2047   10     6.307
  2047   11    10.191
  2047   12    12.382
  2048   01    13.881
  2048   02    14.613
  2048   03    14.739
  2048   04    14.262
  2048   05    13.512
  2048   06    11.382
  2048   07     7.163
  2048   08     4.666
  2048   09     4.642
  2048   10     7.243
  2048   11    10.554
  2048   12    12.937
  2049   01    14.358
  2049   02    14.804
  2049   03    15.281
  2049   04    14.852
  2049   05    14.003
  2049   06    11.047
  2049   07     8.919
  2049   08     6.023
  2049   09     6.027
  2049   10     7.958
  2049   11    10.586
  2049   12    12.556
  2050   01    14.482
  2050   02    15.333
  2050   03    15.489
  2050   04    14.893
  2050   05    13.937
  2050   06    11.135
  2050   07     7.032
  2050   08     4.395
  2050   09     3.425
  2050   10     6.587
  2050   11     9.569
  2050   12    12.713
  2051   01    14.230
  2051   02    15.274
  2051   03    15.547
  2051   04    14.801
  2051   05    13.568
  2051   06    11.165
  2051   07     6.855
  2051   08     4.142
  2051   09     3.425
  2051   10     5.847
  2051   11     9.530
  2051   12    12.593
  2052   01    14.300
  2052   02    15.101
  2052   03    15.562
  2052   04    15.106
  2052   05    14.117
  2052   06    11.825
  2052   07     8.045
  2052   08     5.562
  2052   09     5.296
  2052   10     7.421
  2052   11    10.411
  2052   12    12.499
  2053   01    14.151
  2053   02    15.209
  2053   03    15.473
  2053   04    15.171
  2053   05    13.850
  2053   06    11.335
  2053   07     7.952
  2053   08     5.143
  2053   09     4.592
  2053   10     7.916
  2053   11    10.809
  2053   12    12.776
  2054   01    13.984
  2054   02    14.862
  2054   03    15.260
  2054   04    14.946
  2054   05    13.637
  2054   06    10.445
  2054   07     6.732
  2054   08     4.864
  2054   09     4.315
  2054   10     6.276
  2054   11     9.217
  2054   12    12.591
  2055   01    13.814
  2055   02    14.233
  2055   03    14.385
  2055   04    14.010
  2055   05    12.804
  2055   06    11.287
  2055   07     7.248
  2055   08     4.178
  2055   09     3.394
  2055   10     6.907
  2055   11    10.192
  2055   12    12.084
  2056   01    13.791
  2056   02    14.438
  2056   03    14.770
  2056   04    14.531
  2056   05    13.122
  2056   06    10.643
  2056   07     7.500
  2056   08     3.710
  2056   09     3.068
  2056   10     7.142
  2056   11     9.772
  2056   12    11.982
  2057   01    13.637
  2057   02    14.427
  2057   03    14.839
  2057   04    14.504
  2057   05    13.423
  2057   06    10.868
  2057   07     6.488
  2057   08     3.851
  2057   09     3.153
  2057   10     5.337
  2057   11     9.403
  2057   12    11.148
  2058   01    13.155
  2058   02    13.964
  2058   03    14.205
  2058   04    13.951
  2058   05    12.891
  2058   06     9.431
  2058   07     5.742
  2058   08     3.179
  2058   09     2.942
  2058   10     4.320
  2058   11     7.902
  2058   12    10.751
  2059   01    12.898
  2059   02    13.899
  2059   03    14.084
  2059   04    13.648
  2059   05    11.990
  2059   06     9.091
  2059   07     6.786
  2059   08     3.146
  2059   09     3.340
  2059   10     6.272
  2059   11     8.760
  2059   12    10.922
  2060   01    13.012
  2060   02    13.983
  2060   03    14.426
  2060   04    13.852
  2060   05    12.887
  2060   06    10.331
  2060   07     5.763
  2060   08     3.551
  2060   09     3.512
  2060   10     5.016
  2060   11     8.845
  2060   12    11.796
  2061   01    13.024
  2061   02    13.926
  2061   03    14.249
  2061   04    13.742
  2061   05    12.541
  2061   06     9.736
  2061   07     5.251
  2061   08     2.668
  2061   09     2.099
  2061   10     4.045
  2061   11     7.986
  2061   12    11.096
  2062   01    12.539
  2062   02    13.367
  2062   03    13.809
  2062   04    13.214
  2062   05    11.918
  2062   06     9.011
  2062   07     4.425
  2062   08     1.254
  2062   09     0.364
  2062   10     3.699
  2062   11     6.416
  2062   12     9.911
  2063   01    11.685
  2063   02    12.658
  2063   03    13.181
  2063   04    12.979
  2063   05    12.127
  2063   06     8.895
  2063   07     4.969
  2063   08     1.762
  2063   09     0.753
  2063   10     3.920
  2063   11     7.382
  2063   12    10.722
  2064   01    12.129
  2064   02    12.924
  2064   03    13.332
  2064   04    12.937
  2064   05    11.749
  2064   06     8.823
  2064   07     5.425
  2064   08     1.506
  2064   09     0.089
  2064   10     4.997
  2064   11     8.120
  2064   12    10.123
  2065   01    12.189
  2065   02    13.227
  2065   03    13.429
  2065   04    13.102
  2065   05    11.791
  2065   06     9.113
  2065   07     5.325
  2065   08     0.307
  2065   09     0.173
  2065   10     3.457
  2065   11     7.267
  2065   12    10.555
  2066   01    12.572
  2066   02    13.072
  2066   03    13.321
  2066   04    13.111
  2066   05    12.214
  2066   06     9.608
  2066   07     5.679
  2066   08     2.729
  2066   09     1.237
  2066   10     4.359
  2066   11     7.967
  2066   12    10.810
  2067   01    12.640
  2067   02    13.559
  2067   03    13.825
  2067   04    13.395
  2067   05    11.939
  2067   06     9.082
  2067   07     5.290
  2067   08     0.606
  2067   09     0.231
  2067   10     3.695
  2067   11     7.302
  2067   12    10.756
  2068   01    12.628
  2068   02    13.480
  2068   03    13.892
  2068   04    13.641
  2068   05    12.152
  2068   06     9.246
  2068   07     5.934
  2068   08     2.759
  2068   09     1.777
  2068   10     4.892
  2068   11     8.801
  2068   12    11.738
  2069   01    13.067
  2069   02    13.828
  2069   03    14.213
  2069   04    14.129
  2069   05    12.863
  2069   06    10.440
  2069   07     6.598
  2069   08     2.383
  2069   09     0.737
  2069   10     4.938
  2069   11     9.078
  2069   12    11.603
  2070   01    13.445
  2070   02    13.951
  2070   03    14.193
  2070   04    13.572
  2070   05    11.827
  2070   06     8.846
  2070   07     5.767
  2070   08     2.166
  2070   09     1.426
  2070   10     4.285
  2070   11     7.931
  2070   12    10.743
  2071   01    12.617
  2071   02    13.441
  2071   03    13.497
  2071   04    13.338
  2071   05    12.217
  2071   06     9.578
  2071   07     5.032
  2071   08     1.542
  2071   09     0.164
  2071   10     4.033
  2071   11     7.354
  2071   12    10.711
  2072   01    12.606
  2072   02    13.115
  2072   03    13.322
  2072   04    13.157
  2072   05    11.975
  2072   06     9.433
  2072   07     3.844
  2072   08     1.152
  2072   09     0.878
  2072   10     2.726
  2072   11     5.689
  2072   12    10.616
  2073   01    12.230
  2073   02    13.417
  2073   03    13.723
  2073   04    13.255
  2073   05    12.127
  2073   06     9.392
  2073   07     4.746
  2073   08     0.451
  2073   09     0.027
  2073   10     1.646
  2073   11     6.000
  2073   12    10.012
  2074   01    11.718
  2074   02    12.473
  2074   03    12.754
  2074   04    12.252
  2074   05    10.696
  2074   06     8.129
  2074   07     3.504
  2074   08     0.030
  2074   09     0.009
  2074   10     0.235
  2074   11     4.454
  2074   12     9.217
  2075   01    11.500
  2075   02    12.444
  2075   03    12.916
  2075   04    12.169
  2075   05    10.513
  2075   06     7.397
  2075   07     3.506
  2075   08     0.103
  2075   09     0.096
  2075   10     1.413
  2075   11     4.951
  2075   12     9.090
  2076   01    11.419
  2076   02    12.527
  2076   03    12.911
  2076   04    12.569
  2076   05    11.000
  2076   06     6.966
  2076   07     3.834
  2076   08     0.031
  2076   09     0.071
  2076   10     2.023
  2076   11     5.493
  2076   12     9.513
  2077   01    11.448
  2077   02    12.602
  2077   03    13.041
  2077   04    12.681
  2077   05    11.560
  2077   06     8.362
  2077   07     4.482
  2077   08     0.039
  2077   09     0.106
  2077   10     1.625
  2077   11     5.563
  2077   12     9.433
  2078   01    11.252
  2078   02    12.372
  2078   03    12.900
  2078   04    12.265
  2078   05    11.171
  2078   06     8.394
  2078   07     3.976
  2078   08     0.066
  2078   09     0.047
  2078   10     0.553
  2078   11     4.589
  2078   12     9.160
  2079   01    11.318
  2079   02    12.150
  2079   03    12.677
  2079   04    12.281
  2079   05    11.180
  2079   06     7.466
  2079   07     3.827
  2079   08     0.264
  2079   09     0.006
  2079   10     1.170
  2079   11     4.393
  2079   12     7.817
  2080   01    10.568
  2080   02    11.610
  2080   03    11.948
  2080   04    11.851
  2080   05    10.409
  2080   06     7.089
  2080   07     3.456
  2080   08     0.010
  2080   09     0.002
  2080   10     0.223
  2080   11     4.366
  2080   12     8.006
  2081   01    10.840
  2081   02    12.232
  2081   03    12.703
  2081   04    12.280
  2081   05    11.325
  2081   06     7.867
  2081   07     4.151
  2081   08     0.021
  2081   09     0.010
  2081   10     0.552
  2081   11     5.013
  2081   12     8.338
  2082   01    10.624
  2082   02    11.805
  2082   03    12.573
  2082   04    12.005
  2082   05    10.871
  2082   06     6.783
  2082   07     3.665
  2082   08     0.042
  2082   09     0.026
  2082   10     0.743
  2082   11     4.466
  2082   12     8.517
  2083   01    11.019
  2083   02    12.555
  2083   03    12.805
  2083   04    12.574
  2083   05    11.008
  2083   06     7.157
  2083   07     3.449
  2083   08     0.028
  2083   09     0.006
  2083   10     0.063
  2083   11     3.825
  2083   12     8.043
  2084   01    10.630
  2084   02    11.872
  2084   03    12.539
  2084   04    12.418
  2084   05    11.453
  2084   06     7.831
  2084   07     3.510
  2084   08     0.003
  2084   09     0.000
  2084   10     0.429
  2084   11     5.808
  2084   12     9.799
  2085   01    11.549
  2085   02    12.605
  2085   03    12.895
  2085   04    12.363
  2085   05    11.387
  2085   06     7.987
  2085   07     4.133
  2085   08     0.034
  2085   09     0.006
  2085   10     1.232
  2085   11     4.214
  2085   12     8.340
  2086   01    10.816
  2086   02    11.993
  2086   03    12.392
  2086   04    12.195
  2086   05    11.452
  2086   06     7.992
  2086   07     4.577
  2086   08     0.055
  2086   09     0.002
  2086   10     1.743
  2086   11     5.944
  2086   12     9.341
  2087   01    10.919
  2087   02    12.047
  2087   03    12.377
  2087   04    12.513
  2087   05    11.344
  2087   06     7.243
  2087   07     3.928
  2087   08     0.021
  2087   09     0.009
  2087   10     0.393
  2087   11     3.675
  2087   12     8.821
  2088   01    11.705
  2088   02    12.154
  2088   03    12.704
  2088   04    12.625
  2088   05    11.798
  2088   06     8.574
  2088   07     4.503
  2088   08     0.091
  2088   09     0.027
  2088   10     1.744
  2088   11     5.312
  2088   12     9.518
  2089   01    11.502
  2089   02    11.953
  2089   03    12.400
  2089   04    11.884
  2089   05    10.408
  2089   06     7.207
  2089   07     4.533
  2089   08     0.195
  2089   09     0.045
  2089   10     0.998
  2089   11     4.140
  2089   12     8.829
  2090   01    10.761
  2090   02    11.598
  2090   03    12.153
  2090   04    11.906
  2090   05    10.579
  2090   06     7.231
  2090   07     3.397
  2090   08     0.019
  2090   09     0.003
  2090   10     0.124
  2090   11     5.018
  2090   12     8.562
  2091   01    10.954
  2091   02    12.050
  2091   03    12.131
  2091   04    11.770
  2091   05    10.652
  2091   06     7.468
  2091   07     3.868
  2091   08     0.118
  2091   09     0.004
  2091   10     0.227
  2091   11     4.656
  2091   12     8.330
  2092   01    10.609
  2092   02    11.585
  2092   03    12.081
  2092   04    11.679
  2092   05    10.801
  2092   06     6.833
  2092   07     4.293
  2092   08     1.601
  2092   09     0.448
  2092   10     2.095
  2092   11     4.781
  2092   12     7.554
  2093   01     9.819
  2093   02    11.542
  2093   03    12.100
  2093   04    11.956
  2093   05    10.748
  2093   06     7.814
  2093   07     3.985
  2093   08     0.003
  2093   09     0.000
  2093   10     0.227
  2093   11     3.567
  2093   12     8.770
  2094   01    10.899
  2094   02    11.925
  2094   03    12.310
  2094   04    11.829
  2094   05    10.408
  2094   06     7.123
  2094   07     2.968
  2094   08     0.023
  2094   09     0.002
  2094   10     0.099
  2094   11     4.756
  2094   12     8.743
  2095   01    10.955
  2095   02    11.828
  2095   03    12.324
  2095   04    11.847
  2095   05    10.151
  2095   06     7.604
  2095   07     3.078
  2095   08     0.001
  2095   09     0.004
  2095   10     0.191
  2095   11     2.223
  2095   12     7.835
  2096   01    10.251
  2096   02    11.521
  2096   03    11.780
  2096   04    11.350
  2096   05    10.330
  2096   06     6.254
  2096   07     1.489
  2096   08     0.000
  2096   09     0.000
  2096   10     0.173
  2096   11     0.906
  2096   12     6.705
  2097   01     9.246
  2097   02    10.901
  2097   03    11.787
  2097   04    11.666
  2097   05    10.470
  2097   06     6.612
  2097   07     1.981
  2097   08     0.012
  2097   09     0.007
  2097   10     0.099
  2097   11     2.355
  2097   12     6.727
  2098   01     9.322
  2098   02    10.735
  2098   03    11.404
  2098   04    11.344
  2098   05     9.839
  2098   06     5.797
  2098   07     0.179
  2098   08     0.002
  2098   09     0.002
  2098   10     0.036
  2098   11     0.319
  2098   12     4.382
  2099   01     8.323
  2099   02    10.503
  2099   03    11.591
  2099   04    11.028
  2099   05     9.265
  2099   06     5.238
  2099   07     1.147
  2099   08     0.002
  2099   09     0.000
  2099   10     0.061
  2099   11     0.329
  2099   12     5.966
  2100   01     9.430
  2100   02    10.843
  2100   03    11.250
  2100   04    10.837
  2100   05     9.473
  2100   06     5.732
  2100   07     1.147
  2100   08     0.040
  2100   09     0.018
  2100   10     0.039
  2100   11     0.675
  2100   12     3.877
