  1850   01    18.567
  1850   02    19.882
  1850   03    20.253
  1850   04    19.747
  1850   05    17.075
  1850   06    14.904
  1850   07    13.402
  1850   08    11.757
  1850   09    11.137
  1850   10    12.162
  1850   11    13.750
  1850   12    16.417
  1851   01    18.883
  1851   02    19.875
  1851   03    20.274
  1851   04    19.206
  1851   05    17.007
  1851   06    14.745
  1851   07    13.279
  1851   08    11.905
  1851   09    11.366
  1851   10    12.120
  1851   11    13.899
  1851   12    15.898
  1852   01    17.876
  1852   02    18.899
  1852   03    19.204
  1852   04    18.424
  1852   05    16.805
  1852   06    15.111
  1852   07    13.612
  1852   08    12.051
  1852   09    11.588
  1852   10    12.341
  1852   11    13.757
  1852   12    16.054
  1853   01    18.020
  1853   02    19.134
  1853   03    19.110
  1853   04    18.356
  1853   05    16.867
  1853   06    14.980
  1853   07    13.455
  1853   08    12.071
  1853   09    11.222
  1853   10    12.086
  1853   11    13.957
  1853   12    16.297
  1854   01    18.349
  1854   02    19.401
  1854   03    19.761
  1854   04    19.183
  1854   05    17.194
  1854   06    14.693
  1854   07    13.289
  1854   08    11.883
  1854   09    11.292
  1854   10    12.081
  1854   11    13.776
  1854   12    16.325
  1855   01    18.236
  1855   02    19.306
  1855   03    19.400
  1855   04    18.973
  1855   05    17.409
  1855   06    15.111
  1855   07    13.438
  1855   08    11.976
  1855   09    11.339
  1855   10    12.015
  1855   11    14.591
  1855   12    17.409
  1856   01    18.656
  1856   02    19.916
  1856   03    20.258
  1856   04    19.481
  1856   05    18.085
  1856   06    15.630
  1856   07    13.849
  1856   08    12.312
  1856   09    11.677
  1856   10    12.363
  1856   11    14.301
  1856   12    17.141
  1857   01    18.709
  1857   02    19.674
  1857   03    19.886
  1857   04    19.306
  1857   05    17.584
  1857   06    15.543
  1857   07    13.608
  1857   08    12.122
  1857   09    11.441
  1857   10    12.013
  1857   11    14.167
  1857   12    17.132
  1858   01    18.944
  1858   02    19.823
  1858   03    19.837
  1858   04    18.951
  1858   05    16.559
  1858   06    14.648
  1858   07    13.505
  1858   08    12.144
  1858   09    11.560
  1858   10    12.133
  1858   11    13.952
  1858   12    16.558
  1859   01    18.138
  1859   02    19.003
  1859   03    19.306
  1859   04    18.377
  1859   05    16.950
  1859   06    14.566
  1859   07    13.345
  1859   08    11.687
  1859   09    11.117
  1859   10    12.132
  1859   11    13.644
  1859   12    15.821
  1860   01    17.657
  1860   02    18.474
  1860   03    18.532
  1860   04    17.764
  1860   05    16.271
  1860   06    14.265
  1860   07    12.819
  1860   08    11.355
  1860   09    10.808
  1860   10    11.590
  1860   11    13.791
  1860   12    15.917
  1861   01    17.497
  1861   02    18.553
  1861   03    18.641
  1861   04    17.760
  1861   05    16.719
  1861   06    14.462
  1861   07    13.020
  1861   08    11.703
  1861   09    11.060
  1861   10    11.926
  1861   11    13.311
  1861   12    15.924
  1862   01    18.209
  1862   02    19.146
  1862   03    19.434
  1862   04    18.954
  1862   05    17.461
  1862   06    14.539
  1862   07    12.742
  1862   08    11.360
  1862   09    11.002
  1862   10    11.838
  1862   11    13.226
  1862   12    16.256
  1863   01    18.413
  1863   02    19.703
  1863   03    20.205
  1863   04    19.422
  1863   05    16.991
  1863   06    14.708
  1863   07    13.078
  1863   08    11.803
  1863   09    11.149
  1863   10    12.172
  1863   11    13.949
  1863   12    16.398
  1864   01    17.971
  1864   02    18.976
  1864   03    19.184
  1864   04    18.501
  1864   05    16.202
  1864   06    14.066
  1864   07    12.993
  1864   08    11.757
  1864   09    11.175
  1864   10    11.780
  1864   11    13.719
  1864   12    15.846
  1865   01    17.479
  1865   02    18.434
  1865   03    18.573
  1865   04    18.161
  1865   05    16.282
  1865   06    14.168
  1865   07    12.889
  1865   08    11.499
  1865   09    11.244
  1865   10    12.045
  1865   11    13.633
  1865   12    15.258
  1866   01    16.897
  1866   02    17.433
  1866   03    17.690
  1866   04    17.374
  1866   05    16.041
  1866   06    14.314
  1866   07    12.984
  1866   08    11.304
  1866   09    10.602
  1866   10    11.825
  1866   11    13.261
  1866   12    15.684
  1867   01    17.480
  1867   02    18.596
  1867   03    18.413
  1867   04    18.003
  1867   05    16.073
  1867   06    14.185
  1867   07    13.033
  1867   08    11.461
  1867   09    10.762
  1867   10    11.612
  1867   11    13.181
  1867   12    15.519
  1868   01    16.871
  1868   02    18.003
  1868   03    18.307
  1868   04    17.699
  1868   05    16.099
  1868   06    14.225
  1868   07    12.948
  1868   08    11.396
  1868   09    10.833
  1868   10    11.781
  1868   11    13.182
  1868   12    15.484
  1869   01    17.326
  1869   02    18.235
  1869   03    18.339
  1869   04    17.032
  1869   05    15.776
  1869   06    14.062
  1869   07    12.463
  1869   08    11.047
  1869   09    10.736
  1869   10    11.761
  1869   11    13.098
  1869   12    15.592
  1870   01    16.923
  1870   02    17.861
  1870   03    18.393
  1870   04    17.825
  1870   05    16.309
  1870   06    14.461
  1870   07    13.078
  1870   08    11.964
  1870   09    11.469
  1870   10    12.301
  1870   11    13.521
  1870   12    15.844
  1871   01    17.603
  1871   02    18.483
  1871   03    18.976
  1871   04    18.649
  1871   05    16.352
  1871   06    14.424
  1871   07    13.171
  1871   08    11.535
  1871   09    10.987
  1871   10    12.092
  1871   11    13.258
  1871   12    15.833
  1872   01    17.309
  1872   02    17.903
  1872   03    18.191
  1872   04    17.833
  1872   05    16.107
  1872   06    14.680
  1872   07    13.241
  1872   08    11.908
  1872   09    11.443
  1872   10    12.167
  1872   11    13.716
  1872   12    16.086
  1873   01    17.736
  1873   02    18.530
  1873   03    18.688
  1873   04    18.194
  1873   05    16.527
  1873   06    14.357
  1873   07    13.044
  1873   08    11.848
  1873   09    11.310
  1873   10    12.148
  1873   11    13.783
  1873   12    15.727
  1874   01    17.857
  1874   02    18.997
  1874   03    19.167
  1874   04    17.864
  1874   05    16.065
  1874   06    14.622
  1874   07    13.414
  1874   08    12.156
  1874   09    11.775
  1874   10    12.364
  1874   11    13.765
  1874   12    16.363
  1875   01    18.009
  1875   02    18.909
  1875   03    19.096
  1875   04    18.547
  1875   05    16.672
  1875   06    14.909
  1875   07    13.383
  1875   08    11.823
  1875   09    11.520
  1875   10    12.172
  1875   11    13.624
  1875   12    16.334
  1876   01    18.252
  1876   02    19.298
  1876   03    19.675
  1876   04    18.610
  1876   05    17.078
  1876   06    15.193
  1876   07    13.445
  1876   08    12.027
  1876   09    11.514
  1876   10    12.146
  1876   11    13.838
  1876   12    16.513
  1877   01    18.050
  1877   02    18.873
  1877   03    19.415
  1877   04    18.205
  1877   05    16.541
  1877   06    15.009
  1877   07    13.548
  1877   08    11.872
  1877   09    11.554
  1877   10    12.367
  1877   11    14.031
  1877   12    15.730
  1878   01    17.700
  1878   02    18.843
  1878   03    19.198
  1878   04    18.284
  1878   05    16.334
  1878   06    14.600
  1878   07    13.369
  1878   08    12.152
  1878   09    11.779
  1878   10    12.318
  1878   11    13.714
  1878   12    16.302
  1879   01    18.121
  1879   02    19.406
  1879   03    19.610
  1879   04    18.676
  1879   05    16.519
  1879   06    14.846
  1879   07    13.506
  1879   08    11.652
  1879   09    11.264
  1879   10    12.140
  1879   11    13.892
  1879   12    16.404
  1880   01    18.195
  1880   02    19.296
  1880   03    19.458
  1880   04    18.633
  1880   05    16.762
  1880   06    14.392
  1880   07    13.384
  1880   08    12.164
  1880   09    11.571
  1880   10    12.199
  1880   11    13.713
  1880   12    15.932
  1881   01    17.801
  1881   02    18.701
  1881   03    18.807
  1881   04    17.927
  1881   05    16.572
  1881   06    14.542
  1881   07    13.403
  1881   08    11.701
  1881   09    11.494
  1881   10    12.259
  1881   11    13.658
  1881   12    16.370
  1882   01    18.109
  1882   02    19.151
  1882   03    19.222
  1882   04    18.266
  1882   05    16.997
  1882   06    14.817
  1882   07    13.405
  1882   08    11.718
  1882   09    11.479
  1882   10    12.009
  1882   11    13.546
  1882   12    16.469
  1883   01    18.465
  1883   02    19.619
  1883   03    20.026
  1883   04    19.197
  1883   05    17.122
  1883   06    15.014
  1883   07    13.114
  1883   08    12.117
  1883   09    11.670
  1883   10    12.284
  1883   11    13.942
  1883   12    16.613
  1884   01    18.585
  1884   02    19.342
  1884   03    19.509
  1884   04    18.233
  1884   05    16.793
  1884   06    14.833
  1884   07    13.347
  1884   08    11.912
  1884   09    11.573
  1884   10    12.219
  1884   11    13.709
  1884   12    16.423
  1885   01    18.582
  1885   02    19.466
  1885   03    19.726
  1885   04    19.047
  1885   05    17.307
  1885   06    14.819
  1885   07    13.205
  1885   08    11.407
  1885   09    11.005
  1885   10    11.861
  1885   11    13.120
  1885   12    16.299
  1886   01    18.292
  1886   02    19.625
  1886   03    19.504
  1886   04    18.717
  1886   05    16.302
  1886   06    14.279
  1886   07    13.183
  1886   08    11.491
  1886   09    10.740
  1886   10    11.817
  1886   11    13.599
  1886   12    15.785
  1887   01    17.527
  1887   02    18.072
  1887   03    18.432
  1887   04    18.098
  1887   05    16.202
  1887   06    13.941
  1887   07    12.524
  1887   08    11.098
  1887   09    10.775
  1887   10    11.596
  1887   11    13.308
  1887   12    16.113
  1888   01    18.037
  1888   02    18.793
  1888   03    19.127
  1888   04    18.577
  1888   05    16.597
  1888   06    14.840
  1888   07    12.546
  1888   08    11.155
  1888   09    10.660
  1888   10    11.420
  1888   11    12.938
  1888   12    16.301
  1889   01    18.202
  1889   02    19.307
  1889   03    19.361
  1889   04    18.525
  1889   05    16.929
  1889   06    14.626
  1889   07    12.473
  1889   08    11.165
  1889   09    10.855
  1889   10    11.767
  1889   11    13.214
  1889   12    15.811
  1890   01    17.271
  1890   02    18.503
  1890   03    18.710
  1890   04    18.123
  1890   05    16.404
  1890   06    14.181
  1890   07    13.030
  1890   08    11.384
  1890   09    11.086
  1890   10    11.763
  1890   11    13.431
  1890   12    16.193
  1891   01    17.651
  1891   02    18.484
  1891   03    18.696
  1891   04    18.471
  1891   05    17.133
  1891   06    15.010
  1891   07    13.436
  1891   08    11.720
  1891   09    11.153
  1891   10    12.391
  1891   11    13.960
  1891   12    15.864
  1892   01    17.780
  1892   02    18.448
  1892   03    18.691
  1892   04    17.835
  1892   05    16.434
  1892   06    14.418
  1892   07    13.324
  1892   08    11.841
  1892   09    11.193
  1892   10    12.048
  1892   11    13.936
  1892   12    15.872
  1893   01    17.536
  1893   02    18.786
  1893   03    19.233
  1893   04    18.643
  1893   05    16.783
  1893   06    14.599
  1893   07    12.966
  1893   08    11.713
  1893   09    11.184
  1893   10    11.976
  1893   11    13.349
  1893   12    16.202
  1894   01    18.014
  1894   02    18.880
  1894   03    19.104
  1894   04    18.322
  1894   05    16.858
  1894   06    14.428
  1894   07    12.993
  1894   08    11.528
  1894   09    11.201
  1894   10    12.169
  1894   11    14.078
  1894   12    16.945
  1895   01    18.462
  1895   02    19.369
  1895   03    19.730
  1895   04    18.473
  1895   05    16.992
  1895   06    14.851
  1895   07    13.139
  1895   08    11.515
  1895   09    11.260
  1895   10    12.027
  1895   11    13.520
  1895   12    15.947
  1896   01    17.984
  1896   02    19.237
  1896   03    19.106
  1896   04    17.784
  1896   05    16.641
  1896   06    14.819
  1896   07    13.555
  1896   08    12.079
  1896   09    11.443
  1896   10    12.337
  1896   11    13.981
  1896   12    16.175
  1897   01    17.455
  1897   02    18.130
  1897   03    18.347
  1897   04    17.856
  1897   05    16.749
  1897   06    14.677
  1897   07    13.349
  1897   08    11.764
  1897   09    11.264
  1897   10    11.825
  1897   11    13.220
  1897   12    15.901
  1898   01    17.455
  1898   02    18.493
  1898   03    18.394
  1898   04    18.083
  1898   05    16.656
  1898   06    14.699
  1898   07    13.231
  1898   08    11.942
  1898   09    11.508
  1898   10    12.042
  1898   11    13.393
  1898   12    15.920
  1899   01    17.333
  1899   02    18.269
  1899   03    18.627
  1899   04    18.007
  1899   05    16.019
  1899   06    14.486
  1899   07    13.197
  1899   08    11.840
  1899   09    11.595
  1899   10    12.311
  1899   11    13.585
  1899   12    15.743
  1900   01    17.339
  1900   02    18.166
  1900   03    18.355
  1900   04    17.505
  1900   05    16.122
  1900   06    14.521
  1900   07    13.289
  1900   08    11.906
  1900   09    11.623
  1900   10    12.219
  1900   11    13.245
  1900   12    15.484
  1901   01    17.139
  1901   02    18.378
  1901   03    18.645
  1901   04    18.098
  1901   05    16.544
  1901   06    14.685
  1901   07    13.378
  1901   08    11.956
  1901   09    11.584
  1901   10    12.245
  1901   11    13.645
  1901   12    15.978
  1902   01    17.794
  1902   02    18.980
  1902   03    19.058
  1902   04    17.992
  1902   05    16.493
  1902   06    14.798
  1902   07    13.643
  1902   08    11.914
  1902   09    11.563
  1902   10    12.203
  1902   11    13.405
  1902   12    15.605
  1903   01    17.436
  1903   02    18.342
  1903   03    18.601
  1903   04    18.029
  1903   05    16.865
  1903   06    14.657
  1903   07    13.322
  1903   08    11.539
  1903   09    11.319
  1903   10    12.300
  1903   11    13.859
  1903   12    16.088
  1904   01    18.112
  1904   02    19.447
  1904   03    19.514
  1904   04    18.558
  1904   05    17.337
  1904   06    15.808
  1904   07    13.670
  1904   08    12.079
  1904   09    11.685
  1904   10    12.313
  1904   11    14.217
  1904   12    16.832
  1905   01    18.804
  1905   02    19.997
  1905   03    20.285
  1905   04    19.126
  1905   05    17.211
  1905   06    14.957
  1905   07    13.540
  1905   08    12.257
  1905   09    11.752
  1905   10    12.422
  1905   11    14.041
  1905   12    16.098
  1906   01    18.488
  1906   02    19.551
  1906   03    19.517
  1906   04    18.507
  1906   05    16.831
  1906   06    15.048
  1906   07    13.489
  1906   08    12.015
  1906   09    11.634
  1906   10    12.183
  1906   11    13.571
  1906   12    16.599
  1907   01    18.675
  1907   02    19.539
  1907   03    20.139
  1907   04    19.266
  1907   05    17.224
  1907   06    15.069
  1907   07    13.285
  1907   08    12.008
  1907   09    11.568
  1907   10    11.952
  1907   11    13.328
  1907   12    16.741
  1908   01    18.715
  1908   02    19.915
  1908   03    20.475
  1908   04    19.294
  1908   05    16.561
  1908   06    14.636
  1908   07    13.065
  1908   08    11.571
  1908   09    11.307
  1908   10    12.004
  1908   11    13.440
  1908   12    16.361
  1909   01    18.078
  1909   02    19.171
  1909   03    19.493
  1909   04    18.697
  1909   05    16.874
  1909   06    15.048
  1909   07    13.448
  1909   08    11.962
  1909   09    11.681
  1909   10    12.235
  1909   11    13.593
  1909   12    16.210
  1910   01    18.010
  1910   02    18.952
  1910   03    18.781
  1910   04    17.990
  1910   05    16.662
  1910   06    14.538
  1910   07    13.247
  1910   08    11.860
  1910   09    11.546
  1910   10    12.228
  1910   11    13.785
  1910   12    16.284
  1911   01    17.553
  1911   02    18.690
  1911   03    19.185
  1911   04    18.598
  1911   05    16.261
  1911   06    14.476
  1911   07    13.272
  1911   08    11.645
  1911   09    11.281
  1911   10    12.115
  1911   11    13.682
  1911   12    16.374
  1912   01    17.246
  1912   02    18.268
  1912   03    18.782
  1912   04    18.140
  1912   05    16.514
  1912   06    14.665
  1912   07    13.000
  1912   08    11.483
  1912   09    11.084
  1912   10    12.170
  1912   11    13.838
  1912   12    16.590
  1913   01    18.126
  1913   02    19.181
  1913   03    19.334
  1913   04    18.566
  1913   05    16.249
  1913   06    14.480
  1913   07    13.256
  1913   08    11.542
  1913   09    11.296
  1913   10    11.995
  1913   11    13.564
  1913   12    15.677
  1914   01    17.385
  1914   02    17.945
  1914   03    18.254
  1914   04    17.436
  1914   05    15.820
  1914   06    14.296
  1914   07    13.324
  1914   08    11.843
  1914   09    11.495
  1914   10    12.047
  1914   11    13.461
  1914   12    15.527
  1915   01    17.117
  1915   02    18.090
  1915   03    18.371
  1915   04    17.499
  1915   05    16.278
  1915   06    14.578
  1915   07    12.952
  1915   08    11.359
  1915   09    11.201
  1915   10    11.960
  1915   11    13.389
  1915   12    16.188
  1916   01    17.832
  1916   02    18.905
  1916   03    19.424
  1916   04    18.152
  1916   05    16.854
  1916   06    14.743
  1916   07    12.956
  1916   08    11.317
  1916   09    11.013
  1916   10    11.917
  1916   11    13.243
  1916   12    15.686
  1917   01    17.057
  1917   02    17.886
  1917   03    18.456
  1917   04    17.705
  1917   05    16.229
  1917   06    14.628
  1917   07    12.702
  1917   08    11.565
  1917   09    11.059
  1917   10    11.982
  1917   11    13.535
  1917   12    15.868
  1918   01    17.688
  1918   02    18.780
  1918   03    19.159
  1918   04    17.453
  1918   05    16.188
  1918   06    14.392
  1918   07    13.128
  1918   08    11.149
  1918   09    10.833
  1918   10    11.595
  1918   11    12.991
  1918   12    15.638
  1919   01    17.785
  1919   02    18.708
  1919   03    18.876
  1919   04    18.186
  1919   05    15.966
  1919   06    14.022
  1919   07    12.934
  1919   08    11.614
  1919   09    10.990
  1919   10    11.890
  1919   11    13.316
  1919   12    15.275
  1920   01    17.645
  1920   02    18.610
  1920   03    19.018
  1920   04    17.883
  1920   05    16.375
  1920   06    14.703
  1920   07    13.449
  1920   08    11.871
  1920   09    11.322
  1920   10    12.230
  1920   11    13.784
  1920   12    15.936
  1921   01    17.722
  1921   02    18.743
  1921   03    18.749
  1921   04    17.969
  1921   05    16.176
  1921   06    14.579
  1921   07    13.492
  1921   08    11.840
  1921   09    11.408
  1921   10    11.997
  1921   11    13.729
  1921   12    15.651
  1922   01    17.598
  1922   02    18.298
  1922   03    18.963
  1922   04    17.993
  1922   05    16.456
  1922   06    14.488
  1922   07    12.993
  1922   08    11.519
  1922   09    10.923
  1922   10    12.123
  1922   11    13.646
  1922   12    16.369
  1923   01    18.023
  1923   02    19.086
  1923   03    19.336
  1923   04    18.272
  1923   05    16.747
  1923   06    14.496
  1923   07    13.304
  1923   08    11.893
  1923   09    11.270
  1923   10    12.161
  1923   11    13.460
  1923   12    15.606
  1924   01    17.028
  1924   02    17.864
  1924   03    18.026
  1924   04    17.503
  1924   05    16.206
  1924   06    14.607
  1924   07    12.986
  1924   08    11.856
  1924   09    11.598
  1924   10    12.073
  1924   11    13.133
  1924   12    15.884
  1925   01    17.573
  1925   02    18.386
  1925   03    18.640
  1925   04    17.774
  1925   05    16.419
  1925   06    14.617
  1925   07    13.338
  1925   08    11.862
  1925   09    11.373
  1925   10    12.113
  1925   11    13.612
  1925   12    15.519
  1926   01    17.498
  1926   02    18.415
  1926   03    18.550
  1926   04    17.248
  1926   05    15.743
  1926   06    14.202
  1926   07    13.326
  1926   08    11.923
  1926   09    11.342
  1926   10    11.777
  1926   11    13.606
  1926   12    15.724
  1927   01    17.437
  1927   02    18.007
  1927   03    18.295
  1927   04    17.775
  1927   05    16.643
  1927   06    14.708
  1927   07    13.174
  1927   08    11.608
  1927   09    11.178
  1927   10    11.892
  1927   11    13.502
  1927   12    15.775
  1928   01    17.484
  1928   02    18.664
  1928   03    18.864
  1928   04    18.084
  1928   05    16.824
  1928   06    14.574
  1928   07    13.322
  1928   08    11.973
  1928   09    11.268
  1928   10    12.231
  1928   11    13.280
  1928   12    15.958
  1929   01    17.889
  1929   02    18.621
  1929   03    18.739
  1929   04    18.128
  1929   05    16.805
  1929   06    14.338
  1929   07    12.838
  1929   08    11.790
  1929   09    11.542
  1929   10    12.272
  1929   11    13.768
  1929   12    15.943
  1930   01    17.685
  1930   02    18.611
  1930   03    18.820
  1930   04    18.064
  1930   05    16.473
  1930   06    14.612
  1930   07    13.085
  1930   08    11.832
  1930   09    11.489
  1930   10    12.081
  1930   11    13.706
  1930   12    15.877
  1931   01    17.362
  1931   02    18.878
  1931   03    19.116
  1931   04    18.180
  1931   05    16.703
  1931   06    14.798
  1931   07    13.031
  1931   08    11.606
  1931   09    11.438
  1931   10    12.117
  1931   11    13.301
  1931   12    16.219
  1932   01    17.952
  1932   02    18.889
  1932   03    19.403
  1932   04    18.519
  1932   05    16.951
  1932   06    14.810
  1932   07    13.294
  1932   08    11.680
  1932   09    11.342
  1932   10    12.184
  1932   11    13.459
  1932   12    15.944
  1933   01    18.269
  1933   02    19.229
  1933   03    18.992
  1933   04    18.302
  1933   05    16.800
  1933   06    14.977
  1933   07    12.970
  1933   08    11.563
  1933   09    11.146
  1933   10    11.754
  1933   11    13.427
  1933   12    16.001
  1934   01    17.807
  1934   02    18.880
  1934   03    18.787
  1934   04    17.959
  1934   05    16.417
  1934   06    14.485
  1934   07    12.594
  1934   08    11.347
  1934   09    11.054
  1934   10    11.824
  1934   11    13.367
  1934   12    15.506
  1935   01    17.431
  1935   02    18.224
  1935   03    18.458
  1935   04    17.879
  1935   05    16.494
  1935   06    14.333
  1935   07    12.878
  1935   08    11.599
  1935   09    10.936
  1935   10    11.581
  1935   11    12.847
  1935   12    15.610
  1936   01    17.131
  1936   02    18.479
  1936   03    18.771
  1936   04    18.360
  1936   05    16.815
  1936   06    14.418
  1936   07    12.847
  1936   08    11.077
  1936   09    10.728
  1936   10    11.737
  1936   11    13.142
  1936   12    15.766
  1937   01    17.516
  1937   02    18.607
  1937   03    19.177
  1937   04    18.654
  1937   05    16.573
  1937   06    14.273
  1937   07    12.600
  1937   08    11.081
  1937   09    10.789
  1937   10    11.875
  1937   11    13.155
  1937   12    16.089
  1938   01    17.737
  1938   02    18.358
  1938   03    18.326
  1938   04    17.679
  1938   05    15.947
  1938   06    14.160
  1938   07    13.066
  1938   08    11.857
  1938   09    11.194
  1938   10    11.819
  1938   11    13.698
  1938   12    15.846
  1939   01    17.403
  1939   02    18.027
  1939   03    18.652
  1939   04    18.099
  1939   05    16.300
  1939   06    14.338
  1939   07    13.371
  1939   08    11.848
  1939   09    11.239
  1939   10    12.453
  1939   11    14.037
  1939   12    15.329
  1940   01    16.609
  1940   02    17.540
  1940   03    17.773
  1940   04    17.084
  1940   05    15.721
  1940   06    14.263
  1940   07    13.071
  1940   08    11.671
  1940   09    11.340
  1940   10    11.984
  1940   11    13.304
  1940   12    15.267
  1941   01    16.839
  1941   02    17.446
  1941   03    17.602
  1941   04    16.860
  1941   05    15.149
  1941   06    13.947
  1941   07    12.993
  1941   08    11.384
  1941   09    10.882
  1941   10    11.320
  1941   11    13.049
  1941   12    15.282
  1942   01    16.317
  1942   02    17.519
  1942   03    17.663
  1942   04    16.893
  1942   05    15.864
  1942   06    14.282
  1942   07    12.778
  1942   08    11.570
  1942   09    11.136
  1942   10    12.043
  1942   11    13.234
  1942   12    15.525
  1943   01    17.039
  1943   02    17.793
  1943   03    17.673
  1943   04    17.147
  1943   05    15.908
  1943   06    14.251
  1943   07    13.163
  1943   08    11.661
  1943   09    11.153
  1943   10    11.986
  1943   11    13.607
  1943   12    15.132
  1944   01    16.497
  1944   02    17.268
  1944   03    17.334
  1944   04    16.622
  1944   05    15.382
  1944   06    14.159
  1944   07    13.107
  1944   08    11.669
  1944   09    11.147
  1944   10    12.014
  1944   11    13.580
  1944   12    15.287
  1945   01    16.889
  1945   02    17.498
  1945   03    17.735
  1945   04    16.866
  1945   05    15.478
  1945   06    13.900
  1945   07    12.936
  1945   08    11.383
  1945   09    10.944
  1945   10    11.810
  1945   11    13.713
  1945   12    15.714
  1946   01    16.871
  1946   02    17.892
  1946   03    18.099
  1946   04    17.322
  1946   05    15.924
  1946   06    14.543
  1946   07    13.284
  1946   08    11.490
  1946   09    11.120
  1946   10    11.999
  1946   11    13.839
  1946   12    15.604
  1947   01    17.079
  1947   02    17.650
  1947   03    17.725
  1947   04    17.154
  1947   05    15.922
  1947   06    14.349
  1947   07    13.240
  1947   08    11.896
  1947   09    11.275
  1947   10    12.182
  1947   11    13.272
  1947   12    15.359
  1948   01    16.802
  1948   02    17.671
  1948   03    17.764
  1948   04    17.372
  1948   05    16.094
  1948   06    14.513
  1948   07    13.504
  1948   08    11.983
  1948   09    11.656
  1948   10    12.252
  1948   11    13.386
  1948   12    15.960
  1949   01    17.512
  1949   02    18.119
  1949   03    18.148
  1949   04    17.208
  1949   05    16.031
  1949   06    14.714
  1949   07    13.273
  1949   08    11.737
  1949   09    11.525
  1949   10    12.029
  1949   11    13.107
  1949   12    16.186
  1950   01    18.096
  1950   02    18.655
  1950   03    18.590
  1950   04    17.134
  1950   05    15.849
  1950   06    14.501
  1950   07    13.124
  1950   08    11.430
  1950   09    10.873
  1950   10    12.004
  1950   11    13.310
  1950   12    15.759
  1951   01    17.263
  1951   02    18.015
  1951   03    18.393
  1951   04    17.776
  1951   05    16.610
  1951   06    14.184
  1951   07    12.237
  1951   08    10.872
  1951   09    10.652
  1951   10    11.335
  1951   11    12.847
  1951   12    15.245
  1952   01    17.454
  1952   02    18.502
  1952   03    18.755
  1952   04    18.250
  1952   05    16.344
  1952   06    14.109
  1952   07    12.535
  1952   08    10.956
  1952   09    10.474
  1952   10    11.574
  1952   11    13.115
  1952   12    15.830
  1953   01    17.500
  1953   02    18.344
  1953   03    18.374
  1953   04    17.539
  1953   05    16.362
  1953   06    14.570
  1953   07    12.823
  1953   08    10.948
  1953   09    10.359
  1953   10    11.497
  1953   11    13.158
  1953   12    16.028
  1954   01    18.006
  1954   02    18.715
  1954   03    18.752
  1954   04    17.776
  1954   05    16.312
  1954   06    14.583
  1954   07    12.958
  1954   08    11.085
  1954   09    10.627
  1954   10    11.479
  1954   11    13.248
  1954   12    15.958
  1955   01    17.862
  1955   02    18.932
  1955   03    19.091
  1955   04    18.178
  1955   05    16.762
  1955   06    14.411
  1955   07    12.867
  1955   08    11.309
  1955   09    11.019
  1955   10    11.935
  1955   11    13.582
  1955   12    15.862
  1956   01    16.969
  1956   02    17.834
  1956   03    18.054
  1956   04    17.452
  1956   05    15.837
  1956   06    13.735
  1956   07    12.880
  1956   08    11.362
  1956   09    11.172
  1956   10    11.812
  1956   11    13.026
  1956   12    15.289
  1957   01    16.747
  1957   02    17.836
  1957   03    18.373
  1957   04    17.153
  1957   05    15.436
  1957   06    14.084
  1957   07    13.061
  1957   08    11.849
  1957   09    11.280
  1957   10    11.904
  1957   11    13.560
  1957   12    15.155
  1958   01    16.559
  1958   02    17.471
  1958   03    17.449
  1958   04    16.863
  1958   05    15.637
  1958   06    14.133
  1958   07    13.024
  1958   08    11.714
  1958   09    11.072
  1958   10    12.037
  1958   11    13.314
  1958   12    15.221
  1959   01    17.020
  1959   02    17.902
  1959   03    17.998
  1959   04    17.047
  1959   05    15.865
  1959   06    14.404
  1959   07    12.934
  1959   08    11.085
  1959   09    10.503
  1959   10    11.937
  1959   11    13.049
  1959   12    15.281
  1960   01    17.416
  1960   02    18.126
  1960   03    18.355
  1960   04    17.775
  1960   05    15.997
  1960   06    14.147
  1960   07    12.950
  1960   08    11.185
  1960   09    10.740
  1960   10    11.581
  1960   11    13.744
  1960   12    15.706
  1961   01    17.483
  1961   02    18.483
  1961   03    18.786
  1961   04    17.888
  1961   05    16.532
  1961   06    14.578
  1961   07    13.396
  1961   08    11.656
  1961   09    10.904
  1961   10    11.708
  1961   11    13.346
  1961   12    15.698
  1962   01    17.418
  1962   02    18.480
  1962   03    18.919
  1962   04    18.228
  1962   05    16.539
  1962   06    14.938
  1962   07    13.036
  1962   08    11.500
  1962   09    10.760
  1962   10    11.704
  1962   11    13.291
  1962   12    15.706
  1963   01    17.523
  1963   02    18.404
  1963   03    18.497
  1963   04    17.930
  1963   05    16.714
  1963   06    14.573
  1963   07    13.122
  1963   08    11.370
  1963   09    10.545
  1963   10    11.537
  1963   11    13.436
  1963   12    16.038
  1964   01    17.593
  1964   02    18.729
  1964   03    19.183
  1964   04    18.290
  1964   05    16.843
  1964   06    14.754
  1964   07    13.329
  1964   08    11.979
  1964   09    11.005
  1964   10    12.723
  1964   11    13.963
  1964   12    16.300
  1965   01    18.126
  1965   02    18.930
  1965   03    19.306
  1965   04    18.663
  1965   05    16.701
  1965   06    14.751
  1965   07    13.324
  1965   08    11.687
  1965   09    11.047
  1965   10    11.994
  1965   11    13.827
  1965   12    15.893
  1966   01    17.872
  1966   02    18.771
  1966   03    19.009
  1966   04    18.318
  1966   05    16.672
  1966   06    14.595
  1966   07    13.259
  1966   08    11.611
  1966   09    10.945
  1966   10    12.059
  1966   11    13.835
  1966   12    16.284
  1967   01    17.906
  1967   02    19.053
  1967   03    18.979
  1967   04    17.824
  1967   05    16.313
  1967   06    14.714
  1967   07    13.301
  1967   08    11.648
  1967   09    11.283
  1967   10    11.873
  1967   11    13.153
  1967   12    15.640
  1968   01    17.815
  1968   02    18.509
  1968   03    18.717
  1968   04    17.995
  1968   05    16.571
  1968   06    14.996
  1968   07    13.330
  1968   08    11.845
  1968   09    11.336
  1968   10    12.082
  1968   11    13.288
  1968   12    15.954
  1969   01    17.440
  1969   02    18.508
  1969   03    18.747
  1969   04    17.627
  1969   05    16.050
  1969   06    14.381
  1969   07    13.191
  1969   08    11.599
  1969   09    11.062
  1969   10    11.642
  1969   11    13.028
  1969   12    15.586
  1970   01    17.174
  1970   02    17.812
  1970   03    17.976
  1970   04    17.450
  1970   05    15.784
  1970   06    14.457
  1970   07    13.249
  1970   08    11.551
  1970   09    11.108
  1970   10    11.892
  1970   11    13.531
  1970   12    16.086
  1971   01    17.771
  1971   02    18.582
  1971   03    18.282
  1971   04    17.527
  1971   05    16.112
  1971   06    14.554
  1971   07    13.290
  1971   08    11.614
  1971   09    10.943
  1971   10    11.595
  1971   11    13.939
  1971   12    15.611
  1972   01    17.620
  1972   02    18.445
  1972   03    18.637
  1972   04    17.297
  1972   05    16.130
  1972   06    14.697
  1972   07    13.240
  1972   08    11.787
  1972   09    10.865
  1972   10    12.070
  1972   11    13.549
  1972   12    15.767
  1973   01    17.768
  1973   02    18.545
  1973   03    19.030
  1973   04    18.186
  1973   05    16.546
  1973   06    14.751
  1973   07    13.395
  1973   08    11.484
  1973   09    10.942
  1973   10    11.627
  1973   11    13.455
  1973   12    16.103
  1974   01    17.756
  1974   02    18.774
  1974   03    18.980
  1974   04    18.309
  1974   05    16.836
  1974   06    14.663
  1974   07    13.321
  1974   08    11.887
  1974   09    11.705
  1974   10    11.862
  1974   11    13.448
  1974   12    16.011
  1975   01    17.567
  1975   02    18.653
  1975   03    18.802
  1975   04    18.305
  1975   05    17.112
  1975   06    14.948
  1975   07    12.787
  1975   08    11.542
  1975   09    11.040
  1975   10    11.897
  1975   11    13.332
  1975   12    15.944
  1976   01    18.436
  1976   02    19.713
  1976   03    20.237
  1976   04    18.758
  1976   05    17.281
  1976   06    15.190
  1976   07    13.316
  1976   08    11.097
  1976   09    10.555
  1976   10    11.369
  1976   11    13.329
  1976   12    16.306
  1977   01    18.521
  1977   02    19.532
  1977   03    20.030
  1977   04    19.377
  1977   05    17.151
  1977   06    14.872
  1977   07    13.593
  1977   08    11.874
  1977   09    11.131
  1977   10    11.955
  1977   11    13.900
  1977   12    16.614
  1978   01    18.321
  1978   02    19.792
  1978   03    20.291
  1978   04    19.259
  1978   05    16.976
  1978   06    15.034
  1978   07    13.487
  1978   08    11.690
  1978   09    11.113
  1978   10    11.733
  1978   11    13.582
  1978   12    16.715
  1979   01    18.946
  1979   02    19.918
  1979   03    20.468
  1979   04    19.872
  1979   05    17.798
  1979   06    15.542
  1979   07    13.385
  1979   08    11.682
  1979   09    11.052
  1979   10    11.996
  1979   11    14.043
  1979   12    16.453
  1980   01    18.423
  1980   02    19.463
  1980   03    19.485
  1980   04    18.788
  1980   05    17.097
  1980   06    14.749
  1980   07    13.155
  1980   08    11.402
  1980   09    10.676
  1980   10    11.535
  1980   11    13.690
  1980   12    16.038
  1981   01    17.912
  1981   02    19.092
  1981   03    19.457
  1981   04    18.825
  1981   05    16.777
  1981   06    14.833
  1981   07    13.107
  1981   08    11.567
  1981   09    10.859
  1981   10    11.792
  1981   11    13.997
  1981   12    16.290
  1982   01    18.171
  1982   02    19.426
  1982   03    20.132
  1982   04    19.507
  1982   05    17.251
  1982   06    15.236
  1982   07    13.474
  1982   08    11.418
  1982   09    10.292
  1982   10    11.252
  1982   11    13.361
  1982   12    16.154
  1983   01    18.107
  1983   02    19.494
  1983   03    19.697
  1983   04    19.158
  1983   05    17.329
  1983   06    15.071
  1983   07    13.481
  1983   08    12.023
  1983   09    10.966
  1983   10    11.764
  1983   11    13.661
  1983   12    17.018
  1984   01    19.044
  1984   02    20.265
  1984   03    20.874
  1984   04    19.934
  1984   05    17.568
  1984   06    15.314
  1984   07    13.727
  1984   08    11.441
  1984   09    10.802
  1984   10    11.736
  1984   11    13.594
  1984   12    16.328
  1985   01    18.623
  1985   02    19.689
  1985   03    20.006
  1985   04    19.245
  1985   05    16.943
  1985   06    14.681
  1985   07    13.103
  1985   08    11.544
  1985   09    11.304
  1985   10    11.946
  1985   11    12.970
  1985   12    15.880
  1986   01    18.348
  1986   02    19.456
  1986   03    19.587
  1986   04    18.950
  1986   05    17.077
  1986   06    14.637
  1986   07    13.120
  1986   08    11.440
  1986   09    10.733
  1986   10    11.747
  1986   11    13.226
  1986   12    16.234
  1987   01    17.864
  1987   02    18.822
  1987   03    19.202
  1987   04    18.577
  1987   05    16.952
  1987   06    14.878
  1987   07    13.121
  1987   08    11.513
  1987   09    10.913
  1987   10    11.597
  1987   11    13.352
  1987   12    16.131
  1988   01    18.144
  1988   02    19.869
  1988   03    20.454
  1988   04    19.486
  1988   05    17.365
  1988   06    15.034
  1988   07    12.774
  1988   08    11.172
  1988   09    10.576
  1988   10    11.479
  1988   11    13.023
  1988   12    15.828
  1989   01    17.773
  1989   02    18.706
  1989   03    19.155
  1989   04    18.896
  1989   05    17.350
  1989   06    14.838
  1989   07    12.937
  1989   08    11.200
  1989   09    10.661
  1989   10    11.728
  1989   11    13.104
  1989   12    16.011
  1990   01    18.056
  1990   02    18.869
  1990   03    19.141
  1990   04    18.628
  1990   05    17.041
  1990   06    14.942
  1990   07    12.873
  1990   08    11.345
  1990   09    10.746
  1990   10    12.008
  1990   11    13.096
  1990   12    15.776
  1991   01    17.795
  1991   02    18.872
  1991   03    19.155
  1991   04    18.609
  1991   05    17.007
  1991   06    14.681
  1991   07    13.030
  1991   08    11.063
  1991   09    10.731
  1991   10    11.777
  1991   11    12.944
  1991   12    15.254
  1992   01    17.395
  1992   02    18.251
  1992   03    18.694
  1992   04    17.689
  1992   05    16.142
  1992   06    14.596
  1992   07    13.386
  1992   08    11.958
  1992   09    11.465
  1992   10    12.203
  1992   11    13.991
  1992   12    15.924
  1993   01    17.774
  1993   02    18.779
  1993   03    18.793
  1993   04    18.140
  1993   05    16.814
  1993   06    14.985
  1993   07    13.440
  1993   08    12.212
  1993   09    11.284
  1993   10    11.978
  1993   11    13.516
  1993   12    16.079
  1994   01    17.691
  1994   02    18.576
  1994   03    18.632
  1994   04    17.587
  1994   05    15.549
  1994   06    14.300
  1994   07    12.882
  1994   08    11.581
  1994   09    11.439
  1994   10    11.835
  1994   11    12.929
  1994   12    15.634
  1995   01    17.147
  1995   02    17.568
  1995   03    17.741
  1995   04    16.993
  1995   05    15.667
  1995   06    13.842
  1995   07    12.397
  1995   08    11.347
  1995   09    10.911
  1995   10    11.424
  1995   11    12.852
  1995   12    15.018
  1996   01    16.598
  1996   02    17.180
  1996   03    17.694
  1996   04    17.185
  1996   05    15.743
  1996   06    14.214
  1996   07    12.987
  1996   08    11.445
  1996   09    10.942
  1996   10    11.712
  1996   11    12.969
  1996   12    14.916
  1997   01    16.340
  1997   02    17.187
  1997   03    17.482
  1997   04    17.114
  1997   05    15.711
  1997   06    14.374
  1997   07    13.135
  1997   08    11.472
  1997   09    11.100
  1997   10    12.134
  1997   11    13.438
  1997   12    14.974
  1998   01    16.476
  1998   02    17.388
  1998   03    17.692
  1998   04    17.023
  1998   05    16.010
  1998   06    14.398
  1998   07    13.413
  1998   08    11.689
  1998   09    11.030
  1998   10    11.964
  1998   11    13.245
  1998   12    15.462
  1999   01    16.957
  1999   02    17.729
  1999   03    17.719
  1999   04    16.760
  1999   05    15.533
  1999   06    14.026
  1999   07    12.989
  1999   08    11.119
  1999   09    10.623
  1999   10    11.435
  1999   11    12.778
  1999   12    15.245
  2000   01    16.822
  2000   02    17.537
  2000   03    17.834
  2000   04    17.288
  2000   05    15.569
  2000   06    13.660
  2000   07    12.016
  2000   08    10.479
  2000   09    10.030
  2000   10    10.930
  2000   11    12.679
  2000   12    15.062
  2001   01    16.866
  2001   02    17.600
  2001   03    17.738
  2001   04    16.875
  2001   05    15.733
  2001   06    13.886
  2001   07    12.468
  2001   08    10.480
  2001   09     9.762
  2001   10    10.989
  2001   11    12.753
  2001   12    15.119
  2002   01    16.660
  2002   02    17.225
  2002   03    17.211
  2002   04    16.439
  2002   05    15.383
  2002   06    13.768
  2002   07    12.256
  2002   08    10.690
  2002   09    10.178
  2002   10    10.834
  2002   11    12.386
  2002   12    14.744
  2003   01    16.159
  2003   02    16.628
  2003   03    16.795
  2003   04    16.042
  2003   05    14.463
  2003   06    13.397
  2003   07    12.406
  2003   08    10.703
  2003   09    10.115
  2003   10    11.078
  2003   11    12.265
  2003   12    14.536
  2004   01    15.947
  2004   02    16.699
  2004   03    16.815
  2004   04    16.432
  2004   05    15.510
  2004   06    13.878
  2004   07    12.296
  2004   08    10.683
  2004   09    10.242
  2004   10    11.183
  2004   11    12.563
  2004   12    14.729
  2005   01    16.022
  2005   02    16.729
  2005   03    16.746
  2005   04    15.817
  2005   05    14.695
  2005   06    13.550
  2005   07    12.323
  2005   08    10.857
  2005   09    10.227
  2005   10    11.127
  2005   11    12.593
  2005   12    14.575
  2006   01    16.091
  2006   02    16.590
  2006   03    16.531
  2006   04    16.357
  2006   05    15.037
  2006   06    13.485
  2006   07    11.926
  2006   08    10.371
  2006   09     9.784
  2006   10    10.853
  2006   11    12.353
  2006   12    14.590
  2007   01    15.911
  2007   02    16.699
  2007   03    16.856
  2007   04    16.276
  2007   05    15.263
  2007   06    13.712
  2007   07    12.039
  2007   08    10.718
  2007   09    10.375
  2007   10    11.672
  2007   11    12.794
  2007   12    14.582
  2008   01    15.983
  2008   02    16.925
  2008   03    17.201
  2008   04    16.552
  2008   05    15.339
  2008   06    13.808
  2008   07    12.061
  2008   08    10.746
  2008   09     9.981
  2008   10    10.957
  2008   11    12.295
  2008   12    14.483
  2009   01    16.163
  2009   02    16.952
  2009   03    16.999
  2009   04    16.599
  2009   05    15.325
  2009   06    13.699
  2009   07    12.107
  2009   08    10.521
  2009   09     9.971
  2009   10    11.171
  2009   11    12.406
  2009   12    14.468
  2010   01    16.366
  2010   02    17.336
  2010   03    17.312
  2010   04    16.521
  2010   05    15.165
  2010   06    13.711
  2010   07    12.640
  2010   08    11.165
  2010   09    10.603
  2010   10    11.106
  2010   11    12.556
  2010   12    14.543
  2011   01    16.135
  2011   02    16.859
  2011   03    17.194
  2011   04    16.653
  2011   05    15.302
  2011   06    13.915
  2011   07    12.605
  2011   08    10.746
  2011   09     9.873
  2011   10    11.115
  2011   11    12.538
  2011   12    14.548
  2012   01    15.830
  2012   02    16.809
  2012   03    16.924
  2012   04    16.214
  2012   05    15.082
  2012   06    13.777
  2012   07    12.063
  2012   08    10.219
  2012   09     9.471
  2012   10    11.188
  2012   11    12.751
  2012   12    14.549
  2013   01    16.124
  2013   02    17.177
  2013   03    17.261
  2013   04    16.638
  2013   05    15.446
  2013   06    13.975
  2013   07    12.349
  2013   08    10.798
  2013   09    10.116
  2013   10    11.256
  2013   11    12.484
  2013   12    15.064
  2014   01    16.937
  2014   02    17.386
  2014   03    17.417
  2014   04    16.690
  2014   05    15.418
  2014   06    13.902
  2014   07    12.798
  2014   08    10.524
  2014   09     9.509
  2014   10    11.314
  2014   11    12.755
  2014   12    15.151
  2015   01    16.424
  2015   02    17.214
  2015   03    16.969
  2015   04    16.281
  2015   05    14.804
  2015   06    13.714
  2015   07    12.424
  2015   08    11.048
  2015   09    10.608
  2015   10    11.265
  2015   11    12.701
  2015   12    14.578
  2016   01    16.144
  2016   02    16.910
  2016   03    16.900
  2016   04    16.404
  2016   05    15.276
  2016   06    13.959
  2016   07    12.704
  2016   08    11.026
  2016   09    10.464
  2016   10    11.374
  2016   11    12.683
  2016   12    14.754
  2017   01    16.392
  2017   02    17.145
  2017   03    17.168
  2017   04    16.817
  2017   05    15.372
  2017   06    13.692
  2017   07    12.451
  2017   08    10.880
  2017   09    10.137
  2017   10    11.119
  2017   11    12.369
  2017   12    14.824
  2018   01    16.268
  2018   02    16.804
  2018   03    17.288
  2018   04    16.580
  2018   05    15.367
  2018   06    14.009
  2018   07    12.359
  2018   08    10.662
  2018   09     9.995
  2018   10    11.000
  2018   11    12.187
  2018   12    14.649
  2019   01    16.440
  2019   02    16.925
  2019   03    17.221
  2019   04    16.576
  2019   05    15.446
  2019   06    14.129
  2019   07    12.510
  2019   08    10.757
  2019   09    10.342
  2019   10    11.613
  2019   11    13.164
  2019   12    14.910
  2020   01    16.302
  2020   02    16.869
  2020   03    17.058
  2020   04    16.967
  2020   05    15.717
  2020   06    13.923
  2020   07    12.319
  2020   08    11.190
  2020   09    10.675
  2020   10    11.083
  2020   11    12.249
  2020   12    14.422
  2021   01    16.282
  2021   02    17.072
  2021   03    17.118
  2021   04    16.618
  2021   05    15.188
  2021   06    13.733
  2021   07    12.418
  2021   08    10.480
  2021   09     9.792
  2021   10    10.837
  2021   11    12.099
  2021   12    14.365
  2022   01    16.215
  2022   02    16.920
  2022   03    16.992
  2022   04    16.632
  2022   05    15.455
  2022   06    13.545
  2022   07    12.141
  2022   08    10.708
  2022   09    10.170
  2022   10    10.938
  2022   11    12.155
  2022   12    14.188
  2023   01    16.076
  2023   02    16.806
  2023   03    16.717
  2023   04    16.161
  2023   05    15.013
  2023   06    13.655
  2023   07    11.779
  2023   08     9.992
  2023   09     9.161
  2023   10    10.719
  2023   11    12.216
  2023   12    14.435
  2024   01    16.039
  2024   02    17.031
  2024   03    17.473
  2024   04    17.089
  2024   05    15.704
  2024   06    14.008
  2024   07    11.945
  2024   08    10.215
  2024   09     9.371
  2024   10    10.412
  2024   11    11.813
  2024   12    13.888
  2025   01    16.391
  2025   02    16.939
  2025   03    17.074
  2025   04    16.442
  2025   05    14.989
  2025   06    13.480
  2025   07    12.093
  2025   08    10.721
  2025   09    10.173
  2025   10    11.080
  2025   11    12.221
  2025   12    14.097
  2026   01    16.438
  2026   02    17.615
  2026   03    17.345
  2026   04    16.508
  2026   05    15.126
  2026   06    13.926
  2026   07    12.080
  2026   08    10.437
  2026   09     9.661
  2026   10    11.171
  2026   11    12.275
  2026   12    14.354
  2027   01    16.370
  2027   02    17.440
  2027   03    17.191
  2027   04    16.707
  2027   05    15.613
  2027   06    13.891
  2027   07    12.423
  2027   08    11.127
  2027   09    10.255
  2027   10    11.089
  2027   11    12.452
  2027   12    14.718
  2028   01    16.545
  2028   02    17.563
  2028   03    17.882
  2028   04    17.209
  2028   05    15.415
  2028   06    14.165
  2028   07    12.464
  2028   08    10.717
  2028   09     9.661
  2028   10    10.872
  2028   11    12.916
  2028   12    15.059
  2029   01    16.850
  2029   02    17.853
  2029   03    18.187
  2029   04    17.817
  2029   05    16.261
  2029   06    14.269
  2029   07    12.943
  2029   08    11.015
  2029   09    10.241
  2029   10    11.241
  2029   11    12.701
  2029   12    15.179
  2030   01    17.265
  2030   02    18.145
  2030   03    18.299
  2030   04    17.758
  2030   05    16.075
  2030   06    14.562
  2030   07    12.879
  2030   08    11.180
  2030   09    10.096
  2030   10    11.441
  2030   11    13.014
  2030   12    15.504
  2031   01    17.409
  2031   02    18.570
  2031   03    18.940
  2031   04    18.136
  2031   05    16.499
  2031   06    14.847
  2031   07    12.522
  2031   08    10.924
  2031   09    10.228
  2031   10    11.187
  2031   11    12.470
  2031   12    15.356
  2032   01    17.118
  2032   02    18.307
  2032   03    18.516
  2032   04    17.756
  2032   05    16.325
  2032   06    14.355
  2032   07    12.773
  2032   08    10.885
  2032   09    10.113
  2032   10    11.263
  2032   11    12.648
  2032   12    14.933
  2033   01    17.091
  2033   02    17.759
  2033   03    18.011
  2033   04    17.366
  2033   05    16.113
  2033   06    14.100
  2033   07    12.206
  2033   08    10.627
  2033   09     9.776
  2033   10    10.860
  2033   11    12.692
  2033   12    15.123
  2034   01    16.817
  2034   02    17.669
  2034   03    18.121
  2034   04    17.685
  2034   05    16.529
  2034   06    14.546
  2034   07    12.672
  2034   08    10.161
  2034   09     9.280
  2034   10    10.893
  2034   11    12.923
  2034   12    15.458
  2035   01    17.369
  2035   02    17.708
  2035   03    17.722
  2035   04    17.131
  2035   05    16.066
  2035   06    14.291
  2035   07    12.676
  2035   08    10.908
  2035   09    10.039
  2035   10    10.998
  2035   11    12.566
  2035   12    14.772
  2036   01    16.931
  2036   02    17.740
  2036   03    17.839
  2036   04    16.966
  2036   05    15.492
  2036   06    13.900
  2036   07    11.965
  2036   08    10.232
  2036   09     9.467
  2036   10    10.847
  2036   11    12.411
  2036   12    14.141
  2037   01    16.210
  2037   02    16.897
  2037   03    17.113
  2037   04    16.574
  2037   05    15.475
  2037   06    13.893
  2037   07    12.457
  2037   08    10.480
  2037   09     9.391
  2037   10    10.654
  2037   11    12.488
  2037   12    14.634
  2038   01    16.262
  2038   02    17.248
  2038   03    17.413
  2038   04    16.820
  2038   05    15.097
  2038   06    14.152
  2038   07    12.819
  2038   08    10.663
  2038   09     9.750
  2038   10    10.902
  2038   11    12.065
  2038   12    14.413
  2039   01    16.194
  2039   02    17.167
  2039   03    17.337
  2039   04    16.891
  2039   05    15.647
  2039   06    14.287
  2039   07    12.412
  2039   08    10.807
  2039   09    10.035
  2039   10    11.077
  2039   11    12.795
  2039   12    14.859
  2040   01    16.434
  2040   02    17.375
  2040   03    17.766
  2040   04    17.644
  2040   05    16.502
  2040   06    14.560
  2040   07    12.325
  2040   08    10.796
  2040   09     9.746
  2040   10    10.776
  2040   11    12.695
  2040   12    14.850
  2041   01    16.972
  2041   02    17.879
  2041   03    17.998
  2041   04    17.635
  2041   05    16.164
  2041   06    14.385
  2041   07    12.404
  2041   08     9.929
  2041   09     9.138
  2041   10    10.593
  2041   11    12.433
  2041   12    15.060
  2042   01    16.757
  2042   02    17.633
  2042   03    17.799
  2042   04    17.067
  2042   05    15.608
  2042   06    14.194
  2042   07    12.703
  2042   08    10.674
  2042   09     9.613
  2042   10    11.009
  2042   11    12.756
  2042   12    14.963
  2043   01    16.686
  2043   02    17.628
  2043   03    17.600
  2043   04    17.234
  2043   05    15.703
  2043   06    14.330
  2043   07    12.412
  2043   08    10.053
  2043   09     8.945
  2043   10    10.453
  2043   11    12.306
  2043   12    15.304
  2044   01    17.048
  2044   02    17.927
  2044   03    17.923
  2044   04    17.296
  2044   05    15.762
  2044   06    14.221
  2044   07    12.188
  2044   08    10.156
  2044   09     9.449
  2044   10    10.564
  2044   11    11.854
  2044   12    14.576
  2045   01    16.924
  2045   02    17.654
  2045   03    17.857
  2045   04    17.198
  2045   05    15.936
  2045   06    13.998
  2045   07    11.952
  2045   08    10.334
  2045   09     9.656
  2045   10    10.797
  2045   11    12.686
  2045   12    15.043
  2046   01    16.866
  2046   02    17.971
  2046   03    17.973
  2046   04    17.133
  2046   05    15.703
  2046   06    14.494
  2046   07    12.783
  2046   08    10.928
  2046   09    10.200
  2046   10    10.780
  2046   11    12.716
  2046   12    15.157
  2047   01    16.931
  2047   02    17.760
  2047   03    18.238
  2047   04    17.468
  2047   05    16.080
  2047   06    14.229
  2047   07    12.539
  2047   08    10.938
  2047   09    10.485
  2047   10    11.167
  2047   11    13.090
  2047   12    15.546
  2048   01    16.906
  2048   02    17.889
  2048   03    18.072
  2048   04    17.781
  2048   05    16.187
  2048   06    14.394
  2048   07    12.388
  2048   08    10.692
  2048   09    10.093
  2048   10    11.409
  2048   11    12.727
  2048   12    14.695
  2049   01    16.550
  2049   02    17.546
  2049   03    17.851
  2049   04    17.398
  2049   05    15.731
  2049   06    14.382
  2049   07    12.665
  2049   08    10.665
  2049   09     9.788
  2049   10    10.777
  2049   11    12.415
  2049   12    15.133
  2050   01    17.115
  2050   02    17.779
  2050   03    18.111
  2050   04    17.725
  2050   05    16.387
  2050   06    14.362
  2050   07    12.558
  2050   08    10.191
  2050   09     9.291
  2050   10    10.739
  2050   11    12.235
  2050   12    14.942
  2051   01    16.824
  2051   02    17.580
  2051   03    17.725
  2051   04    16.948
  2051   05    15.502
  2051   06    14.464
  2051   07    12.567
  2051   08    10.562
  2051   09     9.796
  2051   10    10.869
  2051   11    12.277
  2051   12    14.913
  2052   01    16.608
  2052   02    17.571
  2052   03    17.898
  2052   04    17.336
  2052   05    16.044
  2052   06    14.341
  2052   07    12.783
  2052   08    10.932
  2052   09    10.170
  2052   10    10.919
  2052   11    12.492
  2052   12    14.643
  2053   01    16.607
  2053   02    17.306
  2053   03    17.154
  2053   04    16.205
  2053   05    15.184
  2053   06    14.256
  2053   07    12.947
  2053   08    11.109
  2053   09    10.052
  2053   10    11.184
  2053   11    12.802
  2053   12    14.949
  2054   01    16.497
  2054   02    17.286
  2054   03    17.304
  2054   04    16.591
  2054   05    15.324
  2054   06    13.960
  2054   07    12.206
  2054   08    10.522
  2054   09     9.947
  2054   10    11.377
  2054   11    12.785
  2054   12    14.583
  2055   01    16.347
  2055   02    17.317
  2055   03    17.497
  2055   04    17.069
  2055   05    15.825
  2055   06    14.123
  2055   07    12.867
  2055   08    10.796
  2055   09    10.026
  2055   10    11.134
  2055   11    12.252
  2055   12    14.980
  2056   01    16.758
  2056   02    17.689
  2056   03    17.625
  2056   04    17.306
  2056   05    16.130
  2056   06    14.434
  2056   07    12.568
  2056   08    10.364
  2056   09     9.488
  2056   10    11.067
  2056   11    12.738
  2056   12    15.114
  2057   01    16.783
  2057   02    17.396
  2057   03    17.511
  2057   04    16.855
  2057   05    15.564
  2057   06    14.191
  2057   07    12.771
  2057   08    11.345
  2057   09    10.522
  2057   10    11.545
  2057   11    12.988
  2057   12    15.208
  2058   01    16.866
  2058   02    17.832
  2058   03    17.940
  2058   04    17.120
  2058   05    15.733
  2058   06    14.622
  2058   07    13.018
  2058   08    10.921
  2058   09    10.222
  2058   10    11.122
  2058   11    12.620
  2058   12    14.660
  2059   01    16.691
  2059   02    17.544
  2059   03    17.720
  2059   04    17.335
  2059   05    16.065
  2059   06    14.207
  2059   07    12.470
  2059   08    11.035
  2059   09    10.141
  2059   10    11.119
  2059   11    12.928
  2059   12    15.471
  2060   01    16.790
  2060   02    17.668
  2060   03    17.889
  2060   04    17.321
  2060   05    15.944
  2060   06    14.020
  2060   07    12.544
  2060   08    10.773
  2060   09    10.041
  2060   10    11.005
  2060   11    12.355
  2060   12    14.986
  2061   01    16.823
  2061   02    17.669
  2061   03    18.135
  2061   04    17.719
  2061   05    16.278
  2061   06    14.361
  2061   07    12.785
  2061   08    10.276
  2061   09     9.451
  2061   10    10.956
  2061   11    12.272
  2061   12    14.506
  2062   01    16.547
  2062   02    17.335
  2062   03    17.577
  2062   04    17.026
  2062   05    15.837
  2062   06    14.256
  2062   07    12.619
  2062   08    10.131
  2062   09     9.286
  2062   10    10.892
  2062   11    12.345
  2062   12    14.795
  2063   01    16.441
  2063   02    17.141
  2063   03    16.894
  2063   04    16.541
  2063   05    15.481
  2063   06    14.167
  2063   07    12.477
  2063   08    10.427
  2063   09     9.631
  2063   10    10.912
  2063   11    12.473
  2063   12    14.525
  2064   01    16.295
  2064   02    16.820
  2064   03    17.047
  2064   04    16.526
  2064   05    15.481
  2064   06    13.868
  2064   07    12.647
  2064   08    10.377
  2064   09     9.614
  2064   10    11.066
  2064   11    12.538
  2064   12    14.819
  2065   01    16.656
  2065   02    17.446
  2065   03    17.262
  2065   04    16.794
  2065   05    15.818
  2065   06    14.253
  2065   07    12.958
  2065   08    11.522
  2065   09    10.877
  2065   10    11.809
  2065   11    12.761
  2065   12    14.955
  2066   01    17.128
  2066   02    17.739
  2066   03    18.094
  2066   04    17.365
  2066   05    15.884
  2066   06    14.383
  2066   07    12.959
  2066   08    11.275
  2066   09    10.288
  2066   10    11.415
  2066   11    13.341
  2066   12    15.432
  2067   01    16.940
  2067   02    17.486
  2067   03    17.711
  2067   04    17.126
  2067   05    15.617
  2067   06    14.003
  2067   07    12.671
  2067   08    10.636
  2067   09     9.887
  2067   10    10.746
  2067   11    12.472
  2067   12    14.938
  2068   01    16.660
  2068   02    17.909
  2068   03    18.216
  2068   04    17.110
  2068   05    15.564
  2068   06    14.081
  2068   07    12.364
  2068   08    10.235
  2068   09     9.386
  2068   10    10.870
  2068   11    12.239
  2068   12    14.275
  2069   01    16.485
  2069   02    17.633
  2069   03    17.802
  2069   04    17.164
  2069   05    15.704
  2069   06    14.363
  2069   07    12.582
  2069   08    11.012
  2069   09    10.201
  2069   10    10.942
  2069   11    12.443
  2069   12    15.073
  2070   01    16.692
  2070   02    17.284
  2070   03    17.449
  2070   04    16.992
  2070   05    15.753
  2070   06    14.182
  2070   07    12.536
  2070   08    10.416
  2070   09     9.679
  2070   10    10.846
  2070   11    12.806
  2070   12    15.237
  2071   01    16.975
  2071   02    17.793
  2071   03    17.722
  2071   04    17.331
  2071   05    15.645
  2071   06    14.180
  2071   07    12.649
  2071   08    10.736
  2071   09     9.897
  2071   10    11.292
  2071   11    12.731
  2071   12    14.890
  2072   01    16.286
  2072   02    17.184
  2072   03    17.159
  2072   04    16.428
  2072   05    15.311
  2072   06    14.083
  2072   07    13.103
  2072   08    10.528
  2072   09     9.676
  2072   10    11.227
  2072   11    12.408
  2072   12    14.699
  2073   01    16.520
  2073   02    16.861
  2073   03    17.084
  2073   04    16.607
  2073   05    15.419
  2073   06    14.294
  2073   07    12.109
  2073   08    10.171
  2073   09     9.423
  2073   10    10.827
  2073   11    12.226
  2073   12    14.122
  2074   01    15.719
  2074   02    16.673
  2074   03    17.253
  2074   04    16.824
  2074   05    15.795
  2074   06    14.119
  2074   07    12.516
  2074   08    10.412
  2074   09     9.287
  2074   10    11.194
  2074   11    12.252
  2074   12    14.252
  2075   01    16.416
  2075   02    17.191
  2075   03    17.096
  2075   04    16.620
  2075   05    15.293
  2075   06    14.044
  2075   07    11.922
  2075   08    10.063
  2075   09     9.566
  2075   10    10.943
  2075   11    12.244
  2075   12    14.437
  2076   01    15.924
  2076   02    16.797
  2076   03    16.972
  2076   04    16.439
  2076   05    15.234
  2076   06    14.016
  2076   07    12.007
  2076   08     9.814
  2076   09     8.650
  2076   10    10.366
  2076   11    11.718
  2076   12    14.468
  2077   01    16.098
  2077   02    16.967
  2077   03    17.197
  2077   04    16.420
  2077   05    15.361
  2077   06    13.663
  2077   07    11.926
  2077   08    10.195
  2077   09     9.598
  2077   10    10.889
  2077   11    12.115
  2077   12    14.220
  2078   01    15.797
  2078   02    16.412
  2078   03    16.520
  2078   04    16.112
  2078   05    14.877
  2078   06    13.514
  2078   07    12.123
  2078   08    10.413
  2078   09     9.616
  2078   10    10.939
  2078   11    12.216
  2078   12    14.618
  2079   01    15.931
  2079   02    16.317
  2079   03    16.546
  2079   04    16.019
  2079   05    14.931
  2079   06    13.708
  2079   07    11.663
  2079   08    10.144
  2079   09     9.278
  2079   10    10.912
  2079   11    12.066
  2079   12    14.142
  2080   01    16.043
  2080   02    16.402
  2080   03    16.469
  2080   04    15.957
  2080   05    14.947
  2080   06    13.553
  2080   07    11.970
  2080   08    10.706
  2080   09     9.999
  2080   10    10.708
  2080   11    12.184
  2080   12    14.515
  2081   01    16.121
  2081   02    16.592
  2081   03    16.500
  2081   04    15.984
  2081   05    15.099
  2081   06    13.699
  2081   07    12.129
  2081   08    10.585
  2081   09     9.941
  2081   10    11.216
  2081   11    12.416
  2081   12    14.565
  2082   01    15.634
  2082   02    16.404
  2082   03    16.575
  2082   04    15.980
  2082   05    14.912
  2082   06    13.746
  2082   07    12.474
  2082   08    10.339
  2082   09     9.908
  2082   10    11.043
  2082   11    12.345
  2082   12    14.438
  2083   01    16.023
  2083   02    16.811
  2083   03    16.919
  2083   04    16.282
  2083   05    15.290
  2083   06    13.975
  2083   07    12.251
  2083   08    10.455
  2083   09     9.375
  2083   10    10.232
  2083   11    12.043
  2083   12    14.432
  2084   01    16.126
  2084   02    17.113
  2084   03    17.187
  2084   04    16.421
  2084   05    15.379
  2084   06    13.946
  2084   07    12.122
  2084   08     9.940
  2084   09     9.026
  2084   10    10.334
  2084   11    12.194
  2084   12    14.764
  2085   01    15.985
  2085   02    16.856
  2085   03    17.271
  2085   04    16.713
  2085   05    15.085
  2085   06    13.878
  2085   07    12.341
  2085   08     9.738
  2085   09     8.738
  2085   10    10.036
  2085   11    12.157
  2085   12    14.461
  2086   01    15.934
  2086   02    16.586
  2086   03    16.782
  2086   04    16.025
  2086   05    14.968
  2086   06    13.615
  2086   07    12.301
  2086   08    10.050
  2086   09     8.899
  2086   10    10.990
  2086   11    12.430
  2086   12    14.791
  2087   01    15.916
  2087   02    16.483
  2087   03    16.627
  2087   04    16.231
  2087   05    15.012
  2087   06    13.865
  2087   07    12.683
  2087   08    10.196
  2087   09     8.951
  2087   10    10.583
  2087   11    11.886
  2087   12    14.558
  2088   01    16.188
  2088   02    17.031
  2088   03    17.224
  2088   04    16.490
  2088   05    15.361
  2088   06    13.897
  2088   07    11.933
  2088   08    10.306
  2088   09     9.140
  2088   10    10.670
  2088   11    12.301
  2088   12    14.532
  2089   01    16.142
  2089   02    16.458
  2089   03    16.725
  2089   04    16.275
  2089   05    15.154
  2089   06    13.818
  2089   07    12.347
  2089   08    10.568
  2089   09     9.813
  2089   10    10.577
  2089   11    12.226
  2089   12    14.782
  2090   01    16.116
  2090   02    16.859
  2090   03    16.593
  2090   04    16.315
  2090   05    15.182
  2090   06    13.926
  2090   07    12.493
  2090   08    10.655
  2090   09     9.718
  2090   10    11.086
  2090   11    12.386
  2090   12    14.600
  2091   01    16.124
  2091   02    16.918
  2091   03    16.881
  2091   04    16.264
  2091   05    15.134
  2091   06    14.031
  2091   07    12.311
  2091   08    10.558
  2091   09    10.026
  2091   10    11.059
  2091   11    12.523
  2091   12    14.600
  2092   01    15.937
  2092   02    16.920
  2092   03    17.027
  2092   04    16.007
  2092   05    15.278
  2092   06    14.320
  2092   07    12.882
  2092   08    10.361
  2092   09     9.141
  2092   10    10.602
  2092   11    12.343
  2092   12    14.911
  2093   01    16.606
  2093   02    17.289
  2093   03    17.243
  2093   04    16.428
  2093   05    15.443
  2093   06    14.336
  2093   07    12.143
  2093   08     9.909
  2093   09     9.103
  2093   10    10.901
  2093   11    12.261
  2093   12    14.891
  2094   01    16.275
  2094   02    17.036
  2094   03    17.128
  2094   04    16.630
  2094   05    15.604
  2094   06    14.238
  2094   07    12.950
  2094   08    10.109
  2094   09     9.007
  2094   10    10.678
  2094   11    12.815
  2094   12    15.003
  2095   01    16.226
  2095   02    17.152
  2095   03    17.007
  2095   04    16.677
  2095   05    15.336
  2095   06    14.050
  2095   07    12.841
  2095   08    10.752
  2095   09     9.209
  2095   10    10.704
  2095   11    12.666
  2095   12    14.903
  2096   01    16.354
  2096   02    17.230
  2096   03    17.505
  2096   04    16.699
  2096   05    15.589
  2096   06    14.113
  2096   07    12.356
  2096   08    10.425
  2096   09     9.148
  2096   10    10.725
  2096   11    12.677
  2096   12    14.883
  2097   01    16.859
  2097   02    17.699
  2097   03    17.548
  2097   04    17.005
  2097   05    15.889
  2097   06    14.069
  2097   07    11.919
  2097   08    10.090
  2097   09     8.866
  2097   10    10.819
  2097   11    12.449
  2097   12    14.991
  2098   01    16.989
  2098   02    17.587
  2098   03    17.860
  2098   04    17.454
  2098   05    15.995
  2098   06    14.391
  2098   07    12.728
  2098   08    10.840
  2098   09    10.264
  2098   10    11.190
  2098   11    12.458
  2098   12    15.100
  2099   01    16.860
  2099   02    17.575
  2099   03    17.641
  2099   04    17.196
  2099   05    15.667
  2099   06    13.895
  2099   07    12.306
  2099   08    10.279
  2099   09     9.492
  2099   10    10.666
  2099   11    13.078
  2099   12    15.430
  2100   01    16.866
  2100   02    17.598
  2100   03    17.693
  2100   04    16.769
  2100   05    15.256
  2100   06    14.169
  2100   07    12.683
  2100   08    10.021
  2100   09     9.230
  2100   10    10.553
  2100   11    13.061
  2100   12    15.244
