  1850   01    18.352
  1850   02    19.780
  1850   03    20.686
  1850   04    20.825
  1850   05    20.067
  1850   06    17.843
  1850   07    12.166
  1850   08     8.728
  1850   09     7.784
  1850   10     9.959
  1850   11    13.203
  1850   12    16.360
  1851   01    18.333
  1851   02    19.666
  1851   03    20.501
  1851   04    20.681
  1851   05    20.052
  1851   06    16.840
  1851   07    12.355
  1851   08     8.922
  1851   09     7.478
  1851   10     9.624
  1851   11    12.439
  1851   12    15.721
  1852   01    18.703
  1852   02    20.093
  1852   03    20.551
  1852   04    20.441
  1852   05    19.836
  1852   06    17.788
  1852   07    12.144
  1852   08     8.857
  1852   09     7.539
  1852   10     9.787
  1852   11    12.424
  1852   12    15.883
  1853   01    18.418
  1853   02    19.879
  1853   03    20.662
  1853   04    20.819
  1853   05    20.007
  1853   06    17.417
  1853   07    12.702
  1853   08     9.557
  1853   09     8.673
  1853   10    10.584
  1853   11    13.142
  1853   12    16.076
  1854   01    17.687
  1854   02    19.091
  1854   03    20.133
  1854   04    20.380
  1854   05    19.912
  1854   06    17.557
  1854   07    12.768
  1854   08     9.767
  1854   09     8.160
  1854   10    10.634
  1854   11    13.358
  1854   12    15.863
  1855   01    17.911
  1855   02    19.761
  1855   03    20.550
  1855   04    20.571
  1855   05    19.573
  1855   06    17.220
  1855   07    12.847
  1855   08     9.924
  1855   09     8.721
  1855   10    10.520
  1855   11    12.787
  1855   12    16.436
  1856   01    18.861
  1856   02    20.039
  1856   03    20.901
  1856   04    20.967
  1856   05    20.362
  1856   06    18.399
  1856   07    12.973
  1856   08     9.413
  1856   09     8.482
  1856   10    10.570
  1856   11    13.130
  1856   12    16.428
  1857   01    18.257
  1857   02    19.459
  1857   03    20.251
  1857   04    20.145
  1857   05    19.438
  1857   06    17.280
  1857   07    12.494
  1857   08     9.497
  1857   09     8.478
  1857   10    10.878
  1857   11    13.365
  1857   12    16.353
  1858   01    18.410
  1858   02    19.968
  1858   03    20.678
  1858   04    20.646
  1858   05    20.047
  1858   06    17.739
  1858   07    12.929
  1858   08    10.209
  1858   09     8.253
  1858   10    11.022
  1858   11    13.072
  1858   12    16.345
  1859   01    18.698
  1859   02    20.027
  1859   03    20.616
  1859   04    20.810
  1859   05    19.823
  1859   06    17.480
  1859   07    12.733
  1859   08     9.411
  1859   09     8.372
  1859   10    10.437
  1859   11    12.816
  1859   12    15.750
  1860   01    17.995
  1860   02    19.160
  1860   03    20.312
  1860   04    20.160
  1860   05    19.161
  1860   06    17.384
  1860   07    12.746
  1860   08     8.585
  1860   09     7.710
  1860   10     9.413
  1860   11    12.699
  1860   12    15.532
  1861   01    17.722
  1861   02    19.294
  1861   03    19.887
  1861   04    19.875
  1861   05    19.104
  1861   06    17.398
  1861   07    12.563
  1861   08     8.765
  1861   09     7.824
  1861   10    10.204
  1861   11    13.123
  1861   12    16.048
  1862   01    17.966
  1862   02    19.265
  1862   03    19.943
  1862   04    19.924
  1862   05    19.332
  1862   06    17.271
  1862   07    12.817
  1862   08    10.015
  1862   09     8.899
  1862   10    10.586
  1862   11    12.846
  1862   12    16.352
  1863   01    18.005
  1863   02    19.387
  1863   03    20.072
  1863   04    20.257
  1863   05    19.586
  1863   06    17.126
  1863   07    12.510
  1863   08     9.465
  1863   09     8.406
  1863   10    10.164
  1863   11    12.664
  1863   12    16.283
  1864   01    18.594
  1864   02    19.960
  1864   03    20.352
  1864   04    20.355
  1864   05    19.538
  1864   06    17.918
  1864   07    12.076
  1864   08     8.755
  1864   09     7.653
  1864   10     9.675
  1864   11    12.990
  1864   12    15.919
  1865   01    18.204
  1865   02    19.198
  1865   03    20.124
  1865   04    20.105
  1865   05    19.414
  1865   06    17.190
  1865   07    12.164
  1865   08     9.151
  1865   09     7.729
  1865   10    10.003
  1865   11    12.659
  1865   12    15.720
  1866   01    17.842
  1866   02    19.321
  1866   03    20.083
  1866   04    20.286
  1866   05    19.456
  1866   06    17.144
  1866   07    12.475
  1866   08     9.494
  1866   09     8.512
  1866   10    10.305
  1866   11    12.633
  1866   12    16.473
  1867   01    18.961
  1867   02    20.241
  1867   03    20.907
  1867   04    20.813
  1867   05    20.048
  1867   06    17.812
  1867   07    12.630
  1867   08     9.194
  1867   09     8.257
  1867   10     9.972
  1867   11    12.311
  1867   12    15.878
  1868   01    18.450
  1868   02    19.935
  1868   03    20.602
  1868   04    20.690
  1868   05    20.020
  1868   06    17.463
  1868   07    12.092
  1868   08     9.179
  1868   09     8.512
  1868   10     9.963
  1868   11    12.414
  1868   12    16.270
  1869   01    19.089
  1869   02    19.974
  1869   03    20.507
  1869   04    20.510
  1869   05    19.412
  1869   06    17.124
  1869   07    12.543
  1869   08     9.205
  1869   09     8.273
  1869   10     9.920
  1869   11    13.263
  1869   12    16.126
  1870   01    18.743
  1870   02    20.043
  1870   03    20.643
  1870   04    20.601
  1870   05    19.955
  1870   06    17.698
  1870   07    13.168
  1870   08     9.599
  1870   09     8.406
  1870   10    10.458
  1870   11    13.319
  1870   12    16.485
  1871   01    18.875
  1871   02    20.029
  1871   03    20.609
  1871   04    20.538
  1871   05    19.817
  1871   06    17.715
  1871   07    12.418
  1871   08     9.452
  1871   09     8.213
  1871   10    10.199
  1871   11    12.741
  1871   12    15.808
  1872   01    18.375
  1872   02    19.562
  1872   03    20.358
  1872   04    20.528
  1872   05    19.930
  1872   06    17.777
  1872   07    12.507
  1872   08     8.953
  1872   09     7.839
  1872   10     9.803
  1872   11    12.746
  1872   12    16.385
  1873   01    18.610
  1873   02    19.786
  1873   03    20.205
  1873   04    20.231
  1873   05    19.511
  1873   06    18.024
  1873   07    12.305
  1873   08     8.807
  1873   09     7.732
  1873   10     9.929
  1873   11    12.851
  1873   12    16.065
  1874   01    18.365
  1874   02    20.028
  1874   03    20.401
  1874   04    20.111
  1874   05    19.101
  1874   06    16.772
  1874   07    12.863
  1874   08     8.764
  1874   09     7.377
  1874   10     9.595
  1874   11    11.880
  1874   12    15.396
  1875   01    17.470
  1875   02    19.351
  1875   03    20.151
  1875   04    20.087
  1875   05    19.233
  1875   06    17.068
  1875   07    11.780
  1875   08     8.458
  1875   09     7.413
  1875   10     9.090
  1875   11    12.161
  1875   12    15.586
  1876   01    18.845
  1876   02    19.833
  1876   03    20.525
  1876   04    20.495
  1876   05    20.089
  1876   06    17.496
  1876   07    12.342
  1876   08     9.765
  1876   09     8.069
  1876   10    10.000
  1876   11    12.870
  1876   12    15.676
  1877   01    17.637
  1877   02    19.108
  1877   03    19.684
  1877   04    19.669
  1877   05    18.958
  1877   06    17.068
  1877   07    12.078
  1877   08     8.994
  1877   09     8.003
  1877   10     9.855
  1877   11    12.502
  1877   12    15.945
  1878   01    18.137
  1878   02    19.655
  1878   03    20.057
  1878   04    19.944
  1878   05    19.133
  1878   06    16.698
  1878   07    11.925
  1878   08     8.727
  1878   09     7.108
  1878   10     9.294
  1878   11    12.588
  1878   12    15.567
  1879   01    17.449
  1879   02    18.710
  1879   03    19.561
  1879   04    19.502
  1879   05    18.860
  1879   06    17.162
  1879   07    12.035
  1879   08     8.875
  1879   09     7.551
  1879   10     9.791
  1879   11    13.172
  1879   12    16.395
  1880   01    18.424
  1880   02    19.591
  1880   03    20.134
  1880   04    20.144
  1880   05    19.066
  1880   06    17.180
  1880   07    12.470
  1880   08     8.068
  1880   09     6.802
  1880   10     9.323
  1880   11    12.091
  1880   12    16.008
  1881   01    18.087
  1881   02    19.352
  1881   03    20.087
  1881   04    20.093
  1881   05    19.297
  1881   06    16.907
  1881   07    12.383
  1881   08     8.557
  1881   09     6.680
  1881   10     9.826
  1881   11    12.671
  1881   12    16.304
  1882   01    18.548
  1882   02    19.758
  1882   03    20.379
  1882   04    20.387
  1882   05    19.591
  1882   06    17.749
  1882   07    12.814
  1882   08     9.131
  1882   09     8.099
  1882   10    10.459
  1882   11    13.215
  1882   12    16.215
  1883   01    18.724
  1883   02    19.886
  1883   03    20.496
  1883   04    20.568
  1883   05    19.688
  1883   06    16.819
  1883   07    12.433
  1883   08     8.730
  1883   09     7.505
  1883   10     9.413
  1883   11    12.160
  1883   12    15.351
  1884   01    17.770
  1884   02    19.191
  1884   03    19.929
  1884   04    19.979
  1884   05    19.175
  1884   06    17.120
  1884   07    12.605
  1884   08     9.258
  1884   09     7.969
  1884   10    10.359
  1884   11    13.215
  1884   12    16.784
  1885   01    18.714
  1885   02    19.883
  1885   03    20.374
  1885   04    20.233
  1885   05    19.619
  1885   06    17.393
  1885   07    12.212
  1885   08     9.345
  1885   09     8.622
  1885   10     9.960
  1885   11    13.151
  1885   12    16.300
  1886   01    18.529
  1886   02    19.940
  1886   03    20.410
  1886   04    20.496
  1886   05    19.561
  1886   06    17.427
  1886   07    12.853
  1886   08     9.581
  1886   09     8.490
  1886   10    10.528
  1886   11    13.002
  1886   12    16.506
  1887   01    18.940
  1887   02    20.058
  1887   03    20.595
  1887   04    20.533
  1887   05    19.729
  1887   06    17.444
  1887   07    11.983
  1887   08     8.935
  1887   09     8.222
  1887   10     9.833
  1887   11    12.294
  1887   12    15.877
  1888   01    18.100
  1888   02    19.684
  1888   03    20.448
  1888   04    20.489
  1888   05    19.684
  1888   06    17.209
  1888   07    12.551
  1888   08     8.796
  1888   09     7.803
  1888   10     9.786
  1888   11    12.629
  1888   12    15.939
  1889   01    18.539
  1889   02    19.912
  1889   03    20.736
  1889   04    20.814
  1889   05    20.142
  1889   06    17.782
  1889   07    11.190
  1889   08     8.511
  1889   09     7.729
  1889   10     9.397
  1889   11    12.311
  1889   12    16.025
  1890   01    18.498
  1890   02    19.888
  1890   03    20.370
  1890   04    20.263
  1890   05    19.479
  1890   06    17.493
  1890   07    12.019
  1890   08     8.716
  1890   09     7.981
  1890   10     9.570
  1890   11    12.677
  1890   12    15.991
  1891   01    18.037
  1891   02    19.342
  1891   03    20.307
  1891   04    20.212
  1891   05    19.485
  1891   06    17.355
  1891   07    12.399
  1891   08     8.795
  1891   09     8.181
  1891   10     9.958
  1891   11    12.485
  1891   12    16.090
  1892   01    18.047
  1892   02    19.727
  1892   03    20.526
  1892   04    20.667
  1892   05    19.877
  1892   06    17.733
  1892   07    12.347
  1892   08     9.164
  1892   09     8.155
  1892   10    10.035
  1892   11    12.654
  1892   12    15.250
  1893   01    17.894
  1893   02    19.535
  1893   03    20.229
  1893   04    20.354
  1893   05    19.521
  1893   06    17.053
  1893   07    11.855
  1893   08     9.030
  1893   09     8.125
  1893   10     9.912
  1893   11    12.550
  1893   12    16.020
  1894   01    18.473
  1894   02    20.018
  1894   03    20.644
  1894   04    20.628
  1894   05    19.705
  1894   06    17.774
  1894   07    12.377
  1894   08     8.511
  1894   09     7.481
  1894   10     9.664
  1894   11    12.709
  1894   12    16.211
  1895   01    18.627
  1895   02    19.985
  1895   03    20.495
  1895   04    20.297
  1895   05    19.696
  1895   06    17.637
  1895   07    12.321
  1895   08     8.834
  1895   09     7.997
  1895   10     9.390
  1895   11    12.726
  1895   12    16.239
  1896   01    18.664
  1896   02    19.676
  1896   03    20.279
  1896   04    20.407
  1896   05    19.834
  1896   06    17.872
  1896   07    12.315
  1896   08     8.664
  1896   09     7.336
  1896   10    10.097
  1896   11    13.002
  1896   12    16.347
  1897   01    18.151
  1897   02    19.371
  1897   03    20.366
  1897   04    20.624
  1897   05    20.161
  1897   06    16.910
  1897   07    12.117
  1897   08     8.172
  1897   09     7.505
  1897   10     9.769
  1897   11    12.632
  1897   12    16.026
  1898   01    18.531
  1898   02    19.778
  1898   03    20.213
  1898   04    19.929
  1898   05    19.231
  1898   06    17.444
  1898   07    12.527
  1898   08     8.742
  1898   09     7.363
  1898   10     9.379
  1898   11    12.253
  1898   12    15.525
  1899   01    17.828
  1899   02    19.163
  1899   03    19.952
  1899   04    19.896
  1899   05    19.328
  1899   06    17.141
  1899   07    10.700
  1899   08     8.409
  1899   09     7.412
  1899   10     9.239
  1899   11    12.137
  1899   12    16.019
  1900   01    18.212
  1900   02    19.492
  1900   03    19.960
  1900   04    19.981
  1900   05    19.514
  1900   06    17.188
  1900   07    12.212
  1900   08     8.784
  1900   09     7.680
  1900   10     9.687
  1900   11    12.403
  1900   12    15.898
  1901   01    17.939
  1901   02    19.324
  1901   03    19.906
  1901   04    19.900
  1901   05    19.168
  1901   06    17.312
  1901   07    12.144
  1901   08     8.551
  1901   09     7.442
  1901   10     9.807
  1901   11    12.388
  1901   12    15.690
  1902   01    18.427
  1902   02    19.571
  1902   03    20.593
  1902   04    20.316
  1902   05    19.193
  1902   06    17.178
  1902   07    12.028
  1902   08     8.969
  1902   09     7.577
  1902   10     9.727
  1902   11    12.455
  1902   12    15.218
  1903   01    17.567
  1903   02    19.013
  1903   03    19.720
  1903   04    19.816
  1903   05    19.130
  1903   06    17.277
  1903   07    12.504
  1903   08     9.075
  1903   09     8.013
  1903   10     9.513
  1903   11    12.533
  1903   12    16.099
  1904   01    18.325
  1904   02    19.631
  1904   03    20.215
  1904   04    20.018
  1904   05    19.326
  1904   06    17.197
  1904   07    12.539
  1904   08     9.316
  1904   09     8.242
  1904   10     9.624
  1904   11    12.417
  1904   12    16.281
  1905   01    18.512
  1905   02    19.866
  1905   03    20.480
  1905   04    20.464
  1905   05    19.671
  1905   06    16.713
  1905   07    12.007
  1905   08     8.832
  1905   09     7.619
  1905   10     9.932
  1905   11    12.624
  1905   12    15.602
  1906   01    17.681
  1906   02    19.288
  1906   03    19.952
  1906   04    19.897
  1906   05    19.374
  1906   06    17.738
  1906   07    12.275
  1906   08     8.800
  1906   09     7.720
  1906   10     9.788
  1906   11    12.584
  1906   12    16.278
  1907   01    18.414
  1907   02    19.664
  1907   03    20.232
  1907   04    20.310
  1907   05    19.548
  1907   06    17.504
  1907   07    13.007
  1907   08     9.159
  1907   09     7.670
  1907   10    10.396
  1907   11    12.394
  1907   12    16.160
  1908   01    17.728
  1908   02    19.231
  1908   03    20.038
  1908   04    20.151
  1908   05    19.060
  1908   06    16.380
  1908   07    11.845
  1908   08     8.719
  1908   09     7.593
  1908   10     9.888
  1908   11    12.252
  1908   12    14.972
  1909   01    17.089
  1909   02    18.472
  1909   03    19.246
  1909   04    19.385
  1909   05    18.548
  1909   06    16.394
  1909   07    11.919
  1909   08     8.976
  1909   09     7.769
  1909   10     9.105
  1909   11    11.489
  1909   12    15.281
  1910   01    17.445
  1910   02    19.071
  1910   03    19.742
  1910   04    19.894
  1910   05    19.091
  1910   06    16.836
  1910   07    12.017
  1910   08     8.848
  1910   09     7.613
  1910   10     9.927
  1910   11    12.442
  1910   12    15.478
  1911   01    17.765
  1911   02    19.139
  1911   03    20.058
  1911   04    20.032
  1911   05    19.214
  1911   06    17.120
  1911   07    12.479
  1911   08     9.135
  1911   09     8.129
  1911   10     9.615
  1911   11    12.427
  1911   12    16.015
  1912   01    18.126
  1912   02    19.527
  1912   03    20.518
  1912   04    20.660
  1912   05    19.512
  1912   06    16.783
  1912   07    11.699
  1912   08     8.789
  1912   09     7.563
  1912   10    10.017
  1912   11    12.577
  1912   12    15.987
  1913   01    18.247
  1913   02    19.750
  1913   03    20.496
  1913   04    20.827
  1913   05    20.173
  1913   06    17.923
  1913   07    11.930
  1913   08     8.597
  1913   09     7.674
  1913   10     9.418
  1913   11    12.348
  1913   12    16.182
  1914   01    18.906
  1914   02    20.277
  1914   03    20.920
  1914   04    21.068
  1914   05    19.868
  1914   06    17.765
  1914   07    12.638
  1914   08     8.824
  1914   09     7.593
  1914   10    10.035
  1914   11    13.574
  1914   12    16.633
  1915   01    18.151
  1915   02    19.821
  1915   03    20.875
  1915   04    21.066
  1915   05    20.295
  1915   06    18.338
  1915   07    13.116
  1915   08     8.921
  1915   09     7.754
  1915   10     9.618
  1915   11    12.718
  1915   12    15.680
  1916   01    17.769
  1916   02    19.711
  1916   03    20.703
  1916   04    20.800
  1916   05    20.016
  1916   06    17.567
  1916   07    11.979
  1916   08     8.647
  1916   09     7.711
  1916   10    10.067
  1916   11    12.347
  1916   12    15.858
  1917   01    18.367
  1917   02    19.852
  1917   03    20.342
  1917   04    20.287
  1917   05    19.748
  1917   06    17.511
  1917   07    11.683
  1917   08     8.555
  1917   09     7.709
  1917   10     9.294
  1917   11    11.530
  1917   12    15.470
  1918   01    17.992
  1918   02    19.123
  1918   03    19.891
  1918   04    20.230
  1918   05    19.775
  1918   06    17.396
  1918   07    11.443
  1918   08     8.483
  1918   09     7.600
  1918   10     9.392
  1918   11    12.183
  1918   12    16.195
  1919   01    18.973
  1919   02    20.175
  1919   03    20.630
  1919   04    20.675
  1919   05    19.707
  1919   06    17.512
  1919   07    12.279
  1919   08     8.466
  1919   09     7.089
  1919   10     8.801
  1919   11    11.812
  1919   12    15.027
  1920   01    17.499
  1920   02    18.882
  1920   03    19.832
  1920   04    20.021
  1920   05    19.384
  1920   06    16.749
  1920   07    11.361
  1920   08     8.077
  1920   09     6.875
  1920   10     8.610
  1920   11    11.636
  1920   12    15.640
  1921   01    17.939
  1921   02    19.631
  1921   03    20.100
  1921   04    20.094
  1921   05    19.555
  1921   06    17.423
  1921   07    11.861
  1921   08     8.744
  1921   09     7.765
  1921   10     9.191
  1921   11    12.230
  1921   12    15.547
  1922   01    18.000
  1922   02    19.521
  1922   03    20.155
  1922   04    20.221
  1922   05    19.663
  1922   06    17.207
  1922   07    11.567
  1922   08     8.805
  1922   09     7.501
  1922   10     9.095
  1922   11    11.607
  1922   12    16.195
  1923   01    18.513
  1923   02    19.970
  1923   03    20.666
  1923   04    20.714
  1923   05    19.840
  1923   06    17.316
  1923   07    11.992
  1923   08     8.582
  1923   09     7.015
  1923   10     9.103
  1923   11    11.532
  1923   12    15.937
  1924   01    18.626
  1924   02    19.980
  1924   03    20.657
  1924   04    20.750
  1924   05    20.266
  1924   06    16.821
  1924   07    11.646
  1924   08     8.072
  1924   09     6.942
  1924   10     8.700
  1924   11    11.648
  1924   12    14.878
  1925   01    17.901
  1925   02    19.258
  1925   03    20.170
  1925   04    20.247
  1925   05    19.288
  1925   06    16.229
  1925   07    11.914
  1925   08     7.956
  1925   09     6.774
  1925   10     9.045
  1925   11    11.459
  1925   12    15.501
  1926   01    18.700
  1926   02    19.986
  1926   03    20.645
  1926   04    20.806
  1926   05    19.757
  1926   06    17.051
  1926   07    11.034
  1926   08     7.715
  1926   09     6.534
  1926   10     8.852
  1926   11    11.278
  1926   12    15.238
  1927   01    17.859
  1927   02    19.603
  1927   03    20.101
  1927   04    20.226
  1927   05    19.473
  1927   06    17.284
  1927   07    11.463
  1927   08     8.289
  1927   09     6.833
  1927   10     9.067
  1927   11    11.765
  1927   12    15.264
  1928   01    18.110
  1928   02    19.596
  1928   03    20.319
  1928   04    20.171
  1928   05    19.245
  1928   06    16.329
  1928   07    11.619
  1928   08     7.912
  1928   09     6.723
  1928   10     8.636
  1928   11    11.684
  1928   12    14.972
  1929   01    17.423
  1929   02    19.029
  1929   03    19.862
  1929   04    19.880
  1929   05    18.926
  1929   06    16.989
  1929   07    12.122
  1929   08     7.931
  1929   09     6.448
  1929   10     9.004
  1929   11    12.174
  1929   12    15.598
  1930   01    17.674
  1930   02    19.198
  1930   03    20.113
  1930   04    20.469
  1930   05    19.402
  1930   06    17.270
  1930   07    12.395
  1930   08     7.949
  1930   09     6.564
  1930   10     9.667
  1930   11    12.690
  1930   12    15.594
  1931   01    18.046
  1931   02    19.201
  1931   03    20.046
  1931   04    20.202
  1931   05    19.327
  1931   06    16.224
  1931   07    12.157
  1931   08     8.626
  1931   09     7.050
  1931   10     9.373
  1931   11    11.714
  1931   12    15.354
  1932   01    17.812
  1932   02    19.319
  1932   03    20.011
  1932   04    20.169
  1932   05    19.372
  1932   06    16.612
  1932   07    11.743
  1932   08     8.010
  1932   09     6.135
  1932   10     9.197
  1932   11    12.014
  1932   12    15.056
  1933   01    17.605
  1933   02    18.997
  1933   03    19.871
  1933   04    19.884
  1933   05    19.204
  1933   06    17.155
  1933   07    12.351
  1933   08     8.796
  1933   09     7.308
  1933   10     9.780
  1933   11    12.619
  1933   12    15.878
  1934   01    18.012
  1934   02    19.373
  1934   03    20.042
  1934   04    20.191
  1934   05    19.500
  1934   06    16.947
  1934   07    12.609
  1934   08     9.071
  1934   09     8.004
  1934   10    10.315
  1934   11    12.649
  1934   12    15.539
  1935   01    18.168
  1935   02    19.559
  1935   03    20.785
  1935   04    20.888
  1935   05    19.806
  1935   06    17.648
  1935   07    11.873
  1935   08     8.439
  1935   09     7.150
  1935   10     9.567
  1935   11    12.799
  1935   12    16.061
  1936   01    19.103
  1936   02    20.249
  1936   03    21.027
  1936   04    20.792
  1936   05    19.711
  1936   06    17.384
  1936   07    13.066
  1936   08     8.960
  1936   09     7.607
  1936   10    10.267
  1936   11    13.056
  1936   12    16.171
  1937   01    18.127
  1937   02    19.543
  1937   03    20.192
  1937   04    19.992
  1937   05    18.919
  1937   06    17.103
  1937   07    12.713
  1937   08     9.226
  1937   09     7.626
  1937   10    10.175
  1937   11    12.872
  1937   12    16.023
  1938   01    18.127
  1938   02    19.672
  1938   03    20.529
  1938   04    20.176
  1938   05    19.122
  1938   06    17.388
  1938   07    12.306
  1938   08     9.237
  1938   09     7.849
  1938   10     9.310
  1938   11    12.558
  1938   12    16.154
  1939   01    18.080
  1939   02    19.432
  1939   03    19.911
  1939   04    20.026
  1939   05    19.609
  1939   06    17.312
  1939   07    12.101
  1939   08     8.383
  1939   09     7.291
  1939   10     9.712
  1939   11    12.250
  1939   12    15.966
  1940   01    17.741
  1940   02    19.417
  1940   03    20.188
  1940   04    20.310
  1940   05    19.407
  1940   06    16.984
  1940   07    11.648
  1940   08     8.684
  1940   09     7.640
  1940   10     9.241
  1940   11    12.003
  1940   12    15.654
  1941   01    18.216
  1941   02    19.567
  1941   03    20.159
  1941   04    19.920
  1941   05    18.764
  1941   06    16.713
  1941   07    11.846
  1941   08     8.763
  1941   09     7.556
  1941   10     9.591
  1941   11    12.366
  1941   12    15.411
  1942   01    17.366
  1942   02    18.508
  1942   03    18.917
  1942   04    19.018
  1942   05    18.515
  1942   06    16.406
  1942   07    11.827
  1942   08     8.598
  1942   09     7.471
  1942   10     9.535
  1942   11    12.026
  1942   12    14.782
  1943   01    17.351
  1943   02    18.248
  1943   03    19.116
  1943   04    19.188
  1943   05    18.577
  1943   06    15.544
  1943   07    11.640
  1943   08     8.577
  1943   09     7.568
  1943   10     9.483
  1943   11    11.570
  1943   12    14.692
  1944   01    17.222
  1944   02    18.407
  1944   03    18.894
  1944   04    19.050
  1944   05    18.182
  1944   06    16.158
  1944   07    11.602
  1944   08     7.836
  1944   09     7.217
  1944   10     9.061
  1944   11    11.987
  1944   12    15.158
  1945   01    17.263
  1945   02    18.336
  1945   03    18.924
  1945   04    18.682
  1945   05    17.929
  1945   06    15.870
  1945   07    11.742
  1945   08     7.911
  1945   09     6.382
  1945   10     9.184
  1945   11    12.147
  1945   12    14.975
  1946   01    17.323
  1946   02    18.492
  1946   03    18.957
  1946   04    19.015
  1946   05    18.186
  1946   06    16.151
  1946   07    11.739
  1946   08     8.359
  1946   09     7.039
  1946   10     9.315
  1946   11    11.507
  1946   12    15.099
  1947   01    17.300
  1947   02    18.366
  1947   03    18.746
  1947   04    18.551
  1947   05    17.925
  1947   06    15.416
  1947   07    11.329
  1947   08     7.189
  1947   09     6.234
  1947   10     8.943
  1947   11    11.137
  1947   12    14.034
  1948   01    16.164
  1948   02    17.393
  1948   03    17.969
  1948   04    18.120
  1948   05    17.464
  1948   06    14.727
  1948   07    11.250
  1948   08     7.560
  1948   09     6.431
  1948   10     8.734
  1948   11    11.040
  1948   12    14.055
  1949   01    16.386
  1949   02    17.531
  1949   03    18.475
  1949   04    18.484
  1949   05    17.344
  1949   06    15.064
  1949   07    10.933
  1949   08     7.451
  1949   09     6.262
  1949   10     9.004
  1949   11    11.562
  1949   12    14.353
  1950   01    16.389
  1950   02    17.676
  1950   03    18.350
  1950   04    18.342
  1950   05    17.483
  1950   06    15.548
  1950   07    11.158
  1950   08     7.836
  1950   09     6.667
  1950   10     8.894
  1950   11    11.513
  1950   12    14.366
  1951   01    16.447
  1951   02    17.458
  1951   03    18.073
  1951   04    18.212
  1951   05    17.554
  1951   06    15.424
  1951   07    10.837
  1951   08     7.022
  1951   09     5.687
  1951   10     7.746
  1951   11    10.731
  1951   12    13.954
  1952   01    16.162
  1952   02    17.175
  1952   03    18.256
  1952   04    18.206
  1952   05    17.385
  1952   06    15.093
  1952   07    10.302
  1952   08     6.508
  1952   09     5.649
  1952   10     8.346
  1952   11    10.333
  1952   12    13.232
  1953   01    15.841
  1953   02    17.030
  1953   03    17.797
  1953   04    17.885
  1953   05    17.180
  1953   06    14.627
  1953   07    10.569
  1953   08     7.688
  1953   09     6.396
  1953   10     8.342
  1953   11    10.989
  1953   12    14.046
  1954   01    16.837
  1954   02    17.868
  1954   03    18.703
  1954   04    18.803
  1954   05    18.161
  1954   06    15.465
  1954   07    11.104
  1954   08     7.465
  1954   09     6.499
  1954   10     8.508
  1954   11    11.099
  1954   12    14.511
  1955   01    16.614
  1955   02    17.935
  1955   03    18.720
  1955   04    18.797
  1955   05    18.194
  1955   06    15.610
  1955   07    10.506
  1955   08     7.517
  1955   09     6.904
  1955   10     8.258
  1955   11    10.626
  1955   12    13.982
  1956   01    16.655
  1956   02    18.183
  1956   03    18.807
  1956   04    18.798
  1956   05    17.997
  1956   06    16.028
  1956   07    10.521
  1956   08     7.787
  1956   09     7.059
  1956   10     8.874
  1956   11    11.155
  1956   12    14.252
  1957   01    16.740
  1957   02    17.814
  1957   03    18.558
  1957   04    18.662
  1957   05    17.900
  1957   06    15.797
  1957   07    11.322
  1957   08     8.258
  1957   09     7.395
  1957   10     9.117
  1957   11    11.376
  1957   12    14.926
  1958   01    17.106
  1958   02    18.552
  1958   03    19.354
  1958   04    19.218
  1958   05    18.571
  1958   06    16.607
  1958   07    11.371
  1958   08     7.613
  1958   09     6.352
  1958   10     8.739
  1958   11    11.209
  1958   12    14.453
  1959   01    17.062
  1959   02    18.333
  1959   03    19.202
  1959   04    19.276
  1959   05    18.655
  1959   06    16.021
  1959   07    11.335
  1959   08     8.271
  1959   09     7.325
  1959   10     9.304
  1959   11    11.443
  1959   12    14.491
  1960   01    16.547
  1960   02    18.223
  1960   03    19.016
  1960   04    19.028
  1960   05    18.161
  1960   06    16.124
  1960   07    10.946
  1960   08     7.754
  1960   09     6.266
  1960   10     8.880
  1960   11    11.381
  1960   12    14.707
  1961   01    17.085
  1961   02    18.382
  1961   03    19.037
  1961   04    19.068
  1961   05    18.277
  1961   06    16.186
  1961   07    12.043
  1961   08     8.110
  1961   09     6.682
  1961   10     8.702
  1961   11    11.892
  1961   12    15.672
  1962   01    17.638
  1962   02    18.588
  1962   03    19.284
  1962   04    19.461
  1962   05    18.685
  1962   06    16.491
  1962   07    11.561
  1962   08     8.485
  1962   09     7.274
  1962   10     9.504
  1962   11    11.756
  1962   12    15.207
  1963   01    17.320
  1963   02    18.957
  1963   03    19.660
  1963   04    19.728
  1963   05    19.170
  1963   06    17.209
  1963   07    11.678
  1963   08     8.608
  1963   09     7.464
  1963   10     9.400
  1963   11    11.913
  1963   12    15.246
  1964   01    17.774
  1964   02    19.161
  1964   03    19.670
  1964   04    19.532
  1964   05    18.872
  1964   06    17.147
  1964   07    11.321
  1964   08     7.654
  1964   09     7.214
  1964   10     9.084
  1964   11    12.627
  1964   12    15.261
  1965   01    17.898
  1965   02    19.319
  1965   03    19.933
  1965   04    20.196
  1965   05    19.628
  1965   06    16.410
  1965   07    11.403
  1965   08     8.740
  1965   09     7.583
  1965   10     9.198
  1965   11    11.427
  1965   12    15.205
  1966   01    18.046
  1966   02    19.503
  1966   03    19.938
  1966   04    20.204
  1966   05    19.619
  1966   06    16.944
  1966   07    11.301
  1966   08     7.972
  1966   09     7.060
  1966   10     8.783
  1966   11    11.740
  1966   12    15.507
  1967   01    18.198
  1967   02    19.555
  1967   03    20.252
  1967   04    20.264
  1967   05    19.129
  1967   06    16.315
  1967   07    11.641
  1967   08     8.297
  1967   09     7.243
  1967   10     9.038
  1967   11    12.118
  1967   12    15.509
  1968   01    17.594
  1968   02    19.141
  1968   03    19.786
  1968   04    19.892
  1968   05    19.573
  1968   06    17.290
  1968   07    11.919
  1968   08     9.110
  1968   09     8.006
  1968   10     9.685
  1968   11    12.558
  1968   12    16.201
  1969   01    18.292
  1969   02    19.649
  1969   03    20.319
  1969   04    20.103
  1969   05    19.509
  1969   06    17.044
  1969   07    11.666
  1969   08     8.551
  1969   09     7.730
  1969   10     9.567
  1969   11    11.854
  1969   12    15.579
  1970   01    17.432
  1970   02    19.372
  1970   03    20.146
  1970   04    20.195
  1970   05    19.357
  1970   06    17.207
  1970   07    12.109
  1970   08     8.776
  1970   09     8.008
  1970   10     9.964
  1970   11    12.685
  1970   12    16.050
  1971   01    18.340
  1971   02    19.692
  1971   03    20.352
  1971   04    20.312
  1971   05    19.685
  1971   06    17.358
  1971   07    11.920
  1971   08     8.679
  1971   09     8.072
  1971   10     9.646
  1971   11    13.039
  1971   12    16.067
  1972   01    18.769
  1972   02    20.075
  1972   03    20.576
  1972   04    20.430
  1972   05    19.709
  1972   06    17.680
  1972   07    12.069
  1972   08     9.345
  1972   09     8.345
  1972   10    10.137
  1972   11    12.597
  1972   12    15.644
  1973   01    17.867
  1973   02    19.315
  1973   03    20.067
  1973   04    20.086
  1973   05    19.224
  1973   06    17.061
  1973   07    12.642
  1973   08     9.447
  1973   09     8.674
  1973   10    10.176
  1973   11    13.198
  1973   12    15.537
  1974   01    17.553
  1974   02    18.833
  1974   03    19.577
  1974   04    19.651
  1974   05    19.087
  1974   06    16.506
  1974   07    12.312
  1974   08     8.652
  1974   09     7.946
  1974   10    10.195
  1974   11    12.494
  1974   12    15.395
  1975   01    17.607
  1975   02    19.290
  1975   03    20.078
  1975   04    20.147
  1975   05    19.391
  1975   06    16.873
  1975   07    12.066
  1975   08     9.199
  1975   09     8.476
  1975   10     9.947
  1975   11    12.025
  1975   12    15.267
  1976   01    18.183
  1976   02    19.268
  1976   03    19.736
  1976   04    19.721
  1976   05    19.167
  1976   06    17.149
  1976   07    11.963
  1976   08     9.222
  1976   09     8.265
  1976   10    10.173
  1976   11    12.892
  1976   12    16.230
  1977   01    18.470
  1977   02    19.632
  1977   03    20.056
  1977   04    20.082
  1977   05    19.452
  1977   06    17.372
  1977   07    11.996
  1977   08     8.998
  1977   09     8.214
  1977   10     9.894
  1977   11    12.813
  1977   12    15.866
  1978   01    18.486
  1978   02    19.787
  1978   03    20.446
  1978   04    20.635
  1978   05    19.756
  1978   06    17.817
  1978   07    11.579
  1978   08     8.060
  1978   09     7.099
  1978   10     9.089
  1978   11    11.550
  1978   12    15.538
  1979   01    17.748
  1979   02    19.240
  1979   03    20.200
  1979   04    20.159
  1979   05    19.556
  1979   06    17.398
  1979   07    11.485
  1979   08     8.469
  1979   09     7.682
  1979   10     9.228
  1979   11    12.012
  1979   12    16.232
  1980   01    18.839
  1980   02    20.131
  1980   03    20.852
  1980   04    20.842
  1980   05    20.151
  1980   06    17.475
  1980   07    12.132
  1980   08     9.083
  1980   09     8.117
  1980   10    10.067
  1980   11    12.637
  1980   12    15.314
  1981   01    17.766
  1981   02    19.408
  1981   03    20.341
  1981   04    20.209
  1981   05    19.265
  1981   06    16.729
  1981   07    12.434
  1981   08     8.779
  1981   09     7.682
  1981   10     9.903
  1981   11    12.560
  1981   12    15.327
  1982   01    18.171
  1982   02    19.624
  1982   03    19.915
  1982   04    20.144
  1982   05    19.557
  1982   06    16.774
  1982   07    12.068
  1982   08     8.589
  1982   09     7.532
  1982   10     9.173
  1982   11    12.412
  1982   12    15.691
  1983   01    17.947
  1983   02    19.479
  1983   03    20.043
  1983   04    19.993
  1983   05    19.597
  1983   06    17.730
  1983   07    12.388
  1983   08     9.618
  1983   09     8.888
  1983   10    10.238
  1983   11    12.812
  1983   12    16.487
  1984   01    18.822
  1984   02    20.168
  1984   03    20.656
  1984   04    20.364
  1984   05    19.701
  1984   06    17.442
  1984   07    12.197
  1984   08     8.746
  1984   09     7.526
  1984   10     9.592
  1984   11    12.754
  1984   12    16.089
  1985   01    18.536
  1985   02    19.624
  1985   03    20.222
  1985   04    20.207
  1985   05    19.377
  1985   06    17.182
  1985   07    12.058
  1985   08     8.839
  1985   09     7.822
  1985   10     9.520
  1985   11    12.495
  1985   12    15.700
  1986   01    18.143
  1986   02    19.301
  1986   03    19.929
  1986   04    19.942
  1986   05    19.119
  1986   06    16.956
  1986   07    11.932
  1986   08     8.620
  1986   09     7.702
  1986   10     9.236
  1986   11    11.539
  1986   12    14.545
  1987   01    17.167
  1987   02    18.876
  1987   03    20.047
  1987   04    20.285
  1987   05    19.205
  1987   06    17.038
  1987   07    12.351
  1987   08     8.511
  1987   09     7.428
  1987   10     9.853
  1987   11    12.579
  1987   12    15.583
  1988   01    17.764
  1988   02    18.907
  1988   03    19.685
  1988   04    19.834
  1988   05    19.149
  1988   06    16.662
  1988   07    11.750
  1988   08     8.272
  1988   09     7.598
  1988   10     9.692
  1988   11    12.494
  1988   12    16.188
  1989   01    17.993
  1989   02    19.132
  1989   03    20.011
  1989   04    20.120
  1989   05    19.159
  1989   06    17.043
  1989   07    12.185
  1989   08     8.548
  1989   09     7.059
  1989   10     9.130
  1989   11    12.145
  1989   12    15.065
  1990   01    17.718
  1990   02    19.175
  1990   03    20.141
  1990   04    20.104
  1990   05    19.225
  1990   06    16.734
  1990   07    11.486
  1990   08     7.891
  1990   09     6.690
  1990   10     8.880
  1990   11    12.477
  1990   12    15.198
  1991   01    17.419
  1991   02    19.078
  1991   03    19.647
  1991   04    19.720
  1991   05    19.124
  1991   06    17.069
  1991   07    10.780
  1991   08     7.885
  1991   09     6.864
  1991   10     8.342
  1991   11    11.094
  1991   12    15.002
  1992   01    17.696
  1992   02    19.176
  1992   03    19.596
  1992   04    19.627
  1992   05    18.816
  1992   06    16.909
  1992   07    11.876
  1992   08     8.383
  1992   09     7.724
  1992   10     9.702
  1992   11    12.502
  1992   12    15.536
  1993   01    17.714
  1993   02    18.903
  1993   03    19.661
  1993   04    19.652
  1993   05    18.821
  1993   06    16.771
  1993   07    11.644
  1993   08     8.457
  1993   09     7.597
  1993   10     9.688
  1993   11    12.696
  1993   12    15.420
  1994   01    17.496
  1994   02    19.082
  1994   03    19.669
  1994   04    19.892
  1994   05    19.147
  1994   06    16.973
  1994   07    11.788
  1994   08     8.624
  1994   09     7.383
  1994   10     9.698
  1994   11    12.241
  1994   12    14.978
  1995   01    17.813
  1995   02    18.840
  1995   03    19.364
  1995   04    19.485
  1995   05    19.067
  1995   06    17.024
  1995   07    11.839
  1995   08     8.541
  1995   09     7.531
  1995   10     9.069
  1995   11    12.105
  1995   12    15.766
  1996   01    18.039
  1996   02    19.403
  1996   03    20.018
  1996   04    20.039
  1996   05    19.160
  1996   06    16.073
  1996   07    11.405
  1996   08     7.550
  1996   09     6.121
  1996   10     8.825
  1996   11    11.117
  1996   12    14.689
  1997   01    17.213
  1997   02    18.600
  1997   03    19.322
  1997   04    19.606
  1997   05    18.944
  1997   06    16.569
  1997   07    10.865
  1997   08     7.182
  1997   09     6.263
  1997   10     8.692
  1997   11    10.888
  1997   12    14.562
  1998   01    16.820
  1998   02    17.862
  1998   03    18.499
  1998   04    18.637
  1998   05    18.145
  1998   06    15.770
  1998   07    10.989
  1998   08     7.311
  1998   09     6.409
  1998   10     8.216
  1998   11    11.032
  1998   12    14.307
  1999   01    16.773
  1999   02    18.225
  1999   03    18.932
  1999   04    19.035
  1999   05    18.338
  1999   06    16.026
  1999   07    10.781
  1999   08     7.086
  1999   09     5.738
  1999   10     8.292
  1999   11    10.573
  1999   12    14.472
  2000   01    17.232
  2000   02    18.265
  2000   03    18.856
  2000   04    18.921
  2000   05    18.538
  2000   06    16.260
  2000   07    10.546
  2000   08     6.919
  2000   09     6.414
  2000   10     9.012
  2000   11    11.192
  2000   12    14.850
  2001   01    17.313
  2001   02    18.697
  2001   03    19.561
  2001   04    19.454
  2001   05    18.725
  2001   06    16.937
  2001   07    11.019
  2001   08     7.666
  2001   09     6.612
  2001   10     8.787
  2001   11    11.194
  2001   12    14.744
  2002   01    17.038
  2002   02    18.136
  2002   03    19.051
  2002   04    19.078
  2002   05    18.347
  2002   06    15.671
  2002   07    11.043
  2002   08     7.614
  2002   09     5.749
  2002   10     8.285
  2002   11    10.879
  2002   12    14.477
  2003   01    16.738
  2003   02    17.976
  2003   03    18.877
  2003   04    18.711
  2003   05    18.030
  2003   06    15.882
  2003   07    10.648
  2003   08     7.748
  2003   09     6.474
  2003   10     8.178
  2003   11    10.650
  2003   12    14.319
  2004   01    16.998
  2004   02    18.201
  2004   03    18.945
  2004   04    19.036
  2004   05    18.275
  2004   06    16.162
  2004   07     9.717
  2004   08     6.657
  2004   09     5.489
  2004   10     7.525
  2004   11    10.200
  2004   12    14.131
  2005   01    16.803
  2005   02    18.566
  2005   03    19.215
  2005   04    19.213
  2005   05    18.490
  2005   06    15.514
  2005   07    10.245
  2005   08     6.429
  2005   09     4.983
  2005   10     7.552
  2005   11    10.636
  2005   12    13.938
  2006   01    16.580
  2006   02    18.034
  2006   03    18.971
  2006   04    19.030
  2006   05    18.154
  2006   06    15.851
  2006   07     9.581
  2006   08     6.297
  2006   09     4.566
  2006   10     7.504
  2006   11    10.211
  2006   12    13.954
  2007   01    16.900
  2007   02    18.356
  2007   03    19.084
  2007   04    19.241
  2007   05    18.476
  2007   06    16.291
  2007   07    10.031
  2007   08     5.904
  2007   09     3.800
  2007   10     6.610
  2007   11    10.043
  2007   12    13.534
  2008   01    15.833
  2008   02    17.365
  2008   03    18.270
  2008   04    18.320
  2008   05    17.701
  2008   06    14.888
  2008   07    10.265
  2008   08     4.669
  2008   09     3.063
  2008   10     6.921
  2008   11    10.460
  2008   12    13.615
  2009   01    16.345
  2009   02    17.554
  2009   03    18.598
  2009   04    18.683
  2009   05    17.668
  2009   06    14.921
  2009   07    10.099
  2009   08     5.989
  2009   09     4.633
  2009   10     7.551
  2009   11    10.221
  2009   12    13.644
  2010   01    16.021
  2010   02    17.361
  2010   03    17.857
  2010   04    18.017
  2010   05    17.364
  2010   06    14.500
  2010   07    10.452
  2010   08     5.596
  2010   09     3.887
  2010   10     6.864
  2010   11     9.886
  2010   12    13.369
  2011   01    15.664
  2011   02    17.004
  2011   03    17.837
  2011   04    17.846
  2011   05    17.175
  2011   06    14.766
  2011   07    10.271
  2011   08     5.751
  2011   09     4.018
  2011   10     7.239
  2011   11    10.110
  2011   12    13.448
  2012   01    15.681
  2012   02    17.061
  2012   03    17.656
  2012   04    17.746
  2012   05    16.903
  2012   06    14.060
  2012   07    10.688
  2012   08     5.655
  2012   09     4.254
  2012   10     7.100
  2012   11    10.245
  2012   12    13.394
  2013   01    16.277
  2013   02    17.384
  2013   03    17.999
  2013   04    17.759
  2013   05    17.218
  2013   06    14.556
  2013   07     9.746
  2013   08     5.457
  2013   09     3.485
  2013   10     7.451
  2013   11     9.899
  2013   12    13.540
  2014   01    15.810
  2014   02    17.261
  2014   03    18.033
  2014   04    18.124
  2014   05    17.346
  2014   06    14.558
  2014   07    10.053
  2014   08     4.605
  2014   09     2.864
  2014   10     6.492
  2014   11    10.623
  2014   12    13.631
  2015   01    15.526
  2015   02    16.854
  2015   03    17.477
  2015   04    17.401
  2015   05    16.817
  2015   06    14.226
  2015   07     9.839
  2015   08     4.211
  2015   09     2.362
  2015   10     5.760
  2015   11    10.217
  2015   12    12.558
  2016   01    14.952
  2016   02    16.091
  2016   03    16.898
  2016   04    16.988
  2016   05    16.310
  2016   06    13.274
  2016   07     9.716
  2016   08     4.672
  2016   09     2.759
  2016   10     5.709
  2016   11     9.504
  2016   12    12.877
  2017   01    15.322
  2017   02    16.575
  2017   03    17.117
  2017   04    17.164
  2017   05    16.463
  2017   06    14.131
  2017   07     9.378
  2017   08     3.270
  2017   09     1.281
  2017   10     4.815
  2017   11     9.946
  2017   12    13.357
  2018   01    15.345
  2018   02    16.579
  2018   03    17.233
  2018   04    17.417
  2018   05    16.464
  2018   06    13.798
  2018   07     8.967
  2018   08     4.672
  2018   09     2.903
  2018   10     6.019
  2018   11     8.885
  2018   12    11.914
  2019   01    14.502
  2019   02    16.254
  2019   03    16.993
  2019   04    17.019
  2019   05    16.239
  2019   06    12.771
  2019   07     8.466
  2019   08     3.625
  2019   09     1.337
  2019   10     4.484
  2019   11     8.384
  2019   12    11.934
  2020   01    14.741
  2020   02    16.213
  2020   03    16.753
  2020   04    16.724
  2020   05    15.839
  2020   06    12.745
  2020   07     8.170
  2020   08     1.546
  2020   09     0.430
  2020   10     4.971
  2020   11     8.520
  2020   12    11.543
  2021   01    14.526
  2021   02    15.867
  2021   03    16.603
  2021   04    16.841
  2021   05    16.204
  2021   06    12.825
  2021   07     8.915
  2021   08     3.367
  2021   09     1.691
  2021   10     6.122
  2021   11     9.185
  2021   12    12.224
  2022   01    14.845
  2022   02    16.201
  2022   03    16.704
  2022   04    16.721
  2022   05    16.040
  2022   06    13.313
  2022   07     9.384
  2022   08     4.033
  2022   09     2.204
  2022   10     5.186
  2022   11     9.340
  2022   12    12.534
  2023   01    15.053
  2023   02    16.241
  2023   03    16.933
  2023   04    16.940
  2023   05    16.174
  2023   06    13.318
  2023   07     9.324
  2023   08     3.741
  2023   09     0.963
  2023   10     5.585
  2023   11     9.608
  2023   12    12.442
  2024   01    15.161
  2024   02    16.461
  2024   03    17.202
  2024   04    17.435
  2024   05    16.465
  2024   06    13.254
  2024   07     8.975
  2024   08     5.046
  2024   09     2.814
  2024   10     5.988
  2024   11     9.153
  2024   12    12.256
  2025   01    15.034
  2025   02    16.060
  2025   03    16.670
  2025   04    16.654
  2025   05    15.972
  2025   06    13.294
  2025   07     9.054
  2025   08     3.649
  2025   09     1.252
  2025   10     5.683
  2025   11     9.186
  2025   12    12.413
  2026   01    14.912
  2026   02    16.581
  2026   03    16.959
  2026   04    16.793
  2026   05    16.115
  2026   06    13.263
  2026   07     9.616
  2026   08     2.361
  2026   09     0.897
  2026   10     4.868
  2026   11     9.340
  2026   12    12.330
  2027   01    14.741
  2027   02    16.119
  2027   03    16.661
  2027   04    16.655
  2027   05    15.827
  2027   06    13.046
  2027   07     9.363
  2027   08     3.795
  2027   09     1.728
  2027   10     5.696
  2027   11     9.238
  2027   12    11.958
  2028   01    14.356
  2028   02    15.985
  2028   03    16.873
  2028   04    16.895
  2028   05    16.035
  2028   06    12.907
  2028   07     8.441
  2028   08     3.283
  2028   09     0.931
  2028   10     4.791
  2028   11     8.163
  2028   12    12.202
  2029   01    14.988
  2029   02    16.576
  2029   03    17.112
  2029   04    17.135
  2029   05    16.256
  2029   06    13.759
  2029   07     8.860
  2029   08     1.680
  2029   09     0.541
  2029   10     4.777
  2029   11     8.838
  2029   12    12.214
  2030   01    14.230
  2030   02    15.645
  2030   03    16.324
  2030   04    16.452
  2030   05    15.834
  2030   06    12.342
  2030   07     8.363
  2030   08     2.625
  2030   09     1.686
  2030   10     4.510
  2030   11     8.777
  2030   12    11.511
  2031   01    14.029
  2031   02    15.478
  2031   03    16.182
  2031   04    16.238
  2031   05    15.501
  2031   06    12.571
  2031   07     7.873
  2031   08     3.113
  2031   09     1.202
  2031   10     4.621
  2031   11     8.546
  2031   12    11.532
  2032   01    13.810
  2032   02    15.591
  2032   03    16.377
  2032   04    16.426
  2032   05    15.809
  2032   06    12.624
  2032   07     7.988
  2032   08     2.228
  2032   09     0.584
  2032   10     4.054
  2032   11     7.956
  2032   12    11.528
  2033   01    14.091
  2033   02    15.536
  2033   03    16.371
  2033   04    16.451
  2033   05    15.703
  2033   06    12.795
  2033   07     8.772
  2033   08     2.363
  2033   09     0.847
  2033   10     4.629
  2033   11     8.187
  2033   12    11.287
  2034   01    14.087
  2034   02    15.332
  2034   03    15.869
  2034   04    16.120
  2034   05    15.327
  2034   06    12.643
  2034   07     9.030
  2034   08     1.601
  2034   09     0.410
  2034   10     4.865
  2034   11     8.728
  2034   12    11.586
  2035   01    13.835
  2035   02    15.437
  2035   03    16.177
  2035   04    16.215
  2035   05    15.546
  2035   06    12.446
  2035   07     9.029
  2035   08     5.232
  2035   09     2.500
  2035   10     6.698
  2035   11     8.988
  2035   12    11.480
  2036   01    14.301
  2036   02    15.776
  2036   03    16.663
  2036   04    16.603
  2036   05    15.747
  2036   06    12.487
  2036   07     8.133
  2036   08     1.746
  2036   09     0.697
  2036   10     4.268
  2036   11     8.670
  2036   12    11.436
  2037   01    13.654
  2037   02    15.317
  2037   03    15.939
  2037   04    16.062
  2037   05    15.331
  2037   06    12.379
  2037   07     8.395
  2037   08     1.835
  2037   09     0.152
  2037   10     4.200
  2037   11     8.452
  2037   12    11.295
  2038   01    14.302
  2038   02    16.111
  2038   03    16.697
  2038   04    16.781
  2038   05    15.914
  2038   06    13.187
  2038   07     8.622
  2038   08     3.763
  2038   09     0.583
  2038   10     6.346
  2038   11     9.065
  2038   12    11.886
  2039   01    14.498
  2039   02    16.188
  2039   03    16.807
  2039   04    16.894
  2039   05    16.171
  2039   06    13.441
  2039   07     9.274
  2039   08     4.052
  2039   09     1.976
  2039   10     5.520
  2039   11     9.236
  2039   12    12.026
  2040   01    14.433
  2040   02    15.932
  2040   03    16.670
  2040   04    16.711
  2040   05    16.167
  2040   06    12.945
  2040   07     9.413
  2040   08     1.835
  2040   09     0.501
  2040   10     3.746
  2040   11     9.011
  2040   12    11.985
  2041   01    15.170
  2041   02    16.178
  2041   03    16.737
  2041   04    16.944
  2041   05    16.188
  2041   06    12.389
  2041   07     8.550
  2041   08     1.013
  2041   09     0.308
  2041   10     3.052
  2041   11     8.546
  2041   12    11.181
  2042   01    13.683
  2042   02    15.450
  2042   03    16.295
  2042   04    16.395
  2042   05    15.558
  2042   06    12.522
  2042   07     8.655
  2042   08     2.389
  2042   09     1.111
  2042   10     4.482
  2042   11     8.790
  2042   12    11.188
  2043   01    13.725
  2043   02    15.270
  2043   03    15.903
  2043   04    15.863
  2043   05    15.406
  2043   06    12.614
  2043   07     8.392
  2043   08     2.575
  2043   09     1.180
  2043   10     4.209
  2043   11     8.582
  2043   12    11.748
  2044   01    13.930
  2044   02    15.328
  2044   03    16.165
  2044   04    16.117
  2044   05    15.594
  2044   06    13.028
  2044   07     8.620
  2044   08     2.100
  2044   09     1.040
  2044   10     4.376
  2044   11     8.257
  2044   12    11.690
  2045   01    13.911
  2045   02    15.444
  2045   03    16.529
  2045   04    16.671
  2045   05    15.829
  2045   06    12.436
  2045   07     8.357
  2045   08     2.471
  2045   09     0.825
  2045   10     3.991
  2045   11     9.128
  2045   12    11.683
  2046   01    14.675
  2046   02    15.970
  2046   03    16.406
  2046   04    16.709
  2046   05    15.957
  2046   06    12.767
  2046   07     8.809
  2046   08     4.001
  2046   09     2.053
  2046   10     4.858
  2046   11     8.793
  2046   12    11.513
  2047   01    14.147
  2047   02    15.634
  2047   03    16.464
  2047   04    16.783
  2047   05    15.926
  2047   06    12.527
  2047   07     8.938
  2047   08     3.291
  2047   09     1.429
  2047   10     3.769
  2047   11     8.786
  2047   12    11.466
  2048   01    13.820
  2048   02    15.415
  2048   03    16.142
  2048   04    16.237
  2048   05    15.755
  2048   06    12.588
  2048   07     9.000
  2048   08     2.202
  2048   09     0.341
  2048   10     4.395
  2048   11     8.935
  2048   12    11.436
  2049   01    14.088
  2049   02    15.773
  2049   03    16.459
  2049   04    16.541
  2049   05    15.994
  2049   06    12.616
  2049   07     8.341
  2049   08     2.262
  2049   09     1.123
  2049   10     4.044
  2049   11     8.785
  2049   12    11.785
  2050   01    14.368
  2050   02    15.567
  2050   03    16.147
  2050   04    16.446
  2050   05    15.754
  2050   06    12.703
  2050   07     8.491
  2050   08     2.639
  2050   09     1.207
  2050   10     4.708
  2050   11     8.712
  2050   12    11.430
  2051   01    14.322
  2051   02    15.977
  2051   03    16.803
  2051   04    16.847
  2051   05    16.199
  2051   06    12.484
  2051   07     7.283
  2051   08     1.343
  2051   09     0.298
  2051   10     2.966
  2051   11     8.365
  2051   12    10.842
  2052   01    13.904
  2052   02    15.380
  2052   03    16.319
  2052   04    16.295
  2052   05    15.439
  2052   06    12.503
  2052   07     8.398
  2052   08     1.764
  2052   09     0.718
  2052   10     3.792
  2052   11     8.194
  2052   12    10.996
  2053   01    13.786
  2053   02    15.520
  2053   03    15.953
  2053   04    16.159
  2053   05    15.523
  2053   06    11.876
  2053   07     8.140
  2053   08     1.180
  2053   09     0.331
  2053   10     3.443
  2053   11     8.485
  2053   12    11.349
  2054   01    13.983
  2054   02    15.078
  2054   03    15.946
  2054   04    16.202
  2054   05    15.455
  2054   06    12.174
  2054   07     8.631
  2054   08     2.943
  2054   09     1.617
  2054   10     4.648
  2054   11     8.752
  2054   12    11.760
  2055   01    13.844
  2055   02    15.292
  2055   03    15.783
  2055   04    15.842
  2055   05    15.321
  2055   06    12.885
  2055   07     8.686
  2055   08     3.807
  2055   09     2.349
  2055   10     5.067
  2055   11     8.268
  2055   12    11.220
  2056   01    13.919
  2056   02    15.608
  2056   03    16.614
  2056   04    16.781
  2056   05    16.071
  2056   06    12.591
  2056   07     8.266
  2056   08     2.551
  2056   09     0.531
  2056   10     4.829
  2056   11     8.910
  2056   12    11.759
  2057   01    14.139
  2057   02    16.090
  2057   03    16.821
  2057   04    16.663
  2057   05    16.116
  2057   06    12.891
  2057   07     8.630
  2057   08     1.613
  2057   09     0.425
  2057   10     3.864
  2057   11     8.528
  2057   12    11.820
  2058   01    14.293
  2058   02    15.907
  2058   03    16.506
  2058   04    16.642
  2058   05    15.766
  2058   06    12.776
  2058   07     7.738
  2058   08     2.022
  2058   09     0.982
  2058   10     3.776
  2058   11     8.064
  2058   12    11.128
  2059   01    13.885
  2059   02    15.643
  2059   03    16.630
  2059   04    16.761
  2059   05    15.835
  2059   06    12.419
  2059   07     7.963
  2059   08     0.728
  2059   09     0.227
  2059   10     2.340
  2059   11     7.674
  2059   12    11.261
  2060   01    13.927
  2060   02    15.677
  2060   03    16.626
  2060   04    16.775
  2060   05    15.875
  2060   06    12.226
  2060   07     7.765
  2060   08     1.133
  2060   09     0.197
  2060   10     2.534
  2060   11     8.276
  2060   12    11.457
  2061   01    13.938
  2061   02    15.863
  2061   03    16.600
  2061   04    16.587
  2061   05    15.928
  2061   06    11.838
  2061   07     7.614
  2061   08     1.397
  2061   09     0.318
  2061   10     2.738
  2061   11     7.431
  2061   12    11.062
  2062   01    13.657
  2062   02    15.298
  2062   03    16.124
  2062   04    16.282
  2062   05    15.610
  2062   06    12.454
  2062   07     8.254
  2062   08     1.189
  2062   09     0.170
  2062   10     2.656
  2062   11     8.154
  2062   12    10.894
  2063   01    13.709
  2063   02    14.973
  2063   03    16.037
  2063   04    16.181
  2063   05    15.471
  2063   06    11.300
  2063   07     7.594
  2063   08     1.188
  2063   09     0.160
  2063   10     3.274
  2063   11     7.466
  2063   12    10.568
  2064   01    13.449
  2064   02    15.300
  2064   03    16.248
  2064   04    16.604
  2064   05    15.700
  2064   06    12.187
  2064   07     7.416
  2064   08     1.300
  2064   09     0.151
  2064   10     3.738
  2064   11     8.089
  2064   12    11.541
  2065   01    14.343
  2065   02    15.900
  2065   03    16.514
  2065   04    16.645
  2065   05    16.189
  2065   06    12.833
  2065   07     8.911
  2065   08     2.104
  2065   09     0.950
  2065   10     3.957
  2065   11     9.119
  2065   12    11.332
  2066   01    13.767
  2066   02    15.450
  2066   03    16.219
  2066   04    16.229
  2066   05    15.472
  2066   06    12.571
  2066   07     8.255
  2066   08     2.526
  2066   09     0.833
  2066   10     3.885
  2066   11     8.083
  2066   12    10.973
  2067   01    13.680
  2067   02    15.451
  2067   03    16.292
  2067   04    16.401
  2067   05    15.546
  2067   06    12.504
  2067   07     8.576
  2067   08     1.641
  2067   09     0.364
  2067   10     3.649
  2067   11     8.184
  2067   12    11.083
  2068   01    13.883
  2068   02    15.680
  2068   03    16.632
  2068   04    16.533
  2068   05    15.773
  2068   06    12.084
  2068   07     8.377
  2068   08     1.375
  2068   09     0.508
  2068   10     3.531
  2068   11     8.645
  2068   12    11.754
  2069   01    14.439
  2069   02    15.769
  2069   03    16.599
  2069   04    16.840
  2069   05    16.105
  2069   06    12.961
  2069   07     8.477
  2069   08     1.141
  2069   09     0.242
  2069   10     2.000
  2069   11     7.523
  2069   12    10.975
  2070   01    13.549
  2070   02    15.454
  2070   03    16.234
  2070   04    16.390
  2070   05    15.647
  2070   06    12.585
  2070   07     8.704
  2070   08     3.202
  2070   09     1.094
  2070   10     4.939
  2070   11     8.665
  2070   12    11.376
  2071   01    14.239
  2071   02    15.607
  2071   03    16.477
  2071   04    16.508
  2071   05    15.699
  2071   06    12.293
  2071   07     8.716
  2071   08     2.274
  2071   09     0.885
  2071   10     5.031
  2071   11     9.076
  2071   12    11.524
  2072   01    13.948
  2072   02    15.486
  2072   03    16.222
  2072   04    16.250
  2072   05    15.484
  2072   06    12.181
  2072   07     7.906
  2072   08     0.441
  2072   09     0.183
  2072   10     1.829
  2072   11     8.547
  2072   12    10.924
  2073   01    13.860
  2073   02    15.247
  2073   03    16.065
  2073   04    16.173
  2073   05    15.325
  2073   06    12.160
  2073   07     7.891
  2073   08     2.406
  2073   09     0.564
  2073   10     4.105
  2073   11     8.487
  2073   12    10.897
  2074   01    13.289
  2074   02    14.672
  2074   03    15.573
  2074   04    15.660
  2074   05    15.018
  2074   06    11.654
  2074   07     7.581
  2074   08     2.155
  2074   09     0.381
  2074   10     3.007
  2074   11     7.177
  2074   12    10.459
  2075   01    13.199
  2075   02    14.649
  2075   03    15.442
  2075   04    15.535
  2075   05    14.974
  2075   06    12.208
  2075   07     6.867
  2075   08     1.214
  2075   09     0.379
  2075   10     1.961
  2075   11     7.857
  2075   12    10.653
  2076   01    13.221
  2076   02    14.877
  2076   03    15.785
  2076   04    15.861
  2076   05    15.176
  2076   06    11.803
  2076   07     7.949
  2076   08     1.428
  2076   09     0.221
  2076   10     3.968
  2076   11     8.277
  2076   12    11.275
  2077   01    13.505
  2077   02    15.085
  2077   03    15.875
  2077   04    15.973
  2077   05    15.179
  2077   06    11.777
  2077   07     7.112
  2077   08     1.169
  2077   09     0.371
  2077   10     2.877
  2077   11     7.862
  2077   12    10.627
  2078   01    13.364
  2078   02    15.129
  2078   03    15.721
  2078   04    15.875
  2078   05    15.035
  2078   06    11.921
  2078   07     8.348
  2078   08     1.762
  2078   09     0.639
  2078   10     3.654
  2078   11     8.143
  2078   12    10.858
  2079   01    13.775
  2079   02    15.372
  2079   03    15.929
  2079   04    16.129
  2079   05    15.596
  2079   06    13.041
  2079   07     8.159
  2079   08     0.553
  2079   09     0.239
  2079   10     3.030
  2079   11     8.678
  2079   12    11.507
  2080   01    14.410
  2080   02    15.924
  2080   03    16.541
  2080   04    16.482
  2080   05    15.813
  2080   06    13.357
  2080   07     9.000
  2080   08     1.326
  2080   09     0.237
  2080   10     3.984
  2080   11     8.800
  2080   12    11.641
  2081   01    14.158
  2081   02    15.503
  2081   03    16.368
  2081   04    16.510
  2081   05    15.854
  2081   06    12.499
  2081   07     8.179
  2081   08     1.018
  2081   09     0.145
  2081   10     2.926
  2081   11     8.338
  2081   12    11.960
  2082   01    14.466
  2082   02    15.794
  2082   03    16.518
  2082   04    16.597
  2082   05    15.818
  2082   06    12.686
  2082   07     8.869
  2082   08     0.770
  2082   09     0.200
  2082   10     2.853
  2082   11     8.364
  2082   12    11.192
  2083   01    13.858
  2083   02    15.185
  2083   03    15.860
  2083   04    16.017
  2083   05    15.274
  2083   06    11.976
  2083   07     7.054
  2083   08     0.482
  2083   09     0.101
  2083   10     2.883
  2083   11     6.814
  2083   12    10.690
  2084   01    13.753
  2084   02    15.103
  2084   03    15.741
  2084   04    15.557
  2084   05    14.710
  2084   06    11.552
  2084   07     7.570
  2084   08     0.944
  2084   09     0.129
  2084   10     2.613
  2084   11     8.323
  2084   12    10.668
  2085   01    12.917
  2085   02    14.286
  2085   03    14.995
  2085   04    15.192
  2085   05    14.389
  2085   06    11.556
  2085   07     6.545
  2085   08     0.258
  2085   09     0.104
  2085   10     1.838
  2085   11     7.191
  2085   12    10.834
  2086   01    13.059
  2086   02    14.258
  2086   03    14.891
  2086   04    14.960
  2086   05    14.313
  2086   06    11.879
  2086   07     8.243
  2086   08     1.895
  2086   09     0.645
  2086   10     4.145
  2086   11     8.306
  2086   12    10.661
  2087   01    12.795
  2087   02    14.339
  2087   03    14.924
  2087   04    15.150
  2087   05    14.578
  2087   06    11.447
  2087   07     8.362
  2087   08     2.404
  2087   09     0.518
  2087   10     3.642
  2087   11     8.329
  2087   12    11.039
  2088   01    13.586
  2088   02    14.897
  2088   03    15.434
  2088   04    15.654
  2088   05    15.011
  2088   06    12.133
  2088   07     8.357
  2088   08     3.536
  2088   09     1.663
  2088   10     5.845
  2088   11     8.860
  2088   12    11.791
  2089   01    14.105
  2089   02    15.421
  2089   03    16.151
  2089   04    16.233
  2089   05    15.491
  2089   06    12.803
  2089   07     8.245
  2089   08     4.067
  2089   09     2.232
  2089   10     4.821
  2089   11     8.681
  2089   12    10.940
  2090   01    13.491
  2090   02    14.912
  2090   03    15.933
  2090   04    15.994
  2090   05    15.161
  2090   06    12.319
  2090   07     8.488
  2090   08     1.449
  2090   09     0.267
  2090   10     4.111
  2090   11     8.280
  2090   12    11.099
  2091   01    13.798
  2091   02    15.276
  2091   03    15.933
  2091   04    16.114
  2091   05    15.447
  2091   06    12.988
  2091   07     8.101
  2091   08     2.693
  2091   09     0.436
  2091   10     3.391
  2091   11     7.843
  2091   12    11.272
  2092   01    13.810
  2092   02    15.269
  2092   03    15.938
  2092   04    15.988
  2092   05    15.222
  2092   06    12.075
  2092   07     6.313
  2092   08     0.294
  2092   09     0.118
  2092   10     1.774
  2092   11     7.452
  2092   12    10.520
  2093   01    13.158
  2093   02    14.957
  2093   03    15.781
  2093   04    16.024
  2093   05    15.353
  2093   06    11.785
  2093   07     7.020
  2093   08     1.464
  2093   09     0.336
  2093   10     2.903
  2093   11     8.130
  2093   12    11.354
  2094   01    13.858
  2094   02    15.434
  2094   03    15.990
  2094   04    16.310
  2094   05    15.430
  2094   06    11.810
  2094   07     7.909
  2094   08     0.567
  2094   09     0.154
  2094   10     2.600
  2094   11     7.520
  2094   12    10.951
  2095   01    13.436
  2095   02    14.899
  2095   03    15.578
  2095   04    15.807
  2095   05    14.770
  2095   06    12.110
  2095   07     7.341
  2095   08     0.816
  2095   09     0.131
  2095   10     3.789
  2095   11     8.114
  2095   12    10.826
  2096   01    13.406
  2096   02    14.724
  2096   03    15.678
  2096   04    15.700
  2096   05    14.878
  2096   06    12.395
  2096   07     8.334
  2096   08     2.030
  2096   09     0.552
  2096   10     2.882
  2096   11     8.486
  2096   12    10.907
  2097   01    13.526
  2097   02    14.978
  2097   03    15.478
  2097   04    15.617
  2097   05    14.902
  2097   06    11.848
  2097   07     8.587
  2097   08     2.328
  2097   09     0.415
  2097   10     3.487
  2097   11     8.831
  2097   12    11.459
  2098   01    13.739
  2098   02    15.438
  2098   03    16.051
  2098   04    16.125
  2098   05    15.425
  2098   06    12.250
  2098   07     7.717
  2098   08     0.657
  2098   09     0.423
  2098   10     3.748
  2098   11     8.486
  2098   12    11.327
  2099   01    13.848
  2099   02    15.013
  2099   03    15.580
  2099   04    15.770
  2099   05    15.014
  2099   06    12.069
  2099   07     8.011
  2099   08     2.448
  2099   09     0.372
  2099   10     4.868
  2099   11     7.952
  2099   12    10.970
  2100   01    13.726
  2100   02    14.972
  2100   03    15.546
  2100   04    15.592
  2100   05    14.990
  2100   06    12.286
  2100   07     8.754
  2100   08     2.680
  2100   09     0.519
  2100   10     3.654
  2100   11     8.694
  2100   12    11.350
