  1850   01    14.901
  1850   02    15.802
  1850   03    16.476
  1850   04    16.144
  1850   05    15.310
  1850   06    13.327
  1850   07    10.113
  1850   08     7.850
  1850   09     6.708
  1850   10     7.434
  1850   11     9.994
  1850   12    12.483
  1851   01    15.002
  1851   02    16.058
  1851   03    16.566
  1851   04    16.385
  1851   05    15.644
  1851   06    13.496
  1851   07    10.767
  1851   08     7.945
  1851   09     6.924
  1851   10     7.825
  1851   11     9.906
  1851   12    12.820
  1852   01    14.854
  1852   02    16.194
  1852   03    16.390
  1852   04    16.250
  1852   05    15.520
  1852   06    13.238
  1852   07    10.642
  1852   08     8.609
  1852   09     7.182
  1852   10     8.243
  1852   11    10.146
  1852   12    12.857
  1853   01    15.390
  1853   02    16.327
  1853   03    16.697
  1853   04    16.565
  1853   05    15.779
  1853   06    13.233
  1853   07    10.024
  1853   08     8.156
  1853   09     7.013
  1853   10     7.723
  1853   11    10.108
  1853   12    12.632
  1854   01    14.979
  1854   02    16.067
  1854   03    16.525
  1854   04    16.336
  1854   05    15.461
  1854   06    13.742
  1854   07    10.822
  1854   08     8.693
  1854   09     7.538
  1854   10     8.531
  1854   11    10.071
  1854   12    12.472
  1855   01    15.187
  1855   02    16.155
  1855   03    16.570
  1855   04    16.360
  1855   05    15.270
  1855   06    12.820
  1855   07    10.290
  1855   08     8.135
  1855   09     6.880
  1855   10     7.420
  1855   11     9.470
  1855   12    11.893
  1856   01    14.130
  1856   02    15.404
  1856   03    15.869
  1856   04    15.698
  1856   05    14.774
  1856   06    12.703
  1856   07     9.324
  1856   08     7.049
  1856   09     6.791
  1856   10     7.338
  1856   11     9.246
  1856   12    11.808
  1857   01    14.146
  1857   02    15.178
  1857   03    15.519
  1857   04    15.519
  1857   05    14.495
  1857   06    12.481
  1857   07    10.076
  1857   08     7.631
  1857   09     6.796
  1857   10     7.532
  1857   11     9.702
  1857   12    12.120
  1858   01    14.347
  1858   02    15.258
  1858   03    15.823
  1858   04    15.602
  1858   05    14.673
  1858   06    13.010
  1858   07    10.436
  1858   08     7.914
  1858   09     6.750
  1858   10     7.759
  1858   11    10.223
  1858   12    12.249
  1859   01    14.861
  1859   02    15.539
  1859   03    16.059
  1859   04    16.117
  1859   05    15.287
  1859   06    13.206
  1859   07    10.934
  1859   08     8.146
  1859   09     6.756
  1859   10     7.675
  1859   11    10.228
  1859   12    12.420
  1860   01    14.793
  1860   02    15.937
  1860   03    16.467
  1860   04    16.326
  1860   05    15.479
  1860   06    13.351
  1860   07    10.989
  1860   08     8.773
  1860   09     7.618
  1860   10     8.585
  1860   11    10.316
  1860   12    13.143
  1861   01    15.518
  1861   02    16.313
  1861   03    16.724
  1861   04    16.666
  1861   05    15.851
  1861   06    13.492
  1861   07    10.579
  1861   08     8.397
  1861   09     7.272
  1861   10     8.120
  1861   11    10.085
  1861   12    12.881
  1862   01    15.267
  1862   02    16.037
  1862   03    16.414
  1862   04    16.444
  1862   05    15.671
  1862   06    13.655
  1862   07    10.668
  1862   08     7.923
  1862   09     7.369
  1862   10     8.088
  1862   11    10.501
  1862   12    12.616
  1863   01    15.070
  1863   02    15.895
  1863   03    16.211
  1863   04    15.973
  1863   05    15.321
  1863   06    12.790
  1863   07    10.128
  1863   08     7.875
  1863   09     6.905
  1863   10     7.399
  1863   11    10.134
  1863   12    12.611
  1864   01    14.612
  1864   02    15.285
  1864   03    15.839
  1864   04    15.815
  1864   05    14.904
  1864   06    13.361
  1864   07    10.389
  1864   08     8.270
  1864   09     7.397
  1864   10     7.947
  1864   11    10.089
  1864   12    12.481
  1865   01    14.996
  1865   02    15.753
  1865   03    16.166
  1865   04    16.270
  1865   05    15.345
  1865   06    12.831
  1865   07     9.816
  1865   08     7.684
  1865   09     7.069
  1865   10     7.752
  1865   11    10.289
  1865   12    12.596
  1866   01    14.918
  1866   02    15.895
  1866   03    16.228
  1866   04    16.112
  1866   05    14.992
  1866   06    13.084
  1866   07    10.309
  1866   08     8.428
  1866   09     7.672
  1866   10     7.897
  1866   11     9.284
  1866   12    12.548
  1867   01    14.546
  1867   02    15.533
  1867   03    16.097
  1867   04    15.835
  1867   05    14.611
  1867   06    12.742
  1867   07    10.375
  1867   08     7.472
  1867   09     6.757
  1867   10     7.458
  1867   11     9.512
  1867   12    11.961
  1868   01    14.645
  1868   02    15.610
  1868   03    15.873
  1868   04    15.760
  1868   05    14.937
  1868   06    12.872
  1868   07    10.253
  1868   08     8.290
  1868   09     7.597
  1868   10     8.030
  1868   11     9.885
  1868   12    12.435
  1869   01    14.741
  1869   02    15.840
  1869   03    16.080
  1869   04    15.884
  1869   05    15.224
  1869   06    12.911
  1869   07    10.413
  1869   08     7.603
  1869   09     6.597
  1869   10     7.702
  1869   11     9.911
  1869   12    12.617
  1870   01    14.948
  1870   02    15.918
  1870   03    16.343
  1870   04    16.228
  1870   05    15.434
  1870   06    13.505
  1870   07    10.657
  1870   08     8.400
  1870   09     7.172
  1870   10     7.714
  1870   11    10.002
  1870   12    12.476
  1871   01    15.151
  1871   02    15.959
  1871   03    16.501
  1871   04    16.332
  1871   05    15.577
  1871   06    13.137
  1871   07    10.087
  1871   08     7.558
  1871   09     6.498
  1871   10     7.130
  1871   11     9.418
  1871   12    12.301
  1872   01    14.816
  1872   02    16.046
  1872   03    16.530
  1872   04    16.184
  1872   05    14.953
  1872   06    12.935
  1872   07     9.448
  1872   08     7.225
  1872   09     6.154
  1872   10     6.871
  1872   11     8.749
  1872   12    11.834
  1873   01    14.305
  1873   02    15.119
  1873   03    15.716
  1873   04    15.616
  1873   05    14.605
  1873   06    12.833
  1873   07     9.205
  1873   08     7.386
  1873   09     6.625
  1873   10     7.033
  1873   11     9.391
  1873   12    11.747
  1874   01    14.121
  1874   02    15.239
  1874   03    15.471
  1874   04    15.328
  1874   05    14.475
  1874   06    12.030
  1874   07     9.906
  1874   08     7.487
  1874   09     6.434
  1874   10     7.061
  1874   11     9.344
  1874   12    12.117
  1875   01    14.039
  1875   02    14.834
  1875   03    15.414
  1875   04    15.116
  1875   05    14.473
  1875   06    12.406
  1875   07     9.872
  1875   08     7.058
  1875   09     6.043
  1875   10     6.739
  1875   11     9.056
  1875   12    12.196
  1876   01    14.271
  1876   02    15.108
  1876   03    15.645
  1876   04    15.196
  1876   05    14.325
  1876   06    12.740
  1876   07     9.924
  1876   08     7.725
  1876   09     7.018
  1876   10     7.656
  1876   11     9.422
  1876   12    11.791
  1877   01    14.037
  1877   02    15.098
  1877   03    15.406
  1877   04    15.435
  1877   05    14.586
  1877   06    13.087
  1877   07    10.202
  1877   08     8.065
  1877   09     6.987
  1877   10     7.636
  1877   11     9.894
  1877   12    12.633
  1878   01    14.857
  1878   02    15.674
  1878   03    16.266
  1878   04    16.199
  1878   05    15.468
  1878   06    13.091
  1878   07    10.443
  1878   08     8.498
  1878   09     7.246
  1878   10     8.140
  1878   11     9.939
  1878   12    12.544
  1879   01    15.026
  1879   02    15.900
  1879   03    16.148
  1879   04    15.951
  1879   05    15.425
  1879   06    13.487
  1879   07    10.318
  1879   08     7.917
  1879   09     7.092
  1879   10     7.500
  1879   11    10.040
  1879   12    12.397
  1880   01    14.994
  1880   02    16.006
  1880   03    16.261
  1880   04    16.247
  1880   05    15.742
  1880   06    13.739
  1880   07    10.357
  1880   08     8.138
  1880   09     7.520
  1880   10     8.140
  1880   11    10.204
  1880   12    12.621
  1881   01    15.396
  1881   02    16.129
  1881   03    16.473
  1881   04    16.400
  1881   05    15.282
  1881   06    13.531
  1881   07    11.190
  1881   08     8.033
  1881   09     7.005
  1881   10     7.762
  1881   11     9.597
  1881   12    12.646
  1882   01    15.189
  1882   02    16.465
  1882   03    17.104
  1882   04    16.993
  1882   05    16.148
  1882   06    13.626
  1882   07    10.180
  1882   08     8.674
  1882   09     7.582
  1882   10     8.064
  1882   11    10.328
  1882   12    12.811
  1883   01    15.377
  1883   02    16.694
  1883   03    17.182
  1883   04    16.931
  1883   05    16.018
  1883   06    13.859
  1883   07    11.035
  1883   08     8.547
  1883   09     7.267
  1883   10     7.701
  1883   11     9.600
  1883   12    12.359
  1884   01    14.832
  1884   02    16.298
  1884   03    16.807
  1884   04    16.843
  1884   05    15.781
  1884   06    13.247
  1884   07     9.351
  1884   08     7.858
  1884   09     6.969
  1884   10     7.654
  1884   11    10.288
  1884   12    12.569
  1885   01    14.885
  1885   02    15.898
  1885   03    16.465
  1885   04    16.324
  1885   05    15.357
  1885   06    13.204
  1885   07    11.242
  1885   08     8.500
  1885   09     7.065
  1885   10     8.131
  1885   11    10.576
  1885   12    12.738
  1886   01    14.892
  1886   02    15.865
  1886   03    16.472
  1886   04    16.212
  1886   05    15.144
  1886   06    13.057
  1886   07    10.630
  1886   08     8.654
  1886   09     7.741
  1886   10     8.068
  1886   11    10.375
  1886   12    12.153
  1887   01    14.932
  1887   02    15.986
  1887   03    16.654
  1887   04    16.680
  1887   05    15.542
  1887   06    13.806
  1887   07    11.259
  1887   08     8.760
  1887   09     7.511
  1887   10     8.519
  1887   11    10.541
  1887   12    12.819
  1888   01    15.213
  1888   02    16.269
  1888   03    16.524
  1888   04    16.359
  1888   05    15.582
  1888   06    13.583
  1888   07    11.020
  1888   08     8.213
  1888   09     7.455
  1888   10     8.419
  1888   11    10.872
  1888   12    13.335
  1889   01    15.619
  1889   02    16.309
  1889   03    16.664
  1889   04    16.472
  1889   05    15.468
  1889   06    13.570
  1889   07    11.169
  1889   08     8.875
  1889   09     8.075
  1889   10     8.928
  1889   11    10.496
  1889   12    12.692
  1890   01    15.538
  1890   02    16.423
  1890   03    16.814
  1890   04    16.687
  1890   05    15.848
  1890   06    13.772
  1890   07    10.498
  1890   08     8.510
  1890   09     6.984
  1890   10     7.826
  1890   11    10.447
  1890   12    12.513
  1891   01    15.373
  1891   02    16.571
  1891   03    16.867
  1891   04    16.961
  1891   05    16.132
  1891   06    13.719
  1891   07    10.302
  1891   08     8.269
  1891   09     7.257
  1891   10     8.153
  1891   11    10.382
  1891   12    12.111
  1892   01    14.644
  1892   02    15.755
  1892   03    16.262
  1892   04    16.078
  1892   05    15.349
  1892   06    13.193
  1892   07    10.256
  1892   08     7.749
  1892   09     6.666
  1892   10     7.317
  1892   11     9.863
  1892   12    12.606
  1893   01    14.945
  1893   02    16.017
  1893   03    16.306
  1893   04    16.329
  1893   05    15.833
  1893   06    13.582
  1893   07    10.598
  1893   08     7.702
  1893   09     6.392
  1893   10     7.126
  1893   11     9.739
  1893   12    12.656
  1894   01    14.671
  1894   02    15.828
  1894   03    16.344
  1894   04    15.992
  1894   05    15.237
  1894   06    12.964
  1894   07    10.026
  1894   08     7.792
  1894   09     6.857
  1894   10     7.223
  1894   11     9.743
  1894   12    11.872
  1895   01    14.493
  1895   02    15.453
  1895   03    15.821
  1895   04    15.595
  1895   05    15.234
  1895   06    13.294
  1895   07    10.065
  1895   08     7.581
  1895   09     6.549
  1895   10     7.099
  1895   11     9.451
  1895   12    12.180
  1896   01    14.439
  1896   02    15.433
  1896   03    15.944
  1896   04    15.595
  1896   05    14.773
  1896   06    12.583
  1896   07     9.700
  1896   08     7.619
  1896   09     7.003
  1896   10     7.577
  1896   11     9.544
  1896   12    12.296
  1897   01    14.596
  1897   02    15.524
  1897   03    15.966
  1897   04    15.537
  1897   05    14.680
  1897   06    12.810
  1897   07    10.524
  1897   08     8.695
  1897   09     7.620
  1897   10     8.308
  1897   11    10.251
  1897   12    12.572
  1898   01    14.735
  1898   02    15.686
  1898   03    15.910
  1898   04    15.975
  1898   05    15.127
  1898   06    13.273
  1898   07    10.384
  1898   08     8.413
  1898   09     7.319
  1898   10     8.118
  1898   11    10.392
  1898   12    12.679
  1899   01    15.041
  1899   02    15.939
  1899   03    16.258
  1899   04    16.259
  1899   05    15.388
  1899   06    13.224
  1899   07    10.880
  1899   08     8.087
  1899   09     7.730
  1899   10     8.497
  1899   11    10.567
  1899   12    13.389
  1900   01    15.366
  1900   02    15.764
  1900   03    16.431
  1900   04    16.414
  1900   05    15.613
  1900   06    13.778
  1900   07    10.717
  1900   08     8.424
  1900   09     7.241
  1900   10     7.793
  1900   11    10.016
  1900   12    12.940
  1901   01    15.322
  1901   02    16.026
  1901   03    16.495
  1901   04    16.097
  1901   05    15.350
  1901   06    13.575
  1901   07    10.593
  1901   08     8.474
  1901   09     7.133
  1901   10     7.550
  1901   11    10.113
  1901   12    13.217
  1902   01    15.571
  1902   02    16.385
  1902   03    16.534
  1902   04    16.275
  1902   05    15.494
  1902   06    13.650
  1902   07    10.681
  1902   08     8.321
  1902   09     6.953
  1902   10     7.840
  1902   11    10.277
  1902   12    12.777
  1903   01    15.304
  1903   02    16.149
  1903   03    16.572
  1903   04    16.404
  1903   05    15.460
  1903   06    13.306
  1903   07    10.611
  1903   08     7.891
  1903   09     6.914
  1903   10     7.969
  1903   11    10.448
  1903   12    12.961
  1904   01    15.076
  1904   02    16.185
  1904   03    16.583
  1904   04    16.456
  1904   05    15.607
  1904   06    13.558
  1904   07    11.027
  1904   08     8.971
  1904   09     7.938
  1904   10     8.784
  1904   11    10.970
  1904   12    13.475
  1905   01    15.344
  1905   02    16.064
  1905   03    16.692
  1905   04    16.572
  1905   05    15.392
  1905   06    13.573
  1905   07    11.107
  1905   08     8.786
  1905   09     7.336
  1905   10     8.210
  1905   11    11.100
  1905   12    13.264
  1906   01    15.764
  1906   02    16.468
  1906   03    17.179
  1906   04    17.027
  1906   05    16.299
  1906   06    14.424
  1906   07    10.920
  1906   08     9.252
  1906   09     7.969
  1906   10     8.817
  1906   11    10.655
  1906   12    13.554
  1907   01    15.928
  1907   02    17.004
  1907   03    17.394
  1907   04    16.757
  1907   05    15.861
  1907   06    14.391
  1907   07    10.435
  1907   08     7.992
  1907   09     6.812
  1907   10     7.668
  1907   11    10.070
  1907   12    12.699
  1908   01    15.483
  1908   02    16.561
  1908   03    16.865
  1908   04    16.775
  1908   05    15.979
  1908   06    13.457
  1908   07     9.929
  1908   08     7.326
  1908   09     6.414
  1908   10     7.066
  1908   11     9.578
  1908   12    12.518
  1909   01    15.203
  1909   02    16.224
  1909   03    16.654
  1909   04    16.356
  1909   05    15.551
  1909   06    13.296
  1909   07    10.676
  1909   08     8.014
  1909   09     7.291
  1909   10     8.204
  1909   11     9.999
  1909   12    12.443
  1910   01    15.056
  1910   02    16.208
  1910   03    16.473
  1910   04    16.377
  1910   05    15.678
  1910   06    13.722
  1910   07    11.202
  1910   08     8.376
  1910   09     7.177
  1910   10     7.819
  1910   11     9.653
  1910   12    12.780
  1911   01    15.291
  1911   02    16.024
  1911   03    16.342
  1911   04    15.943
  1911   05    15.336
  1911   06    13.247
  1911   07    10.131
  1911   08     7.345
  1911   09     6.555
  1911   10     7.178
  1911   11     9.465
  1911   12    12.527
  1912   01    15.237
  1912   02    16.192
  1912   03    16.536
  1912   04    16.274
  1912   05    15.215
  1912   06    12.904
  1912   07    10.894
  1912   08     9.000
  1912   09     8.209
  1912   10     8.793
  1912   11    10.672
  1912   12    13.081
  1913   01    15.256
  1913   02    16.056
  1913   03    16.462
  1913   04    16.179
  1913   05    14.967
  1913   06    12.892
  1913   07    10.618
  1913   08     7.723
  1913   09     6.952
  1913   10     7.609
  1913   11    10.030
  1913   12    12.594
  1914   01    14.225
  1914   02    15.486
  1914   03    15.981
  1914   04    15.911
  1914   05    15.114
  1914   06    13.146
  1914   07    10.769
  1914   08     8.772
  1914   09     7.522
  1914   10     8.458
  1914   11    10.436
  1914   12    12.724
  1915   01    14.998
  1915   02    15.967
  1915   03    16.387
  1915   04    16.041
  1915   05    15.507
  1915   06    13.330
  1915   07    10.915
  1915   08     8.481
  1915   09     7.606
  1915   10     8.155
  1915   11    10.450
  1915   12    12.488
  1916   01    14.741
  1916   02    15.998
  1916   03    16.137
  1916   04    15.968
  1916   05    15.213
  1916   06    13.214
  1916   07    10.280
  1916   08     7.723
  1916   09     6.833
  1916   10     7.705
  1916   11    10.066
  1916   12    12.554
  1917   01    14.696
  1917   02    15.888
  1917   03    16.094
  1917   04    16.020
  1917   05    15.210
  1917   06    13.089
  1917   07    10.547
  1917   08     7.881
  1917   09     7.425
  1917   10     8.077
  1917   11    10.284
  1917   12    12.584
  1918   01    15.023
  1918   02    16.106
  1918   03    16.615
  1918   04    16.358
  1918   05    15.352
  1918   06    13.642
  1918   07    10.892
  1918   08     8.510
  1918   09     7.287
  1918   10     8.046
  1918   11    10.135
  1918   12    12.973
  1919   01    15.061
  1919   02    15.826
  1919   03    16.136
  1919   04    15.924
  1919   05    15.042
  1919   06    13.122
  1919   07    10.606
  1919   08     8.303
  1919   09     7.185
  1919   10     7.978
  1919   11    10.041
  1919   12    12.519
  1920   01    14.994
  1920   02    16.136
  1920   03    16.527
  1920   04    16.571
  1920   05    15.715
  1920   06    13.437
  1920   07    10.015
  1920   08     8.432
  1920   09     7.402
  1920   10     7.839
  1920   11    10.195
  1920   12    12.615
  1921   01    15.107
  1921   02    16.286
  1921   03    16.651
  1921   04    16.700
  1921   05    15.603
  1921   06    13.262
  1921   07    10.117
  1921   08     8.263
  1921   09     7.297
  1921   10     7.943
  1921   11     9.903
  1921   12    12.635
  1922   01    15.062
  1922   02    16.026
  1922   03    16.631
  1922   04    16.333
  1922   05    15.503
  1922   06    13.380
  1922   07    10.791
  1922   08     8.531
  1922   09     7.703
  1922   10     8.354
  1922   11    10.400
  1922   12    12.618
  1923   01    15.112
  1923   02    16.053
  1923   03    16.609
  1923   04    16.379
  1923   05    15.356
  1923   06    13.317
  1923   07    10.934
  1923   08     9.233
  1923   09     8.494
  1923   10     8.655
  1923   11    10.573
  1923   12    13.103
  1924   01    15.215
  1924   02    16.126
  1924   03    16.375
  1924   04    15.820
  1924   05    14.711
  1924   06    13.251
  1924   07    10.485
  1924   08     8.515
  1924   09     8.012
  1924   10     8.386
  1924   11    10.342
  1924   12    12.929
  1925   01    14.953
  1925   02    15.890
  1925   03    16.542
  1925   04    16.363
  1925   05    15.329
  1925   06    13.211
  1925   07    10.030
  1925   08     8.305
  1925   09     6.985
  1925   10     7.352
  1925   11     9.562
  1925   12    11.944
  1926   01    14.851
  1926   02    16.034
  1926   03    16.600
  1926   04    16.206
  1926   05    15.127
  1926   06    13.433
  1926   07    10.833
  1926   08     7.484
  1926   09     6.273
  1926   10     7.710
  1926   11     9.672
  1926   12    12.347
  1927   01    14.812
  1927   02    15.784
  1927   03    16.314
  1927   04    16.385
  1927   05    15.498
  1927   06    12.863
  1927   07    10.215
  1927   08     7.701
  1927   09     6.632
  1927   10     7.226
  1927   11     9.649
  1927   12    12.110
  1928   01    14.715
  1928   02    15.862
  1928   03    16.302
  1928   04    16.351
  1928   05    15.529
  1928   06    12.971
  1928   07    10.113
  1928   08     7.871
  1928   09     6.873
  1928   10     7.567
  1928   11     9.402
  1928   12    12.166
  1929   01    14.528
  1929   02    15.747
  1929   03    16.278
  1929   04    16.245
  1929   05    14.789
  1929   06    12.704
  1929   07    10.184
  1929   08     7.687
  1929   09     6.827
  1929   10     7.439
  1929   11     9.492
  1929   12    11.939
  1930   01    14.156
  1930   02    15.163
  1930   03    15.748
  1930   04    15.585
  1930   05    14.773
  1930   06    12.805
  1930   07     9.573
  1930   08     7.803
  1930   09     6.778
  1930   10     7.081
  1930   11     9.478
  1930   12    11.941
  1931   01    14.210
  1931   02    15.246
  1931   03    15.712
  1931   04    15.605
  1931   05    14.528
  1931   06    12.583
  1931   07     9.971
  1931   08     7.874
  1931   09     6.450
  1931   10     7.112
  1931   11     9.609
  1931   12    11.961
  1932   01    13.978
  1932   02    15.038
  1932   03    15.355
  1932   04    14.806
  1932   05    13.932
  1932   06    12.083
  1932   07     9.679
  1932   08     7.689
  1932   09     6.522
  1932   10     7.182
  1932   11     9.329
  1932   12    11.673
  1933   01    13.849
  1933   02    14.904
  1933   03    15.143
  1933   04    14.890
  1933   05    13.855
  1933   06    12.502
  1933   07     9.412
  1933   08     6.793
  1933   09     6.402
  1933   10     7.270
  1933   11     9.278
  1933   12    11.897
  1934   01    14.018
  1934   02    15.130
  1934   03    15.598
  1934   04    15.519
  1934   05    14.499
  1934   06    12.895
  1934   07    10.735
  1934   08     8.303
  1934   09     7.364
  1934   10     7.995
  1934   11    10.192
  1934   12    12.153
  1935   01    14.549
  1935   02    15.505
  1935   03    15.996
  1935   04    15.671
  1935   05    14.739
  1935   06    12.626
  1935   07     9.849
  1935   08     7.599
  1935   09     6.403
  1935   10     6.957
  1935   11     9.855
  1935   12    12.516
  1936   01    14.862
  1936   02    15.742
  1936   03    16.412
  1936   04    16.359
  1936   05    15.123
  1936   06    12.974
  1936   07    10.418
  1936   08     8.069
  1936   09     7.144
  1936   10     8.081
  1936   11    10.239
  1936   12    12.580
  1937   01    15.084
  1937   02    15.817
  1937   03    16.288
  1937   04    16.056
  1937   05    15.195
  1937   06    13.417
  1937   07    10.745
  1937   08     8.137
  1937   09     6.800
  1937   10     8.056
  1937   11    10.209
  1937   12    12.688
  1938   01    14.922
  1938   02    16.038
  1938   03    16.611
  1938   04    16.619
  1938   05    15.849
  1938   06    13.961
  1938   07    10.824
  1938   08     8.358
  1938   09     6.883
  1938   10     7.565
  1938   11     9.732
  1938   12    12.120
  1939   01    14.487
  1939   02    15.641
  1939   03    16.073
  1939   04    16.160
  1939   05    15.350
  1939   06    13.466
  1939   07    10.291
  1939   08     7.940
  1939   09     7.245
  1939   10     7.954
  1939   11    10.067
  1939   12    12.424
  1940   01    14.467
  1940   02    15.616
  1940   03    16.132
  1940   04    15.870
  1940   05    15.232
  1940   06    13.358
  1940   07    10.292
  1940   08     7.865
  1940   09     7.262
  1940   10     8.050
  1940   11    10.093
  1940   12    12.748
  1941   01    14.661
  1941   02    15.615
  1941   03    15.835
  1941   04    15.831
  1941   05    14.999
  1941   06    13.113
  1941   07    10.478
  1941   08     7.865
  1941   09     6.852
  1941   10     7.626
  1941   11    10.377
  1941   12    12.542
  1942   01    14.495
  1942   02    15.198
  1942   03    15.521
  1942   04    15.363
  1942   05    14.516
  1942   06    13.093
  1942   07    10.100
  1942   08     8.053
  1942   09     6.775
  1942   10     7.682
  1942   11    10.424
  1942   12    12.179
  1943   01    14.118
  1943   02    15.153
  1943   03    15.406
  1943   04    15.302
  1943   05    14.303
  1943   06    13.030
  1943   07    10.340
  1943   08     8.591
  1943   09     7.248
  1943   10     7.955
  1943   11     9.728
  1943   12    12.217
  1944   01    14.250
  1944   02    15.109
  1944   03    15.486
  1944   04    15.385
  1944   05    14.497
  1944   06    12.569
  1944   07    10.939
  1944   08     8.594
  1944   09     7.618
  1944   10     7.807
  1944   11     9.645
  1944   12    12.216
  1945   01    14.534
  1945   02    15.528
  1945   03    16.129
  1945   04    16.057
  1945   05    15.300
  1945   06    13.073
  1945   07    10.388
  1945   08     7.598
  1945   09     6.332
  1945   10     7.606
  1945   11     9.924
  1945   12    12.418
  1946   01    15.053
  1946   02    15.991
  1946   03    16.540
  1946   04    16.477
  1946   05    15.414
  1946   06    13.351
  1946   07    10.926
  1946   08     8.414
  1946   09     6.902
  1946   10     7.369
  1946   11     9.933
  1946   12    13.010
  1947   01    15.317
  1947   02    16.129
  1947   03    16.322
  1947   04    16.118
  1947   05    15.308
  1947   06    13.414
  1947   07    11.122
  1947   08     7.777
  1947   09     6.716
  1947   10     7.422
  1947   11     9.664
  1947   12    12.108
  1948   01    14.588
  1948   02    15.673
  1948   03    16.275
  1948   04    16.297
  1948   05    15.398
  1948   06    13.103
  1948   07    10.148
  1948   08     8.804
  1948   09     7.476
  1948   10     8.374
  1948   11     9.796
  1948   12    12.123
  1949   01    14.470
  1949   02    15.323
  1949   03    15.769
  1949   04    15.586
  1949   05    14.533
  1949   06    12.816
  1949   07    10.139
  1949   08     8.391
  1949   09     7.512
  1949   10     7.756
  1949   11     9.743
  1949   12    11.816
  1950   01    14.469
  1950   02    15.510
  1950   03    16.296
  1950   04    16.140
  1950   05    15.190
  1950   06    13.269
  1950   07    10.767
  1950   08     8.357
  1950   09     7.526
  1950   10     8.367
  1950   11    10.076
  1950   12    12.298
  1951   01    14.482
  1951   02    15.642
  1951   03    16.200
  1951   04    16.139
  1951   05    15.345
  1951   06    13.341
  1951   07    11.182
  1951   08     8.752
  1951   09     7.226
  1951   10     7.962
  1951   11     9.859
  1951   12    12.535
  1952   01    15.407
  1952   02    16.428
  1952   03    16.893
  1952   04    16.656
  1952   05    15.480
  1952   06    13.466
  1952   07     9.547
  1952   08     7.513
  1952   09     6.960
  1952   10     7.249
  1952   11     9.556
  1952   12    12.534
  1953   01    15.381
  1953   02    16.564
  1953   03    16.973
  1953   04    16.852
  1953   05    16.019
  1953   06    12.959
  1953   07    10.163
  1953   08     8.397
  1953   09     7.173
  1953   10     8.189
  1953   11    10.309
  1953   12    12.878
  1954   01    15.180
  1954   02    16.175
  1954   03    16.697
  1954   04    16.500
  1954   05    15.613
  1954   06    13.449
  1954   07    10.697
  1954   08     8.081
  1954   09     6.803
  1954   10     7.265
  1954   11     9.792
  1954   12    13.050
  1955   01    15.408
  1955   02    16.491
  1955   03    16.875
  1955   04    16.744
  1955   05    16.008
  1955   06    13.249
  1955   07    10.251
  1955   08     7.823
  1955   09     6.822
  1955   10     7.683
  1955   11     9.985
  1955   12    12.399
  1956   01    15.317
  1956   02    16.158
  1956   03    16.871
  1956   04    16.628
  1956   05    15.704
  1956   06    13.506
  1956   07    10.911
  1956   08     8.658
  1956   09     7.288
  1956   10     8.220
  1956   11    10.381
  1956   12    12.958
  1957   01    15.611
  1957   02    16.599
  1957   03    17.061
  1957   04    16.854
  1957   05    16.215
  1957   06    14.290
  1957   07    10.926
  1957   08     7.868
  1957   09     6.813
  1957   10     7.522
  1957   11    10.217
  1957   12    13.303
  1958   01    15.888
  1958   02    16.580
  1958   03    16.677
  1958   04    16.721
  1958   05    15.638
  1958   06    13.596
  1958   07     9.941
  1958   08     7.678
  1958   09     6.863
  1958   10     7.295
  1958   11     9.934
  1958   12    12.607
  1959   01    14.917
  1959   02    16.255
  1959   03    16.763
  1959   04    16.626
  1959   05    16.120
  1959   06    13.496
  1959   07    10.388
  1959   08     8.260
  1959   09     6.982
  1959   10     7.786
  1959   11    10.297
  1959   12    13.046
  1960   01    15.112
  1960   02    16.119
  1960   03    16.598
  1960   04    16.183
  1960   05    15.401
  1960   06    13.220
  1960   07    10.983
  1960   08     8.661
  1960   09     8.022
  1960   10     8.859
  1960   11    10.839
  1960   12    12.962
  1961   01    14.906
  1961   02    15.843
  1961   03    16.536
  1961   04    16.427
  1961   05    15.345
  1961   06    12.840
  1961   07    10.049
  1961   08     7.955
  1961   09     6.888
  1961   10     7.449
  1961   11    10.590
  1961   12    12.794
  1962   01    15.192
  1962   02    15.610
  1962   03    16.244
  1962   04    16.075
  1962   05    15.178
  1962   06    12.983
  1962   07    10.703
  1962   08     8.722
  1962   09     7.372
  1962   10     7.966
  1962   11     9.622
  1962   12    12.253
  1963   01    14.922
  1963   02    15.892
  1963   03    16.427
  1963   04    16.423
  1963   05    15.743
  1963   06    13.785
  1963   07    10.350
  1963   08     7.863
  1963   09     7.148
  1963   10     7.649
  1963   11    10.532
  1963   12    13.222
  1964   01    15.660
  1964   02    16.595
  1964   03    16.958
  1964   04    16.941
  1964   05    15.980
  1964   06    13.821
  1964   07    10.552
  1964   08     8.320
  1964   09     7.248
  1964   10     7.880
  1964   11    10.088
  1964   12    12.708
  1965   01    15.511
  1965   02    16.593
  1965   03    17.142
  1965   04    16.992
  1965   05    15.818
  1965   06    13.268
  1965   07    10.001
  1965   08     7.945
  1965   09     6.943
  1965   10     7.549
  1965   11     9.848
  1965   12    12.357
  1966   01    14.763
  1966   02    16.089
  1966   03    16.494
  1966   04    16.463
  1966   05    15.615
  1966   06    13.424
  1966   07     9.715
  1966   08     7.408
  1966   09     6.336
  1966   10     7.173
  1966   11     9.707
  1966   12    11.901
  1967   01    14.701
  1967   02    15.690
  1967   03    16.070
  1967   04    16.050
  1967   05    15.298
  1967   06    13.068
  1967   07    10.412
  1967   08     7.249
  1967   09     6.285
  1967   10     7.166
  1967   11     9.906
  1967   12    12.746
  1968   01    14.941
  1968   02    15.883
  1968   03    16.367
  1968   04    15.840
  1968   05    14.807
  1968   06    12.938
  1968   07    10.406
  1968   08     7.807
  1968   09     6.895
  1968   10     7.694
  1968   11    10.161
  1968   12    12.220
  1969   01    14.328
  1969   02    15.477
  1969   03    16.106
  1969   04    15.917
  1969   05    15.074
  1969   06    13.033
  1969   07    10.337
  1969   08     7.371
  1969   09     6.405
  1969   10     7.178
  1969   11     9.527
  1969   12    12.412
  1970   01    14.496
  1970   02    15.326
  1970   03    15.866
  1970   04    15.575
  1970   05    14.577
  1970   06    12.297
  1970   07    10.654
  1970   08     7.579
  1970   09     6.544
  1970   10     7.101
  1970   11     9.228
  1970   12    12.107
  1971   01    14.720
  1971   02    15.819
  1971   03    16.121
  1971   04    16.061
  1971   05    14.850
  1971   06    12.472
  1971   07    10.452
  1971   08     8.327
  1971   09     7.157
  1971   10     7.907
  1971   11     9.652
  1971   12    12.520
  1972   01    14.575
  1972   02    15.460
  1972   03    15.953
  1972   04    15.728
  1972   05    15.037
  1972   06    12.859
  1972   07    10.766
  1972   08     8.161
  1972   09     6.935
  1972   10     7.922
  1972   11    10.125
  1972   12    12.611
  1973   01    14.838
  1973   02    15.898
  1973   03    16.197
  1973   04    15.841
  1973   05    15.103
  1973   06    12.884
  1973   07    10.255
  1973   08     7.993
  1973   09     7.118
  1973   10     7.591
  1973   11     9.498
  1973   12    12.331
  1974   01    14.603
  1974   02    15.783
  1974   03    16.254
  1974   04    16.066
  1974   05    15.123
  1974   06    12.686
  1974   07     9.846
  1974   08     6.672
  1974   09     5.600
  1974   10     6.694
  1974   11     9.669
  1974   12    12.252
  1975   01    14.706
  1975   02    15.829
  1975   03    16.394
  1975   04    16.178
  1975   05    14.971
  1975   06    12.855
  1975   07     9.958
  1975   08     7.429
  1975   09     6.767
  1975   10     7.237
  1975   11     9.839
  1975   12    12.105
  1976   01    14.096
  1976   02    15.360
  1976   03    16.186
  1976   04    16.076
  1976   05    15.307
  1976   06    13.050
  1976   07     9.989
  1976   08     7.567
  1976   09     6.435
  1976   10     6.999
  1976   11     9.506
  1976   12    11.947
  1977   01    14.333
  1977   02    15.328
  1977   03    16.031
  1977   04    16.069
  1977   05    15.193
  1977   06    13.225
  1977   07    10.184
  1977   08     7.982
  1977   09     6.354
  1977   10     7.259
  1977   11     9.328
  1977   12    11.884
  1978   01    14.219
  1978   02    15.363
  1978   03    15.689
  1978   04    15.569
  1978   05    14.596
  1978   06    12.714
  1978   07     9.813
  1978   08     7.705
  1978   09     6.960
  1978   10     7.361
  1978   11     9.591
  1978   12    12.125
  1979   01    14.133
  1979   02    15.034
  1979   03    15.479
  1979   04    15.325
  1979   05    14.461
  1979   06    12.890
  1979   07    10.325
  1979   08     7.888
  1979   09     6.714
  1979   10     7.427
  1979   11     9.926
  1979   12    11.944
  1980   01    14.070
  1980   02    15.413
  1980   03    15.841
  1980   04    15.826
  1980   05    15.050
  1980   06    12.994
  1980   07     9.317
  1980   08     7.183
  1980   09     6.747
  1980   10     7.093
  1980   11     9.053
  1980   12    12.065
  1981   01    14.429
  1981   02    15.767
  1981   03    16.248
  1981   04    15.826
  1981   05    14.802
  1981   06    12.896
  1981   07    10.131
  1981   08     8.115
  1981   09     7.199
  1981   10     7.622
  1981   11     9.851
  1981   12    12.173
  1982   01    14.055
  1982   02    15.353
  1982   03    15.769
  1982   04    15.763
  1982   05    15.018
  1982   06    12.717
  1982   07    10.168
  1982   08     8.037
  1982   09     6.908
  1982   10     7.762
  1982   11     9.917
  1982   12    12.412
  1983   01    14.643
  1983   02    15.545
  1983   03    16.002
  1983   04    15.915
  1983   05    15.318
  1983   06    13.128
  1983   07    10.263
  1983   08     7.680
  1983   09     6.686
  1983   10     7.206
  1983   11     9.946
  1983   12    12.455
  1984   01    14.668
  1984   02    15.719
  1984   03    16.117
  1984   04    15.919
  1984   05    15.139
  1984   06    12.792
  1984   07     9.627
  1984   08     7.447
  1984   09     6.728
  1984   10     7.542
  1984   11     9.771
  1984   12    12.463
  1985   01    15.030
  1985   02    16.148
  1985   03    16.760
  1985   04    16.687
  1985   05    15.978
  1985   06    13.843
  1985   07    10.675
  1985   08     8.068
  1985   09     6.959
  1985   10     7.923
  1985   11    10.237
  1985   12    12.781
  1986   01    15.144
  1986   02    15.975
  1986   03    16.236
  1986   04    16.085
  1986   05    15.209
  1986   06    12.950
  1986   07    10.506
  1986   08     8.321
  1986   09     7.102
  1986   10     7.575
  1986   11     9.875
  1986   12    12.025
  1987   01    14.210
  1987   02    15.249
  1987   03    15.777
  1987   04    15.710
  1987   05    14.846
  1987   06    13.027
  1987   07    10.470
  1987   08     8.349
  1987   09     7.400
  1987   10     7.966
  1987   11     9.590
  1987   12    12.291
  1988   01    14.310
  1988   02    15.304
  1988   03    15.643
  1988   04    15.342
  1988   05    14.448
  1988   06    12.392
  1988   07    10.533
  1988   08     8.226
  1988   09     6.605
  1988   10     7.658
  1988   11     9.424
  1988   12    12.007
  1989   01    14.370
  1989   02    15.290
  1989   03    15.718
  1989   04    15.395
  1989   05    14.625
  1989   06    12.603
  1989   07    10.083
  1989   08     7.964
  1989   09     6.788
  1989   10     7.612
  1989   11     9.544
  1989   12    12.036
  1990   01    14.423
  1990   02    15.182
  1990   03    15.758
  1990   04    15.436
  1990   05    14.645
  1990   06    12.746
  1990   07     9.970
  1990   08     8.164
  1990   09     7.119
  1990   10     7.519
  1990   11     9.757
  1990   12    11.754
  1991   01    13.966
  1991   02    14.741
  1991   03    15.045
  1991   04    15.036
  1991   05    14.063
  1991   06    12.565
  1991   07    10.120
  1991   08     7.505
  1991   09     6.233
  1991   10     6.845
  1991   11     9.221
  1991   12    11.717
  1992   01    14.295
  1992   02    15.247
  1992   03    15.542
  1992   04    15.374
  1992   05    14.489
  1992   06    12.710
  1992   07     9.573
  1992   08     7.797
  1992   09     6.890
  1992   10     7.474
  1992   11     9.686
  1992   12    12.173
  1993   01    14.710
  1993   02    15.816
  1993   03    16.300
  1993   04    16.093
  1993   05    15.379
  1993   06    13.701
  1993   07    11.046
  1993   08     7.390
  1993   09     5.962
  1993   10     7.163
  1993   11     9.817
  1993   12    12.532
  1994   01    15.097
  1994   02    15.978
  1994   03    16.370
  1994   04    16.123
  1994   05    15.316
  1994   06    13.726
  1994   07    10.741
  1994   08     8.737
  1994   09     7.765
  1994   10     8.097
  1994   11     9.736
  1994   12    12.051
  1995   01    14.439
  1995   02    15.458
  1995   03    16.018
  1995   04    15.822
  1995   05    14.907
  1995   06    12.106
  1995   07     9.677
  1995   08     7.075
  1995   09     6.140
  1995   10     6.796
  1995   11     9.016
  1995   12    11.438
  1996   01    13.461
  1996   02    14.904
  1996   03    15.544
  1996   04    15.616
  1996   05    14.446
  1996   06    12.145
  1996   07     9.324
  1996   08     6.628
  1996   09     5.523
  1996   10     6.262
  1996   11     8.511
  1996   12    11.233
  1997   01    13.447
  1997   02    14.300
  1997   03    14.721
  1997   04    14.762
  1997   05    13.920
  1997   06    11.551
  1997   07     9.150
  1997   08     7.358
  1997   09     6.311
  1997   10     7.064
  1997   11     8.749
  1997   12    11.080
  1998   01    13.441
  1998   02    14.245
  1998   03    14.518
  1998   04    14.366
  1998   05    13.231
  1998   06    11.698
  1998   07     8.925
  1998   08     6.972
  1998   09     5.622
  1998   10     6.369
  1998   11     8.311
  1998   12    11.186
  1999   01    13.099
  1999   02    14.039
  1999   03    14.349
  1999   04    14.242
  1999   05    13.607
  1999   06    12.155
  1999   07    10.038
  1999   08     7.179
  1999   09     5.904
  1999   10     6.563
  1999   11     9.253
  1999   12    11.634
  2000   01    13.563
  2000   02    14.433
  2000   03    14.533
  2000   04    13.928
  2000   05    13.184
  2000   06    11.280
  2000   07     8.953
  2000   08     7.087
  2000   09     6.514
  2000   10     7.071
  2000   11     8.951
  2000   12    10.725
  2001   01    13.258
  2001   02    14.149
  2001   03    14.856
  2001   04    14.780
  2001   05    13.939
  2001   06    11.776
  2001   07     8.991
  2001   08     6.526
  2001   09     5.886
  2001   10     6.541
  2001   11     8.610
  2001   12    10.727
  2002   01    13.428
  2002   02    14.514
  2002   03    14.834
  2002   04    14.469
  2002   05    13.709
  2002   06    12.015
  2002   07     9.672
  2002   08     6.476
  2002   09     5.063
  2002   10     5.538
  2002   11     7.842
  2002   12    10.557
  2003   01    12.820
  2003   02    13.959
  2003   03    14.477
  2003   04    14.212
  2003   05    13.712
  2003   06    11.411
  2003   07     8.618
  2003   08     5.791
  2003   09     5.028
  2003   10     5.801
  2003   11     7.613
  2003   12    10.381
  2004   01    12.639
  2004   02    13.800
  2004   03    14.244
  2004   04    14.121
  2004   05    13.130
  2004   06    11.061
  2004   07     8.221
  2004   08     6.036
  2004   09     4.950
  2004   10     5.771
  2004   11     8.002
  2004   12    10.441
  2005   01    12.644
  2005   02    13.687
  2005   03    14.057
  2005   04    13.741
  2005   05    12.997
  2005   06    11.286
  2005   07     8.761
  2005   08     6.707
  2005   09     5.573
  2005   10     6.101
  2005   11     8.161
  2005   12    10.315
  2006   01    12.418
  2006   02    13.708
  2006   03    14.240
  2006   04    14.148
  2006   05    13.382
  2006   06    11.407
  2006   07     8.581
  2006   08     5.995
  2006   09     4.722
  2006   10     5.389
  2006   11     8.012
  2006   12    10.668
  2007   01    12.764
  2007   02    13.644
  2007   03    14.037
  2007   04    13.928
  2007   05    13.386
  2007   06    12.122
  2007   07     9.722
  2007   08     6.227
  2007   09     4.460
  2007   10     5.468
  2007   11     8.275
  2007   12    11.044
  2008   01    13.024
  2008   02    13.865
  2008   03    14.419
  2008   04    14.243
  2008   05    13.130
  2008   06    11.797
  2008   07     8.537
  2008   08     6.250
  2008   09     5.188
  2008   10     5.971
  2008   11     7.819
  2008   12    10.554
  2009   01    12.767
  2009   02    14.244
  2009   03    14.692
  2009   04    14.288
  2009   05    13.813
  2009   06    11.835
  2009   07     9.464
  2009   08     6.824
  2009   09     4.894
  2009   10     5.840
  2009   11     8.222
  2009   12    10.728
  2010   01    13.295
  2010   02    14.220
  2010   03    14.628
  2010   04    14.417
  2010   05    13.455
  2010   06    11.727
  2010   07     8.795
  2010   08     5.893
  2010   09     4.768
  2010   10     5.608
  2010   11     8.116
  2010   12    10.654
  2011   01    13.026
  2011   02    14.142
  2011   03    14.616
  2011   04    14.361
  2011   05    13.433
  2011   06    11.993
  2011   07     9.296
  2011   08     5.580
  2011   09     3.894
  2011   10     5.019
  2011   11     7.145
  2011   12    10.480
  2012   01    12.807
  2012   02    13.808
  2012   03    14.365
  2012   04    14.035
  2012   05    13.253
  2012   06    11.190
  2012   07     8.606
  2012   08     6.828
  2012   09     5.666
  2012   10     6.336
  2012   11     8.252
  2012   12    10.944
  2013   01    13.057
  2013   02    13.791
  2013   03    14.094
  2013   04    13.884
  2013   05    12.795
  2013   06    11.030
  2013   07     8.814
  2013   08     6.736
  2013   09     5.259
  2013   10     6.315
  2013   11     7.890
  2013   12    10.621
  2014   01    12.977
  2014   02    14.063
  2014   03    14.077
  2014   04    14.013
  2014   05    13.237
  2014   06    11.197
  2014   07     8.755
  2014   08     6.082
  2014   09     4.510
  2014   10     5.986
  2014   11     8.257
  2014   12    10.716
  2015   01    12.776
  2015   02    13.839
  2015   03    14.225
  2015   04    14.029
  2015   05    13.255
  2015   06    11.745
  2015   07     9.488
  2015   08     6.975
  2015   09     4.777
  2015   10     5.981
  2015   11     8.312
  2015   12    10.937
  2016   01    13.100
  2016   02    14.243
  2016   03    14.712
  2016   04    14.600
  2016   05    13.350
  2016   06    11.349
  2016   07     8.760
  2016   08     6.954
  2016   09     6.035
  2016   10     6.961
  2016   11     8.990
  2016   12    10.995
  2017   01    13.225
  2017   02    14.336
  2017   03    14.635
  2017   04    14.377
  2017   05    13.595
  2017   06    10.864
  2017   07     7.939
  2017   08     5.744
  2017   09     4.311
  2017   10     5.157
  2017   11     6.655
  2017   12    10.089
  2018   01    12.828
  2018   02    14.207
  2018   03    14.792
  2018   04    14.960
  2018   05    14.190
  2018   06    11.902
  2018   07     8.801
  2018   08     5.419
  2018   09     4.429
  2018   10     5.435
  2018   11     7.429
  2018   12    10.670
  2019   01    13.233
  2019   02    14.154
  2019   03    14.827
  2019   04    14.565
  2019   05    13.705
  2019   06    11.672
  2019   07     8.715
  2019   08     6.478
  2019   09     5.018
  2019   10     5.857
  2019   11     7.229
  2019   12    10.869
  2020   01    13.101
  2020   02    14.746
  2020   03    15.237
  2020   04    14.869
  2020   05    14.003
  2020   06    12.070
  2020   07     8.964
  2020   08     6.207
  2020   09     4.622
  2020   10     5.854
  2020   11     8.252
  2020   12    10.864
  2021   01    13.280
  2021   02    14.376
  2021   03    14.725
  2021   04    14.844
  2021   05    14.067
  2021   06    11.653
  2021   07     9.061
  2021   08     6.938
  2021   09     6.170
  2021   10     6.542
  2021   11     8.296
  2021   12    10.519
  2022   01    13.168
  2022   02    14.496
  2022   03    14.832
  2022   04    14.755
  2022   05    13.720
  2022   06    11.534
  2022   07     8.537
  2022   08     6.979
  2022   09     5.865
  2022   10     6.349
  2022   11     7.938
  2022   12    10.866
  2023   01    13.222
  2023   02    14.168
  2023   03    14.703
  2023   04    14.464
  2023   05    13.570
  2023   06    11.203
  2023   07     8.552
  2023   08     5.977
  2023   09     5.252
  2023   10     5.604
  2023   11     7.925
  2023   12    10.889
  2024   01    12.954
  2024   02    14.120
  2024   03    14.541
  2024   04    14.484
  2024   05    13.655
  2024   06    11.622
  2024   07     9.470
  2024   08     6.815
  2024   09     4.536
  2024   10     5.799
  2024   11     8.785
  2024   12    10.799
  2025   01    12.731
  2025   02    13.847
  2025   03    14.392
  2025   04    14.455
  2025   05    13.441
  2025   06    11.529
  2025   07     9.419
  2025   08     7.535
  2025   09     6.003
  2025   10     6.467
  2025   11     9.247
  2025   12    11.081
  2026   01    13.099
  2026   02    14.059
  2026   03    14.287
  2026   04    14.054
  2026   05    13.255
  2026   06    11.379
  2026   07     9.115
  2026   08     6.446
  2026   09     4.766
  2026   10     5.679
  2026   11     7.619
  2026   12    10.303
  2027   01    12.294
  2027   02    13.785
  2027   03    14.330
  2027   04    14.135
  2027   05    12.860
  2027   06    10.800
  2027   07     8.612
  2027   08     5.751
  2027   09     4.371
  2027   10     5.483
  2027   11     7.377
  2027   12    10.360
  2028   01    12.779
  2028   02    13.954
  2028   03    14.267
  2028   04    14.206
  2028   05    13.314
  2028   06    11.210
  2028   07     8.672
  2028   08     5.799
  2028   09     4.591
  2028   10     5.440
  2028   11     7.411
  2028   12    10.373
  2029   01    12.632
  2029   02    13.792
  2029   03    14.073
  2029   04    13.771
  2029   05    12.933
  2029   06    10.902
  2029   07     8.205
  2029   08     5.758
  2029   09     2.827
  2029   10     4.768
  2029   11     6.823
  2029   12     9.830
  2030   01    11.888
  2030   02    13.358
  2030   03    13.615
  2030   04    13.492
  2030   05    12.496
  2030   06    10.733
  2030   07     8.314
  2030   08     4.396
  2030   09     2.654
  2030   10     3.921
  2030   11     6.507
  2030   12     9.484
  2031   01    11.907
  2031   02    12.764
  2031   03    13.277
  2031   04    13.139
  2031   05    12.447
  2031   06    10.582
  2031   07     8.072
  2031   08     5.811
  2031   09     4.550
  2031   10     5.177
  2031   11     7.187
  2031   12    10.223
  2032   01    12.162
  2032   02    13.042
  2032   03    13.242
  2032   04    13.222
  2032   05    12.401
  2032   06    10.710
  2032   07     8.206
  2032   08     3.306
  2032   09     1.889
  2032   10     3.354
  2032   11     5.955
  2032   12     9.726
  2033   01    12.020
  2033   02    12.781
  2033   03    13.255
  2033   04    13.271
  2033   05    12.343
  2033   06    10.300
  2033   07     7.812
  2033   08     5.666
  2033   09     3.796
  2033   10     4.821
  2033   11     6.949
  2033   12     9.932
  2034   01    11.897
  2034   02    13.129
  2034   03    13.481
  2034   04    13.097
  2034   05    12.304
  2034   06    10.680
  2034   07     8.273
  2034   08     5.456
  2034   09     3.709
  2034   10     4.878
  2034   11     7.241
  2034   12    10.164
  2035   01    12.004
  2035   02    13.158
  2035   03    13.769
  2035   04    13.639
  2035   05    12.828
  2035   06    10.380
  2035   07     7.852
  2035   08     5.705
  2035   09     4.104
  2035   10     4.914
  2035   11     6.880
  2035   12     9.623
  2036   01    11.331
  2036   02    12.796
  2036   03    13.401
  2036   04    13.174
  2036   05    12.632
  2036   06    10.668
  2036   07     8.540
  2036   08     5.583
  2036   09     3.151
  2036   10     5.049
  2036   11     7.401
  2036   12     9.936
  2037   01    11.923
  2037   02    13.453
  2037   03    14.012
  2037   04    13.946
  2037   05    13.091
  2037   06    11.138
  2037   07     8.711
  2037   08     5.739
  2037   09     2.688
  2037   10     4.659
  2037   11     7.199
  2037   12     9.806
  2038   01    11.838
  2038   02    13.127
  2038   03    13.734
  2038   04    13.490
  2038   05    12.783
  2038   06    11.170
  2038   07     8.323
  2038   08     5.482
  2038   09     3.811
  2038   10     4.783
  2038   11     6.652
  2038   12     9.716
  2039   01    11.557
  2039   02    12.991
  2039   03    13.401
  2039   04    13.395
  2039   05    12.164
  2039   06    10.230
  2039   07     8.437
  2039   08     5.275
  2039   09     2.478
  2039   10     4.242
  2039   11     6.698
  2039   12     9.703
  2040   01    11.507
  2040   02    12.768
  2040   03    13.378
  2040   04    13.129
  2040   05    12.033
  2040   06    10.445
  2040   07     7.713
  2040   08     4.736
  2040   09     2.491
  2040   10     4.136
  2040   11     6.186
  2040   12     9.037
  2041   01    11.151
  2041   02    12.578
  2041   03    13.064
  2041   04    12.770
  2041   05    11.966
  2041   06    10.587
  2041   07     7.845
  2041   08     5.299
  2041   09     3.114
  2041   10     4.279
  2041   11     6.150
  2041   12     9.421
  2042   01    11.460
  2042   02    12.645
  2042   03    13.178
  2042   04    12.929
  2042   05    11.883
  2042   06    10.233
  2042   07     7.788
  2042   08     4.833
  2042   09     3.062
  2042   10     4.431
  2042   11     5.874
  2042   12     8.739
  2043   01    11.217
  2043   02    12.556
  2043   03    13.250
  2043   04    13.156
  2043   05    12.250
  2043   06    10.535
  2043   07     7.885
  2043   08     2.944
  2043   09     1.477
  2043   10     2.604
  2043   11     6.183
  2043   12     9.373
  2044   01    12.095
  2044   02    13.087
  2044   03    13.751
  2044   04    13.898
  2044   05    12.814
  2044   06    11.070
  2044   07     8.264
  2044   08     3.187
  2044   09     1.390
  2044   10     2.948
  2044   11     6.754
  2044   12     9.804
  2045   01    12.139
  2045   02    13.624
  2045   03    14.347
  2045   04    13.998
  2045   05    12.761
  2045   06    10.993
  2045   07     8.191
  2045   08     5.640
  2045   09     2.710
  2045   10     4.003
  2045   11     6.367
  2045   12     9.053
  2046   01    12.043
  2046   02    13.319
  2046   03    13.895
  2046   04    13.575
  2046   05    12.352
  2046   06    10.697
  2046   07     7.086
  2046   08     2.774
  2046   09     1.384
  2046   10     2.209
  2046   11     4.257
  2046   12     8.862
  2047   01    11.148
  2047   02    12.881
  2047   03    13.333
  2047   04    12.976
  2047   05    11.784
  2047   06     9.770
  2047   07     6.977
  2047   08     1.508
  2047   09     0.750
  2047   10     1.061
  2047   11     2.609
  2047   12     7.651
  2048   01    10.838
  2048   02    12.063
  2048   03    12.800
  2048   04    12.384
  2048   05    11.234
  2048   06     9.934
  2048   07     6.671
  2048   08     2.068
  2048   09     0.942
  2048   10     2.166
  2048   11     4.461
  2048   12     8.701
  2049   01    11.024
  2049   02    12.269
  2049   03    12.964
  2049   04    12.864
  2049   05    12.304
  2049   06    10.534
  2049   07     6.935
  2049   08     3.580
  2049   09     1.305
  2049   10     3.090
  2049   11     5.044
  2049   12     8.269
  2050   01    11.077
  2050   02    12.307
  2050   03    12.795
  2050   04    12.783
  2050   05    12.132
  2050   06     9.796
  2050   07     6.415
  2050   08     3.373
  2050   09     1.437
  2050   10     2.400
  2050   11     4.413
  2050   12     8.551
  2051   01    10.478
  2051   02    11.908
  2051   03    12.583
  2051   04    12.429
  2051   05    11.870
  2051   06    10.238
  2051   07     6.954
  2051   08     2.433
  2051   09     0.837
  2051   10     1.986
  2051   11     4.245
  2051   12     7.997
  2052   01    11.065
  2052   02    12.040
  2052   03    12.455
  2052   04    12.295
  2052   05    11.621
  2052   06     9.730
  2052   07     7.380
  2052   08     3.895
  2052   09     2.217
  2052   10     3.566
  2052   11     5.460
  2052   12     8.820
  2053   01    11.011
  2053   02    12.221
  2053   03    12.669
  2053   04    12.426
  2053   05    11.672
  2053   06     9.877
  2053   07     7.261
  2053   08     3.168
  2053   09     1.367
  2053   10     2.772
  2053   11     4.948
  2053   12     8.913
  2054   01    10.647
  2054   02    12.106
  2054   03    12.844
  2054   04    12.990
  2054   05    11.828
  2054   06    10.488
  2054   07     7.543
  2054   08     2.624
  2054   09     1.011
  2054   10     1.960
  2054   11     5.725
  2054   12     9.507
  2055   01    11.507
  2055   02    12.909
  2055   03    13.518
  2055   04    13.290
  2055   05    12.401
  2055   06    10.472
  2055   07     8.633
  2055   08     2.298
  2055   09     0.636
  2055   10     1.714
  2055   11     5.343
  2055   12     9.454
  2056   01    11.838
  2056   02    12.982
  2056   03    13.640
  2056   04    13.419
  2056   05    12.668
  2056   06    10.490
  2056   07     7.443
  2056   08     2.914
  2056   09     0.857
  2056   10     2.923
  2056   11     4.928
  2056   12     8.340
  2057   01    11.311
  2057   02    12.709
  2057   03    13.216
  2057   04    13.092
  2057   05    12.393
  2057   06     9.774
  2057   07     6.345
  2057   08     2.886
  2057   09     0.437
  2057   10     1.862
  2057   11     4.027
  2057   12     7.588
  2058   01    10.507
  2058   02    12.184
  2058   03    12.917
  2058   04    12.679
  2058   05    11.807
  2058   06     9.279
  2058   07     6.500
  2058   08     1.251
  2058   09     0.399
  2058   10     1.048
  2058   11     3.511
  2058   12     7.276
  2059   01     9.933
  2059   02    11.557
  2059   03    12.043
  2059   04    11.567
  2059   05    10.677
  2059   06     8.889
  2059   07     6.506
  2059   08     1.736
  2059   09     0.368
  2059   10     1.328
  2059   11     3.585
  2059   12     7.970
  2060   01    10.058
  2060   02    11.741
  2060   03    12.423
  2060   04    12.259
  2060   05    11.467
  2060   06     9.219
  2060   07     6.794
  2060   08     2.211
  2060   09     0.371
  2060   10     1.133
  2060   11     3.865
  2060   12     7.351
  2061   01    10.142
  2061   02    11.657
  2061   03    12.174
  2061   04    12.063
  2061   05    11.229
  2061   06     9.152
  2061   07     6.437
  2061   08     1.069
  2061   09     0.167
  2061   10     0.516
  2061   11     2.662
  2061   12     7.288
  2062   01     9.868
  2062   02    11.042
  2062   03    11.916
  2062   04    11.945
  2062   05    11.269
  2062   06     9.911
  2062   07     6.520
  2062   08     0.485
  2062   09     0.095
  2062   10     0.278
  2062   11     3.323
  2062   12     7.833
  2063   01    10.501
  2063   02    11.970
  2063   03    12.492
  2063   04    12.324
  2063   05    11.753
  2063   06     9.972
  2063   07     7.401
  2063   08     2.836
  2063   09     0.115
  2063   10     1.012
  2063   11     4.063
  2063   12     7.768
  2064   01    10.384
  2064   02    11.812
  2064   03    12.156
  2064   04    12.087
  2064   05    11.263
  2064   06     9.527
  2064   07     6.624
  2064   08     1.034
  2064   09     0.143
  2064   10     0.695
  2064   11     3.347
  2064   12     7.787
  2065   01    10.141
  2065   02    12.065
  2065   03    12.662
  2065   04    12.355
  2065   05    11.564
  2065   06     9.854
  2065   07     6.968
  2065   08     1.390
  2065   09     0.495
  2065   10     1.308
  2065   11     4.013
  2065   12     8.222
  2066   01    10.342
  2066   02    11.709
  2066   03    12.385
  2066   04    12.317
  2066   05    11.590
  2066   06     9.748
  2066   07     6.865
  2066   08     3.409
  2066   09     0.818
  2066   10     2.765
  2066   11     4.631
  2066   12     8.126
  2067   01    10.754
  2067   02    12.031
  2067   03    12.316
  2067   04    12.229
  2067   05    11.571
  2067   06     9.809
  2067   07     6.309
  2067   08     2.607
  2067   09     0.715
  2067   10     1.949
  2067   11     4.492
  2067   12     8.544
  2068   01    10.870
  2068   02    12.015
  2068   03    12.224
  2068   04    11.755
  2068   05    11.065
  2068   06     9.154
  2068   07     6.196
  2068   08     1.763
  2068   09     0.694
  2068   10     1.659
  2068   11     3.403
  2068   12     8.184
  2069   01    10.597
  2069   02    11.872
  2069   03    12.438
  2069   04    12.163
  2069   05    11.392
  2069   06     9.728
  2069   07     6.802
  2069   08     0.819
  2069   09     0.386
  2069   10     0.875
  2069   11     3.509
  2069   12     6.864
  2070   01    10.135
  2070   02    11.615
  2070   03    12.465
  2070   04    12.162
  2070   05    11.566
  2070   06     9.696
  2070   07     7.029
  2070   08     0.978
  2070   09     0.192
  2070   10     0.414
  2070   11     2.946
  2070   12     7.568
  2071   01     9.887
  2071   02    11.816
  2071   03    12.604
  2071   04    12.337
  2071   05    11.445
  2071   06     9.531
  2071   07     6.428
  2071   08     2.733
  2071   09     0.603
  2071   10     1.707
  2071   11     3.949
  2071   12     7.390
  2072   01    10.816
  2072   02    12.301
  2072   03    12.549
  2072   04    12.334
  2072   05    11.793
  2072   06    10.075
  2072   07     6.505
  2072   08     2.204
  2072   09     0.936
  2072   10     1.448
  2072   11     3.314
  2072   12     7.937
  2073   01    10.642
  2073   02    12.134
  2073   03    13.045
  2073   04    12.806
  2073   05    11.616
  2073   06     9.930
  2073   07     6.279
  2073   08     2.589
  2073   09     1.292
  2073   10     2.093
  2073   11     4.285
  2073   12     8.509
  2074   01    10.500
  2074   02    12.006
  2074   03    12.617
  2074   04    12.412
  2074   05    11.670
  2074   06    10.009
  2074   07     6.836
  2074   08     2.142
  2074   09     0.486
  2074   10     1.722
  2074   11     3.733
  2074   12     7.600
  2075   01    10.091
  2075   02    11.436
  2075   03    12.268
  2075   04    11.912
  2075   05    11.017
  2075   06     9.522
  2075   07     6.337
  2075   08     2.588
  2075   09     0.275
  2075   10     2.207
  2075   11     5.011
  2075   12     8.074
  2076   01    10.407
  2076   02    11.806
  2076   03    12.419
  2076   04    12.267
  2076   05    11.557
  2076   06     9.787
  2076   07     6.546
  2076   08     3.365
  2076   09     1.300
  2076   10     2.911
  2076   11     5.270
  2076   12     8.678
  2077   01    10.566
  2077   02    12.078
  2077   03    12.535
  2077   04    12.338
  2077   05    11.385
  2077   06     9.789
  2077   07     6.976
  2077   08     2.300
  2077   09     0.260
  2077   10     1.985
  2077   11     4.464
  2077   12     8.481
  2078   01    10.548
  2078   02    11.765
  2078   03    12.488
  2078   04    12.263
  2078   05    11.641
  2078   06     9.775
  2078   07     6.636
  2078   08     2.613
  2078   09     0.647
  2078   10     2.246
  2078   11     4.205
  2078   12     7.539
  2079   01     9.798
  2079   02    11.592
  2079   03    12.398
  2079   04    12.183
  2079   05    11.433
  2079   06     9.504
  2079   07     6.127
  2079   08     1.131
  2079   09     0.335
  2079   10     1.031
  2079   11     2.883
  2079   12     6.252
  2080   01     9.837
  2080   02    11.874
  2080   03    12.482
  2080   04    12.414
  2080   05    11.694
  2080   06     9.964
  2080   07     6.925
  2080   08     1.378
  2080   09     0.212
  2080   10     1.046
  2080   11     3.506
  2080   12     8.167
  2081   01    10.672
  2081   02    12.140
  2081   03    13.072
  2081   04    12.842
  2081   05    11.891
  2081   06     9.962
  2081   07     6.130
  2081   08     1.344
  2081   09     0.217
  2081   10     0.397
  2081   11     3.403
  2081   12     7.397
  2082   01    10.277
  2082   02    11.679
  2082   03    12.023
  2082   04    11.877
  2082   05    11.270
  2082   06     9.183
  2082   07     6.673
  2082   08     0.774
  2082   09     0.177
  2082   10     0.881
  2082   11     2.654
  2082   12     7.210
  2083   01    10.019
  2083   02    11.584
  2083   03    12.260
  2083   04    12.290
  2083   05    11.782
  2083   06     9.607
  2083   07     6.123
  2083   08     1.297
  2083   09     0.379
  2083   10     0.980
  2083   11     2.632
  2083   12     5.611
  2084   01     9.673
  2084   02    11.206
  2084   03    11.954
  2084   04    12.110
  2084   05    11.304
  2084   06     9.281
  2084   07     5.987
  2084   08     1.373
  2084   09     0.311
  2084   10     1.080
  2084   11     3.001
  2084   12     6.342
  2085   01     9.520
  2085   02    11.070
  2085   03    11.427
  2085   04    11.333
  2085   05    10.757
  2085   06     9.003
  2085   07     6.398
  2085   08     1.310
  2085   09     0.245
  2085   10     0.835
  2085   11     2.679
  2085   12     6.243
  2086   01     9.362
  2086   02    10.947
  2086   03    11.634
  2086   04    11.537
  2086   05    10.544
  2086   06     8.944
  2086   07     6.453
  2086   08     1.227
  2086   09     0.054
  2086   10     0.123
  2086   11     3.132
  2086   12     7.582
  2087   01    10.145
  2087   02    11.447
  2087   03    11.924
  2087   04    11.648
  2087   05    10.976
  2087   06     8.813
  2087   07     6.922
  2087   08     2.547
  2087   09     0.322
  2087   10     1.821
  2087   11     3.548
  2087   12     7.637
  2088   01    10.053
  2088   02    11.263
  2088   03    11.873
  2088   04    11.767
  2088   05    10.781
  2088   06     9.258
  2088   07     5.857
  2088   08     0.570
  2088   09     0.228
  2088   10     0.554
  2088   11     2.426
  2088   12     6.806
  2089   01     9.649
  2089   02    10.947
  2089   03    11.496
  2089   04    11.281
  2089   05    10.647
  2089   06     9.070
  2089   07     5.719
  2089   08     2.326
  2089   09     0.236
  2089   10     1.283
  2089   11     3.276
  2089   12     7.163
  2090   01     9.743
  2090   02    11.092
  2090   03    11.783
  2090   04    11.771
  2090   05    11.045
  2090   06     9.354
  2090   07     6.421
  2090   08     1.539
  2090   09     0.326
  2090   10     0.905
  2090   11     2.914
  2090   12     7.425
  2091   01     9.670
  2091   02    11.323
  2091   03    11.990
  2091   04    11.917
  2091   05    10.853
  2091   06     8.970
  2091   07     5.817
  2091   08     0.429
  2091   09     0.165
  2091   10     0.287
  2091   11     2.541
  2091   12     7.308
  2092   01     9.441
  2092   02    10.864
  2092   03    11.694
  2092   04    11.523
  2092   05    10.765
  2092   06     8.772
  2092   07     5.107
  2092   08     0.379
  2092   09     0.219
  2092   10     0.376
  2092   11     2.097
  2092   12     5.342
  2093   01     9.086
  2093   02    10.981
  2093   03    11.576
  2093   04    11.607
  2093   05    10.921
  2093   06     8.925
  2093   07     4.465
  2093   08     0.682
  2093   09     0.158
  2093   10     0.478
  2093   11     1.233
  2093   12     5.581
  2094   01     8.966
  2094   02    10.258
  2094   03    10.982
  2094   04    10.988
  2094   05    10.395
  2094   06     7.994
  2094   07     4.225
  2094   08     0.445
  2094   09     0.131
  2094   10     0.194
  2094   11     0.901
  2094   12     4.998
  2095   01     8.288
  2095   02    10.500
  2095   03    11.087
  2095   04    11.116
  2095   05    10.355
  2095   06     8.461
  2095   07     5.577
  2095   08     0.235
  2095   09     0.064
  2095   10     0.079
  2095   11     0.827
  2095   12     5.549
  2096   01     8.580
  2096   02    10.365
  2096   03    10.901
  2096   04    10.943
  2096   05    10.182
  2096   06     8.681
  2096   07     5.461
  2096   08     0.255
  2096   09     0.067
  2096   10     0.086
  2096   11     1.839
  2096   12     5.483
  2097   01     8.671
  2097   02    10.054
  2097   03    10.846
  2097   04    10.803
  2097   05    10.000
  2097   06     8.572
  2097   07     6.175
  2097   08     0.847
  2097   09     0.153
  2097   10     0.349
  2097   11     2.094
  2097   12     6.022
  2098   01     9.211
  2098   02    10.377
  2098   03    11.086
  2098   04    11.053
  2098   05    10.384
  2098   06     8.759
  2098   07     6.533
  2098   08     0.559
  2098   09     0.073
  2098   10     0.285
  2098   11     1.396
  2098   12     6.793
  2099   01     9.426
  2099   02    10.779
  2099   03    11.430
  2099   04    11.024
  2099   05    10.322
  2099   06     8.722
  2099   07     5.768
  2099   08     0.237
  2099   09     0.091
  2099   10     0.100
  2099   11     0.865
  2099   12     6.807
  2100   01     9.687
  2100   02    11.145
  2100   03    11.661
  2100   04    11.428
  2100   05    10.616
  2100   06     8.752
  2100   07     5.377
  2100   08     1.594
  2100   09     0.166
  2100   10     0.599
  2100   11     2.139
  2100   12     6.786
