  1850   01    13.117
  1850   02    14.119
  1850   03    14.164
  1850   04    14.103
  1850   05    12.918
  1850   06    11.113
  1850   07     6.531
  1850   08     0.773
  1850   09     0.471
  1850   10     1.780
  1850   11     5.455
  1850   12    10.360
  1851   01    13.615
  1851   02    14.555
  1851   03    14.650
  1851   04    14.405
  1851   05    13.397
  1851   06    11.587
  1851   07     8.172
  1851   08     1.653
  1851   09     0.768
  1851   10     3.361
  1851   11     8.186
  1851   12    11.845
  1852   01    13.351
  1852   02    14.235
  1852   03    14.511
  1852   04    14.328
  1852   05    13.355
  1852   06    11.756
  1852   07     8.031
  1852   08     0.169
  1852   09     0.123
  1852   10     0.786
  1852   11     6.088
  1852   12    11.161
  1853   01    13.998
  1853   02    15.230
  1853   03    15.234
  1853   04    14.903
  1853   05    14.023
  1853   06    11.872
  1853   07     8.285
  1853   08     2.464
  1853   09     0.990
  1853   10     3.615
  1853   11     7.692
  1853   12    11.585
  1854   01    13.822
  1854   02    14.454
  1854   03    14.929
  1854   04    14.487
  1854   05    13.674
  1854   06    11.541
  1854   07     8.044
  1854   08     1.892
  1854   09     0.903
  1854   10     2.988
  1854   11     8.263
  1854   12    11.669
  1855   01    13.875
  1855   02    14.677
  1855   03    14.764
  1855   04    14.574
  1855   05    13.749
  1855   06    11.843
  1855   07     8.445
  1855   08     3.698
  1855   09     2.489
  1855   10     4.718
  1855   11     8.294
  1855   12    11.761
  1856   01    13.672
  1856   02    14.202
  1856   03    14.210
  1856   04    14.122
  1856   05    13.022
  1856   06    11.102
  1856   07     7.814
  1856   08     2.194
  1856   09     1.009
  1856   10     3.616
  1856   11     7.844
  1856   12    10.991
  1857   01    13.255
  1857   02    14.130
  1857   03    14.512
  1857   04    14.088
  1857   05    13.097
  1857   06    11.116
  1857   07     8.387
  1857   08     0.837
  1857   09     0.454
  1857   10     2.118
  1857   11     8.047
  1857   12    11.120
  1858   01    13.275
  1858   02    14.330
  1858   03    14.498
  1858   04    14.088
  1858   05    13.054
  1858   06    11.507
  1858   07     8.162
  1858   08     2.026
  1858   09     1.177
  1858   10     3.272
  1858   11     8.329
  1858   12    11.186
  1859   01    13.229
  1859   02    13.917
  1859   03    14.055
  1859   04    13.758
  1859   05    12.735
  1859   06    11.219
  1859   07     6.641
  1859   08     1.061
  1859   09     0.494
  1859   10     1.609
  1859   11     5.902
  1859   12    10.371
  1860   01    13.095
  1860   02    13.731
  1860   03    13.904
  1860   04    13.885
  1860   05    12.802
  1860   06    11.214
  1860   07     7.735
  1860   08     0.570
  1860   09     0.262
  1860   10     1.731
  1860   11     6.468
  1860   12    10.628
  1861   01    13.241
  1861   02    14.016
  1861   03    14.342
  1861   04    14.014
  1861   05    13.137
  1861   06    11.441
  1861   07     7.799
  1861   08     2.114
  1861   09     0.802
  1861   10     3.132
  1861   11     7.458
  1861   12    10.996
  1862   01    13.262
  1862   02    13.873
  1862   03    14.054
  1862   04    13.824
  1862   05    12.816
  1862   06    11.110
  1862   07     6.629
  1862   08     0.921
  1862   09     0.465
  1862   10     2.335
  1862   11     6.638
  1862   12    10.422
  1863   01    13.310
  1863   02    13.954
  1863   03    14.337
  1863   04    13.967
  1863   05    12.839
  1863   06    11.021
  1863   07     6.731
  1863   08     1.855
  1863   09     0.676
  1863   10     2.674
  1863   11     6.288
  1863   12    10.138
  1864   01    12.830
  1864   02    13.801
  1864   03    14.045
  1864   04    13.782
  1864   05    12.869
  1864   06    10.909
  1864   07     6.893
  1864   08     0.398
  1864   09     0.242
  1864   10     0.809
  1864   11     5.694
  1864   12    10.559
  1865   01    12.783
  1865   02    13.650
  1865   03    14.288
  1865   04    14.237
  1865   05    13.111
  1865   06    10.715
  1865   07     6.884
  1865   08     0.865
  1865   09     0.173
  1865   10     1.892
  1865   11     6.468
  1865   12    10.207
  1866   01    12.955
  1866   02    13.823
  1866   03    14.244
  1866   04    14.033
  1866   05    12.673
  1866   06    11.148
  1866   07     6.428
  1866   08     1.790
  1866   09     1.079
  1866   10     2.403
  1866   11     6.031
  1866   12    10.167
  1867   01    12.753
  1867   02    13.976
  1867   03    14.331
  1867   04    14.054
  1867   05    13.048
  1867   06    11.251
  1867   07     7.579
  1867   08     2.213
  1867   09     0.886
  1867   10     2.986
  1867   11     6.946
  1867   12    10.756
  1868   01    13.238
  1868   02    13.895
  1868   03    14.236
  1868   04    14.017
  1868   05    12.858
  1868   06    11.322
  1868   07     7.794
  1868   08     1.418
  1868   09     0.894
  1868   10     2.858
  1868   11     7.204
  1868   12    11.604
  1869   01    13.303
  1869   02    14.080
  1869   03    14.254
  1869   04    14.057
  1869   05    13.228
  1869   06    11.183
  1869   07     7.886
  1869   08     1.513
  1869   09     0.882
  1869   10     2.459
  1869   11     6.695
  1869   12    10.410
  1870   01    13.138
  1870   02    14.257
  1870   03    14.675
  1870   04    14.199
  1870   05    13.143
  1870   06    11.283
  1870   07     7.361
  1870   08     1.675
  1870   09     0.755
  1870   10     3.267
  1870   11     7.847
  1870   12    11.093
  1871   01    13.348
  1871   02    14.138
  1871   03    14.505
  1871   04    14.319
  1871   05    13.404
  1871   06    11.602
  1871   07     8.640
  1871   08     2.741
  1871   09     0.134
  1871   10     4.177
  1871   11     8.765
  1871   12    11.509
  1872   01    13.879
  1872   02    14.615
  1872   03    14.994
  1872   04    14.647
  1872   05    13.254
  1872   06    11.867
  1872   07     8.856
  1872   08     0.727
  1872   09     0.160
  1872   10     2.042
  1872   11     8.850
  1872   12    11.377
  1873   01    13.547
  1873   02    14.336
  1873   03    14.622
  1873   04    14.290
  1873   05    13.164
  1873   06    11.361
  1873   07     7.938
  1873   08     0.693
  1873   09     0.383
  1873   10     2.171
  1873   11     7.422
  1873   12    11.221
  1874   01    13.709
  1874   02    14.389
  1874   03    14.618
  1874   04    14.191
  1874   05    13.131
  1874   06    11.236
  1874   07     7.776
  1874   08     1.892
  1874   09     0.804
  1874   10     3.515
  1874   11     7.715
  1874   12    10.694
  1875   01    12.835
  1875   02    13.892
  1875   03    14.261
  1875   04    14.016
  1875   05    12.944
  1875   06    11.102
  1875   07     7.288
  1875   08     0.206
  1875   09     0.145
  1875   10     1.258
  1875   11     7.335
  1875   12    10.541
  1876   01    13.124
  1876   02    14.119
  1876   03    14.343
  1876   04    13.979
  1876   05    13.051
  1876   06    11.451
  1876   07     6.906
  1876   08     2.534
  1876   09     1.566
  1876   10     3.160
  1876   11     6.841
  1876   12    11.513
  1877   01    13.275
  1877   02    14.222
  1877   03    14.563
  1877   04    14.048
  1877   05    13.037
  1877   06    11.329
  1877   07     6.398
  1877   08     1.246
  1877   09     0.706
  1877   10     2.260
  1877   11     6.219
  1877   12    10.594
  1878   01    13.446
  1878   02    14.340
  1878   03    14.280
  1878   04    14.009
  1878   05    13.149
  1878   06    11.363
  1878   07     7.603
  1878   08     2.118
  1878   09     1.169
  1878   10     3.784
  1878   11     7.110
  1878   12    10.709
  1879   01    13.544
  1879   02    14.302
  1879   03    14.757
  1879   04    14.551
  1879   05    13.318
  1879   06    11.372
  1879   07     8.081
  1879   08     1.601
  1879   09     0.355
  1879   10     2.573
  1879   11     7.533
  1879   12    10.671
  1880   01    13.401
  1880   02    14.347
  1880   03    14.691
  1880   04    14.259
  1880   05    13.371
  1880   06    11.346
  1880   07     7.399
  1880   08     2.360
  1880   09     1.285
  1880   10     3.799
  1880   11     7.901
  1880   12    11.392
  1881   01    13.362
  1881   02    14.283
  1881   03    14.524
  1881   04    14.338
  1881   05    13.401
  1881   06    11.568
  1881   07     8.189
  1881   08     1.424
  1881   09     0.535
  1881   10     3.289
  1881   11     7.684
  1881   12    11.355
  1882   01    13.588
  1882   02    14.474
  1882   03    14.748
  1882   04    14.292
  1882   05    13.315
  1882   06    11.524
  1882   07     7.889
  1882   08     1.840
  1882   09     0.424
  1882   10     3.134
  1882   11     7.144
  1882   12    10.472
  1883   01    13.597
  1883   02    14.444
  1883   03    14.706
  1883   04    14.119
  1883   05    13.119
  1883   06    11.358
  1883   07     7.272
  1883   08     1.313
  1883   09     0.767
  1883   10     2.712
  1883   11     6.763
  1883   12    10.279
  1884   01    13.415
  1884   02    14.290
  1884   03    14.728
  1884   04    14.285
  1884   05    13.304
  1884   06    11.789
  1884   07     9.004
  1884   08     4.769
  1884   09     3.019
  1884   10     5.827
  1884   11     9.026
  1884   12    11.717
  1885   01    13.731
  1885   02    14.478
  1885   03    14.588
  1885   04    14.296
  1885   05    13.345
  1885   06    11.891
  1885   07     7.781
  1885   08     2.991
  1885   09     1.903
  1885   10     4.074
  1885   11     8.177
  1885   12    11.467
  1886   01    13.767
  1886   02    14.353
  1886   03    14.478
  1886   04    13.942
  1886   05    13.079
  1886   06    11.584
  1886   07     7.225
  1886   08     1.454
  1886   09     0.775
  1886   10     3.008
  1886   11     7.068
  1886   12    11.521
  1887   01    13.429
  1887   02    14.101
  1887   03    14.206
  1887   04    13.878
  1887   05    12.955
  1887   06    11.211
  1887   07     6.153
  1887   08     0.378
  1887   09     0.306
  1887   10     1.046
  1887   11     6.076
  1887   12    11.050
  1888   01    13.499
  1888   02    14.511
  1888   03    14.739
  1888   04    14.386
  1888   05    12.926
  1888   06    10.835
  1888   07     6.360
  1888   08     0.380
  1888   09     0.272
  1888   10     1.264
  1888   11     5.149
  1888   12     9.997
  1889   01    13.310
  1889   02    14.372
  1889   03    14.774
  1889   04    14.394
  1889   05    13.251
  1889   06    11.288
  1889   07     7.363
  1889   08     0.977
  1889   09     0.470
  1889   10     1.801
  1889   11     6.884
  1889   12    11.132
  1890   01    13.339
  1890   02    14.343
  1890   03    14.297
  1890   04    14.267
  1890   05    13.194
  1890   06    11.327
  1890   07     7.820
  1890   08     1.541
  1890   09     0.842
  1890   10     2.835
  1890   11     7.623
  1890   12    11.175
  1891   01    13.284
  1891   02    14.162
  1891   03    14.531
  1891   04    14.108
  1891   05    13.030
  1891   06    10.834
  1891   07     6.996
  1891   08     0.433
  1891   09     0.187
  1891   10     1.669
  1891   11     7.104
  1891   12    11.425
  1892   01    13.477
  1892   02    14.408
  1892   03    14.738
  1892   04    14.432
  1892   05    13.464
  1892   06    11.010
  1892   07     7.202
  1892   08     1.270
  1892   09     0.375
  1892   10     2.015
  1892   11     6.663
  1892   12    10.451
  1893   01    13.322
  1893   02    14.177
  1893   03    14.430
  1893   04    14.202
  1893   05    13.273
  1893   06    11.205
  1893   07     7.169
  1893   08     0.647
  1893   09     0.211
  1893   10     1.861
  1893   11     6.216
  1893   12    10.563
  1894   01    13.278
  1894   02    14.351
  1894   03    14.383
  1894   04    14.092
  1894   05    12.998
  1894   06    11.112
  1894   07     7.387
  1894   08     0.616
  1894   09     0.184
  1894   10     2.662
  1894   11     7.162
  1894   12    10.648
  1895   01    13.481
  1895   02    14.074
  1895   03    14.212
  1895   04    14.064
  1895   05    13.044
  1895   06    11.030
  1895   07     6.445
  1895   08     0.453
  1895   09     0.232
  1895   10     0.983
  1895   11     5.453
  1895   12     9.793
  1896   01    13.384
  1896   02    14.259
  1896   03    14.208
  1896   04    13.929
  1896   05    13.201
  1896   06    11.439
  1896   07     6.589
  1896   08     1.172
  1896   09     0.492
  1896   10     2.750
  1896   11     6.989
  1896   12    10.673
  1897   01    13.498
  1897   02    14.159
  1897   03    14.151
  1897   04    13.756
  1897   05    13.101
  1897   06    11.836
  1897   07     8.209
  1897   08     3.739
  1897   09     2.236
  1897   10     4.526
  1897   11     8.284
  1897   12    11.240
  1898   01    13.132
  1898   02    14.227
  1898   03    14.324
  1898   04    14.085
  1898   05    12.961
  1898   06    10.688
  1898   07     7.322
  1898   08     1.376
  1898   09     0.276
  1898   10     2.693
  1898   11     7.183
  1898   12    10.996
  1899   01    13.653
  1899   02    14.406
  1899   03    14.613
  1899   04    14.192
  1899   05    13.105
  1899   06    10.721
  1899   07     8.177
  1899   08     3.347
  1899   09     0.819
  1899   10     4.029
  1899   11     7.686
  1899   12    10.746
  1900   01    13.087
  1900   02    14.218
  1900   03    14.601
  1900   04    14.171
  1900   05    13.249
  1900   06    11.579
  1900   07     7.391
  1900   08     0.708
  1900   09     0.412
  1900   10     2.358
  1900   11     7.555
  1900   12    10.283
  1901   01    12.936
  1901   02    13.972
  1901   03    14.183
  1901   04    13.930
  1901   05    13.000
  1901   06    10.868
  1901   07     7.477
  1901   08     1.216
  1901   09     0.692
  1901   10     2.688
  1901   11     8.257
  1901   12    11.425
  1902   01    13.376
  1902   02    14.150
  1902   03    14.138
  1902   04    13.965
  1902   05    13.014
  1902   06    10.983
  1902   07     7.575
  1902   08     2.321
  1902   09     0.888
  1902   10     3.509
  1902   11     7.464
  1902   12    11.156
  1903   01    13.234
  1903   02    13.945
  1903   03    14.117
  1903   04    13.574
  1903   05    12.667
  1903   06    10.861
  1903   07     7.520
  1903   08     2.001
  1903   09     0.791
  1903   10     4.080
  1903   11     7.999
  1903   12    10.918
  1904   01    13.404
  1904   02    14.102
  1904   03    14.246
  1904   04    13.817
  1904   05    12.506
  1904   06    11.110
  1904   07     7.108
  1904   08     0.709
  1904   09     0.413
  1904   10     1.682
  1904   11     5.848
  1904   12    10.776
  1905   01    13.082
  1905   02    14.031
  1905   03    14.248
  1905   04    13.914
  1905   05    13.032
  1905   06    11.141
  1905   07     7.180
  1905   08     0.376
  1905   09     0.268
  1905   10     1.718
  1905   11     7.019
  1905   12    10.714
  1906   01    13.006
  1906   02    13.871
  1906   03    14.064
  1906   04    13.620
  1906   05    12.767
  1906   06    11.502
  1906   07     7.097
  1906   08     0.838
  1906   09     0.556
  1906   10     1.809
  1906   11     7.089
  1906   12    11.083
  1907   01    13.202
  1907   02    13.642
  1907   03    13.853
  1907   04    13.738
  1907   05    13.225
  1907   06    11.320
  1907   07     8.659
  1907   08     4.448
  1907   09     2.789
  1907   10     5.005
  1907   11     8.820
  1907   12    11.560
  1908   01    13.351
  1908   02    13.966
  1908   03    14.325
  1908   04    13.824
  1908   05    12.801
  1908   06    11.422
  1908   07     7.948
  1908   08     2.120
  1908   09     1.016
  1908   10     3.172
  1908   11     7.674
  1908   12    10.982
  1909   01    13.347
  1909   02    13.971
  1909   03    13.924
  1909   04    13.486
  1909   05    12.547
  1909   06    11.297
  1909   07     8.060
  1909   08     3.211
  1909   09     1.862
  1909   10     4.280
  1909   11     7.490
  1909   12    10.527
  1910   01    13.083
  1910   02    13.813
  1910   03    14.240
  1910   04    13.844
  1910   05    12.950
  1910   06    11.543
  1910   07     7.391
  1910   08     1.658
  1910   09     0.895
  1910   10     2.671
  1910   11     7.120
  1910   12    11.237
  1911   01    13.706
  1911   02    14.349
  1911   03    14.726
  1911   04    14.399
  1911   05    13.496
  1911   06    11.614
  1911   07     7.126
  1911   08     0.172
  1911   09     0.141
  1911   10     0.881
  1911   11     6.099
  1911   12    10.670
  1912   01    13.258
  1912   02    14.140
  1912   03    14.527
  1912   04    14.163
  1912   05    13.238
  1912   06    11.436
  1912   07     6.310
  1912   08     0.229
  1912   09     0.220
  1912   10     1.288
  1912   11     6.456
  1912   12    10.850
  1913   01    13.534
  1913   02    14.439
  1913   03    14.741
  1913   04    14.216
  1913   05    13.099
  1913   06    11.557
  1913   07     7.586
  1913   08     0.472
  1913   09     0.223
  1913   10     1.808
  1913   11     6.527
  1913   12    10.507
  1914   01    13.439
  1914   02    14.443
  1914   03    14.657
  1914   04    14.385
  1914   05    13.270
  1914   06    11.098
  1914   07     7.397
  1914   08     0.934
  1914   09     0.278
  1914   10     2.310
  1914   11     6.602
  1914   12    11.193
  1915   01    13.292
  1915   02    13.953
  1915   03    14.235
  1915   04    13.828
  1915   05    13.212
  1915   06    11.282
  1915   07     8.005
  1915   08     2.418
  1915   09     1.188
  1915   10     3.302
  1915   11     7.465
  1915   12    10.500
  1916   01    13.189
  1916   02    13.863
  1916   03    14.269
  1916   04    14.094
  1916   05    13.178
  1916   06    10.873
  1916   07     7.723
  1916   08     2.806
  1916   09     0.678
  1916   10     3.975
  1916   11     8.149
  1916   12    10.859
  1917   01    13.156
  1917   02    13.973
  1917   03    14.269
  1917   04    14.092
  1917   05    12.973
  1917   06    11.107
  1917   07     7.555
  1917   08     2.607
  1917   09     0.692
  1917   10     4.080
  1917   11     7.669
  1917   12    10.411
  1918   01    13.099
  1918   02    14.189
  1918   03    14.447
  1918   04    13.909
  1918   05    12.849
  1918   06    10.875
  1918   07     6.010
  1918   08     0.556
  1918   09     0.531
  1918   10     2.001
  1918   11     6.017
  1918   12    10.353
  1919   01    12.717
  1919   02    13.842
  1919   03    14.511
  1919   04    14.202
  1919   05    13.112
  1919   06    10.740
  1919   07     7.819
  1919   08     1.156
  1919   09     0.612
  1919   10     2.105
  1919   11     6.884
  1919   12    10.470
  1920   01    12.905
  1920   02    13.688
  1920   03    13.978
  1920   04    13.880
  1920   05    13.083
  1920   06    10.806
  1920   07     7.809
  1920   08     1.705
  1920   09     0.201
  1920   10     2.476
  1920   11     7.125
  1920   12    10.285
  1921   01    12.680
  1921   02    13.647
  1921   03    13.975
  1921   04    13.652
  1921   05    12.928
  1921   06    10.853
  1921   07     7.182
  1921   08     1.373
  1921   09     0.120
  1921   10     2.339
  1921   11     6.275
  1921   12    10.033
  1922   01    12.853
  1922   02    13.881
  1922   03    14.133
  1922   04    13.702
  1922   05    12.340
  1922   06    10.890
  1922   07     7.231
  1922   08     0.846
  1922   09     0.476
  1922   10     2.402
  1922   11     6.923
  1922   12    10.442
  1923   01    13.055
  1923   02    13.913
  1923   03    14.275
  1923   04    13.795
  1923   05    12.883
  1923   06    10.867
  1923   07     7.633
  1923   08     1.770
  1923   09     0.268
  1923   10     2.523
  1923   11     6.946
  1923   12    10.710
  1924   01    12.696
  1924   02    13.568
  1924   03    14.106
  1924   04    13.838
  1924   05    12.833
  1924   06    11.150
  1924   07     7.288
  1924   08     2.068
  1924   09     0.894
  1924   10     2.849
  1924   11     7.097
  1924   12    10.279
  1925   01    12.843
  1925   02    13.970
  1925   03    14.189
  1925   04    13.909
  1925   05    13.169
  1925   06    11.126
  1925   07     7.708
  1925   08     2.333
  1925   09     1.683
  1925   10     3.379
  1925   11     7.917
  1925   12    10.744
  1926   01    13.008
  1926   02    13.791
  1926   03    14.276
  1926   04    13.837
  1926   05    12.703
  1926   06    11.431
  1926   07     7.535
  1926   08     1.055
  1926   09     0.312
  1926   10     2.214
  1926   11     7.305
  1926   12    10.421
  1927   01    12.814
  1927   02    13.831
  1927   03    14.257
  1927   04    14.105
  1927   05    13.160
  1927   06    11.158
  1927   07     7.071
  1927   08     1.024
  1927   09     0.474
  1927   10     2.389
  1927   11     7.045
  1927   12    10.745
  1928   01    13.420
  1928   02    14.310
  1928   03    14.384
  1928   04    14.099
  1928   05    12.969
  1928   06    11.109
  1928   07     6.669
  1928   08     0.580
  1928   09     0.214
  1928   10     1.798
  1928   11     5.409
  1928   12     9.975
  1929   01    13.032
  1929   02    14.207
  1929   03    14.489
  1929   04    14.142
  1929   05    13.252
  1929   06    10.707
  1929   07     7.987
  1929   08     0.805
  1929   09     0.102
  1929   10     1.699
  1929   11     6.439
  1929   12    10.424
  1930   01    13.124
  1930   02    14.061
  1930   03    14.484
  1930   04    14.183
  1930   05    13.355
  1930   06    11.220
  1930   07     8.023
  1930   08     1.933
  1930   09     0.405
  1930   10     3.073
  1930   11     7.657
  1930   12    11.224
  1931   01    13.448
  1931   02    14.288
  1931   03    14.447
  1931   04    13.985
  1931   05    12.894
  1931   06    11.286
  1931   07     7.692
  1931   08     1.510
  1931   09     0.456
  1931   10     2.172
  1931   11     6.853
  1931   12    11.064
  1932   01    13.438
  1932   02    14.300
  1932   03    14.444
  1932   04    13.976
  1932   05    13.021
  1932   06    10.956
  1932   07     7.333
  1932   08     2.359
  1932   09     0.578
  1932   10     3.429
  1932   11     7.429
  1932   12    10.892
  1933   01    13.587
  1933   02    14.303
  1933   03    14.413
  1933   04    14.209
  1933   05    13.208
  1933   06    11.020
  1933   07     7.405
  1933   08     1.736
  1933   09     0.834
  1933   10     2.611
  1933   11     6.894
  1933   12    11.217
  1934   01    13.501
  1934   02    13.985
  1934   03    14.233
  1934   04    13.992
  1934   05    13.119
  1934   06    10.670
  1934   07     7.340
  1934   08     0.852
  1934   09     0.309
  1934   10     1.686
  1934   11     6.875
  1934   12    10.391
  1935   01    13.411
  1935   02    14.356
  1935   03    14.570
  1935   04    13.916
  1935   05    12.909
  1935   06    11.098
  1935   07     6.074
  1935   08     0.429
  1935   09     0.257
  1935   10     1.583
  1935   11     5.431
  1935   12     9.924
  1936   01    13.117
  1936   02    13.876
  1936   03    14.190
  1936   04    13.908
  1936   05    12.791
  1936   06    11.123
  1936   07     6.499
  1936   08     0.324
  1936   09     0.301
  1936   10     1.240
  1936   11     5.671
  1936   12    10.568
  1937   01    13.260
  1937   02    13.950
  1937   03    14.278
  1937   04    13.794
  1937   05    12.879
  1937   06    11.072
  1937   07     7.585
  1937   08     0.459
  1937   09     0.305
  1937   10     1.542
  1937   11     7.390
  1937   12    11.249
  1938   01    13.526
  1938   02    14.337
  1938   03    14.585
  1938   04    14.233
  1938   05    13.130
  1938   06    11.197
  1938   07     6.652
  1938   08     1.594
  1938   09     0.343
  1938   10     2.043
  1938   11     6.423
  1938   12    10.245
  1939   01    13.254
  1939   02    14.081
  1939   03    14.418
  1939   04    14.159
  1939   05    13.243
  1939   06    10.374
  1939   07     6.227
  1939   08     0.103
  1939   09     0.112
  1939   10     0.568
  1939   11     5.060
  1939   12     9.448
  1940   01    13.182
  1940   02    13.973
  1940   03    14.176
  1940   04    14.005
  1940   05    13.113
  1940   06    11.162
  1940   07     7.668
  1940   08     0.029
  1940   09     0.002
  1940   10     0.525
  1940   11     6.141
  1940   12    10.542
  1941   01    12.954
  1941   02    13.885
  1941   03    14.160
  1941   04    13.906
  1941   05    12.941
  1941   06    11.140
  1941   07     6.387
  1941   08     0.147
  1941   09     0.112
  1941   10     1.011
  1941   11     5.519
  1941   12    10.247
  1942   01    13.079
  1942   02    13.914
  1942   03    14.311
  1942   04    14.135
  1942   05    13.249
  1942   06    11.019
  1942   07     5.377
  1942   08     0.198
  1942   09     0.095
  1942   10     1.042
  1942   11     5.096
  1942   12     9.686
  1943   01    12.908
  1943   02    13.768
  1943   03    14.085
  1943   04    13.653
  1943   05    12.597
  1943   06    10.693
  1943   07     6.322
  1943   08     0.640
  1943   09     0.172
  1943   10     1.813
  1943   11     5.663
  1943   12     9.586
  1944   01    13.011
  1944   02    14.011
  1944   03    14.286
  1944   04    14.007
  1944   05    13.047
  1944   06    11.197
  1944   07     7.499
  1944   08     2.377
  1944   09     0.922
  1944   10     3.623
  1944   11     7.297
  1944   12    10.221
  1945   01    13.085
  1945   02    14.219
  1945   03    14.416
  1945   04    14.003
  1945   05    12.902
  1945   06    10.929
  1945   07     7.015
  1945   08     0.362
  1945   09     0.155
  1945   10     1.081
  1945   11     5.815
  1945   12     9.901
  1946   01    12.568
  1946   02    13.760
  1946   03    13.847
  1946   04    13.504
  1946   05    12.243
  1946   06    10.568
  1946   07     5.119
  1946   08     0.320
  1946   09     0.246
  1946   10     0.947
  1946   11     4.517
  1946   12     9.586
  1947   01    12.301
  1947   02    13.096
  1947   03    13.672
  1947   04    13.425
  1947   05    12.401
  1947   06    10.537
  1947   07     5.800
  1947   08     0.344
  1947   09     0.228
  1947   10     1.040
  1947   11     4.665
  1947   12     9.137
  1948   01    12.423
  1948   02    13.329
  1948   03    13.681
  1948   04    13.243
  1948   05    12.189
  1948   06    10.342
  1948   07     6.352
  1948   08     0.328
  1948   09     0.196
  1948   10     1.172
  1948   11     6.069
  1948   12     9.814
  1949   01    12.319
  1949   02    13.349
  1949   03    13.644
  1949   04    13.650
  1949   05    12.558
  1949   06    10.534
  1949   07     5.996
  1949   08     0.339
  1949   09     0.190
  1949   10     0.790
  1949   11     3.727
  1949   12     9.075
  1950   01    12.401
  1950   02    13.202
  1950   03    13.579
  1950   04    13.412
  1950   05    12.383
  1950   06    10.482
  1950   07     5.999
  1950   08     0.134
  1950   09     0.080
  1950   10     0.563
  1950   11     4.484
  1950   12     9.177
  1951   01    11.966
  1951   02    13.313
  1951   03    13.827
  1951   04    13.744
  1951   05    12.559
  1951   06    10.602
  1951   07     7.232
  1951   08     0.100
  1951   09     0.001
  1951   10     0.524
  1951   11     6.636
  1951   12     9.906
  1952   01    12.696
  1952   02    13.625
  1952   03    13.803
  1952   04    13.722
  1952   05    13.009
  1952   06    11.170
  1952   07     5.751
  1952   08     0.212
  1952   09     0.188
  1952   10     1.010
  1952   11     5.238
  1952   12     9.622
  1953   01    13.104
  1953   02    13.901
  1953   03    13.962
  1953   04    13.556
  1953   05    12.901
  1953   06    11.149
  1953   07     6.314
  1953   08     0.235
  1953   09     0.113
  1953   10     1.218
  1953   11     5.398
  1953   12     9.529
  1954   01    12.758
  1954   02    13.661
  1954   03    13.974
  1954   04    13.752
  1954   05    12.709
  1954   06    10.857
  1954   07     6.330
  1954   08     0.354
  1954   09     0.163
  1954   10     1.024
  1954   11     3.923
  1954   12     9.245
  1955   01    12.428
  1955   02    13.620
  1955   03    13.789
  1955   04    13.490
  1955   05    12.477
  1955   06    10.265
  1955   07     4.672
  1955   08     0.127
  1955   09     0.079
  1955   10     0.433
  1955   11     3.344
  1955   12     8.528
  1956   01    12.074
  1956   02    13.409
  1956   03    13.725
  1956   04    13.653
  1956   05    12.896
  1956   06    11.030
  1956   07     6.996
  1956   08     0.008
  1956   09     0.001
  1956   10     0.248
  1956   11     5.208
  1956   12    10.253
  1957   01    13.147
  1957   02    13.705
  1957   03    13.945
  1957   04    13.826
  1957   05    12.691
  1957   06    11.421
  1957   07     6.264
  1957   08     0.313
  1957   09     0.161
  1957   10     1.633
  1957   11     5.879
  1957   12     9.701
  1958   01    12.732
  1958   02    13.831
  1958   03    13.971
  1958   04    13.701
  1958   05    12.933
  1958   06    11.410
  1958   07     6.974
  1958   08     0.818
  1958   09     0.426
  1958   10     1.438
  1958   11     5.709
  1958   12     9.778
  1959   01    13.058
  1959   02    13.725
  1959   03    13.910
  1959   04    13.476
  1959   05    12.326
  1959   06    10.702
  1959   07     5.838
  1959   08     0.854
  1959   09     0.308
  1959   10     1.560
  1959   11     4.229
  1959   12     9.024
  1960   01    12.688
  1960   02    13.581
  1960   03    14.040
  1960   04    13.813
  1960   05    13.022
  1960   06    11.223
  1960   07     6.671
  1960   08     0.167
  1960   09     0.102
  1960   10     0.622
  1960   11     4.595
  1960   12     9.517
  1961   01    12.621
  1961   02    13.988
  1961   03    14.293
  1961   04    13.896
  1961   05    12.512
  1961   06     9.928
  1961   07     6.694
  1961   08     0.138
  1961   09     0.008
  1961   10     0.730
  1961   11     5.754
  1961   12     9.770
  1962   01    13.145
  1962   02    14.161
  1962   03    14.283
  1962   04    14.010
  1962   05    13.275
  1962   06    11.057
  1962   07     7.515
  1962   08     0.706
  1962   09     0.093
  1962   10     2.117
  1962   11     7.187
  1962   12    10.728
  1963   01    13.177
  1963   02    14.098
  1963   03    14.343
  1963   04    14.083
  1963   05    13.234
  1963   06    11.293
  1963   07     6.448
  1963   08     0.180
  1963   09     0.093
  1963   10     0.533
  1963   11     4.952
  1963   12     9.902
  1964   01    13.073
  1964   02    13.950
  1964   03    14.218
  1964   04    13.992
  1964   05    12.871
  1964   06    11.055
  1964   07     6.498
  1964   08     0.605
  1964   09     0.246
  1964   10     1.829
  1964   11     5.947
  1964   12    10.409
  1965   01    13.239
  1965   02    14.247
  1965   03    14.427
  1965   04    14.221
  1965   05    12.917
  1965   06    10.899
  1965   07     7.054
  1965   08     0.234
  1965   09     0.147
  1965   10     0.781
  1965   11     5.631
  1965   12    10.333
  1966   01    13.352
  1966   02    14.024
  1966   03    14.464
  1966   04    14.152
  1966   05    12.958
  1966   06    11.053
  1966   07     7.410
  1966   08     0.527
  1966   09     0.290
  1966   10     1.432
  1966   11     6.365
  1966   12     9.976
  1967   01    13.120
  1967   02    13.864
  1967   03    14.222
  1967   04    13.804
  1967   05    12.713
  1967   06    10.820
  1967   07     7.313
  1967   08     0.493
  1967   09     0.295
  1967   10     1.159
  1967   11     5.699
  1967   12    10.245
  1968   01    12.701
  1968   02    13.697
  1968   03    14.268
  1968   04    14.210
  1968   05    13.130
  1968   06    11.287
  1968   07     6.890
  1968   08     0.211
  1968   09     0.089
  1968   10     0.639
  1968   11     5.574
  1968   12    10.268
  1969   01    13.102
  1969   02    13.952
  1969   03    14.253
  1969   04    13.772
  1969   05    12.866
  1969   06    10.995
  1969   07     6.765
  1969   08     0.076
  1969   09     0.067
  1969   10     0.667
  1969   11     5.704
  1969   12     9.975
  1970   01    12.827
  1970   02    13.959
  1970   03    14.183
  1970   04    13.926
  1970   05    12.850
  1970   06    10.937
  1970   07     6.519
  1970   08     0.608
  1970   09     0.226
  1970   10     1.310
  1970   11     6.070
  1970   12     9.395
  1971   01    12.551
  1971   02    13.616
  1971   03    14.200
  1971   04    13.898
  1971   05    12.803
  1971   06    10.963
  1971   07     6.548
  1971   08     0.254
  1971   09     0.183
  1971   10     0.958
  1971   11     5.207
  1971   12     9.328
  1972   01    12.688
  1972   02    14.108
  1972   03    14.441
  1972   04    14.140
  1972   05    13.002
  1972   06    10.444
  1972   07     6.064
  1972   08     0.159
  1972   09     0.135
  1972   10     0.592
  1972   11     3.836
  1972   12     9.746
  1973   01    12.815
  1973   02    14.020
  1973   03    14.471
  1973   04    14.308
  1973   05    13.040
  1973   06    11.396
  1973   07     7.046
  1973   08     0.663
  1973   09     0.243
  1973   10     1.160
  1973   11     5.697
  1973   12    10.024
  1974   01    13.017
  1974   02    13.916
  1974   03    14.347
  1974   04    14.255
  1974   05    13.315
  1974   06    11.825
  1974   07     7.024
  1974   08     0.409
  1974   09     0.219
  1974   10     1.109
  1974   11     5.655
  1974   12    10.126
  1975   01    13.010
  1975   02    14.313
  1975   03    14.455
  1975   04    13.904
  1975   05    12.989
  1975   06    11.174
  1975   07     6.354
  1975   08     0.869
  1975   09     0.387
  1975   10     1.825
  1975   11     6.008
  1975   12    10.082
  1976   01    12.683
  1976   02    13.736
  1976   03    14.088
  1976   04    13.712
  1976   05    12.884
  1976   06    10.966
  1976   07     7.660
  1976   08     0.134
  1976   09     0.098
  1976   10     0.875
  1976   11     6.983
  1976   12    10.760
  1977   01    13.412
  1977   02    14.381
  1977   03    14.778
  1977   04    14.355
  1977   05    13.080
  1977   06    10.399
  1977   07     6.860
  1977   08     0.135
  1977   09     0.074
  1977   10     0.385
  1977   11     5.130
  1977   12     9.247
  1978   01    12.754
  1978   02    14.147
  1978   03    14.180
  1978   04    13.835
  1978   05    12.668
  1978   06    10.576
  1978   07     6.394
  1978   08     0.541
  1978   09     0.237
  1978   10     1.133
  1978   11     6.003
  1978   12    10.508
  1979   01    12.853
  1979   02    14.097
  1979   03    14.283
  1979   04    13.905
  1979   05    13.128
  1979   06    11.179
  1979   07     7.431
  1979   08     0.169
  1979   09     0.029
  1979   10     0.750
  1979   11     6.434
  1979   12    10.182
  1980   01    13.060
  1980   02    13.794
  1980   03    14.190
  1980   04    14.050
  1980   05    13.118
  1980   06    11.531
  1980   07     6.608
  1980   08     0.223
  1980   09     0.139
  1980   10     1.400
  1980   11     6.127
  1980   12    10.194
  1981   01    13.188
  1981   02    14.080
  1981   03    14.319
  1981   04    14.119
  1981   05    13.152
  1981   06    10.838
  1981   07     6.575
  1981   08     0.092
  1981   09     0.007
  1981   10     0.242
  1981   11     4.769
  1981   12     9.211
  1982   01    12.521
  1982   02    13.751
  1982   03    14.194
  1982   04    13.957
  1982   05    12.975
  1982   06    10.850
  1982   07     6.321
  1982   08     0.192
  1982   09     0.159
  1982   10     0.776
  1982   11     4.391
  1982   12     9.849
  1983   01    12.450
  1983   02    13.492
  1983   03    13.899
  1983   04    13.631
  1983   05    12.645
  1983   06    10.895
  1983   07     7.169
  1983   08     1.491
  1983   09     0.515
  1983   10     2.649
  1983   11     7.131
  1983   12    10.028
  1984   01    12.527
  1984   02    13.558
  1984   03    14.061
  1984   04    13.925
  1984   05    12.918
  1984   06    10.832
  1984   07     7.481
  1984   08     0.689
  1984   09     0.219
  1984   10     1.595
  1984   11     6.310
  1984   12    10.582
  1985   01    13.039
  1985   02    14.097
  1985   03    14.459
  1985   04    14.293
  1985   05    12.975
  1985   06    10.415
  1985   07     6.164
  1985   08     0.077
  1985   09     0.049
  1985   10     0.389
  1985   11     3.676
  1985   12     9.219
  1986   01    12.869
  1986   02    14.108
  1986   03    14.312
  1986   04    14.099
  1986   05    13.159
  1986   06    11.403
  1986   07     6.455
  1986   08     0.187
  1986   09     0.057
  1986   10     0.575
  1986   11     5.461
  1986   12     9.755
  1987   01    13.530
  1987   02    14.395
  1987   03    14.539
  1987   04    14.493
  1987   05    13.249
  1987   06    10.958
  1987   07     4.630
  1987   08     0.025
  1987   09     0.000
  1987   10     0.188
  1987   11     2.430
  1987   12     8.382
  1988   01    12.564
  1988   02    14.312
  1988   03    14.569
  1988   04    14.177
  1988   05    12.951
  1988   06    10.537
  1988   07     4.688
  1988   08     0.026
  1988   09     0.010
  1988   10     0.325
  1988   11     2.037
  1988   12     7.964
  1989   01    12.164
  1989   02    13.818
  1989   03    14.142
  1989   04    14.108
  1989   05    13.194
  1989   06    11.057
  1989   07     5.614
  1989   08     0.127
  1989   09     0.061
  1989   10     0.557
  1989   11     3.624
  1989   12     9.279
  1990   01    12.559
  1990   02    13.780
  1990   03    14.134
  1990   04    13.759
  1990   05    12.618
  1990   06    10.620
  1990   07     6.074
  1990   08     0.072
  1990   09     0.008
  1990   10     0.200
  1990   11     3.684
  1990   12     8.690
  1991   01    12.221
  1991   02    13.896
  1991   03    14.429
  1991   04    14.272
  1991   05    12.982
  1991   06    10.513
  1991   07     5.078
  1991   08     0.136
  1991   09     0.087
  1991   10     0.455
  1991   11     2.454
  1991   12     7.586
  1992   01    12.397
  1992   02    13.905
  1992   03    14.505
  1992   04    14.275
  1992   05    13.489
  1992   06    11.629
  1992   07     7.037
  1992   08     0.133
  1992   09     0.109
  1992   10     1.890
  1992   11     7.014
  1992   12    11.025
  1993   01    13.533
  1993   02    14.354
  1993   03    14.713
  1993   04    14.583
  1993   05    13.218
  1993   06    11.362
  1993   07     6.593
  1993   08     0.735
  1993   09     0.151
  1993   10     1.819
  1993   11     6.146
  1993   12    10.164
  1994   01    13.078
  1994   02    14.154
  1994   03    14.440
  1994   04    14.254
  1994   05    13.203
  1994   06    11.157
  1994   07     6.446
  1994   08     0.410
  1994   09     0.269
  1994   10     1.100
  1994   11     4.670
  1994   12     9.721
  1995   01    12.894
  1995   02    13.844
  1995   03    14.355
  1995   04    14.101
  1995   05    12.614
  1995   06    10.269
  1995   07     5.768
  1995   08     0.230
  1995   09     0.082
  1995   10     0.372
  1995   11     3.492
  1995   12     9.197
  1996   01    11.969
  1996   02    13.510
  1996   03    13.931
  1996   04    13.597
  1996   05    12.606
  1996   06    10.377
  1996   07     6.419
  1996   08     0.235
  1996   09     0.146
  1996   10     0.924
  1996   11     4.639
  1996   12     9.534
  1997   01    12.524
  1997   02    13.522
  1997   03    13.776
  1997   04    13.498
  1997   05    12.775
  1997   06    10.700
  1997   07     6.265
  1997   08     0.197
  1997   09     0.091
  1997   10     0.463
  1997   11     2.949
  1997   12     9.096
  1998   01    12.633
  1998   02    13.772
  1998   03    13.907
  1998   04    13.723
  1998   05    12.679
  1998   06    10.757
  1998   07     6.251
  1998   08     0.089
  1998   09     0.041
  1998   10     0.199
  1998   11     1.962
  1998   12     8.150
  1999   01    12.040
  1999   02    13.609
  1999   03    13.990
  1999   04    13.950
  1999   05    12.947
  1999   06    10.621
  1999   07     5.389
  1999   08     0.008
  1999   09     0.005
  1999   10     0.244
  1999   11     2.577
  1999   12     9.198
  2000   01    12.338
  2000   02    13.619
  2000   03    13.974
  2000   04    13.536
  2000   05    12.579
  2000   06    10.397
  2000   07     6.052
  2000   08     0.477
  2000   09     0.343
  2000   10     1.534
  2000   11     5.247
  2000   12     9.670
  2001   01    12.484
  2001   02    13.722
  2001   03    14.201
  2001   04    13.995
  2001   05    12.915
  2001   06    10.672
  2001   07     6.266
  2001   08     0.154
  2001   09     0.077
  2001   10     0.378
  2001   11     3.578
  2001   12     8.664
  2002   01    12.880
  2002   02    14.043
  2002   03    14.465
  2002   04    14.114
  2002   05    12.830
  2002   06    10.402
  2002   07     5.722
  2002   08     0.176
  2002   09     0.085
  2002   10     0.403
  2002   11     2.023
  2002   12     8.446
  2003   01    12.213
  2003   02    13.717
  2003   03    14.345
  2003   04    14.058
  2003   05    13.019
  2003   06    11.223
  2003   07     5.170
  2003   08     0.023
  2003   09     0.005
  2003   10     0.208
  2003   11     1.562
  2003   12     8.592
  2004   01    12.384
  2004   02    13.647
  2004   03    14.211
  2004   04    13.991
  2004   05    12.914
  2004   06    11.317
  2004   07     5.174
  2004   08     0.059
  2004   09     0.006
  2004   10     0.186
  2004   11     2.610
  2004   12     8.159
  2005   01    12.278
  2005   02    13.769
  2005   03    14.173
  2005   04    13.927
  2005   05    12.892
  2005   06    10.874
  2005   07     5.512
  2005   08     0.020
  2005   09     0.001
  2005   10     0.199
  2005   11     2.471
  2005   12     8.841
  2006   01    12.518
  2006   02    13.661
  2006   03    14.013
  2006   04    13.849
  2006   05    12.543
  2006   06    10.034
  2006   07     6.382
  2006   08     0.135
  2006   09     0.077
  2006   10     0.426
  2006   11     3.433
  2006   12     9.703
  2007   01    12.628
  2007   02    13.716
  2007   03    14.209
  2007   04    14.021
  2007   05    12.965
  2007   06    10.696
  2007   07     6.184
  2007   08     0.172
  2007   09     0.100
  2007   10     0.549
  2007   11     3.536
  2007   12     9.055
  2008   01    12.247
  2008   02    13.866
  2008   03    14.404
  2008   04    14.128
  2008   05    12.973
  2008   06    11.043
  2008   07     6.480
  2008   08     0.106
  2008   09     0.052
  2008   10     0.744
  2008   11     5.007
  2008   12     9.742
  2009   01    12.530
  2009   02    13.870
  2009   03    14.326
  2009   04    14.290
  2009   05    13.148
  2009   06    11.134
  2009   07     6.910
  2009   08     1.202
  2009   09     0.196
  2009   10     1.713
  2009   11     4.837
  2009   12     9.244
  2010   01    12.798
  2010   02    13.848
  2010   03    14.231
  2010   04    14.108
  2010   05    13.221
  2010   06    11.590
  2010   07     5.984
  2010   08     0.347
  2010   09     0.211
  2010   10     0.820
  2010   11     3.529
  2010   12     9.027
  2011   01    12.544
  2011   02    13.608
  2011   03    13.949
  2011   04    13.741
  2011   05    12.952
  2011   06    10.418
  2011   07     7.587
  2011   08     0.292
  2011   09     0.151
  2011   10     0.897
  2011   11     5.510
  2011   12     9.596
  2012   01    12.460
  2012   02    13.562
  2012   03    14.193
  2012   04    14.071
  2012   05    13.326
  2012   06    11.471
  2012   07     6.221
  2012   08     0.104
  2012   09     0.088
  2012   10     0.451
  2012   11     4.410
  2012   12     9.506
  2013   01    12.536
  2013   02    13.702
  2013   03    14.095
  2013   04    13.818
  2013   05    12.722
  2013   06    10.771
  2013   07     3.590
  2013   08     0.073
  2013   09     0.037
  2013   10     0.201
  2013   11     1.457
  2013   12     6.975
  2014   01    11.296
  2014   02    13.557
  2014   03    14.093
  2014   04    13.825
  2014   05    12.951
  2014   06    11.001
  2014   07     5.743
  2014   08     0.001
  2014   09     0.000
  2014   10     0.145
  2014   11     2.427
  2014   12     8.325
  2015   01    12.070
  2015   02    13.766
  2015   03    14.427
  2015   04    14.240
  2015   05    13.287
  2015   06    11.644
  2015   07     8.702
  2015   08     3.258
  2015   09     0.760
  2015   10     3.591
  2015   11     7.123
  2015   12    10.365
  2016   01    12.834
  2016   02    13.902
  2016   03    14.411
  2016   04    14.393
  2016   05    13.115
  2016   06    11.227
  2016   07     7.955
  2016   08     0.885
  2016   09     0.200
  2016   10     1.594
  2016   11     6.556
  2016   12    10.185
  2017   01    12.688
  2017   02    14.289
  2017   03    14.920
  2017   04    14.560
  2017   05    13.304
  2017   06    10.922
  2017   07     6.822
  2017   08     0.389
  2017   09     0.164
  2017   10     0.784
  2017   11     5.144
  2017   12     9.395
  2018   01    12.630
  2018   02    13.754
  2018   03    14.395
  2018   04    14.484
  2018   05    13.516
  2018   06    11.468
  2018   07     8.452
  2018   08     0.297
  2018   09     0.137
  2018   10     0.684
  2018   11     5.011
  2018   12     9.793
  2019   01    12.974
  2019   02    14.093
  2019   03    14.587
  2019   04    14.529
  2019   05    13.367
  2019   06    11.326
  2019   07     7.616
  2019   08     0.671
  2019   09     0.246
  2019   10     1.364
  2019   11     4.825
  2019   12     9.307
  2020   01    12.389
  2020   02    13.669
  2020   03    14.291
  2020   04    14.166
  2020   05    13.006
  2020   06    10.981
  2020   07     5.223
  2020   08     0.171
  2020   09     0.056
  2020   10     0.305
  2020   11     2.082
  2020   12     8.145
  2021   01    12.139
  2021   02    13.770
  2021   03    14.391
  2021   04    14.184
  2021   05    13.005
  2021   06    10.768
  2021   07     7.432
  2021   08     0.347
  2021   09     0.148
  2021   10     0.555
  2021   11     3.960
  2021   12     8.984
  2022   01    12.132
  2022   02    13.826
  2022   03    14.514
  2022   04    14.544
  2022   05    13.529
  2022   06    10.969
  2022   07     7.624
  2022   08     0.159
  2022   09     0.084
  2022   10     1.012
  2022   11     5.915
  2022   12    10.128
  2023   01    12.611
  2023   02    13.559
  2023   03    14.230
  2023   04    14.197
  2023   05    13.114
  2023   06    10.707
  2023   07     7.241
  2023   08     0.310
  2023   09     0.134
  2023   10     0.904
  2023   11     4.786
  2023   12     9.496
  2024   01    12.156
  2024   02    13.455
  2024   03    14.235
  2024   04    14.178
  2024   05    13.113
  2024   06    10.831
  2024   07     7.591
  2024   08     1.013
  2024   09     0.282
  2024   10     1.155
  2024   11     5.397
  2024   12    10.071
  2025   01    12.652
  2025   02    13.985
  2025   03    14.528
  2025   04    14.201
  2025   05    13.304
  2025   06    11.067
  2025   07     6.738
  2025   08     0.194
  2025   09     0.131
  2025   10     0.693
  2025   11     4.160
  2025   12     9.364
  2026   01    12.386
  2026   02    13.662
  2026   03    14.290
  2026   04    14.124
  2026   05    12.670
  2026   06    10.505
  2026   07     6.440
  2026   08     0.698
  2026   09     0.273
  2026   10     0.846
  2026   11     3.354
  2026   12     9.041
  2027   01    12.071
  2027   02    13.637
  2027   03    14.538
  2027   04    14.439
  2027   05    13.371
  2027   06    11.367
  2027   07     6.486
  2027   08     0.189
  2027   09     0.059
  2027   10     0.439
  2027   11     4.948
  2027   12     9.625
  2028   01    12.622
  2028   02    13.666
  2028   03    14.299
  2028   04    14.056
  2028   05    13.214
  2028   06    10.875
  2028   07     6.529
  2028   08     0.174
  2028   09     0.010
  2028   10     0.439
  2028   11     3.297
  2028   12     8.778
  2029   01    12.191
  2029   02    13.807
  2029   03    14.525
  2029   04    14.456
  2029   05    13.373
  2029   06    10.574
  2029   07     5.879
  2029   08     0.099
  2029   09     0.043
  2029   10     0.205
  2029   11     2.741
  2029   12     8.247
  2030   01    11.921
  2030   02    13.360
  2030   03    14.022
  2030   04    13.883
  2030   05    13.110
  2030   06    11.076
  2030   07     6.221
  2030   08     0.113
  2030   09     0.052
  2030   10     0.274
  2030   11     3.541
  2030   12     8.745
  2031   01    12.443
  2031   02    13.720
  2031   03    14.365
  2031   04    14.268
  2031   05    13.365
  2031   06    11.145
  2031   07     7.683
  2031   08     0.135
  2031   09     0.064
  2031   10     0.747
  2031   11     4.987
  2031   12     9.747
  2032   01    12.384
  2032   02    13.850
  2032   03    14.476
  2032   04    14.169
  2032   05    13.268
  2032   06    11.547
  2032   07     7.546
  2032   08     0.220
  2032   09     0.089
  2032   10     0.492
  2032   11     3.862
  2032   12     9.500
  2033   01    12.566
  2033   02    14.052
  2033   03    14.714
  2033   04    14.255
  2033   05    13.312
  2033   06    11.218
  2033   07     7.281
  2033   08     0.616
  2033   09     0.176
  2033   10     0.935
  2033   11     5.036
  2033   12     9.245
  2034   01    12.515
  2034   02    13.641
  2034   03    14.237
  2034   04    14.186
  2034   05    13.071
  2034   06    10.961
  2034   07     6.045
  2034   08     0.151
  2034   09     0.071
  2034   10     0.250
  2034   11     2.509
  2034   12     7.972
  2035   01    12.131
  2035   02    13.951
  2035   03    14.303
  2035   04    14.157
  2035   05    13.447
  2035   06    11.517
  2035   07     7.936
  2035   08     0.308
  2035   09     0.082
  2035   10     0.909
  2035   11     5.629
  2035   12     9.382
  2036   01    12.551
  2036   02    13.639
  2036   03    13.954
  2036   04    13.978
  2036   05    13.013
  2036   06    10.905
  2036   07     6.527
  2036   08     0.966
  2036   09     0.228
  2036   10     1.219
  2036   11     4.444
  2036   12     8.630
  2037   01    11.930
  2037   02    13.766
  2037   03    14.288
  2037   04    14.139
  2037   05    13.144
  2037   06    11.592
  2037   07     5.617
  2037   08     0.377
  2037   09     0.213
  2037   10     0.728
  2037   11     3.164
  2037   12     9.022
  2038   01    12.584
  2038   02    13.992
  2038   03    14.229
  2038   04    14.170
  2038   05    13.173
  2038   06    10.940
  2038   07     6.482
  2038   08     0.117
  2038   09     0.052
  2038   10     0.338
  2038   11     2.453
  2038   12     7.681
  2039   01    11.513
  2039   02    13.408
  2039   03    14.086
  2039   04    13.921
  2039   05    12.647
  2039   06    10.630
  2039   07     4.895
  2039   08     0.260
  2039   09     0.129
  2039   10     0.456
  2039   11     1.865
  2039   12     7.244
  2040   01    11.079
  2040   02    12.907
  2040   03    13.837
  2040   04    13.425
  2040   05    12.647
  2040   06    10.357
  2040   07     6.216
  2040   08     0.296
  2040   09     0.181
  2040   10     0.684
  2040   11     3.027
  2040   12     8.732
  2041   01    11.413
  2041   02    12.956
  2041   03    13.657
  2041   04    13.564
  2041   05    12.629
  2041   06    10.666
  2041   07     6.112
  2041   08     0.104
  2041   09     0.063
  2041   10     0.252
  2041   11     1.527
  2041   12     7.768
  2042   01    12.042
  2042   02    13.625
  2042   03    14.144
  2042   04    13.741
  2042   05    12.727
  2042   06    10.866
  2042   07     6.344
  2042   08     0.061
  2042   09     0.040
  2042   10     0.424
  2042   11     2.966
  2042   12     8.298
  2043   01    12.148
  2043   02    13.397
  2043   03    14.103
  2043   04    13.876
  2043   05    13.176
  2043   06    11.082
  2043   07     6.164
  2043   08     0.170
  2043   09     0.059
  2043   10     0.403
  2043   11     4.186
  2043   12     9.294
  2044   01    12.426
  2044   02    13.920
  2044   03    14.300
  2044   04    14.242
  2044   05    13.324
  2044   06    10.981
  2044   07     5.457
  2044   08     0.165
  2044   09     0.095
  2044   10     0.403
  2044   11     2.762
  2044   12     7.701
  2045   01    11.954
  2045   02    13.682
  2045   03    14.241
  2045   04    14.211
  2045   05    13.023
  2045   06    10.860
  2045   07     5.011
  2045   08     0.129
  2045   09     0.063
  2045   10     0.262
  2045   11     1.808
  2045   12     7.810
  2046   01    12.013
  2046   02    13.472
  2046   03    14.247
  2046   04    14.029
  2046   05    13.161
  2046   06    11.383
  2046   07     6.868
  2046   08     0.167
  2046   09     0.056
  2046   10     0.376
  2046   11     3.949
  2046   12     9.571
  2047   01    12.907
  2047   02    13.937
  2047   03    14.340
  2047   04    14.031
  2047   05    12.848
  2047   06    10.280
  2047   07     4.649
  2047   08     0.059
  2047   09     0.034
  2047   10     0.188
  2047   11     1.872
  2047   12     7.105
  2048   01    11.081
  2048   02    13.123
  2048   03    13.625
  2048   04    13.461
  2048   05    12.381
  2048   06     9.597
  2048   07     4.095
  2048   08     0.084
  2048   09     0.072
  2048   10     0.308
  2048   11     1.732
  2048   12     7.273
  2049   01    11.220
  2049   02    13.331
  2049   03    14.034
  2049   04    13.840
  2049   05    12.913
  2049   06    10.386
  2049   07     4.348
  2049   08     0.248
  2049   09     0.119
  2049   10     0.478
  2049   11     1.792
  2049   12     8.707
  2050   01    11.620
  2050   02    13.343
  2050   03    13.985
  2050   04    13.711
  2050   05    12.894
  2050   06    10.281
  2050   07     6.309
  2050   08     0.336
  2050   09     0.170
  2050   10     0.905
  2050   11     4.354
  2050   12     9.334
  2051   01    11.363
  2051   02    13.353
  2051   03    13.803
  2051   04    13.751
  2051   05    12.328
  2051   06     9.107
  2051   07     6.498
  2051   08     1.185
  2051   09     0.286
  2051   10     1.978
  2051   11     5.142
  2051   12     8.935
  2052   01    11.737
  2052   02    13.369
  2052   03    13.992
  2052   04    13.974
  2052   05    12.923
  2052   06    10.472
  2052   07     5.943
  2052   08     0.225
  2052   09     0.105
  2052   10     0.923
  2052   11     4.184
  2052   12     9.483
  2053   01    12.002
  2053   02    13.591
  2053   03    14.245
  2053   04    13.797
  2053   05    12.889
  2053   06    10.249
  2053   07     4.707
  2053   08     0.121
  2053   09     0.095
  2053   10     0.553
  2053   11     3.435
  2053   12     8.371
  2054   01    11.665
  2054   02    13.661
  2054   03    14.258
  2054   04    14.235
  2054   05    13.263
  2054   06     9.925
  2054   07     4.839
  2054   08     0.373
  2054   09     0.231
  2054   10     1.186
  2054   11     3.330
  2054   12     8.098
  2055   01    11.704
  2055   02    13.555
  2055   03    14.081
  2055   04    13.836
  2055   05    12.830
  2055   06    10.344
  2055   07     4.304
  2055   08     0.045
  2055   09     0.024
  2055   10     0.153
  2055   11     3.105
  2055   12     8.311
  2056   01    11.901
  2056   02    13.449
  2056   03    14.024
  2056   04    13.947
  2056   05    13.099
  2056   06    10.918
  2056   07     4.801
  2056   08     0.151
  2056   09     0.098
  2056   10     0.391
  2056   11     2.391
  2056   12     8.406
  2057   01    12.300
  2057   02    13.610
  2057   03    14.309
  2057   04    14.077
  2057   05    13.137
  2057   06    10.322
  2057   07     5.993
  2057   08     0.663
  2057   09     0.310
  2057   10     0.977
  2057   11     4.654
  2057   12     8.939
  2058   01    12.055
  2058   02    13.667
  2058   03    14.102
  2058   04    14.066
  2058   05    13.009
  2058   06    10.013
  2058   07     4.795
  2058   08     0.228
  2058   09     0.111
  2058   10     1.204
  2058   11     3.804
  2058   12     8.317
  2059   01    11.844
  2059   02    13.171
  2059   03    13.716
  2059   04    13.608
  2059   05    12.679
  2059   06    10.248
  2059   07     4.937
  2059   08     0.200
  2059   09     0.062
  2059   10     0.458
  2059   11     2.624
  2059   12     8.040
  2060   01    11.689
  2060   02    13.221
  2060   03    13.755
  2060   04    13.548
  2060   05    12.556
  2060   06    10.237
  2060   07     4.091
  2060   08     0.154
  2060   09     0.086
  2060   10     0.419
  2060   11     2.699
  2060   12     7.498
  2061   01    11.799
  2061   02    13.265
  2061   03    13.530
  2061   04    13.458
  2061   05    12.515
  2061   06    10.558
  2061   07     4.988
  2061   08     0.219
  2061   09     0.137
  2061   10     0.627
  2061   11     2.976
  2061   12     8.596
  2062   01    12.138
  2062   02    13.172
  2062   03    13.638
  2062   04    13.642
  2062   05    12.713
  2062   06    10.190
  2062   07     4.182
  2062   08     0.119
  2062   09     0.074
  2062   10     0.351
  2062   11     2.129
  2062   12     7.288
  2063   01    11.899
  2063   02    13.785
  2063   03    14.243
  2063   04    13.948
  2063   05    12.515
  2063   06     9.678
  2063   07     3.975
  2063   08     0.186
  2063   09     0.133
  2063   10     0.286
  2063   11     1.612
  2063   12     6.442
  2064   01    11.419
  2064   02    13.032
  2064   03    13.688
  2064   04    13.575
  2064   05    12.932
  2064   06    10.392
  2064   07     4.198
  2064   08     0.123
  2064   09     0.106
  2064   10     0.351
  2064   11     2.079
  2064   12     7.869
  2065   01    11.845
  2065   02    13.019
  2065   03    13.782
  2065   04    13.545
  2065   05    12.578
  2065   06     9.912
  2065   07     4.374
  2065   08     0.260
  2065   09     0.212
  2065   10     0.822
  2065   11     2.762
  2065   12     8.063
  2066   01    11.464
  2066   02    13.162
  2066   03    13.811
  2066   04    13.787
  2066   05    12.876
  2066   06     9.805
  2066   07     3.889
  2066   08     0.088
  2066   09     0.075
  2066   10     0.259
  2066   11     1.510
  2066   12     6.214
  2067   01    10.657
  2067   02    13.128
  2067   03    14.134
  2067   04    13.988
  2067   05    12.676
  2067   06    10.073
  2067   07     4.651
  2067   08     0.230
  2067   09     0.099
  2067   10     0.346
  2067   11     3.743
  2067   12     8.178
  2068   01    11.827
  2068   02    13.593
  2068   03    14.018
  2068   04    13.789
  2068   05    12.937
  2068   06    10.578
  2068   07     5.148
  2068   08     0.294
  2068   09     0.196
  2068   10     1.068
  2068   11     3.481
  2068   12     8.775
  2069   01    12.599
  2069   02    13.604
  2069   03    14.458
  2069   04    14.328
  2069   05    13.412
  2069   06    10.313
  2069   07     5.897
  2069   08     0.159
  2069   09     0.093
  2069   10     0.386
  2069   11     4.399
  2069   12     9.200
  2070   01    12.259
  2070   02    13.812
  2070   03    14.326
  2070   04    14.155
  2070   05    13.156
  2070   06    10.510
  2070   07     6.544
  2070   08     1.903
  2070   09     1.068
  2070   10     2.595
  2070   11     5.758
  2070   12     9.782
  2071   01    12.531
  2071   02    13.856
  2071   03    14.510
  2071   04    14.314
  2071   05    13.229
  2071   06    11.183
  2071   07     7.126
  2071   08     0.969
  2071   09     0.420
  2071   10     2.178
  2071   11     5.819
  2071   12     9.840
  2072   01    12.250
  2072   02    13.800
  2072   03    14.235
  2072   04    14.005
  2072   05    13.217
  2072   06    10.959
  2072   07     6.353
  2072   08     1.103
  2072   09     0.579
  2072   10     1.658
  2072   11     5.410
  2072   12     9.052
  2073   01    12.558
  2073   02    13.843
  2073   03    14.346
  2073   04    14.134
  2073   05    13.292
  2073   06    10.782
  2073   07     5.591
  2073   08     0.596
  2073   09     0.284
  2073   10     1.211
  2073   11     4.075
  2073   12    10.221
  2074   01    12.717
  2074   02    14.210
  2074   03    14.733
  2074   04    14.609
  2074   05    13.008
  2074   06    10.421
  2074   07     4.573
  2074   08     0.285
  2074   09     0.200
  2074   10     0.560
  2074   11     2.525
  2074   12     8.266
  2075   01    12.245
  2075   02    14.129
  2075   03    14.574
  2075   04    14.356
  2075   05    12.787
  2075   06     9.671
  2075   07     6.518
  2075   08     0.235
  2075   09     0.124
  2075   10     0.374
  2075   11     4.604
  2075   12     9.594
  2076   01    12.684
  2076   02    13.959
  2076   03    14.745
  2076   04    14.673
  2076   05    13.225
  2076   06    10.539
  2076   07     5.086
  2076   08     0.416
  2076   09     0.258
  2076   10     0.817
  2076   11     3.334
  2076   12     7.909
  2077   01    11.508
  2077   02    13.857
  2077   03    14.475
  2077   04    14.402
  2077   05    13.384
  2077   06    10.252
  2077   07     3.182
  2077   08     0.113
  2077   09     0.065
  2077   10     0.279
  2077   11     1.439
  2077   12     6.787
  2078   01    12.094
  2078   02    13.767
  2078   03    14.571
  2078   04    14.419
  2078   05    13.328
  2078   06    10.679
  2078   07     5.495
  2078   08     0.238
  2078   09     0.134
  2078   10     0.724
  2078   11     2.532
  2078   12     8.344
  2079   01    12.462
  2079   02    13.694
  2079   03    14.409
  2079   04    14.152
  2079   05    12.904
  2079   06    10.096
  2079   07     4.237
  2079   08     0.167
  2079   09     0.124
  2079   10     0.366
  2079   11     1.981
  2079   12     7.483
  2080   01    12.205
  2080   02    14.024
  2080   03    14.505
  2080   04    14.272
  2080   05    13.037
  2080   06     9.834
  2080   07     3.895
  2080   08     0.147
  2080   09     0.083
  2080   10     0.269
  2080   11     1.261
  2080   12     6.480
  2081   01    11.297
  2081   02    13.829
  2081   03    14.593
  2081   04    14.553
  2081   05    13.346
  2081   06    10.041
  2081   07     2.725
  2081   08     0.116
  2081   09     0.083
  2081   10     0.321
  2081   11     1.349
  2081   12     5.852
  2082   01    11.594
  2082   02    13.325
  2082   03    13.911
  2082   04    13.542
  2082   05    12.563
  2082   06     9.556
  2082   07     3.575
  2082   08     0.121
  2082   09     0.113
  2082   10     0.401
  2082   11     1.804
  2082   12     8.113
  2083   01    11.414
  2083   02    13.092
  2083   03    14.091
  2083   04    14.029
  2083   05    12.891
  2083   06    10.178
  2083   07     4.916
  2083   08     0.098
  2083   09     0.062
  2083   10     0.254
  2083   11     2.339
  2083   12     8.945
  2084   01    12.426
  2084   02    13.525
  2084   03    14.210
  2084   04    14.246
  2084   05    13.422
  2084   06    10.552
  2084   07     4.099
  2084   08     0.196
  2084   09     0.144
  2084   10     0.523
  2084   11     2.513
  2084   12     8.399
  2085   01    12.115
  2085   02    13.466
  2085   03    13.593
  2085   04    13.405
  2085   05    12.488
  2085   06     9.907
  2085   07     4.888
  2085   08     0.253
  2085   09     0.102
  2085   10     0.743
  2085   11     3.784
  2085   12     8.714
  2086   01    12.036
  2086   02    13.719
  2086   03    14.375
  2086   04    14.229
  2086   05    12.980
  2086   06    10.230
  2086   07     3.631
  2086   08     0.326
  2086   09     0.154
  2086   10     0.556
  2086   11     2.469
  2086   12     7.817
  2087   01    12.036
  2087   02    13.980
  2087   03    14.646
  2087   04    14.550
  2087   05    13.036
  2087   06    10.178
  2087   07     3.621
  2087   08     0.103
  2087   09     0.084
  2087   10     0.206
  2087   11     1.470
  2087   12     7.168
  2088   01    12.005
  2088   02    13.866
  2088   03    14.784
  2088   04    14.648
  2088   05    13.377
  2088   06     9.912
  2088   07     4.506
  2088   08     0.266
  2088   09     0.174
  2088   10     0.671
  2088   11     3.820
  2088   12     8.867
  2089   01    12.360
  2089   02    13.963
  2089   03    14.600
  2089   04    14.503
  2089   05    13.474
  2089   06    10.000
  2089   07     4.981
  2089   08     0.139
  2089   09     0.110
  2089   10     0.351
  2089   11     3.026
  2089   12     8.451
  2090   01    12.674
  2090   02    14.117
  2090   03    14.843
  2090   04    14.723
  2090   05    13.390
  2090   06    10.557
  2090   07     5.102
  2090   08     0.116
  2090   09     0.060
  2090   10     0.705
  2090   11     3.332
  2090   12     9.132
  2091   01    12.343
  2091   02    14.011
  2091   03    14.824
  2091   04    14.515
  2091   05    13.546
  2091   06    10.864
  2091   07     5.946
  2091   08     0.492
  2091   09     0.276
  2091   10     0.943
  2091   11     4.064
  2091   12     9.540
  2092   01    12.375
  2092   02    13.975
  2092   03    14.652
  2092   04    14.479
  2092   05    13.215
  2092   06    10.432
  2092   07     7.056
  2092   08     1.391
  2092   09     0.155
  2092   10     2.429
  2092   11     6.369
  2092   12    10.671
  2093   01    12.926
  2093   02    14.279
  2093   03    14.879
  2093   04    14.519
  2093   05    13.219
  2093   06    10.532
  2093   07     5.700
  2093   08     0.373
  2093   09     0.070
  2093   10     0.583
  2093   11     4.276
  2093   12     8.709
  2094   01    12.001
  2094   02    13.693
  2094   03    14.387
  2094   04    14.422
  2094   05    13.366
  2094   06    10.401
  2094   07     5.505
  2094   08     0.072
  2094   09     0.050
  2094   10     0.198
  2094   11     3.552
  2094   12     9.736
  2095   01    12.690
  2095   02    14.242
  2095   03    14.544
  2095   04    14.479
  2095   05    13.472
  2095   06    11.020
  2095   07     5.914
  2095   08     0.695
  2095   09     0.039
  2095   10     1.636
  2095   11     5.711
  2095   12     9.916
  2096   01    12.631
  2096   02    13.809
  2096   03    14.366
  2096   04    14.243
  2096   05    13.146
  2096   06     9.974
  2096   07     5.706
  2096   08     1.456
  2096   09     0.550
  2096   10     1.966
  2096   11     5.016
  2096   12     9.884
  2097   01    12.378
  2097   02    13.896
  2097   03    14.404
  2097   04    14.186
  2097   05    12.634
  2097   06     9.474
  2097   07     4.991
  2097   08     0.134
  2097   09     0.083
  2097   10     0.268
  2097   11     4.001
  2097   12     8.818
  2098   01    11.893
  2098   02    13.386
  2098   03    14.119
  2098   04    14.035
  2098   05    12.810
  2098   06    10.208
  2098   07     5.472
  2098   08     0.101
  2098   09     0.065
  2098   10     0.319
  2098   11     5.033
  2098   12    10.108
  2099   01    12.959
  2099   02    14.285
  2099   03    14.937
  2099   04    14.667
  2099   05    13.641
  2099   06    10.893
  2099   07     5.454
  2099   08     1.130
  2099   09     0.433
  2099   10     1.931
  2099   11     4.397
  2099   12     9.274
  2100   01    12.132
  2100   02    13.838
  2100   03    14.585
  2100   04    14.524
  2100   05    13.257
  2100   06    10.342
  2100   07     4.105
  2100   08     0.265
  2100   09     0.174
  2100   10     0.482
  2100   11     2.640
  2100   12     7.514
