  1850   01    12.117
  1850   02    12.585
  1850   03    12.781
  1850   04    12.658
  1850   05    11.839
  1850   06    10.576
  1850   07     8.909
  1850   08     7.963
  1850   09     7.948
  1850   10     8.747
  1850   11     9.466
  1850   12    10.709
  1851   01    12.095
  1851   02    12.342
  1851   03    12.526
  1851   04    12.348
  1851   05    11.800
  1851   06    10.567
  1851   07     8.956
  1851   08     8.296
  1851   09     8.296
  1851   10     9.054
  1851   11     9.883
  1851   12    10.915
  1852   01    12.403
  1852   02    12.808
  1852   03    12.993
  1852   04    12.884
  1852   05    12.145
  1852   06    11.143
  1852   07     9.121
  1852   08     8.106
  1852   09     8.057
  1852   10     9.116
  1852   11    10.073
  1852   12    11.813
  1853   01    12.390
  1853   02    13.068
  1853   03    13.157
  1853   04    12.903
  1853   05    12.216
  1853   06    11.273
  1853   07     8.990
  1853   08     8.090
  1853   09     7.981
  1853   10     8.979
  1853   11     9.804
  1853   12    11.413
  1854   01    12.148
  1854   02    12.820
  1854   03    12.998
  1854   04    12.679
  1854   05    12.140
  1854   06    11.105
  1854   07     9.246
  1854   08     8.055
  1854   09     7.814
  1854   10     9.066
  1854   11     9.808
  1854   12    11.063
  1855   01    12.485
  1855   02    12.936
  1855   03    13.110
  1855   04    12.887
  1855   05    12.027
  1855   06    10.895
  1855   07     8.857
  1855   08     8.030
  1855   09     7.800
  1855   10     8.815
  1855   11     9.815
  1855   12    11.077
  1856   01    12.462
  1856   02    12.990
  1856   03    13.006
  1856   04    12.831
  1856   05    12.086
  1856   06    10.955
  1856   07     8.923
  1856   08     7.695
  1856   09     7.471
  1856   10     9.070
  1856   11     9.949
  1856   12    11.186
  1857   01    12.552
  1857   02    13.187
  1857   03    13.442
  1857   04    13.111
  1857   05    12.265
  1857   06    10.990
  1857   07     8.832
  1857   08     7.687
  1857   09     7.466
  1857   10     8.815
  1857   11     9.786
  1857   12    11.298
  1858   01    12.363
  1858   02    12.924
  1858   03    13.238
  1858   04    12.778
  1858   05    11.991
  1858   06    10.732
  1858   07     8.571
  1858   08     7.504
  1858   09     7.448
  1858   10     8.933
  1858   11     9.882
  1858   12    11.273
  1859   01    12.117
  1859   02    12.845
  1859   03    13.000
  1859   04    12.793
  1859   05    12.117
  1859   06    10.978
  1859   07     8.915
  1859   08     7.685
  1859   09     7.593
  1859   10     8.914
  1859   11     9.997
  1859   12    11.364
  1860   01    12.315
  1860   02    12.846
  1860   03    13.190
  1860   04    13.136
  1860   05    12.431
  1860   06    11.160
  1860   07     9.361
  1860   08     7.927
  1860   09     7.681
  1860   10     9.029
  1860   11    10.073
  1860   12    11.777
  1861   01    12.468
  1861   02    12.943
  1861   03    13.050
  1861   04    12.910
  1861   05    12.320
  1861   06    11.372
  1861   07     8.905
  1861   08     7.888
  1861   09     7.677
  1861   10     8.911
  1861   11    10.160
  1861   12    11.518
  1862   01    12.487
  1862   02    12.940
  1862   03    13.156
  1862   04    12.887
  1862   05    12.302
  1862   06    11.454
  1862   07     9.648
  1862   08     8.260
  1862   09     8.185
  1862   10     9.023
  1862   11    10.190
  1862   12    11.800
  1863   01    12.571
  1863   02    13.460
  1863   03    13.751
  1863   04    13.546
  1863   05    12.432
  1863   06    11.335
  1863   07     9.047
  1863   08     8.156
  1863   09     8.168
  1863   10     8.935
  1863   11     9.857
  1863   12    11.593
  1864   01    12.621
  1864   02    13.176
  1864   03    13.240
  1864   04    13.054
  1864   05    12.167
  1864   06    11.161
  1864   07     9.051
  1864   08     8.021
  1864   09     7.855
  1864   10     8.985
  1864   11    10.073
  1864   12    11.263
  1865   01    12.572
  1865   02    12.984
  1865   03    13.092
  1865   04    12.870
  1865   05    12.129
  1865   06    11.075
  1865   07     9.325
  1865   08     7.945
  1865   09     7.878
  1865   10     9.099
  1865   11    10.267
  1865   12    11.731
  1866   01    12.684
  1866   02    13.389
  1866   03    13.435
  1866   04    13.168
  1866   05    12.291
  1866   06    11.260
  1866   07     9.475
  1866   08     7.794
  1866   09     7.800
  1866   10     9.256
  1866   11    10.208
  1866   12    11.824
  1867   01    12.392
  1867   02    13.002
  1867   03    13.184
  1867   04    13.028
  1867   05    12.219
  1867   06    10.928
  1867   07     9.396
  1867   08     7.573
  1867   09     7.307
  1867   10     8.774
  1867   11     9.748
  1867   12    11.068
  1868   01    12.191
  1868   02    12.850
  1868   03    13.022
  1868   04    12.562
  1868   05    11.805
  1868   06    10.726
  1868   07     8.670
  1868   08     7.529
  1868   09     7.252
  1868   10     8.756
  1868   11     9.624
  1868   12    11.157
  1869   01    12.106
  1869   02    12.525
  1869   03    12.762
  1869   04    12.619
  1869   05    11.961
  1869   06    10.632
  1869   07     8.306
  1869   08     7.276
  1869   09     7.099
  1869   10     8.772
  1869   11     9.928
  1869   12    11.318
  1870   01    12.323
  1870   02    12.745
  1870   03    12.769
  1870   04    12.554
  1870   05    11.831
  1870   06    10.805
  1870   07     8.800
  1870   08     7.201
  1870   09     7.179
  1870   10     8.716
  1870   11     9.832
  1870   12    11.577
  1871   01    12.407
  1871   02    12.772
  1871   03    12.872
  1871   04    12.642
  1871   05    11.970
  1871   06    10.991
  1871   07     8.810
  1871   08     7.391
  1871   09     7.228
  1871   10     8.587
  1871   11    10.183
  1871   12    11.727
  1872   01    12.588
  1872   02    13.019
  1872   03    13.407
  1872   04    12.987
  1872   05    12.360
  1872   06    11.375
  1872   07     9.062
  1872   08     7.665
  1872   09     7.350
  1872   10     8.861
  1872   11     9.980
  1872   12    11.237
  1873   01    12.464
  1873   02    13.040
  1873   03    13.284
  1873   04    13.047
  1873   05    12.273
  1873   06    11.289
  1873   07     9.027
  1873   08     7.876
  1873   09     7.861
  1873   10     8.723
  1873   11    10.133
  1873   12    11.366
  1874   01    12.292
  1874   02    12.809
  1874   03    13.104
  1874   04    12.979
  1874   05    12.144
  1874   06    11.081
  1874   07     8.739
  1874   08     7.293
  1874   09     7.006
  1874   10     8.503
  1874   11    10.093
  1874   12    11.112
  1875   01    12.556
  1875   02    12.984
  1875   03    13.194
  1875   04    12.971
  1875   05    12.189
  1875   06    11.225
  1875   07     9.285
  1875   08     7.790
  1875   09     7.760
  1875   10     8.906
  1875   11    10.145
  1875   12    11.491
  1876   01    12.480
  1876   02    13.217
  1876   03    13.440
  1876   04    13.206
  1876   05    12.316
  1876   06    11.259
  1876   07     9.005
  1876   08     8.004
  1876   09     7.836
  1876   10     8.922
  1876   11    10.076
  1876   12    11.051
  1877   01    12.584
  1877   02    13.177
  1877   03    13.384
  1877   04    13.069
  1877   05    12.181
  1877   06    11.065
  1877   07     9.183
  1877   08     8.005
  1877   09     7.969
  1877   10     9.210
  1877   11     9.850
  1877   12    11.339
  1878   01    12.356
  1878   02    13.045
  1878   03    13.363
  1878   04    12.905
  1878   05    12.171
  1878   06    11.083
  1878   07     9.129
  1878   08     7.921
  1878   09     7.780
  1878   10     8.894
  1878   11     9.926
  1878   12    11.379
  1879   01    12.075
  1879   02    12.712
  1879   03    13.043
  1879   04    12.820
  1879   05    12.078
  1879   06    10.960
  1879   07     9.067
  1879   08     7.358
  1879   09     7.247
  1879   10     8.708
  1879   11     9.816
  1879   12    11.526
  1880   01    12.120
  1880   02    12.707
  1880   03    12.944
  1880   04    12.717
  1880   05    12.003
  1880   06    11.122
  1880   07     9.254
  1880   08     8.136
  1880   09     8.151
  1880   10     9.060
  1880   11     9.839
  1880   12    11.328
  1881   01    12.215
  1881   02    12.596
  1881   03    12.939
  1881   04    12.747
  1881   05    12.063
  1881   06    11.110
  1881   07     9.054
  1881   08     8.000
  1881   09     7.907
  1881   10     8.862
  1881   11     9.874
  1881   12    11.354
  1882   01    12.235
  1882   02    12.723
  1882   03    12.797
  1882   04    12.543
  1882   05    12.079
  1882   06    11.033
  1882   07     9.010
  1882   08     7.848
  1882   09     7.714
  1882   10     8.896
  1882   11    10.081
  1882   12    11.531
  1883   01    12.263
  1883   02    12.716
  1883   03    12.838
  1883   04    12.642
  1883   05    11.935
  1883   06    10.897
  1883   07     9.083
  1883   08     7.987
  1883   09     7.853
  1883   10     8.898
  1883   11     9.862
  1883   12    11.660
  1884   01    12.336
  1884   02    12.819
  1884   03    12.882
  1884   04    12.709
  1884   05    12.094
  1884   06    11.173
  1884   07     9.833
  1884   08     8.035
  1884   09     7.932
  1884   10     9.108
  1884   11    10.327
  1884   12    11.663
  1885   01    12.352
  1885   02    12.695
  1885   03    12.932
  1885   04    12.556
  1885   05    12.104
  1885   06    11.139
  1885   07     9.488
  1885   08     8.177
  1885   09     8.098
  1885   10     9.172
  1885   11    10.075
  1885   12    11.766
  1886   01    12.397
  1886   02    13.080
  1886   03    13.094
  1886   04    12.754
  1886   05    12.114
  1886   06    11.094
  1886   07     9.456
  1886   08     8.374
  1886   09     8.434
  1886   10     9.089
  1886   11     9.960
  1886   12    11.407
  1887   01    12.480
  1887   02    12.916
  1887   03    12.981
  1887   04    12.596
  1887   05    11.973
  1887   06    11.013
  1887   07     9.099
  1887   08     7.825
  1887   09     7.833
  1887   10     9.012
  1887   11    10.110
  1887   12    11.481
  1888   01    12.290
  1888   02    12.824
  1888   03    13.131
  1888   04    12.793
  1888   05    12.171
  1888   06    11.134
  1888   07     9.571
  1888   08     8.376
  1888   09     8.358
  1888   10     9.206
  1888   11    10.200
  1888   12    11.696
  1889   01    12.361
  1889   02    13.033
  1889   03    13.422
  1889   04    13.070
  1889   05    12.350
  1889   06    11.280
  1889   07     9.407
  1889   08     8.170
  1889   09     8.216
  1889   10     9.133
  1889   11     9.916
  1889   12    11.519
  1890   01    12.270
  1890   02    12.774
  1890   03    12.868
  1890   04    12.728
  1890   05    12.104
  1890   06    11.281
  1890   07     9.307
  1890   08     8.279
  1890   09     8.166
  1890   10     9.065
  1890   11     9.882
  1890   12    11.268
  1891   01    12.157
  1891   02    12.762
  1891   03    13.150
  1891   04    12.953
  1891   05    12.165
  1891   06    10.980
  1891   07     9.089
  1891   08     8.207
  1891   09     8.116
  1891   10     9.092
  1891   11     9.955
  1891   12    10.981
  1892   01    12.355
  1892   02    12.961
  1892   03    13.074
  1892   04    12.805
  1892   05    12.139
  1892   06    11.084
  1892   07     8.890
  1892   08     7.968
  1892   09     7.803
  1892   10     9.007
  1892   11     9.890
  1892   12    11.395
  1893   01    12.383
  1893   02    12.926
  1893   03    13.007
  1893   04    12.874
  1893   05    12.317
  1893   06    10.979
  1893   07     9.120
  1893   08     7.936
  1893   09     7.723
  1893   10     9.000
  1893   11     9.928
  1893   12    11.545
  1894   01    12.411
  1894   02    12.776
  1894   03    13.133
  1894   04    12.997
  1894   05    12.337
  1894   06    11.061
  1894   07     9.120
  1894   08     7.910
  1894   09     7.744
  1894   10     8.919
  1894   11     9.944
  1894   12    11.679
  1895   01    12.538
  1895   02    13.192
  1895   03    13.341
  1895   04    12.931
  1895   05    12.236
  1895   06    11.312
  1895   07     9.373
  1895   08     8.168
  1895   09     8.159
  1895   10     9.149
  1895   11    10.003
  1895   12    11.737
  1896   01    12.426
  1896   02    12.987
  1896   03    13.299
  1896   04    13.080
  1896   05    12.271
  1896   06    11.113
  1896   07     9.330
  1896   08     8.363
  1896   09     8.252
  1896   10     9.019
  1896   11     9.977
  1896   12    11.610
  1897   01    12.609
  1897   02    13.110
  1897   03    13.400
  1897   04    13.087
  1897   05    12.496
  1897   06    11.286
  1897   07     9.155
  1897   08     7.709
  1897   09     7.662
  1897   10     9.187
  1897   11    10.235
  1897   12    11.580
  1898   01    12.624
  1898   02    13.010
  1898   03    13.350
  1898   04    13.049
  1898   05    12.107
  1898   06    10.769
  1898   07     8.823
  1898   08     7.704
  1898   09     7.604
  1898   10     8.844
  1898   11     9.845
  1898   12    11.510
  1899   01    12.451
  1899   02    12.924
  1899   03    13.103
  1899   04    12.890
  1899   05    12.191
  1899   06    11.195
  1899   07     9.254
  1899   08     7.821
  1899   09     7.797
  1899   10     8.996
  1899   11     9.976
  1899   12    11.399
  1900   01    12.505
  1900   02    13.063
  1900   03    13.267
  1900   04    13.088
  1900   05    12.292
  1900   06    11.254
  1900   07     9.060
  1900   08     7.827
  1900   09     7.521
  1900   10     8.727
  1900   11     9.754
  1900   12    11.325
  1901   01    12.549
  1901   02    13.266
  1901   03    13.290
  1901   04    12.799
  1901   05    12.054
  1901   06    10.858
  1901   07     8.850
  1901   08     7.961
  1901   09     7.846
  1901   10     8.839
  1901   11     9.752
  1901   12    11.148
  1902   01    12.134
  1902   02    12.919
  1902   03    13.133
  1902   04    12.918
  1902   05    12.210
  1902   06    11.060
  1902   07     8.936
  1902   08     7.162
  1902   09     6.994
  1902   10     8.917
  1902   11    10.208
  1902   12    11.406
  1903   01    12.726
  1903   02    13.206
  1903   03    13.128
  1903   04    12.881
  1903   05    12.176
  1903   06    11.108
  1903   07     9.279
  1903   08     7.705
  1903   09     7.653
  1903   10     9.234
  1903   11    10.235
  1903   12    11.872
  1904   01    12.607
  1904   02    13.213
  1904   03    13.457
  1904   04    13.282
  1904   05    12.543
  1904   06    11.373
  1904   07     9.423
  1904   08     7.821
  1904   09     7.769
  1904   10     9.030
  1904   11    10.318
  1904   12    11.632
  1905   01    12.877
  1905   02    13.425
  1905   03    13.675
  1905   04    13.424
  1905   05    12.652
  1905   06    11.519
  1905   07     9.682
  1905   08     8.219
  1905   09     8.199
  1905   10     9.100
  1905   11    10.284
  1905   12    12.146
  1906   01    12.751
  1906   02    13.287
  1906   03    13.475
  1906   04    13.271
  1906   05    12.556
  1906   06    11.728
  1906   07     9.148
  1906   08     8.079
  1906   09     8.155
  1906   10     9.374
  1906   11    10.477
  1906   12    12.016
  1907   01    13.009
  1907   02    13.517
  1907   03    13.609
  1907   04    13.325
  1907   05    12.532
  1907   06    11.429
  1907   07     9.069
  1907   08     8.130
  1907   09     8.179
  1907   10     9.411
  1907   11    10.459
  1907   12    11.769
  1908   01    12.769
  1908   02    13.407
  1908   03    13.725
  1908   04    13.477
  1908   05    12.516
  1908   06    11.609
  1908   07     9.509
  1908   08     8.223
  1908   09     8.194
  1908   10     9.169
  1908   11    10.275
  1908   12    11.925
  1909   01    12.608
  1909   02    13.581
  1909   03    13.786
  1909   04    13.423
  1909   05    12.344
  1909   06    11.353
  1909   07     9.140
  1909   08     8.112
  1909   09     8.040
  1909   10     9.127
  1909   11    10.161
  1909   12    11.420
  1910   01    12.330
  1910   02    13.048
  1910   03    13.400
  1910   04    12.923
  1910   05    12.282
  1910   06    11.536
  1910   07     9.633
  1910   08     8.504
  1910   09     8.466
  1910   10     9.382
  1910   11    10.286
  1910   12    11.696
  1911   01    12.801
  1911   02    13.231
  1911   03    13.200
  1911   04    12.895
  1911   05    12.295
  1911   06    11.282
  1911   07     9.246
  1911   08     8.292
  1911   09     8.118
  1911   10     9.267
  1911   11    10.311
  1911   12    11.798
  1912   01    12.463
  1912   02    13.155
  1912   03    13.198
  1912   04    12.999
  1912   05    12.223
  1912   06    11.208
  1912   07     9.268
  1912   08     8.571
  1912   09     8.655
  1912   10     9.324
  1912   11    10.364
  1912   12    11.828
  1913   01    12.641
  1913   02    13.280
  1913   03    13.678
  1913   04    13.503
  1913   05    12.685
  1913   06    11.664
  1913   07     9.414
  1913   08     8.605
  1913   09     8.651
  1913   10     9.386
  1913   11    10.361
  1913   12    11.718
  1914   01    12.954
  1914   02    13.471
  1914   03    13.410
  1914   04    12.981
  1914   05    12.199
  1914   06    11.373
  1914   07     9.462
  1914   08     8.337
  1914   09     8.275
  1914   10     9.090
  1914   11     9.957
  1914   12    11.316
  1915   01    12.257
  1915   02    12.816
  1915   03    13.032
  1915   04    12.947
  1915   05    12.368
  1915   06    11.149
  1915   07     9.379
  1915   08     8.179
  1915   09     8.193
  1915   10     9.320
  1915   11    10.395
  1915   12    11.563
  1916   01    12.888
  1916   02    13.405
  1916   03    13.440
  1916   04    13.009
  1916   05    12.246
  1916   06    11.292
  1916   07     9.502
  1916   08     8.227
  1916   09     8.068
  1916   10     8.982
  1916   11    10.069
  1916   12    11.951
  1917   01    12.913
  1917   02    13.455
  1917   03    13.619
  1917   04    13.275
  1917   05    12.377
  1917   06    11.360
  1917   07     9.262
  1917   08     8.144
  1917   09     7.956
  1917   10     9.167
  1917   11    10.161
  1917   12    11.636
  1918   01    12.579
  1918   02    12.964
  1918   03    13.217
  1918   04    13.066
  1918   05    12.351
  1918   06    10.726
  1918   07     8.526
  1918   08     7.495
  1918   09     7.353
  1918   10     8.608
  1918   11     9.689
  1918   12    11.321
  1919   01    12.290
  1919   02    12.825
  1919   03    13.059
  1919   04    12.820
  1919   05    12.115
  1919   06    11.062
  1919   07     9.088
  1919   08     8.064
  1919   09     7.971
  1919   10     8.937
  1919   11     9.915
  1919   12    11.687
  1920   01    12.501
  1920   02    13.169
  1920   03    13.308
  1920   04    13.105
  1920   05    12.228
  1920   06    11.126
  1920   07     9.091
  1920   08     7.631
  1920   09     7.582
  1920   10     8.893
  1920   11     9.876
  1920   12    11.372
  1921   01    12.144
  1921   02    12.735
  1921   03    13.034
  1921   04    12.810
  1921   05    12.167
  1921   06    11.350
  1921   07     9.057
  1921   08     7.564
  1921   09     7.257
  1921   10     8.965
  1921   11    10.054
  1921   12    11.697
  1922   01    12.639
  1922   02    13.285
  1922   03    13.503
  1922   04    13.115
  1922   05    12.334
  1922   06    11.242
  1922   07     8.860
  1922   08     7.849
  1922   09     7.673
  1922   10     8.842
  1922   11     9.793
  1922   12    11.318
  1923   01    12.380
  1923   02    12.991
  1923   03    13.196
  1923   04    12.878
  1923   05    12.203
  1923   06    11.140
  1923   07     9.241
  1923   08     8.039
  1923   09     7.896
  1923   10     8.970
  1923   11     9.819
  1923   12    11.243
  1924   01    12.254
  1924   02    13.141
  1924   03    13.246
  1924   04    12.829
  1924   05    12.161
  1924   06    10.929
  1924   07     9.011
  1924   08     8.012
  1924   09     7.770
  1924   10     8.696
  1924   11     9.764
  1924   12    11.016
  1925   01    12.255
  1925   02    12.658
  1925   03    12.827
  1925   04    12.655
  1925   05    11.977
  1925   06    10.283
  1925   07     8.789
  1925   08     7.884
  1925   09     7.739
  1925   10     8.948
  1925   11     9.846
  1925   12    11.146
  1926   01    12.247
  1926   02    12.823
  1926   03    13.019
  1926   04    12.742
  1926   05    11.955
  1926   06    10.713
  1926   07     8.674
  1926   08     7.973
  1926   09     7.771
  1926   10     8.835
  1926   11     9.552
  1926   12    10.625
  1927   01    12.107
  1927   02    12.726
  1927   03    12.862
  1927   04    12.793
  1927   05    11.992
  1927   06    10.880
  1927   07     8.880
  1927   08     7.697
  1927   09     7.695
  1927   10     9.061
  1927   11    10.021
  1927   12    11.107
  1928   01    12.437
  1928   02    12.811
  1928   03    12.964
  1928   04    12.707
  1928   05    12.101
  1928   06    11.065
  1928   07     9.048
  1928   08     7.989
  1928   09     7.836
  1928   10     8.973
  1928   11     9.684
  1928   12    11.222
  1929   01    12.463
  1929   02    12.843
  1929   03    12.958
  1929   04    12.756
  1929   05    11.971
  1929   06    10.774
  1929   07     8.716
  1929   08     7.572
  1929   09     7.533
  1929   10     8.754
  1929   11     9.943
  1929   12    11.340
  1930   01    12.443
  1930   02    12.970
  1930   03    13.189
  1930   04    12.885
  1930   05    12.045
  1930   06    11.066
  1930   07     9.189
  1930   08     8.097
  1930   09     7.854
  1930   10     8.858
  1930   11     9.881
  1930   12    11.198
  1931   01    12.421
  1931   02    12.975
  1931   03    13.179
  1931   04    12.856
  1931   05    12.051
  1931   06    10.843
  1931   07     9.222
  1931   08     8.140
  1931   09     8.042
  1931   10     9.145
  1931   11    10.153
  1931   12    11.643
  1932   01    12.632
  1932   02    13.141
  1932   03    13.225
  1932   04    13.023
  1932   05    12.239
  1932   06    11.273
  1932   07     9.062
  1932   08     7.642
  1932   09     7.563
  1932   10     9.240
  1932   11    10.069
  1932   12    11.271
  1933   01    12.512
  1933   02    13.179
  1933   03    13.462
  1933   04    13.266
  1933   05    12.221
  1933   06    11.256
  1933   07     9.193
  1933   08     7.683
  1933   09     7.549
  1933   10     9.143
  1933   11    10.191
  1933   12    11.726
  1934   01    12.685
  1934   02    13.312
  1934   03    13.515
  1934   04    13.303
  1934   05    12.255
  1934   06    11.273
  1934   07     9.150
  1934   08     7.398
  1934   09     7.121
  1934   10     8.838
  1934   11     9.849
  1934   12    11.443
  1935   01    12.364
  1935   02    13.234
  1935   03    13.430
  1935   04    13.175
  1935   05    12.073
  1935   06    10.928
  1935   07     8.882
  1935   08     7.604
  1935   09     7.491
  1935   10     8.708
  1935   11     9.615
  1935   12    11.256
  1936   01    12.286
  1936   02    13.054
  1936   03    13.143
  1936   04    12.599
  1936   05    11.992
  1936   06    10.997
  1936   07     9.191
  1936   08     7.839
  1936   09     7.538
  1936   10     8.904
  1936   11     9.780
  1936   12    11.535
  1937   01    12.317
  1937   02    12.806
  1937   03    13.055
  1937   04    12.730
  1937   05    11.973
  1937   06    10.708
  1937   07     8.917
  1937   08     7.573
  1937   09     7.235
  1937   10     8.633
  1937   11     9.725
  1937   12    10.953
  1938   01    12.048
  1938   02    12.656
  1938   03    12.770
  1938   04    12.749
  1938   05    11.802
  1938   06    10.717
  1938   07     8.770
  1938   08     7.434
  1938   09     7.329
  1938   10     8.753
  1938   11     9.893
  1938   12    11.386
  1939   01    12.017
  1939   02    12.390
  1939   03    12.684
  1939   04    12.403
  1939   05    11.744
  1939   06    10.952
  1939   07     8.820
  1939   08     7.451
  1939   09     7.523
  1939   10     8.912
  1939   11    10.070
  1939   12    11.567
  1940   01    12.320
  1940   02    13.033
  1940   03    13.279
  1940   04    12.842
  1940   05    12.080
  1940   06    11.257
  1940   07     9.349
  1940   08     7.731
  1940   09     7.410
  1940   10     8.733
  1940   11     9.921
  1940   12    11.405
  1941   01    12.267
  1941   02    12.832
  1941   03    13.157
  1941   04    12.702
  1941   05    12.018
  1941   06    11.007
  1941   07     8.943
  1941   08     7.626
  1941   09     7.522
  1941   10     8.740
  1941   11     9.642
  1941   12    10.684
  1942   01    12.167
  1942   02    12.641
  1942   03    12.731
  1942   04    12.505
  1942   05    11.683
  1942   06    10.351
  1942   07     8.297
  1942   08     7.066
  1942   09     6.815
  1942   10     8.154
  1942   11     9.561
  1942   12    10.615
  1943   01    12.071
  1943   02    12.448
  1943   03    12.745
  1943   04    12.508
  1943   05    11.594
  1943   06     9.944
  1943   07     8.179
  1943   08     6.966
  1943   09     6.603
  1943   10     8.168
  1943   11     9.446
  1943   12    10.436
  1944   01    11.712
  1944   02    12.392
  1944   03    12.700
  1944   04    12.622
  1944   05    11.833
  1944   06    10.567
  1944   07     8.535
  1944   08     6.769
  1944   09     6.281
  1944   10     8.369
  1944   11     9.616
  1944   12    10.829
  1945   01    11.862
  1945   02    12.293
  1945   03    12.552
  1945   04    12.388
  1945   05    11.629
  1945   06    10.616
  1945   07     8.753
  1945   08     7.102
  1945   09     6.963
  1945   10     8.455
  1945   11     9.508
  1945   12    10.772
  1946   01    12.108
  1946   02    12.637
  1946   03    12.796
  1946   04    12.658
  1946   05    11.954
  1946   06    10.790
  1946   07     8.463
  1946   08     6.853
  1946   09     6.730
  1946   10     8.703
  1946   11     9.765
  1946   12    10.868
  1947   01    12.270
  1947   02    12.785
  1947   03    12.981
  1947   04    12.654
  1947   05    11.987
  1947   06    10.489
  1947   07     8.738
  1947   08     7.136
  1947   09     6.830
  1947   10     8.621
  1947   11     9.925
  1947   12    11.208
  1948   01    12.503
  1948   02    13.008
  1948   03    13.070
  1948   04    12.723
  1948   05    12.091
  1948   06    11.023
  1948   07     8.559
  1948   08     6.987
  1948   09     6.732
  1948   10     8.444
  1948   11     9.816
  1948   12    11.123
  1949   01    12.275
  1949   02    12.851
  1949   03    13.099
  1949   04    12.812
  1949   05    12.079
  1949   06    10.900
  1949   07     9.003
  1949   08     7.848
  1949   09     7.661
  1949   10     8.853
  1949   11     9.842
  1949   12    11.195
  1950   01    12.582
  1950   02    13.337
  1950   03    13.622
  1950   04    13.244
  1950   05    12.290
  1950   06    11.422
  1950   07     9.377
  1950   08     8.161
  1950   09     7.893
  1950   10     9.102
  1950   11     9.960
  1950   12    11.605
  1951   01    12.559
  1951   02    13.077
  1951   03    13.409
  1951   04    12.953
  1951   05    12.196
  1951   06    11.136
  1951   07     9.049
  1951   08     7.431
  1951   09     7.187
  1951   10     8.893
  1951   11    10.110
  1951   12    11.877
  1952   01    12.523
  1952   02    13.080
  1952   03    13.244
  1952   04    12.942
  1952   05    12.164
  1952   06    11.094
  1952   07     9.163
  1952   08     7.868
  1952   09     7.719
  1952   10     8.744
  1952   11     9.942
  1952   12    11.635
  1953   01    12.417
  1953   02    12.917
  1953   03    12.961
  1953   04    12.733
  1953   05    12.221
  1953   06    11.108
  1953   07     9.215
  1953   08     7.968
  1953   09     7.779
  1953   10     8.962
  1953   11     9.942
  1953   12    11.890
  1954   01    12.693
  1954   02    13.168
  1954   03    13.306
  1954   04    13.148
  1954   05    12.355
  1954   06    11.489
  1954   07     9.378
  1954   08     8.251
  1954   09     8.246
  1954   10     9.224
  1954   11    10.225
  1954   12    12.039
  1955   01    12.693
  1955   02    13.078
  1955   03    13.393
  1955   04    13.210
  1955   05    12.353
  1955   06    11.412
  1955   07     9.250
  1955   08     7.483
  1955   09     7.098
  1955   10     8.767
  1955   11    10.203
  1955   12    11.916
  1956   01    12.742
  1956   02    13.473
  1956   03    13.555
  1956   04    13.201
  1956   05    12.350
  1956   06    11.416
  1956   07     9.213
  1956   08     7.317
  1956   09     7.186
  1956   10     8.622
  1956   11    10.116
  1956   12    11.361
  1957   01    12.433
  1957   02    13.025
  1957   03    13.268
  1957   04    13.076
  1957   05    12.296
  1957   06    10.958
  1957   07     8.454
  1957   08     6.538
  1957   09     6.254
  1957   10     8.041
  1957   11     9.926
  1957   12    11.171
  1958   01    12.343
  1958   02    13.141
  1958   03    13.259
  1958   04    13.072
  1958   05    12.404
  1958   06    11.039
  1958   07     8.652
  1958   08     7.098
  1958   09     6.924
  1958   10     8.754
  1958   11     9.937
  1958   12    11.091
  1959   01    12.430
  1959   02    13.152
  1959   03    13.274
  1959   04    12.896
  1959   05    12.154
  1959   06    10.905
  1959   07     8.898
  1959   08     8.118
  1959   09     7.842
  1959   10     8.813
  1959   11     9.672
  1959   12    11.287
  1960   01    12.388
  1960   02    12.962
  1960   03    13.133
  1960   04    12.913
  1960   05    12.074
  1960   06    10.771
  1960   07     8.737
  1960   08     7.830
  1960   09     7.700
  1960   10     8.560
  1960   11     9.809
  1960   12    11.072
  1961   01    12.227
  1961   02    12.934
  1961   03    13.024
  1961   04    12.889
  1961   05    12.004
  1961   06    10.977
  1961   07     8.975
  1961   08     7.830
  1961   09     7.649
  1961   10     8.889
  1961   11     9.835
  1961   12    11.095
  1962   01    12.250
  1962   02    12.741
  1962   03    13.176
  1962   04    12.914
  1962   05    11.993
  1962   06    11.091
  1962   07     8.821
  1962   08     7.578
  1962   09     7.270
  1962   10     8.613
  1962   11    10.005
  1962   12    11.136
  1963   01    12.319
  1963   02    13.004
  1963   03    13.262
  1963   04    12.892
  1963   05    12.051
  1963   06    10.964
  1963   07     8.731
  1963   08     7.038
  1963   09     6.563
  1963   10     8.465
  1963   11     9.842
  1963   12    11.343
  1964   01    12.465
  1964   02    12.885
  1964   03    13.056
  1964   04    12.870
  1964   05    12.356
  1964   06    10.878
  1964   07     8.896
  1964   08     7.958
  1964   09     7.891
  1964   10     8.713
  1964   11     9.830
  1964   12    10.976
  1965   01    12.511
  1965   02    12.859
  1965   03    13.202
  1965   04    13.008
  1965   05    12.182
  1965   06    10.873
  1965   07     8.453
  1965   08     7.339
  1965   09     7.444
  1965   10     8.867
  1965   11     9.788
  1965   12    11.386
  1966   01    12.561
  1966   02    13.122
  1966   03    13.368
  1966   04    13.011
  1966   05    12.083
  1966   06    10.855
  1966   07     8.693
  1966   08     7.672
  1966   09     7.556
  1966   10     8.695
  1966   11     9.838
  1966   12    11.611
  1967   01    12.361
  1967   02    12.831
  1967   03    13.073
  1967   04    12.815
  1967   05    11.966
  1967   06    11.014
  1967   07     9.246
  1967   08     7.446
  1967   09     7.188
  1967   10     8.626
  1967   11     9.887
  1967   12    11.493
  1968   01    12.275
  1968   02    12.746
  1968   03    12.911
  1968   04    12.713
  1968   05    11.964
  1968   06    10.869
  1968   07     8.644
  1968   08     7.070
  1968   09     6.907
  1968   10     8.298
  1968   11     9.768
  1968   12    11.056
  1969   01    12.362
  1969   02    12.839
  1969   03    12.878
  1969   04    12.672
  1969   05    12.029
  1969   06    11.142
  1969   07     8.690
  1969   08     7.410
  1969   09     7.388
  1969   10     8.788
  1969   11     9.896
  1969   12    10.765
  1970   01    12.307
  1970   02    12.849
  1970   03    13.073
  1970   04    12.950
  1970   05    12.277
  1970   06    11.209
  1970   07     8.827
  1970   08     7.110
  1970   09     6.657
  1970   10     8.579
  1970   11     9.745
  1970   12    10.896
  1971   01    12.353
  1971   02    13.012
  1971   03    12.993
  1971   04    12.773
  1971   05    12.201
  1971   06    10.942
  1971   07     8.690
  1971   08     7.166
  1971   09     6.661
  1971   10     8.652
  1971   11     9.804
  1971   12    10.823
  1972   01    12.147
  1972   02    13.165
  1972   03    13.302
  1972   04    13.097
  1972   05    12.309
  1972   06    11.148
  1972   07     9.105
  1972   08     7.745
  1972   09     7.519
  1972   10     9.077
  1972   11    10.036
  1972   12    11.362
  1973   01    12.354
  1973   02    12.991
  1973   03    13.411
  1973   04    13.003
  1973   05    12.194
  1973   06    11.112
  1973   07     8.988
  1973   08     7.272
  1973   09     7.092
  1973   10     8.872
  1973   11    10.088
  1973   12    11.568
  1974   01    12.211
  1974   02    13.041
  1974   03    13.368
  1974   04    13.078
  1974   05    12.293
  1974   06    11.333
  1974   07     9.518
  1974   08     7.947
  1974   09     7.629
  1974   10     8.983
  1974   11    10.078
  1974   12    11.363
  1975   01    12.684
  1975   02    13.255
  1975   03    13.390
  1975   04    13.257
  1975   05    12.408
  1975   06    11.219
  1975   07     8.755
  1975   08     7.583
  1975   09     7.404
  1975   10     8.914
  1975   11     9.858
  1975   12    11.477
  1976   01    12.221
  1976   02    12.643
  1976   03    12.862
  1976   04    12.665
  1976   05    11.920
  1976   06    10.885
  1976   07     8.980
  1976   08     7.756
  1976   09     7.637
  1976   10     8.757
  1976   11     9.607
  1976   12    11.348
  1977   01    12.287
  1977   02    12.738
  1977   03    12.973
  1977   04    12.530
  1977   05    11.874
  1977   06    10.922
  1977   07     8.693
  1977   08     7.243
  1977   09     7.214
  1977   10     8.684
  1977   11     9.826
  1977   12    10.995
  1978   01    12.283
  1978   02    12.750
  1978   03    12.872
  1978   04    12.683
  1978   05    11.808
  1978   06    10.652
  1978   07     8.544
  1978   08     7.289
  1978   09     6.969
  1978   10     8.447
  1978   11     9.684
  1978   12    10.736
  1979   01    11.919
  1979   02    12.590
  1979   03    12.830
  1979   04    12.708
  1979   05    11.955
  1979   06    10.689
  1979   07     8.690
  1979   08     7.265
  1979   09     6.926
  1979   10     8.503
  1979   11     9.655
  1979   12    10.763
  1980   01    12.167
  1980   02    12.706
  1980   03    12.862
  1980   04    12.528
  1980   05    11.797
  1980   06    10.811
  1980   07     8.605
  1980   08     7.174
  1980   09     6.940
  1980   10     8.516
  1980   11     9.586
  1980   12    10.849
  1981   01    12.311
  1981   02    12.721
  1981   03    12.937
  1981   04    12.732
  1981   05    12.134
  1981   06    10.759
  1981   07     8.619
  1981   08     7.339
  1981   09     7.203
  1981   10     8.855
  1981   11     9.756
  1981   12    11.098
  1982   01    12.236
  1982   02    12.798
  1982   03    13.107
  1982   04    12.886
  1982   05    12.199
  1982   06    10.908
  1982   07     8.632
  1982   08     7.414
  1982   09     7.116
  1982   10     8.596
  1982   11     9.673
  1982   12    10.843
  1983   01    11.911
  1983   02    12.639
  1983   03    13.005
  1983   04    12.785
  1983   05    11.963
  1983   06    10.832
  1983   07     8.489
  1983   08     6.561
  1983   09     6.221
  1983   10     7.909
  1983   11     9.893
  1983   12    11.158
  1984   01    11.996
  1984   02    12.593
  1984   03    12.709
  1984   04    12.530
  1984   05    11.875
  1984   06    10.822
  1984   07     8.438
  1984   08     6.807
  1984   09     6.764
  1984   10     8.636
  1984   11     9.723
  1984   12    11.152
  1985   01    11.992
  1985   02    12.693
  1985   03    12.976
  1985   04    12.540
  1985   05    11.805
  1985   06    10.999
  1985   07     8.636
  1985   08     6.759
  1985   09     6.466
  1985   10     8.533
  1985   11     9.878
  1985   12    11.482
  1986   01    12.189
  1986   02    12.744
  1986   03    12.865
  1986   04    12.419
  1986   05    11.697
  1986   06    10.924
  1986   07     8.945
  1986   08     6.906
  1986   09     6.810
  1986   10     8.535
  1986   11     9.864
  1986   12    11.342
  1987   01    11.893
  1987   02    12.438
  1987   03    12.835
  1987   04    12.575
  1987   05    11.705
  1987   06    10.757
  1987   07     8.770
  1987   08     7.133
  1987   09     7.012
  1987   10     8.503
  1987   11     9.614
  1987   12    10.927
  1988   01    12.286
  1988   02    12.786
  1988   03    12.836
  1988   04    12.368
  1988   05    11.641
  1988   06    10.836
  1988   07     8.790
  1988   08     7.343
  1988   09     7.055
  1988   10     8.264
  1988   11     9.828
  1988   12    11.070
  1989   01    11.889
  1989   02    12.552
  1989   03    12.495
  1989   04    12.396
  1989   05    11.650
  1989   06    10.740
  1989   07     8.597
  1989   08     7.183
  1989   09     7.015
  1989   10     8.483
  1989   11     9.411
  1989   12    10.941
  1990   01    11.894
  1990   02    12.452
  1990   03    12.633
  1990   04    12.338
  1990   05    11.572
  1990   06    10.626
  1990   07     8.232
  1990   08     6.661
  1990   09     6.344
  1990   10     8.311
  1990   11     9.433
  1990   12    10.427
  1991   01    11.730
  1991   02    12.130
  1991   03    12.418
  1991   04    12.302
  1991   05    11.590
  1991   06    10.409
  1991   07     8.714
  1991   08     7.478
  1991   09     7.057
  1991   10     8.449
  1991   11     9.521
  1991   12    10.604
  1992   01    11.853
  1992   02    12.196
  1992   03    12.515
  1992   04    12.347
  1992   05    11.805
  1992   06    10.845
  1992   07     8.743
  1992   08     7.625
  1992   09     7.455
  1992   10     8.678
  1992   11     9.793
  1992   12    11.294
  1993   01    11.873
  1993   02    12.443
  1993   03    12.737
  1993   04    12.708
  1993   05    11.929
  1993   06    10.679
  1993   07     8.550
  1993   08     6.995
  1993   09     6.749
  1993   10     8.239
  1993   11     9.672
  1993   12    10.863
  1994   01    12.233
  1994   02    12.870
  1994   03    12.905
  1994   04    12.724
  1994   05    11.902
  1994   06    10.575
  1994   07     8.207
  1994   08     6.606
  1994   09     6.431
  1994   10     8.285
  1994   11     9.439
  1994   12    10.667
  1995   01    12.141
  1995   02    12.686
  1995   03    12.785
  1995   04    12.550
  1995   05    11.753
  1995   06    10.706
  1995   07     8.656
  1995   08     7.295
  1995   09     7.057
  1995   10     8.822
  1995   11     9.698
  1995   12    10.841
  1996   01    12.239
  1996   02    12.860
  1996   03    12.941
  1996   04    12.727
  1996   05    12.140
  1996   06    10.663
  1996   07     8.869
  1996   08     7.855
  1996   09     7.587
  1996   10     8.797
  1996   11     9.540
  1996   12    10.860
  1997   01    12.289
  1997   02    12.701
  1997   03    12.918
  1997   04    12.519
  1997   05    12.023
  1997   06    10.949
  1997   07     8.690
  1997   08     7.480
  1997   09     7.279
  1997   10     8.845
  1997   11     9.723
  1997   12    10.888
  1998   01    12.224
  1998   02    12.703
  1998   03    12.817
  1998   04    12.712
  1998   05    12.049
  1998   06    10.940
  1998   07     8.882
  1998   08     7.709
  1998   09     7.354
  1998   10     8.925
  1998   11    10.093
  1998   12    11.257
  1999   01    12.545
  1999   02    13.039
  1999   03    13.178
  1999   04    13.007
  1999   05    12.081
  1999   06    10.664
  1999   07     8.204
  1999   08     6.653
  1999   09     6.100
  1999   10     8.091
  1999   11     9.717
  1999   12    11.031
  2000   01    12.403
  2000   02    12.931
  2000   03    13.177
  2000   04    12.774
  2000   05    11.888
  2000   06    10.731
  2000   07     8.537
  2000   08     7.272
  2000   09     7.046
  2000   10     8.325
  2000   11     9.444
  2000   12    10.419
  2001   01    11.830
  2001   02    12.615
  2001   03    12.868
  2001   04    12.682
  2001   05    11.851
  2001   06    10.240
  2001   07     8.457
  2001   08     7.289
  2001   09     7.030
  2001   10     8.190
  2001   11     9.376
  2001   12    10.545
  2002   01    11.803
  2002   02    12.434
  2002   03    12.701
  2002   04    12.621
  2002   05    11.575
  2002   06    10.261
  2002   07     8.059
  2002   08     6.428
  2002   09     6.178
  2002   10     7.882
  2002   11     9.342
  2002   12    10.307
  2003   01    11.433
  2003   02    12.221
  2003   03    12.483
  2003   04    12.216
  2003   05    11.425
  2003   06    10.099
  2003   07     8.276
  2003   08     6.852
  2003   09     6.638
  2003   10     7.814
  2003   11     9.524
  2003   12    10.588
  2004   01    11.358
  2004   02    11.887
  2004   03    12.227
  2004   04    12.057
  2004   05    11.364
  2004   06    10.203
  2004   07     8.139
  2004   08     6.555
  2004   09     6.084
  2004   10     7.891
  2004   11     9.263
  2004   12    10.278
  2005   01    11.608
  2005   02    12.094
  2005   03    12.396
  2005   04    12.134
  2005   05    11.472
  2005   06    10.640
  2005   07     8.299
  2005   08     6.732
  2005   09     6.415
  2005   10     8.178
  2005   11     9.281
  2005   12    10.480
  2006   01    11.534
  2006   02    12.044
  2006   03    12.297
  2006   04    11.938
  2006   05    11.382
  2006   06    10.333
  2006   07     7.951
  2006   08     6.820
  2006   09     6.400
  2006   10     7.610
  2006   11     9.336
  2006   12    10.538
  2007   01    11.734
  2007   02    12.228
  2007   03    12.417
  2007   04    12.230
  2007   05    11.533
  2007   06    10.640
  2007   07     8.307
  2007   08     6.701
  2007   09     6.219
  2007   10     7.828
  2007   11     9.511
  2007   12    10.648
  2008   01    11.683
  2008   02    12.132
  2008   03    12.289
  2008   04    12.141
  2008   05    11.537
  2008   06    10.358
  2008   07     8.511
  2008   08     6.961
  2008   09     6.625
  2008   10     8.159
  2008   11     9.382
  2008   12    10.337
  2009   01    11.530
  2009   02    12.090
  2009   03    12.400
  2009   04    12.203
  2009   05    11.431
  2009   06     9.950
  2009   07     8.261
  2009   08     6.984
  2009   09     6.961
  2009   10     8.431
  2009   11     9.306
  2009   12    10.168
  2010   01    11.652
  2010   02    12.213
  2010   03    12.441
  2010   04    12.297
  2010   05    11.623
  2010   06    10.225
  2010   07     8.180
  2010   08     6.611
  2010   09     6.178
  2010   10     8.264
  2010   11     9.503
  2010   12    10.380
  2011   01    11.986
  2011   02    12.532
  2011   03    12.670
  2011   04    12.508
  2011   05    11.789
  2011   06    10.270
  2011   07     8.013
  2011   08     6.222
  2011   09     6.079
  2011   10     7.070
  2011   11     9.430
  2011   12    10.488
  2012   01    11.990
  2012   02    12.405
  2012   03    12.630
  2012   04    12.343
  2012   05    11.707
  2012   06    10.031
  2012   07     8.166
  2012   08     6.476
  2012   09     6.160
  2012   10     8.170
  2012   11     9.356
  2012   12    10.687
  2013   01    11.632
  2013   02    12.239
  2013   03    12.335
  2013   04    12.062
  2013   05    11.392
  2013   06    10.174
  2013   07     7.727
  2013   08     5.664
  2013   09     5.232
  2013   10     6.905
  2013   11     9.223
  2013   12    10.493
  2014   01    11.374
  2014   02    11.933
  2014   03    12.262
  2014   04    12.042
  2014   05    11.412
  2014   06    10.037
  2014   07     7.793
  2014   08     5.731
  2014   09     5.214
  2014   10     6.927
  2014   11     9.322
  2014   12    10.466
  2015   01    11.720
  2015   02    12.404
  2015   03    12.723
  2015   04    12.530
  2015   05    11.807
  2015   06    10.527
  2015   07     8.115
  2015   08     5.880
  2015   09     5.354
  2015   10     7.582
  2015   11     9.330
  2015   12    10.430
  2016   01    11.880
  2016   02    12.381
  2016   03    12.519
  2016   04    12.341
  2016   05    11.611
  2016   06    10.423
  2016   07     7.819
  2016   08     5.549
  2016   09     4.972
  2016   10     6.966
  2016   11     9.254
  2016   12    10.546
  2017   01    11.777
  2017   02    12.309
  2017   03    12.623
  2017   04    12.205
  2017   05    11.383
  2017   06     9.721
  2017   07     7.905
  2017   08     5.925
  2017   09     5.545
  2017   10     7.401
  2017   11     9.262
  2017   12    10.566
  2018   01    11.650
  2018   02    11.859
  2018   03    12.050
  2018   04    12.068
  2018   05    11.247
  2018   06     9.792
  2018   07     7.538
  2018   08     6.032
  2018   09     5.550
  2018   10     7.309
  2018   11     8.894
  2018   12     9.923
  2019   01    11.392
  2019   02    12.047
  2019   03    12.176
  2019   04    11.963
  2019   05    11.074
  2019   06     9.894
  2019   07     7.404
  2019   08     5.338
  2019   09     4.876
  2019   10     6.968
  2019   11     8.637
  2019   12    10.104
  2020   01    11.109
  2020   02    11.664
  2020   03    11.864
  2020   04    11.612
  2020   05    10.975
  2020   06     9.442
  2020   07     6.848
  2020   08     5.177
  2020   09     4.719
  2020   10     5.892
  2020   11     8.419
  2020   12     9.790
  2021   01    11.094
  2021   02    11.585
  2021   03    12.025
  2021   04    11.744
  2021   05    11.091
  2021   06     9.600
  2021   07     7.269
  2021   08     5.509
  2021   09     5.006
  2021   10     6.493
  2021   11     8.779
  2021   12     9.823
  2022   01    11.263
  2022   02    11.904
  2022   03    11.930
  2022   04    11.724
  2022   05    11.274
  2022   06     9.829
  2022   07     7.397
  2022   08     5.283
  2022   09     4.818
  2022   10     6.825
  2022   11     8.981
  2022   12     9.812
  2023   01    11.321
  2023   02    11.807
  2023   03    12.247
  2023   04    12.012
  2023   05    11.240
  2023   06     9.477
  2023   07     7.274
  2023   08     5.398
  2023   09     4.971
  2023   10     6.791
  2023   11     8.962
  2023   12    10.069
  2024   01    11.486
  2024   02    12.214
  2024   03    12.633
  2024   04    12.412
  2024   05    11.400
  2024   06     9.739
  2024   07     7.020
  2024   08     5.316
  2024   09     4.842
  2024   10     6.335
  2024   11     8.993
  2024   12    10.128
  2025   01    11.161
  2025   02    12.224
  2025   03    12.623
  2025   04    12.441
  2025   05    11.319
  2025   06     9.458
  2025   07     7.274
  2025   08     5.306
  2025   09     4.622
  2025   10     6.187
  2025   11     8.732
  2025   12     9.804
  2026   01    11.324
  2026   02    11.954
  2026   03    12.314
  2026   04    12.293
  2026   05    11.279
  2026   06     9.683
  2026   07     7.355
  2026   08     5.444
  2026   09     4.838
  2026   10     6.796
  2026   11     8.860
  2026   12     9.937
  2027   01    11.279
  2027   02    12.129
  2027   03    12.510
  2027   04    12.304
  2027   05    11.242
  2027   06     9.479
  2027   07     7.716
  2027   08     5.452
  2027   09     5.115
  2027   10     6.620
  2027   11     9.123
  2027   12    10.231
  2028   01    11.755
  2028   02    12.265
  2028   03    12.553
  2028   04    12.219
  2028   05    11.530
  2028   06    10.292
  2028   07     7.693
  2028   08     5.943
  2028   09     5.061
  2028   10     6.824
  2028   11     8.836
  2028   12    10.218
  2029   01    11.471
  2029   02    12.175
  2029   03    12.236
  2029   04    12.121
  2029   05    11.279
  2029   06     9.527
  2029   07     7.365
  2029   08     5.137
  2029   09     4.695
  2029   10     7.077
  2029   11     8.971
  2029   12     9.851
  2030   01    11.082
  2030   02    12.046
  2030   03    12.322
  2030   04    12.057
  2030   05    11.177
  2030   06     9.378
  2030   07     6.689
  2030   08     4.771
  2030   09     4.344
  2030   10     6.100
  2030   11     8.839
  2030   12     9.710
  2031   01    10.982
  2031   02    11.725
  2031   03    11.956
  2031   04    11.580
  2031   05    10.871
  2031   06     8.994
  2031   07     6.598
  2031   08     4.521
  2031   09     4.047
  2031   10     5.545
  2031   11     8.259
  2031   12     9.887
  2032   01    11.135
  2032   02    11.796
  2032   03    12.103
  2032   04    11.923
  2032   05    11.097
  2032   06     9.159
  2032   07     6.929
  2032   08     4.682
  2032   09     4.161
  2032   10     6.704
  2032   11     8.528
  2032   12     9.895
  2033   01    11.283
  2033   02    11.923
  2033   03    12.235
  2033   04    11.980
  2033   05    11.198
  2033   06     9.545
  2033   07     7.658
  2033   08     5.561
  2033   09     5.003
  2033   10     7.204
  2033   11     8.915
  2033   12    10.080
  2034   01    11.261
  2034   02    11.884
  2034   03    12.212
  2034   04    11.964
  2034   05    11.261
  2034   06     9.975
  2034   07     7.599
  2034   08     5.340
  2034   09     5.011
  2034   10     6.553
  2034   11     8.669
  2034   12    10.067
  2035   01    11.172
  2035   02    11.913
  2035   03    12.256
  2035   04    12.077
  2035   05    11.297
  2035   06     9.516
  2035   07     7.407
  2035   08     5.259
  2035   09     4.755
  2035   10     6.404
  2035   11     8.379
  2035   12     9.831
  2036   01    11.215
  2036   02    11.765
  2036   03    12.201
  2036   04    11.815
  2036   05    11.044
  2036   06     9.191
  2036   07     6.842
  2036   08     5.170
  2036   09     4.729
  2036   10     6.242
  2036   11     8.306
  2036   12     9.668
  2037   01    10.943
  2037   02    11.896
  2037   03    12.302
  2037   04    12.086
  2037   05    11.464
  2037   06     9.586
  2037   07     7.436
  2037   08     4.607
  2037   09     4.205
  2037   10     5.451
  2037   11     8.449
  2037   12     9.816
  2038   01    11.236
  2038   02    11.762
  2038   03    12.085
  2038   04    11.847
  2038   05    11.337
  2038   06     9.764
  2038   07     6.829
  2038   08     4.564
  2038   09     4.020
  2038   10     5.513
  2038   11     8.449
  2038   12     9.594
  2039   01    10.665
  2039   02    11.792
  2039   03    11.905
  2039   04    11.816
  2039   05    11.135
  2039   06     8.865
  2039   07     6.391
  2039   08     4.058
  2039   09     3.847
  2039   10     4.854
  2039   11     7.971
  2039   12     9.489
  2040   01    10.888
  2040   02    11.813
  2040   03    12.164
  2040   04    11.787
  2040   05    11.219
  2040   06     9.110
  2040   07     6.756
  2040   08     4.246
  2040   09     3.661
  2040   10     5.120
  2040   11     7.917
  2040   12     9.205
  2041   01    10.860
  2041   02    11.397
  2041   03    11.686
  2041   04    11.445
  2041   05    10.885
  2041   06     8.897
  2041   07     6.936
  2041   08     4.374
  2041   09     3.756
  2041   10     5.133
  2041   11     8.454
  2041   12     9.856
  2042   01    11.065
  2042   02    11.471
  2042   03    11.843
  2042   04    11.615
  2042   05    10.867
  2042   06     9.396
  2042   07     6.308
  2042   08     4.231
  2042   09     3.808
  2042   10     5.258
  2042   11     8.098
  2042   12     9.340
  2043   01    10.820
  2043   02    11.555
  2043   03    11.631
  2043   04    11.285
  2043   05    10.379
  2043   06     8.364
  2043   07     6.270
  2043   08     4.266
  2043   09     3.720
  2043   10     5.210
  2043   11     7.854
  2043   12     8.928
  2044   01    10.345
  2044   02    11.190
  2044   03    11.362
  2044   04    11.014
  2044   05    10.342
  2044   06     8.511
  2044   07     6.358
  2044   08     4.588
  2044   09     4.099
  2044   10     5.068
  2044   11     7.827
  2044   12     9.158
  2045   01    10.168
  2045   02    11.161
  2045   03    11.523
  2045   04    11.032
  2045   05    10.362
  2045   06     8.292
  2045   07     6.092
  2045   08     4.378
  2045   09     3.826
  2045   10     5.072
  2045   11     7.551
  2045   12     8.969
  2046   01    10.344
  2046   02    11.364
  2046   03    11.721
  2046   04    11.264
  2046   05    10.129
  2046   06     7.570
  2046   07     5.360
  2046   08     3.425
  2046   09     2.891
  2046   10     4.282
  2046   11     7.530
  2046   12     9.131
  2047   01    10.761
  2047   02    11.264
  2047   03    11.743
  2047   04    11.382
  2047   05    10.405
  2047   06     8.262
  2047   07     5.489
  2047   08     3.200
  2047   09     2.807
  2047   10     4.097
  2047   11     7.465
  2047   12     8.873
  2048   01    10.428
  2048   02    11.272
  2048   03    11.607
  2048   04    11.247
  2048   05    10.186
  2048   06     8.103
  2048   07     5.530
  2048   08     3.102
  2048   09     2.634
  2048   10     3.675
  2048   11     7.879
  2048   12     9.112
  2049   01    10.283
  2049   02    11.302
  2049   03    11.448
  2049   04    11.238
  2049   05    10.397
  2049   06     8.080
  2049   07     5.858
  2049   08     3.100
  2049   09     2.780
  2049   10     4.109
  2049   11     7.603
  2049   12     9.009
  2050   01    10.254
  2050   02    11.293
  2050   03    11.504
  2050   04    11.227
  2050   05    10.404
  2050   06     8.464
  2050   07     6.177
  2050   08     3.229
  2050   09     2.638
  2050   10     3.932
  2050   11     7.901
  2050   12     9.213
  2051   01    10.676
  2051   02    11.298
  2051   03    11.619
  2051   04    11.406
  2051   05    10.407
  2051   06     8.052
  2051   07     5.835
  2051   08     3.239
  2051   09     2.504
  2051   10     4.230
  2051   11     7.558
  2051   12     9.172
  2052   01    10.747
  2052   02    11.656
  2052   03    11.829
  2052   04    11.583
  2052   05    10.849
  2052   06     8.774
  2052   07     6.540
  2052   08     4.006
  2052   09     3.475
  2052   10     5.170
  2052   11     8.158
  2052   12     9.359
  2053   01    10.730
  2053   02    11.546
  2053   03    11.840
  2053   04    11.817
  2053   05    10.848
  2053   06     8.649
  2053   07     6.319
  2053   08     3.668
  2053   09     3.015
  2053   10     4.417
  2053   11     8.043
  2053   12     9.458
  2054   01    11.249
  2054   02    11.704
  2054   03    11.959
  2054   04    11.516
  2054   05    10.763
  2054   06     8.581
  2054   07     5.957
  2054   08     3.137
  2054   09     2.746
  2054   10     3.923
  2054   11     7.630
  2054   12     9.659
  2055   01    10.916
  2055   02    11.500
  2055   03    11.770
  2055   04    11.386
  2055   05    10.741
  2055   06     9.543
  2055   07     6.570
  2055   08     3.763
  2055   09     3.132
  2055   10     4.627
  2055   11     7.571
  2055   12     9.338
  2056   01    10.696
  2056   02    11.026
  2056   03    11.190
  2056   04    10.958
  2056   05    10.172
  2056   06     8.129
  2056   07     5.944
  2056   08     3.764
  2056   09     3.199
  2056   10     4.646
  2056   11     7.350
  2056   12     8.784
  2057   01    10.370
  2057   02    11.108
  2057   03    11.231
  2057   04    11.025
  2057   05    10.389
  2057   06     8.410
  2057   07     6.094
  2057   08     3.790
  2057   09     2.754
  2057   10     4.702
  2057   11     7.518
  2057   12     9.227
  2058   01    10.482
  2058   02    11.086
  2058   03    11.156
  2058   04    10.863
  2058   05     9.911
  2058   06     7.921
  2058   07     5.767
  2058   08     3.874
  2058   09     3.286
  2058   10     4.783
  2058   11     7.557
  2058   12     8.574
  2059   01    10.062
  2059   02    10.872
  2059   03    10.944
  2059   04    10.749
  2059   05     9.959
  2059   06     7.801
  2059   07     5.975
  2059   08     3.886
  2059   09     3.308
  2059   10     4.491
  2059   11     7.360
  2059   12     8.820
  2060   01    10.175
  2060   02    10.798
  2060   03    10.728
  2060   04    10.577
  2060   05     9.984
  2060   06     8.071
  2060   07     5.664
  2060   08     3.528
  2060   09     2.902
  2060   10     3.961
  2060   11     6.903
  2060   12     8.610
  2061   01    10.171
  2061   02    10.997
  2061   03    11.106
  2061   04    11.023
  2061   05    10.371
  2061   06     8.267
  2061   07     5.167
  2061   08     3.134
  2061   09     2.555
  2061   10     3.542
  2061   11     6.807
  2061   12     8.743
  2062   01    10.018
  2062   02    10.737
  2062   03    11.033
  2062   04    10.993
  2062   05    10.033
  2062   06     7.789
  2062   07     5.315
  2062   08     2.778
  2062   09     2.098
  2062   10     3.544
  2062   11     7.156
  2062   12     8.781
  2063   01     9.704
  2063   02    10.512
  2063   03    10.832
  2063   04    10.626
  2063   05     9.887
  2063   06     8.231
  2063   07     5.502
  2063   08     3.152
  2063   09     2.624
  2063   10     3.896
  2063   11     7.407
  2063   12     8.904
  2064   01    10.047
  2064   02    10.901
  2064   03    11.298
  2064   04    11.013
  2064   05    10.044
  2064   06     8.598
  2064   07     6.345
  2064   08     3.287
  2064   09     2.709
  2064   10     4.007
  2064   11     7.915
  2064   12     9.164
  2065   01    10.530
  2065   02    11.507
  2065   03    11.615
  2065   04    11.382
  2065   05    10.483
  2065   06     8.076
  2065   07     5.639
  2065   08     3.093
  2065   09     2.607
  2065   10     4.084
  2065   11     7.810
  2065   12     9.147
  2066   01    10.294
  2066   02    11.289
  2066   03    11.527
  2066   04    11.355
  2066   05    10.405
  2066   06     7.619
  2066   07     5.184
  2066   08     2.628
  2066   09     2.031
  2066   10     3.260
  2066   11     6.892
  2066   12     8.872
  2067   01    10.077
  2067   02    11.166
  2067   03    11.452
  2067   04    11.189
  2067   05    10.324
  2067   06     7.846
  2067   07     5.197
  2067   08     2.896
  2067   09     2.387
  2067   10     3.487
  2067   11     7.012
  2067   12     8.825
  2068   01    10.111
  2068   02    11.158
  2068   03    11.326
  2068   04    11.132
  2068   05    10.100
  2068   06     7.987
  2068   07     6.110
  2068   08     3.190
  2068   09     2.523
  2068   10     4.046
  2068   11     7.326
  2068   12     8.764
  2069   01     9.904
  2069   02    11.060
  2069   03    11.215
  2069   04    10.972
  2069   05    10.441
  2069   06     8.183
  2069   07     6.338
  2069   08     4.077
  2069   09     3.640
  2069   10     5.319
  2069   11     7.677
  2069   12     8.768
  2070   01    10.056
  2070   02    10.857
  2070   03    10.915
  2070   04    10.826
  2070   05    10.170
  2070   06     7.871
  2070   07     5.388
  2070   08     3.244
  2070   09     2.635
  2070   10     3.859
  2070   11     6.830
  2070   12     8.586
  2071   01     9.520
  2071   02    10.654
  2071   03    10.794
  2071   04    10.620
  2071   05     9.861
  2071   06     7.342
  2071   07     4.515
  2071   08     2.072
  2071   09     1.780
  2071   10     3.009
  2071   11     5.510
  2071   12     8.563
  2072   01    10.002
  2072   02    10.977
  2072   03    10.969
  2072   04    10.744
  2072   05     9.680
  2072   06     7.780
  2072   07     4.909
  2072   08     2.196
  2072   09     1.430
  2072   10     2.996
  2072   11     6.005
  2072   12     8.485
  2073   01     9.998
  2073   02    10.838
  2073   03    11.186
  2073   04    11.011
  2073   05     9.889
  2073   06     7.833
  2073   07     5.356
  2073   08     2.698
  2073   09     1.876
  2073   10     3.478
  2073   11     7.062
  2073   12     8.445
  2074   01     9.735
  2074   02    10.729
  2074   03    11.006
  2074   04    10.612
  2074   05     9.763
  2074   06     7.231
  2074   07     4.662
  2074   08     1.660
  2074   09     1.037
  2074   10     3.114
  2074   11     6.177
  2074   12     8.600
  2075   01     9.751
  2075   02    10.629
  2075   03    10.830
  2075   04    10.767
  2075   05     9.917
  2075   06     7.688
  2075   07     4.802
  2075   08     2.174
  2075   09     1.262
  2075   10     2.938
  2075   11     6.793
  2075   12     8.645
  2076   01    10.165
  2076   02    10.713
  2076   03    10.977
  2076   04    10.697
  2076   05     9.732
  2076   06     7.080
  2076   07     4.230
  2076   08     2.302
  2076   09     1.755
  2076   10     2.719
  2076   11     5.139
  2076   12     8.217
  2077   01     9.357
  2077   02    10.510
  2077   03    10.863
  2077   04    10.555
  2077   05     9.255
  2077   06     7.399
  2077   07     4.908
  2077   08     2.107
  2077   09     1.423
  2077   10     2.913
  2077   11     6.510
  2077   12     8.393
  2078   01     9.602
  2078   02    10.631
  2078   03    10.889
  2078   04    10.602
  2078   05     9.478
  2078   06     6.971
  2078   07     4.465
  2078   08     2.080
  2078   09     1.271
  2078   10     2.732
  2078   11     6.278
  2078   12     8.672
  2079   01     9.993
  2079   02    10.746
  2079   03    11.044
  2079   04    10.854
  2079   05     9.949
  2079   06     7.957
  2079   07     4.912
  2079   08     2.132
  2079   09     1.740
  2079   10     2.867
  2079   11     6.650
  2079   12     8.599
  2080   01    10.154
  2080   02    10.910
  2080   03    11.046
  2080   04    10.947
  2080   05    10.029
  2080   06     7.719
  2080   07     5.622
  2080   08     3.098
  2080   09     2.122
  2080   10     3.466
  2080   11     6.493
  2080   12     8.564
  2081   01     9.738
  2081   02    10.832
  2081   03    11.022
  2081   04    10.602
  2081   05     9.772
  2081   06     7.429
  2081   07     4.886
  2081   08     2.404
  2081   09     1.867
  2081   10     3.057
  2081   11     6.864
  2081   12     8.577
  2082   01     9.983
  2082   02    10.647
  2082   03    11.035
  2082   04    10.783
  2082   05     9.857
  2082   06     7.487
  2082   07     5.090
  2082   08     2.427
  2082   09     1.837
  2082   10     3.194
  2082   11     6.911
  2082   12     8.304
  2083   01     9.566
  2083   02    10.860
  2083   03    11.146
  2083   04    10.864
  2083   05    10.071
  2083   06     7.453
  2083   07     4.895
  2083   08     2.384
  2083   09     2.177
  2083   10     3.485
  2083   11     6.905
  2083   12     8.642
  2084   01    10.188
  2084   02    10.944
  2084   03    11.271
  2084   04    11.140
  2084   05    10.430
  2084   06     8.317
  2084   07     4.868
  2084   08     2.416
  2084   09     2.092
  2084   10     3.356
  2084   11     7.112
  2084   12     8.846
  2085   01    10.085
  2085   02    11.023
  2085   03    11.263
  2085   04    10.940
  2085   05    10.246
  2085   06     8.269
  2085   07     5.474
  2085   08     2.538
  2085   09     2.040
  2085   10     3.390
  2085   11     7.293
  2085   12     9.155
  2086   01    10.619
  2086   02    11.077
  2086   03    11.358
  2086   04    11.361
  2086   05    10.001
  2086   06     8.104
  2086   07     5.665
  2086   08     2.218
  2086   09     1.803
  2086   10     4.311
  2086   11     7.489
  2086   12     9.028
  2087   01     9.955
  2087   02    10.923
  2087   03    11.070
  2087   04    10.873
  2087   05     9.630
  2087   06     7.651
  2087   07     5.725
  2087   08     3.189
  2087   09     2.161
  2087   10     4.061
  2087   11     7.426
  2087   12     8.654
  2088   01     9.569
  2088   02    10.704
  2088   03    10.869
  2088   04    10.709
  2088   05    10.107
  2088   06     7.880
  2088   07     5.524
  2088   08     2.589
  2088   09     2.077
  2088   10     3.511
  2088   11     6.470
  2088   12     8.771
  2089   01    10.273
  2089   02    11.040
  2089   03    11.257
  2089   04    11.105
  2089   05    10.373
  2089   06     8.089
  2089   07     4.848
  2089   08     2.155
  2089   09     1.818
  2089   10     3.266
  2089   11     6.814
  2089   12     8.955
  2090   01    10.223
  2090   02    11.193
  2090   03    11.368
  2090   04    11.219
  2090   05    10.270
  2090   06     8.396
  2090   07     5.309
  2090   08     2.424
  2090   09     1.889
  2090   10     3.704
  2090   11     6.931
  2090   12     9.051
  2091   01    10.493
  2091   02    10.970
  2091   03    11.219
  2091   04    11.012
  2091   05    10.195
  2091   06     7.928
  2091   07     5.420
  2091   08     2.263
  2091   09     1.893
  2091   10     3.917
  2091   11     7.090
  2091   12     8.747
  2092   01    10.208
  2092   02    11.028
  2092   03    11.238
  2092   04    11.119
  2092   05    10.228
  2092   06     8.270
  2092   07     5.286
  2092   08     2.494
  2092   09     1.608
  2092   10     3.308
  2092   11     5.801
  2092   12     8.759
  2093   01    10.116
  2093   02    10.938
  2093   03    11.036
  2093   04    10.920
  2093   05     9.984
  2093   06     7.467
  2093   07     5.546
  2093   08     3.010
  2093   09     2.554
  2093   10     4.394
  2093   11     7.068
  2093   12     8.677
  2094   01    10.234
  2094   02    10.587
  2094   03    10.927
  2094   04    10.785
  2094   05     9.867
  2094   06     7.817
  2094   07     5.308
  2094   08     2.818
  2094   09     2.334
  2094   10     3.515
  2094   11     7.017
  2094   12     8.502
  2095   01     9.736
  2095   02    10.521
  2095   03    10.831
  2095   04    10.490
  2095   05     9.701
  2095   06     7.749
  2095   07     6.287
  2095   08     3.219
  2095   09     2.727
  2095   10     3.606
  2095   11     7.586
  2095   12     8.734
  2096   01    10.286
  2096   02    10.917
  2096   03    10.929
  2096   04    10.651
  2096   05    10.091
  2096   06     8.237
  2096   07     6.282
  2096   08     3.440
  2096   09     2.732
  2096   10     4.520
  2096   11     7.375
  2096   12     8.612
  2097   01     9.798
  2097   02    10.741
  2097   03    10.970
  2097   04    10.316
  2097   05     9.488
  2097   06     7.219
  2097   07     4.674
  2097   08     2.433
  2097   09     2.106
  2097   10     3.547
  2097   11     6.882
  2097   12     8.538
  2098   01    10.191
  2098   02    10.667
  2098   03    10.811
  2098   04    10.542
  2098   05     9.815
  2098   06     7.997
  2098   07     4.615
  2098   08     2.238
  2098   09     1.722
  2098   10     3.032
  2098   11     5.457
  2098   12     8.271
  2099   01     9.391
  2099   02    10.321
  2099   03    10.629
  2099   04    10.389
  2099   05     9.468
  2099   06     7.058
  2099   07     3.933
  2099   08     1.818
  2099   09     1.203
  2099   10     2.523
  2099   11     5.556
  2099   12     8.352
  2100   01     9.969
  2100   02    10.851
  2100   03    11.130
  2100   04    10.847
  2100   05     9.650
  2100   06     7.509
  2100   07     4.705
  2100   08     0.966
  2100   09     0.173
  2100   10     2.127
  2100   11     6.510
  2100   12     8.667
