  1850   01    14.998
  1850   02    15.659
  1850   03    15.715
  1850   04    15.149
  1850   05    13.828
  1850   06    12.676
  1850   07    10.605
  1850   08     9.034
  1850   09     8.164
  1850   10     9.822
  1850   11    11.829
  1850   12    13.668
  1851   01    14.587
  1851   02    15.232
  1851   03    15.162
  1851   04    14.643
  1851   05    13.669
  1851   06    12.308
  1851   07    10.470
  1851   08     8.250
  1851   09     7.567
  1851   10     9.684
  1851   11    11.779
  1851   12    13.707
  1852   01    14.648
  1852   02    15.192
  1852   03    15.227
  1852   04    14.662
  1852   05    13.748
  1852   06    12.282
  1852   07    10.618
  1852   08     9.235
  1852   09     8.309
  1852   10    10.408
  1852   11    11.909
  1852   12    13.646
  1853   01    14.679
  1853   02    15.256
  1853   03    15.392
  1853   04    14.858
  1853   05    13.887
  1853   06    12.376
  1853   07    10.775
  1853   08     8.542
  1853   09     7.722
  1853   10     9.955
  1853   11    11.871
  1853   12    13.797
  1854   01    14.751
  1854   02    15.386
  1854   03    15.438
  1854   04    14.770
  1854   05    13.677
  1854   06    12.227
  1854   07    10.782
  1854   08     8.515
  1854   09     7.564
  1854   10     9.695
  1854   11    12.087
  1854   12    13.426
  1855   01    14.519
  1855   02    14.919
  1855   03    14.872
  1855   04    14.621
  1855   05    13.438
  1855   06    11.746
  1855   07    10.463
  1855   08     9.069
  1855   09     8.382
  1855   10    10.256
  1855   11    11.789
  1855   12    13.542
  1856   01    14.670
  1856   02    15.138
  1856   03    15.311
  1856   04    14.872
  1856   05    14.146
  1856   06    12.607
  1856   07    10.673
  1856   08     9.124
  1856   09     8.783
  1856   10    10.355
  1856   11    12.139
  1856   12    13.850
  1857   01    14.810
  1857   02    15.162
  1857   03    15.055
  1857   04    14.704
  1857   05    13.822
  1857   06    12.326
  1857   07    11.026
  1857   08     9.523
  1857   09     9.265
  1857   10    10.544
  1857   11    11.861
  1857   12    13.698
  1858   01    14.536
  1858   02    15.178
  1858   03    15.306
  1858   04    14.713
  1858   05    13.687
  1858   06    12.602
  1858   07    10.794
  1858   08     9.112
  1858   09     8.720
  1858   10    10.219
  1858   11    11.795
  1858   12    13.861
  1859   01    14.763
  1859   02    15.210
  1859   03    15.215
  1859   04    14.513
  1859   05    13.743
  1859   06    12.339
  1859   07    10.554
  1859   08     9.159
  1859   09     8.744
  1859   10    10.281
  1859   11    11.964
  1859   12    13.998
  1860   01    14.733
  1860   02    15.292
  1860   03    15.014
  1860   04    14.493
  1860   05    13.462
  1860   06    12.160
  1860   07    10.124
  1860   08     8.805
  1860   09     8.573
  1860   10     9.834
  1860   11    11.788
  1860   12    13.293
  1861   01    14.680
  1861   02    15.025
  1861   03    15.239
  1861   04    14.766
  1861   05    13.785
  1861   06    12.272
  1861   07    10.854
  1861   08     9.248
  1861   09     8.848
  1861   10    10.390
  1861   11    12.153
  1861   12    14.155
  1862   01    14.937
  1862   02    15.501
  1862   03    15.411
  1862   04    15.136
  1862   05    14.095
  1862   06    12.447
  1862   07    11.129
  1862   08     9.595
  1862   09     8.816
  1862   10    10.527
  1862   11    12.052
  1862   12    13.786
  1863   01    14.926
  1863   02    15.511
  1863   03    15.374
  1863   04    14.873
  1863   05    13.411
  1863   06    12.325
  1863   07    10.503
  1863   08     9.278
  1863   09     8.643
  1863   10    10.547
  1863   11    12.011
  1863   12    13.444
  1864   01    14.729
  1864   02    15.224
  1864   03    15.246
  1864   04    14.654
  1864   05    13.540
  1864   06    11.962
  1864   07    10.781
  1864   08     9.479
  1864   09     8.736
  1864   10    10.214
  1864   11    12.006
  1864   12    13.378
  1865   01    14.499
  1865   02    15.062
  1865   03    15.045
  1865   04    14.689
  1865   05    13.448
  1865   06    12.001
  1865   07    10.342
  1865   08     7.935
  1865   09     7.631
  1865   10     9.847
  1865   11    11.403
  1865   12    13.256
  1866   01    14.328
  1866   02    14.975
  1866   03    15.185
  1866   04    14.468
  1866   05    13.546
  1866   06    11.965
  1866   07     9.801
  1866   08     7.702
  1866   09     7.241
  1866   10     9.470
  1866   11    11.231
  1866   12    13.000
  1867   01    14.259
  1867   02    14.818
  1867   03    15.027
  1867   04    14.726
  1867   05    13.600
  1867   06    12.100
  1867   07    10.319
  1867   08     8.453
  1867   09     7.889
  1867   10     9.870
  1867   11    11.668
  1867   12    13.424
  1868   01    14.567
  1868   02    15.116
  1868   03    15.150
  1868   04    14.756
  1868   05    13.708
  1868   06    12.188
  1868   07    10.104
  1868   08     8.820
  1868   09     8.495
  1868   10    10.461
  1868   11    12.326
  1868   12    13.712
  1869   01    14.531
  1869   02    15.260
  1869   03    15.137
  1869   04    14.762
  1869   05    13.812
  1869   06    12.447
  1869   07    10.845
  1869   08     9.354
  1869   09     8.492
  1869   10    10.521
  1869   11    11.889
  1869   12    13.626
  1870   01    14.649
  1870   02    15.187
  1870   03    15.327
  1870   04    14.985
  1870   05    14.224
  1870   06    12.961
  1870   07    11.270
  1870   08     9.841
  1870   09     8.989
  1870   10    10.687
  1870   11    12.358
  1870   12    14.060
  1871   01    14.920
  1871   02    15.450
  1871   03    15.427
  1871   04    14.800
  1871   05    14.341
  1871   06    12.733
  1871   07    11.015
  1871   08     9.510
  1871   09     9.047
  1871   10    10.459
  1871   11    12.179
  1871   12    13.856
  1872   01    15.075
  1872   02    15.485
  1872   03    15.505
  1872   04    14.971
  1872   05    14.106
  1872   06    12.659
  1872   07    10.996
  1872   08     9.332
  1872   09     8.285
  1872   10    10.295
  1872   11    12.235
  1872   12    13.883
  1873   01    14.806
  1873   02    15.342
  1873   03    15.650
  1873   04    14.737
  1873   05    13.829
  1873   06    12.282
  1873   07    10.077
  1873   08     8.475
  1873   09     8.184
  1873   10    10.064
  1873   11    11.584
  1873   12    13.591
  1874   01    14.592
  1874   02    15.222
  1874   03    15.188
  1874   04    14.879
  1874   05    13.873
  1874   06    12.234
  1874   07    10.751
  1874   08     9.191
  1874   09     8.933
  1874   10    10.017
  1874   11    11.638
  1874   12    13.482
  1875   01    14.829
  1875   02    15.445
  1875   03    15.401
  1875   04    15.152
  1875   05    13.968
  1875   06    12.694
  1875   07    11.125
  1875   08     9.261
  1875   09     8.401
  1875   10    10.400
  1875   11    12.286
  1875   12    13.959
  1876   01    14.979
  1876   02    15.251
  1876   03    15.402
  1876   04    14.949
  1876   05    14.083
  1876   06    12.643
  1876   07    10.550
  1876   08     8.648
  1876   09     8.274
  1876   10    10.454
  1876   11    12.452
  1876   12    13.963
  1877   01    14.812
  1877   02    15.423
  1877   03    15.454
  1877   04    14.925
  1877   05    13.744
  1877   06    12.712
  1877   07    10.851
  1877   08     9.222
  1877   09     8.874
  1877   10    10.319
  1877   11    12.545
  1877   12    13.997
  1878   01    14.886
  1878   02    15.433
  1878   03    15.206
  1878   04    14.900
  1878   05    13.896
  1878   06    12.581
  1878   07    11.039
  1878   08     9.263
  1878   09     8.263
  1878   10    10.153
  1878   11    11.711
  1878   12    14.266
  1879   01    14.870
  1879   02    15.352
  1879   03    15.198
  1879   04    14.631
  1879   05    13.956
  1879   06    12.657
  1879   07    10.578
  1879   08     8.669
  1879   09     8.329
  1879   10    10.244
  1879   11    11.932
  1879   12    13.907
  1880   01    14.947
  1880   02    15.384
  1880   03    15.186
  1880   04    14.968
  1880   05    13.933
  1880   06    12.714
  1880   07    11.266
  1880   08     9.747
  1880   09     9.053
  1880   10    10.731
  1880   11    12.122
  1880   12    13.775
  1881   01    14.683
  1881   02    15.486
  1881   03    15.662
  1881   04    14.883
  1881   05    13.820
  1881   06    12.583
  1881   07    10.913
  1881   08     8.805
  1881   09     7.861
  1881   10     9.952
  1881   11    11.851
  1881   12    14.257
  1882   01    15.137
  1882   02    15.496
  1882   03    15.685
  1882   04    14.920
  1882   05    14.011
  1882   06    12.609
  1882   07    10.821
  1882   08     9.121
  1882   09     8.434
  1882   10    10.265
  1882   11    11.441
  1882   12    13.674
  1883   01    14.684
  1883   02    15.327
  1883   03    15.464
  1883   04    14.858
  1883   05    13.770
  1883   06    12.494
  1883   07    10.680
  1883   08     9.257
  1883   09     8.626
  1883   10    10.381
  1883   11    11.997
  1883   12    13.944
  1884   01    14.835
  1884   02    15.232
  1884   03    15.206
  1884   04    15.079
  1884   05    14.178
  1884   06    12.694
  1884   07    11.252
  1884   08    10.039
  1884   09     9.116
  1884   10    10.849
  1884   11    12.474
  1884   12    14.400
  1885   01    15.304
  1885   02    15.779
  1885   03    15.935
  1885   04    15.289
  1885   05    14.306
  1885   06    12.875
  1885   07    11.512
  1885   08    10.248
  1885   09     9.510
  1885   10    11.018
  1885   11    12.322
  1885   12    14.298
  1886   01    15.332
  1886   02    15.774
  1886   03    15.629
  1886   04    15.360
  1886   05    13.982
  1886   06    12.748
  1886   07    10.722
  1886   08     9.198
  1886   09     8.125
  1886   10    10.516
  1886   11    12.380
  1886   12    13.676
  1887   01    14.976
  1887   02    15.600
  1887   03    15.834
  1887   04    15.215
  1887   05    14.107
  1887   06    12.659
  1887   07    11.427
  1887   08     9.649
  1887   09     8.957
  1887   10    10.836
  1887   11    12.402
  1887   12    14.112
  1888   01    15.031
  1888   02    15.757
  1888   03    15.953
  1888   04    15.528
  1888   05    14.450
  1888   06    13.033
  1888   07    11.581
  1888   08     9.781
  1888   09     9.317
  1888   10    10.625
  1888   11    12.371
  1888   12    14.609
  1889   01    15.516
  1889   02    15.984
  1889   03    16.130
  1889   04    15.516
  1889   05    14.636
  1889   06    12.938
  1889   07    11.279
  1889   08     9.051
  1889   09     8.581
  1889   10    10.756
  1889   11    12.552
  1889   12    14.091
  1890   01    15.132
  1890   02    15.778
  1890   03    15.624
  1890   04    14.939
  1890   05    14.061
  1890   06    12.948
  1890   07    11.024
  1890   08     9.399
  1890   09     8.992
  1890   10    10.299
  1890   11    12.841
  1890   12    14.200
  1891   01    15.038
  1891   02    15.618
  1891   03    15.882
  1891   04    15.233
  1891   05    14.321
  1891   06    12.956
  1891   07    11.395
  1891   08     9.727
  1891   09     9.609
  1891   10    10.922
  1891   11    12.204
  1891   12    14.110
  1892   01    15.002
  1892   02    15.577
  1892   03    15.868
  1892   04    15.070
  1892   05    14.209
  1892   06    12.921
  1892   07    10.889
  1892   08     9.704
  1892   09     9.053
  1892   10    10.628
  1892   11    12.344
  1892   12    14.019
  1893   01    15.004
  1893   02    15.628
  1893   03    15.780
  1893   04    15.207
  1893   05    13.962
  1893   06    12.557
  1893   07    11.039
  1893   08     9.439
  1893   09     9.233
  1893   10    10.310
  1893   11    12.008
  1893   12    13.599
  1894   01    14.654
  1894   02    15.228
  1894   03    15.363
  1894   04    14.643
  1894   05    13.701
  1894   06    12.603
  1894   07    10.769
  1894   08     9.257
  1894   09     8.566
  1894   10    10.367
  1894   11    12.255
  1894   12    13.839
  1895   01    14.711
  1895   02    15.209
  1895   03    15.348
  1895   04    14.923
  1895   05    13.901
  1895   06    12.509
  1895   07    10.900
  1895   08     9.467
  1895   09     8.799
  1895   10    10.819
  1895   11    12.714
  1895   12    13.856
  1896   01    14.717
  1896   02    15.331
  1896   03    15.456
  1896   04    14.830
  1896   05    14.006
  1896   06    12.966
  1896   07    11.608
  1896   08     9.566
  1896   09     9.239
  1896   10    10.728
  1896   11    12.830
  1896   12    14.213
  1897   01    15.228
  1897   02    15.661
  1897   03    15.615
  1897   04    15.369
  1897   05    14.606
  1897   06    13.179
  1897   07    11.673
  1897   08     9.969
  1897   09     9.419
  1897   10    10.764
  1897   11    12.506
  1897   12    14.072
  1898   01    15.018
  1898   02    15.717
  1898   03    16.043
  1898   04    15.169
  1898   05    14.188
  1898   06    12.456
  1898   07    10.752
  1898   08     9.448
  1898   09     8.884
  1898   10    10.327
  1898   11    12.370
  1898   12    13.760
  1899   01    15.068
  1899   02    15.508
  1899   03    15.626
  1899   04    14.949
  1899   05    13.815
  1899   06    12.440
  1899   07    10.820
  1899   08     9.484
  1899   09     9.090
  1899   10    10.223
  1899   11    12.152
  1899   12    13.559
  1900   01    14.588
  1900   02    15.356
  1900   03    15.543
  1900   04    14.958
  1900   05    13.977
  1900   06    12.584
  1900   07    11.153
  1900   08     9.461
  1900   09     8.890
  1900   10    10.464
  1900   11    12.266
  1900   12    13.636
  1901   01    14.810
  1901   02    15.219
  1901   03    15.527
  1901   04    15.128
  1901   05    13.857
  1901   06    12.540
  1901   07    10.881
  1901   08     9.098
  1901   09     8.682
  1901   10    10.525
  1901   11    12.081
  1901   12    13.738
  1902   01    14.769
  1902   02    15.402
  1902   03    15.828
  1902   04    15.393
  1902   05    14.012
  1902   06    12.317
  1902   07    10.281
  1902   08     8.747
  1902   09     8.578
  1902   10    10.374
  1902   11    12.110
  1902   12    13.955
  1903   01    15.055
  1903   02    15.455
  1903   03    15.235
  1903   04    14.821
  1903   05    13.514
  1903   06    12.398
  1903   07    11.047
  1903   08     9.281
  1903   09     9.030
  1903   10    10.762
  1903   11    12.220
  1903   12    13.654
  1904   01    14.749
  1904   02    15.328
  1904   03    15.447
  1904   04    14.769
  1904   05    13.782
  1904   06    12.959
  1904   07    11.229
  1904   08     9.097
  1904   09     8.717
  1904   10    10.172
  1904   11    12.279
  1904   12    14.050
  1905   01    14.908
  1905   02    15.415
  1905   03    15.454
  1905   04    14.730
  1905   05    13.885
  1905   06    12.621
  1905   07    11.358
  1905   08     9.250
  1905   09     8.686
  1905   10    10.680
  1905   11    12.584
  1905   12    14.169
  1906   01    15.066
  1906   02    15.443
  1906   03    15.477
  1906   04    14.943
  1906   05    14.158
  1906   06    12.919
  1906   07    11.364
  1906   08     9.644
  1906   09     8.996
  1906   10    10.366
  1906   11    12.167
  1906   12    14.155
  1907   01    15.092
  1907   02    15.707
  1907   03    15.733
  1907   04    15.181
  1907   05    14.275
  1907   06    12.637
  1907   07    10.417
  1907   08     8.995
  1907   09     8.944
  1907   10    10.797
  1907   11    12.574
  1907   12    14.244
  1908   01    15.147
  1908   02    15.840
  1908   03    15.959
  1908   04    15.440
  1908   05    14.623
  1908   06    13.461
  1908   07    11.652
  1908   08     9.782
  1908   09     9.332
  1908   10    11.163
  1908   11    12.829
  1908   12    14.399
  1909   01    15.466
  1909   02    16.012
  1909   03    16.123
  1909   04    15.574
  1909   05    14.748
  1909   06    13.250
  1909   07    11.346
  1909   08     9.988
  1909   09     9.444
  1909   10    10.870
  1909   11    12.284
  1909   12    14.293
  1910   01    15.253
  1910   02    15.835
  1910   03    15.781
  1910   04    14.958
  1910   05    14.155
  1910   06    12.618
  1910   07    11.114
  1910   08     9.634
  1910   09     9.363
  1910   10    10.588
  1910   11    12.603
  1910   12    14.233
  1911   01    15.322
  1911   02    15.845
  1911   03    16.049
  1911   04    15.333
  1911   05    14.395
  1911   06    13.316
  1911   07    11.666
  1911   08     9.825
  1911   09     9.316
  1911   10    11.044
  1911   11    12.650
  1911   12    14.313
  1912   01    14.942
  1912   02    15.523
  1912   03    15.522
  1912   04    15.099
  1912   05    14.110
  1912   06    13.040
  1912   07    11.206
  1912   08     9.451
  1912   09     9.235
  1912   10    10.520
  1912   11    12.524
  1912   12    13.990
  1913   01    15.106
  1913   02    15.429
  1913   03    15.459
  1913   04    14.980
  1913   05    13.711
  1913   06    12.541
  1913   07    11.398
  1913   08     9.752
  1913   09     9.073
  1913   10    10.451
  1913   11    11.859
  1913   12    13.518
  1914   01    14.625
  1914   02    15.305
  1914   03    15.512
  1914   04    14.732
  1914   05    13.944
  1914   06    12.480
  1914   07    10.624
  1914   08     8.969
  1914   09     8.627
  1914   10    10.529
  1914   11    12.190
  1914   12    13.980
  1915   01    14.867
  1915   02    15.171
  1915   03    15.365
  1915   04    14.866
  1915   05    13.945
  1915   06    12.623
  1915   07    11.021
  1915   08     8.955
  1915   09     8.008
  1915   10    10.218
  1915   11    12.006
  1915   12    14.058
  1916   01    15.026
  1916   02    15.356
  1916   03    15.763
  1916   04    14.970
  1916   05    13.989
  1916   06    12.486
  1916   07    10.328
  1916   08     8.869
  1916   09     8.256
  1916   10     9.797
  1916   11    11.793
  1916   12    13.925
  1917   01    14.749
  1917   02    15.337
  1917   03    15.242
  1917   04    14.674
  1917   05    13.656
  1917   06    11.938
  1917   07    10.296
  1917   08     9.081
  1917   09     8.655
  1917   10     9.871
  1917   11    11.373
  1917   12    13.561
  1918   01    14.564
  1918   02    15.422
  1918   03    15.484
  1918   04    14.820
  1918   05    14.003
  1918   06    12.668
  1918   07    10.959
  1918   08     9.631
  1918   09     9.094
  1918   10    10.229
  1918   11    12.172
  1918   12    14.156
  1919   01    14.955
  1919   02    15.272
  1919   03    15.430
  1919   04    15.016
  1919   05    14.206
  1919   06    12.801
  1919   07    10.566
  1919   08     9.262
  1919   09     9.080
  1919   10    10.337
  1919   11    12.012
  1919   12    14.076
  1920   01    15.119
  1920   02    15.551
  1920   03    15.568
  1920   04    15.242
  1920   05    14.169
  1920   06    12.427
  1920   07    10.528
  1920   08     9.304
  1920   09     9.268
  1920   10    10.743
  1920   11    12.231
  1920   12    14.003
  1921   01    14.935
  1921   02    15.689
  1921   03    15.784
  1921   04    15.089
  1921   05    14.430
  1921   06    12.989
  1921   07    11.090
  1921   08     9.941
  1921   09     9.664
  1921   10    10.825
  1921   11    12.184
  1921   12    13.821
  1922   01    14.865
  1922   02    15.445
  1922   03    15.616
  1922   04    15.278
  1922   05    14.312
  1922   06    12.919
  1922   07    11.382
  1922   08     9.754
  1922   09     9.283
  1922   10    10.505
  1922   11    12.169
  1922   12    14.048
  1923   01    15.084
  1923   02    15.499
  1923   03    15.585
  1923   04    15.170
  1923   05    14.359
  1923   06    12.974
  1923   07    11.648
  1923   08     9.787
  1923   09     9.222
  1923   10    10.598
  1923   11    12.422
  1923   12    14.278
  1924   01    15.017
  1924   02    15.595
  1924   03    15.726
  1924   04    15.448
  1924   05    14.659
  1924   06    13.371
  1924   07    11.804
  1924   08     9.817
  1924   09     9.636
  1924   10    10.835
  1924   11    12.676
  1924   12    14.480
  1925   01    15.285
  1925   02    15.903
  1925   03    15.924
  1925   04    15.094
  1925   05    14.233
  1925   06    13.214
  1925   07    11.474
  1925   08    10.126
  1925   09     9.773
  1925   10    10.990
  1925   11    12.229
  1925   12    13.832
  1926   01    15.194
  1926   02    15.678
  1926   03    15.678
  1926   04    15.149
  1926   05    13.933
  1926   06    12.680
  1926   07    10.771
  1926   08     9.720
  1926   09     9.093
  1926   10    10.375
  1926   11    12.369
  1926   12    13.942
  1927   01    14.913
  1927   02    15.506
  1927   03    15.683
  1927   04    15.120
  1927   05    14.187
  1927   06    12.480
  1927   07    11.166
  1927   08     9.641
  1927   09     9.060
  1927   10    10.555
  1927   11    12.016
  1927   12    13.822
  1928   01    14.672
  1928   02    15.356
  1928   03    15.426
  1928   04    14.962
  1928   05    14.232
  1928   06    12.559
  1928   07    10.112
  1928   08     9.077
  1928   09     8.499
  1928   10     9.951
  1928   11    11.981
  1928   12    13.598
  1929   01    14.862
  1929   02    15.481
  1929   03    15.386
  1929   04    15.038
  1929   05    14.081
  1929   06    12.396
  1929   07    11.005
  1929   08     9.152
  1929   09     8.647
  1929   10    10.507
  1929   11    12.522
  1929   12    13.899
  1930   01    14.942
  1930   02    15.304
  1930   03    15.592
  1930   04    14.968
  1930   05    13.847
  1930   06    12.379
  1930   07    10.695
  1930   08     9.320
  1930   09     8.265
  1930   10    10.198
  1930   11    11.895
  1930   12    13.928
  1931   01    14.855
  1931   02    15.518
  1931   03    15.526
  1931   04    15.124
  1931   05    14.231
  1931   06    12.394
  1931   07    10.428
  1931   08     9.265
  1931   09     8.760
  1931   10    10.550
  1931   11    12.225
  1931   12    14.032
  1932   01    14.803
  1932   02    15.237
  1932   03    15.263
  1932   04    14.735
  1932   05    14.064
  1932   06    12.713
  1932   07    10.928
  1932   08     9.403
  1932   09     9.316
  1932   10    10.833
  1932   11    12.269
  1932   12    13.835
  1933   01    14.728
  1933   02    15.092
  1933   03    15.235
  1933   04    14.835
  1933   05    13.962
  1933   06    12.553
  1933   07    11.060
  1933   08     9.360
  1933   09     9.128
  1933   10    10.827
  1933   11    12.368
  1933   12    13.929
  1934   01    14.877
  1934   02    15.560
  1934   03    15.525
  1934   04    14.894
  1934   05    14.078
  1934   06    12.954
  1934   07    11.021
  1934   08     9.425
  1934   09     9.251
  1934   10    10.638
  1934   11    12.961
  1934   12    14.109
  1935   01    15.062
  1935   02    15.721
  1935   03    15.841
  1935   04    15.258
  1935   05    14.145
  1935   06    12.711
  1935   07    10.596
  1935   08     8.954
  1935   09     8.899
  1935   10    10.536
  1935   11    12.319
  1935   12    14.067
  1936   01    14.914
  1936   02    15.460
  1936   03    15.395
  1936   04    14.909
  1936   05    14.235
  1936   06    12.931
  1936   07    11.138
  1936   08     9.064
  1936   09     8.338
  1936   10    10.474
  1936   11    12.314
  1936   12    13.825
  1937   01    14.724
  1937   02    15.120
  1937   03    15.260
  1937   04    14.507
  1937   05    13.753
  1937   06    12.529
  1937   07    11.081
  1937   08     8.816
  1937   09     8.290
  1937   10     9.944
  1937   11    11.800
  1937   12    13.759
  1938   01    14.604
  1938   02    15.121
  1938   03    15.260
  1938   04    14.653
  1938   05    13.807
  1938   06    12.713
  1938   07    10.713
  1938   08     9.005
  1938   09     8.741
  1938   10    10.057
  1938   11    11.819
  1938   12    13.802
  1939   01    14.904
  1939   02    15.499
  1939   03    15.294
  1939   04    14.780
  1939   05    13.438
  1939   06    11.951
  1939   07    10.192
  1939   08     8.410
  1939   09     7.627
  1939   10     9.820
  1939   11    11.997
  1939   12    13.488
  1940   01    14.381
  1940   02    15.173
  1940   03    15.138
  1940   04    14.780
  1940   05    13.941
  1940   06    12.130
  1940   07    10.556
  1940   08     8.973
  1940   09     8.302
  1940   10    10.087
  1940   11    11.959
  1940   12    13.531
  1941   01    14.427
  1941   02    15.216
  1941   03    15.225
  1941   04    14.655
  1941   05    13.881
  1941   06    12.228
  1941   07    10.465
  1941   08     8.603
  1941   09     8.018
  1941   10     9.811
  1941   11    12.036
  1941   12    13.886
  1942   01    14.767
  1942   02    15.345
  1942   03    15.564
  1942   04    15.108
  1942   05    13.773
  1942   06    12.353
  1942   07    10.723
  1942   08     8.842
  1942   09     8.275
  1942   10     9.999
  1942   11    12.262
  1942   12    13.672
  1943   01    14.796
  1943   02    15.232
  1943   03    15.283
  1943   04    14.727
  1943   05    13.641
  1943   06    12.291
  1943   07    10.733
  1943   08     9.090
  1943   09     8.537
  1943   10    10.098
  1943   11    11.932
  1943   12    13.697
  1944   01    14.851
  1944   02    15.598
  1944   03    15.590
  1944   04    14.971
  1944   05    14.007
  1944   06    12.470
  1944   07    10.371
  1944   08     8.556
  1944   09     8.412
  1944   10     9.717
  1944   11    11.601
  1944   12    14.114
  1945   01    14.906
  1945   02    15.584
  1945   03    15.782
  1945   04    15.207
  1945   05    13.820
  1945   06    12.360
  1945   07    10.690
  1945   08     9.049
  1945   09     8.785
  1945   10    10.626
  1945   11    12.350
  1945   12    13.935
  1946   01    14.963
  1946   02    15.611
  1946   03    15.622
  1946   04    14.970
  1946   05    14.019
  1946   06    12.779
  1946   07    11.178
  1946   08     9.444
  1946   09     8.788
  1946   10    10.431
  1946   11    11.881
  1946   12    13.725
  1947   01    14.774
  1947   02    15.497
  1947   03    15.514
  1947   04    15.190
  1947   05    14.245
  1947   06    12.996
  1947   07    11.223
  1947   08     9.397
  1947   09     8.976
  1947   10    10.814
  1947   11    12.660
  1947   12    14.124
  1948   01    15.089
  1948   02    15.716
  1948   03    15.803
  1948   04    15.341
  1948   05    14.175
  1948   06    12.649
  1948   07    11.148
  1948   08     9.227
  1948   09     8.579
  1948   10    10.542
  1948   11    11.961
  1948   12    13.713
  1949   01    14.861
  1949   02    15.341
  1949   03    15.280
  1949   04    14.356
  1949   05    13.341
  1949   06    12.088
  1949   07    10.162
  1949   08     8.455
  1949   09     8.098
  1949   10     9.701
  1949   11    11.452
  1949   12    13.353
  1950   01    14.469
  1950   02    14.963
  1950   03    15.145
  1950   04    14.408
  1950   05    13.301
  1950   06    12.201
  1950   07    10.937
  1950   08     8.787
  1950   09     8.351
  1950   10     9.654
  1950   11    11.548
  1950   12    13.360
  1951   01    14.314
  1951   02    15.045
  1951   03    15.199
  1951   04    14.636
  1951   05    13.455
  1951   06    12.150
  1951   07    10.180
  1951   08     8.561
  1951   09     8.008
  1951   10     9.781
  1951   11    11.505
  1951   12    13.257
  1952   01    14.204
  1952   02    14.852
  1952   03    15.071
  1952   04    14.401
  1952   05    13.227
  1952   06    11.817
  1952   07    10.121
  1952   08     8.673
  1952   09     7.604
  1952   10     9.754
  1952   11    11.255
  1952   12    13.183
  1953   01    14.353
  1953   02    15.056
  1953   03    15.249
  1953   04    14.743
  1953   05    13.744
  1953   06    12.452
  1953   07    10.883
  1953   08     9.116
  1953   09     8.195
  1953   10    10.213
  1953   11    11.765
  1953   12    13.536
  1954   01    14.503
  1954   02    15.220
  1954   03    15.183
  1954   04    14.598
  1954   05    13.723
  1954   06    12.674
  1954   07    10.098
  1954   08     8.422
  1954   09     7.606
  1954   10     9.597
  1954   11    12.220
  1954   12    13.778
  1955   01    14.467
  1955   02    14.854
  1955   03    15.012
  1955   04    14.696
  1955   05    13.840
  1955   06    12.401
  1955   07    10.357
  1955   08     8.588
  1955   09     8.160
  1955   10     9.683
  1955   11    11.885
  1955   12    13.549
  1956   01    14.652
  1956   02    15.185
  1956   03    15.551
  1956   04    14.826
  1956   05    14.070
  1956   06    12.802
  1956   07    10.678
  1956   08     9.142
  1956   09     8.623
  1956   10    10.266
  1956   11    12.532
  1956   12    14.179
  1957   01    15.162
  1957   02    15.698
  1957   03    15.606
  1957   04    14.950
  1957   05    13.948
  1957   06    12.922
  1957   07    11.730
  1957   08     9.846
  1957   09     8.816
  1957   10    11.143
  1957   11    12.907
  1957   12    13.954
  1958   01    14.750
  1958   02    15.405
  1958   03    15.321
  1958   04    14.871
  1958   05    13.965
  1958   06    12.666
  1958   07    11.023
  1958   08     9.210
  1958   09     8.535
  1958   10    10.149
  1958   11    11.739
  1958   12    13.480
  1959   01    14.752
  1959   02    15.392
  1959   03    15.146
  1959   04    14.620
  1959   05    13.775
  1959   06    12.262
  1959   07    11.008
  1959   08     9.116
  1959   09     8.776
  1959   10    10.126
  1959   11    11.981
  1959   12    13.939
  1960   01    14.859
  1960   02    15.207
  1960   03    15.400
  1960   04    15.057
  1960   05    14.080
  1960   06    13.093
  1960   07    11.105
  1960   08     9.317
  1960   09     8.832
  1960   10    10.437
  1960   11    12.343
  1960   12    14.215
  1961   01    15.142
  1961   02    15.471
  1961   03    15.432
  1961   04    15.095
  1961   05    13.888
  1961   06    12.494
  1961   07    10.904
  1961   08     9.150
  1961   09     8.443
  1961   10    10.449
  1961   11    12.412
  1961   12    13.702
  1962   01    14.759
  1962   02    15.471
  1962   03    15.618
  1962   04    14.954
  1962   05    13.846
  1962   06    12.453
  1962   07    10.938
  1962   08     9.291
  1962   09     8.840
  1962   10    10.420
  1962   11    12.445
  1962   12    13.872
  1963   01    14.765
  1963   02    15.407
  1963   03    15.586
  1963   04    14.821
  1963   05    13.778
  1963   06    12.493
  1963   07    10.846
  1963   08     8.654
  1963   09     8.468
  1963   10    10.155
  1963   11    12.284
  1963   12    13.796
  1964   01    14.775
  1964   02    15.321
  1964   03    15.471
  1964   04    15.207
  1964   05    14.321
  1964   06    12.560
  1964   07    11.058
  1964   08     8.991
  1964   09     8.435
  1964   10    10.579
  1964   11    12.413
  1964   12    14.145
  1965   01    14.986
  1965   02    15.627
  1965   03    15.882
  1965   04    15.416
  1965   05    14.664
  1965   06    12.976
  1965   07    11.568
  1965   08    10.122
  1965   09     9.315
  1965   10    10.548
  1965   11    12.915
  1965   12    14.440
  1966   01    15.405
  1966   02    16.008
  1966   03    16.148
  1966   04    15.505
  1966   05    14.840
  1966   06    13.348
  1966   07    11.963
  1966   08     9.856
  1966   09     9.380
  1966   10    11.130
  1966   11    12.669
  1966   12    14.581
  1967   01    15.213
  1967   02    15.761
  1967   03    15.832
  1967   04    15.429
  1967   05    14.673
  1967   06    13.378
  1967   07    11.578
  1967   08    10.460
  1967   09     9.897
  1967   10    10.919
  1967   11    12.347
  1967   12    14.265
  1968   01    15.201
  1968   02    15.656
  1968   03    15.597
  1968   04    15.110
  1968   05    14.260
  1968   06    12.611
  1968   07    11.307
  1968   08     9.664
  1968   09     9.113
  1968   10    10.684
  1968   11    12.271
  1968   12    14.338
  1969   01    15.150
  1969   02    15.767
  1969   03    15.932
  1969   04    15.663
  1969   05    14.526
  1969   06    13.157
  1969   07    11.858
  1969   08     9.989
  1969   09     9.268
  1969   10    10.979
  1969   11    13.078
  1969   12    14.793
  1970   01    15.336
  1970   02    15.669
  1970   03    15.689
  1970   04    15.279
  1970   05    14.612
  1970   06    13.200
  1970   07    11.264
  1970   08     9.655
  1970   09     9.156
  1970   10    11.148
  1970   11    12.989
  1970   12    14.116
  1971   01    15.378
  1971   02    16.036
  1971   03    15.792
  1971   04    15.253
  1971   05    14.012
  1971   06    12.970
  1971   07    11.955
  1971   08    10.051
  1971   09     9.436
  1971   10    11.056
  1971   11    12.490
  1971   12    14.096
  1972   01    15.197
  1972   02    15.701
  1972   03    15.867
  1972   04    15.275
  1972   05    14.291
  1972   06    12.740
  1972   07    11.147
  1972   08     9.558
  1972   09     9.106
  1972   10    10.736
  1972   11    12.550
  1972   12    14.260
  1973   01    15.177
  1973   02    15.868
  1973   03    15.919
  1973   04    14.989
  1973   05    13.946
  1973   06    12.781
  1973   07    11.297
  1973   08     9.532
  1973   09     9.617
  1973   10    10.694
  1973   11    12.153
  1973   12    13.919
  1974   01    15.110
  1974   02    15.654
  1974   03    15.636
  1974   04    14.636
  1974   05    13.582
  1974   06    12.509
  1974   07    10.886
  1974   08     9.804
  1974   09     9.799
  1974   10    10.591
  1974   11    11.992
  1974   12    13.793
  1975   01    14.618
  1975   02    15.151
  1975   03    15.495
  1975   04    15.194
  1975   05    13.935
  1975   06    12.697
  1975   07    11.372
  1975   08     9.545
  1975   09     8.773
  1975   10    10.495
  1975   11    12.388
  1975   12    13.745
  1976   01    14.616
  1976   02    15.313
  1976   03    15.648
  1976   04    15.144
  1976   05    14.049
  1976   06    12.369
  1976   07    10.861
  1976   08     8.856
  1976   09     8.024
  1976   10    10.095
  1976   11    11.996
  1976   12    13.619
  1977   01    14.463
  1977   02    15.110
  1977   03    15.102
  1977   04    14.592
  1977   05    13.697
  1977   06    12.483
  1977   07    10.860
  1977   08     9.023
  1977   09     8.719
  1977   10    10.341
  1977   11    11.875
  1977   12    13.817
  1978   01    14.660
  1978   02    15.146
  1978   03    15.211
  1978   04    14.510
  1978   05    13.605
  1978   06    12.063
  1978   07    10.314
  1978   08     8.999
  1978   09     8.659
  1978   10    10.260
  1978   11    11.867
  1978   12    13.890
  1979   01    14.715
  1979   02    15.251
  1979   03    15.365
  1979   04    14.944
  1979   05    13.842
  1979   06    12.405
  1979   07    10.849
  1979   08     9.529
  1979   09     8.740
  1979   10    10.726
  1979   11    12.191
  1979   12    13.860
  1980   01    14.745
  1980   02    15.257
  1980   03    15.347
  1980   04    14.918
  1980   05    13.947
  1980   06    12.532
  1980   07    10.693
  1980   08     9.456
  1980   09     9.037
  1980   10    10.404
  1980   11    12.052
  1980   12    13.860
  1981   01    14.620
  1981   02    15.308
  1981   03    15.040
  1981   04    14.253
  1981   05    13.682
  1981   06    12.393
  1981   07    10.757
  1981   08     9.507
  1981   09     9.184
  1981   10    10.558
  1981   11    12.486
  1981   12    13.263
  1982   01    14.284
  1982   02    14.774
  1982   03    15.044
  1982   04    14.586
  1982   05    13.656
  1982   06    12.198
  1982   07    10.492
  1982   08     9.233
  1982   09     8.732
  1982   10    10.386
  1982   11    11.773
  1982   12    13.587
  1983   01    14.382
  1983   02    14.959
  1983   03    15.407
  1983   04    14.836
  1983   05    13.748
  1983   06    12.392
  1983   07    10.918
  1983   08     9.383
  1983   09     8.854
  1983   10    10.316
  1983   11    12.167
  1983   12    13.752
  1984   01    14.669
  1984   02    15.232
  1984   03    15.329
  1984   04    14.773
  1984   05    13.769
  1984   06    12.381
  1984   07    10.528
  1984   08     9.449
  1984   09     9.397
  1984   10    10.519
  1984   11    12.158
  1984   12    14.198
  1985   01    15.044
  1985   02    15.504
  1985   03    15.496
  1985   04    14.885
  1985   05    13.754
  1985   06    12.308
  1985   07    10.707
  1985   08     9.433
  1985   09     8.914
  1985   10    10.580
  1985   11    12.320
  1985   12    14.061
  1986   01    14.792
  1986   02    15.423
  1986   03    15.374
  1986   04    14.998
  1986   05    14.019
  1986   06    12.605
  1986   07    10.774
  1986   08     9.294
  1986   09     8.855
  1986   10    10.757
  1986   11    11.952
  1986   12    13.427
  1987   01    14.592
  1987   02    15.363
  1987   03    15.385
  1987   04    14.816
  1987   05    13.812
  1987   06    12.597
  1987   07    11.077
  1987   08     9.695
  1987   09     9.353
  1987   10    10.879
  1987   11    12.475
  1987   12    14.091
  1988   01    14.977
  1988   02    15.277
  1988   03    15.349
  1988   04    14.644
  1988   05    14.033
  1988   06    12.495
  1988   07    11.177
  1988   08     9.448
  1988   09     8.815
  1988   10    10.528
  1988   11    12.015
  1988   12    13.565
  1989   01    14.568
  1989   02    14.952
  1989   03    15.167
  1989   04    14.528
  1989   05    13.265
  1989   06    12.186
  1989   07    11.079
  1989   08     9.837
  1989   09     9.344
  1989   10    10.683
  1989   11    12.131
  1989   12    13.493
  1990   01    14.496
  1990   02    14.965
  1990   03    15.105
  1990   04    14.475
  1990   05    13.571
  1990   06    12.161
  1990   07    10.281
  1990   08     8.773
  1990   09     8.005
  1990   10     9.565
  1990   11    11.193
  1990   12    13.197
  1991   01    14.236
  1991   02    14.733
  1991   03    14.822
  1991   04    14.493
  1991   05    13.412
  1991   06    11.884
  1991   07    10.323
  1991   08     8.863
  1991   09     8.609
  1991   10     9.883
  1991   11    11.376
  1991   12    13.116
  1992   01    14.037
  1992   02    14.592
  1992   03    14.621
  1992   04    14.244
  1992   05    13.066
  1992   06    12.022
  1992   07    10.593
  1992   08     9.452
  1992   09     8.909
  1992   10    10.309
  1992   11    11.844
  1992   12    13.364
  1993   01    14.388
  1993   02    14.760
  1993   03    14.932
  1993   04    14.351
  1993   05    13.415
  1993   06    12.000
  1993   07    10.636
  1993   08     9.300
  1993   09     8.730
  1993   10    10.197
  1993   11    11.588
  1993   12    13.509
  1994   01    14.256
  1994   02    14.755
  1994   03    14.769
  1994   04    14.315
  1994   05    13.390
  1994   06    11.492
  1994   07    10.054
  1994   08     8.887
  1994   09     8.536
  1994   10    10.445
  1994   11    11.609
  1994   12    13.534
  1995   01    14.236
  1995   02    14.775
  1995   03    14.611
  1995   04    13.984
  1995   05    13.182
  1995   06    11.797
  1995   07     9.784
  1995   08     8.332
  1995   09     8.110
  1995   10     9.240
  1995   11    11.572
  1995   12    13.194
  1996   01    14.145
  1996   02    14.684
  1996   03    14.585
  1996   04    14.218
  1996   05    13.415
  1996   06    11.765
  1996   07    10.190
  1996   08     8.539
  1996   09     8.001
  1996   10     9.835
  1996   11    11.659
  1996   12    13.256
  1997   01    14.363
  1997   02    14.812
  1997   03    14.764
  1997   04    14.392
  1997   05    13.201
  1997   06    11.896
  1997   07    10.454
  1997   08     9.094
  1997   09     8.269
  1997   10     9.909
  1997   11    11.393
  1997   12    13.348
  1998   01    14.152
  1998   02    14.751
  1998   03    14.715
  1998   04    14.385
  1998   05    13.533
  1998   06    12.526
  1998   07    10.816
  1998   08     9.258
  1998   09     8.438
  1998   10    10.032
  1998   11    11.881
  1998   12    13.757
  1999   01    14.580
  1999   02    15.163
  1999   03    15.034
  1999   04    14.362
  1999   05    13.542
  1999   06    12.118
  1999   07    10.780
  1999   08     8.780
  1999   09     7.991
  1999   10     9.914
  1999   11    11.832
  1999   12    13.453
  2000   01    14.411
  2000   02    14.841
  2000   03    14.883
  2000   04    14.354
  2000   05    13.168
  2000   06    12.115
  2000   07    10.541
  2000   08     8.621
  2000   09     8.125
  2000   10     9.851
  2000   11    11.578
  2000   12    13.596
  2001   01    14.650
  2001   02    15.060
  2001   03    14.782
  2001   04    14.596
  2001   05    13.931
  2001   06    12.232
  2001   07    10.163
  2001   08     9.016
  2001   09     8.806
  2001   10     9.837
  2001   11    11.522
  2001   12    13.443
  2002   01    14.257
  2002   02    14.803
  2002   03    14.758
  2002   04    14.185
  2002   05    13.132
  2002   06    11.856
  2002   07    10.043
  2002   08     8.786
  2002   09     8.442
  2002   10    10.011
  2002   11    11.297
  2002   12    12.837
  2003   01    14.245
  2003   02    14.736
  2003   03    15.028
  2003   04    14.324
  2003   05    13.237
  2003   06    11.776
  2003   07     9.999
  2003   08     9.012
  2003   09     8.502
  2003   10    10.002
  2003   11    11.153
  2003   12    12.827
  2004   01    14.107
  2004   02    14.879
  2004   03    14.961
  2004   04    14.239
  2004   05    13.062
  2004   06    11.677
  2004   07    10.223
  2004   08     8.354
  2004   09     8.151
  2004   10     9.825
  2004   11    10.939
  2004   12    13.223
  2005   01    14.260
  2005   02    14.724
  2005   03    14.794
  2005   04    14.370
  2005   05    13.452
  2005   06    11.775
  2005   07    10.073
  2005   08     8.898
  2005   09     8.050
  2005   10     9.291
  2005   11    10.964
  2005   12    12.901
  2006   01    14.141
  2006   02    14.436
  2006   03    14.464
  2006   04    14.273
  2006   05    13.460
  2006   06    11.574
  2006   07     9.956
  2006   08     8.480
  2006   09     7.744
  2006   10     9.734
  2006   11    10.976
  2006   12    13.182
  2007   01    14.121
  2007   02    14.628
  2007   03    14.560
  2007   04    14.035
  2007   05    13.231
  2007   06    11.625
  2007   07     9.929
  2007   08     8.664
  2007   09     7.950
  2007   10     9.817
  2007   11    11.360
  2007   12    13.105
  2008   01    14.198
  2008   02    14.752
  2008   03    14.882
  2008   04    14.690
  2008   05    13.614
  2008   06    12.218
  2008   07    10.408
  2008   08     8.652
  2008   09     7.620
  2008   10     9.603
  2008   11    11.432
  2008   12    13.314
  2009   01    14.383
  2009   02    15.111
  2009   03    15.147
  2009   04    14.630
  2009   05    13.407
  2009   06    11.946
  2009   07    10.030
  2009   08     8.346
  2009   09     7.643
  2009   10     9.256
  2009   11    10.769
  2009   12    12.791
  2010   01    14.182
  2010   02    14.626
  2010   03    14.545
  2010   04    14.478
  2010   05    13.774
  2010   06    11.959
  2010   07    10.328
  2010   08     8.617
  2010   09     8.399
  2010   10    10.180
  2010   11    11.679
  2010   12    13.450
  2011   01    14.430
  2011   02    14.921
  2011   03    15.004
  2011   04    14.775
  2011   05    13.732
  2011   06    12.405
  2011   07    10.696
  2011   08     9.027
  2011   09     7.392
  2011   10     9.656
  2011   11    11.240
  2011   12    13.111
  2012   01    14.682
  2012   02    15.094
  2012   03    15.190
  2012   04    14.704
  2012   05    13.750
  2012   06    12.183
  2012   07    10.167
  2012   08     9.083
  2012   09     8.778
  2012   10     9.920
  2012   11    11.387
  2012   12    13.364
  2013   01    14.648
  2013   02    15.115
  2013   03    15.322
  2013   04    14.856
  2013   05    13.564
  2013   06    11.900
  2013   07    10.326
  2013   08     8.510
  2013   09     7.870
  2013   10     9.263
  2013   11    11.880
  2013   12    13.780
  2014   01    14.792
  2014   02    15.235
  2014   03    15.411
  2014   04    14.581
  2014   05    13.624
  2014   06    12.366
  2014   07    10.275
  2014   08     8.081
  2014   09     7.416
  2014   10     9.168
  2014   11    11.442
  2014   12    13.237
  2015   01    14.096
  2015   02    14.778
  2015   03    14.921
  2015   04    14.290
  2015   05    13.184
  2015   06    11.822
  2015   07     9.877
  2015   08     8.017
  2015   09     7.046
  2015   10     9.333
  2015   11    11.243
  2015   12    13.404
  2016   01    14.304
  2016   02    14.806
  2016   03    14.777
  2016   04    14.146
  2016   05    13.140
  2016   06    11.835
  2016   07     9.883
  2016   08     8.302
  2016   09     7.982
  2016   10     9.465
  2016   11    11.002
  2016   12    13.475
  2017   01    14.339
  2017   02    14.881
  2017   03    15.012
  2017   04    14.261
  2017   05    13.306
  2017   06    12.165
  2017   07    10.551
  2017   08     9.041
  2017   09     8.059
  2017   10     9.853
  2017   11    11.474
  2017   12    13.519
  2018   01    14.357
  2018   02    15.113
  2018   03    15.196
  2018   04    14.732
  2018   05    13.621
  2018   06    12.389
  2018   07    10.169
  2018   08     8.990
  2018   09     8.391
  2018   10    10.055
  2018   11    11.726
  2018   12    13.464
  2019   01    14.690
  2019   02    15.190
  2019   03    15.270
  2019   04    14.795
  2019   05    13.710
  2019   06    12.427
  2019   07    11.037
  2019   08     9.194
  2019   09     8.587
  2019   10    10.604
  2019   11    11.857
  2019   12    13.665
  2020   01    14.617
  2020   02    15.061
  2020   03    15.074
  2020   04    14.536
  2020   05    13.654
  2020   06    12.478
  2020   07    10.289
  2020   08     8.980
  2020   09     8.614
  2020   10    10.073
  2020   11    11.804
  2020   12    13.683
  2021   01    14.490
  2021   02    15.011
  2021   03    15.209
  2021   04    14.422
  2021   05    13.541
  2021   06    12.264
  2021   07    10.519
  2021   08     9.275
  2021   09     8.713
  2021   10     9.968
  2021   11    12.105
  2021   12    13.847
  2022   01    14.636
  2022   02    15.213
  2022   03    15.336
  2022   04    14.592
  2022   05    13.750
  2022   06    12.499
  2022   07    10.689
  2022   08     8.721
  2022   09     8.440
  2022   10    10.486
  2022   11    12.109
  2022   12    13.661
  2023   01    14.631
  2023   02    15.000
  2023   03    15.270
  2023   04    14.743
  2023   05    13.913
  2023   06    12.459
  2023   07    10.045
  2023   08     8.525
  2023   09     7.621
  2023   10     9.843
  2023   11    11.839
  2023   12    13.694
  2024   01    14.594
  2024   02    15.211
  2024   03    15.304
  2024   04    14.930
  2024   05    13.685
  2024   06    11.941
  2024   07    10.396
  2024   08     8.782
  2024   09     8.385
  2024   10     9.848
  2024   11    11.308
  2024   12    13.198
  2025   01    14.525
  2025   02    15.184
  2025   03    15.129
  2025   04    14.786
  2025   05    13.322
  2025   06    11.510
  2025   07     9.946
  2025   08     8.422
  2025   09     7.889
  2025   10     9.472
  2025   11    11.143
  2025   12    13.333
  2026   01    14.321
  2026   02    14.721
  2026   03    14.947
  2026   04    14.518
  2026   05    13.497
  2026   06    11.852
  2026   07    10.075
  2026   08     8.843
  2026   09     8.357
  2026   10     9.860
  2026   11    11.378
  2026   12    13.379
  2027   01    14.534
  2027   02    14.983
  2027   03    15.241
  2027   04    14.598
  2027   05    13.846
  2027   06    12.671
  2027   07    10.378
  2027   08     8.343
  2027   09     7.105
  2027   10     9.900
  2027   11    11.695
  2027   12    13.795
  2028   01    14.703
  2028   02    15.155
  2028   03    15.136
  2028   04    14.644
  2028   05    13.863
  2028   06    12.570
  2028   07    10.009
  2028   08     8.411
  2028   09     7.508
  2028   10     9.969
  2028   11    11.929
  2028   12    13.919
  2029   01    14.579
  2029   02    14.862
  2029   03    14.969
  2029   04    14.330
  2029   05    13.514
  2029   06    12.088
  2029   07     9.983
  2029   08     8.127
  2029   09     7.182
  2029   10     9.019
  2029   11    11.125
  2029   12    13.397
  2030   01    14.385
  2030   02    14.782
  2030   03    14.964
  2030   04    14.612
  2030   05    13.665
  2030   06    12.395
  2030   07    10.578
  2030   08     8.920
  2030   09     7.861
  2030   10     9.651
  2030   11    11.689
  2030   12    13.648
  2031   01    14.678
  2031   02    14.940
  2031   03    15.242
  2031   04    14.882
  2031   05    13.875
  2031   06    12.133
  2031   07    10.648
  2031   08     9.120
  2031   09     8.251
  2031   10     9.957
  2031   11    11.354
  2031   12    13.444
  2032   01    14.467
  2032   02    14.973
  2032   03    14.888
  2032   04    14.785
  2032   05    13.854
  2032   06    12.309
  2032   07    10.019
  2032   08     8.550
  2032   09     8.465
  2032   10     9.598
  2032   11    11.527
  2032   12    13.496
  2033   01    14.817
  2033   02    15.282
  2033   03    15.154
  2033   04    14.779
  2033   05    13.813
  2033   06    12.330
  2033   07    10.290
  2033   08     8.673
  2033   09     8.032
  2033   10     9.477
  2033   11    11.401
  2033   12    13.331
  2034   01    14.552
  2034   02    14.991
  2034   03    15.204
  2034   04    14.812
  2034   05    13.764
  2034   06    12.309
  2034   07    10.260
  2034   08     9.017
  2034   09     8.470
  2034   10     9.737
  2034   11    11.737
  2034   12    13.574
  2035   01    14.534
  2035   02    15.057
  2035   03    14.932
  2035   04    14.498
  2035   05    13.259
  2035   06    12.065
  2035   07    10.180
  2035   08     8.755
  2035   09     8.670
  2035   10     9.958
  2035   11    11.600
  2035   12    13.308
  2036   01    14.531
  2036   02    15.109
  2036   03    15.196
  2036   04    14.464
  2036   05    13.367
  2036   06    12.030
  2036   07    10.067
  2036   08     8.427
  2036   09     7.571
  2036   10     9.206
  2036   11    11.172
  2036   12    13.274
  2037   01    14.356
  2037   02    14.976
  2037   03    14.970
  2037   04    14.442
  2037   05    13.186
  2037   06    11.832
  2037   07    10.105
  2037   08     7.885
  2037   09     7.272
  2037   10     9.048
  2037   11    11.017
  2037   12    12.870
  2038   01    14.024
  2038   02    14.643
  2038   03    14.808
  2038   04    14.382
  2038   05    13.296
  2038   06    11.855
  2038   07    10.151
  2038   08     8.508
  2038   09     7.979
  2038   10     9.953
  2038   11    11.696
  2038   12    13.117
  2039   01    14.672
  2039   02    14.998
  2039   03    15.117
  2039   04    14.306
  2039   05    13.444
  2039   06    11.939
  2039   07     9.980
  2039   08     7.813
  2039   09     7.107
  2039   10     8.703
  2039   11    11.384
  2039   12    13.563
  2040   01    14.566
  2040   02    14.875
  2040   03    14.849
  2040   04    14.450
  2040   05    13.578
  2040   06    11.942
  2040   07    10.054
  2040   08     7.994
  2040   09     6.746
  2040   10     9.156
  2040   11    11.335
  2040   12    13.354
  2041   01    14.010
  2041   02    14.544
  2041   03    14.697
  2041   04    14.260
  2041   05    13.233
  2041   06    12.223
  2041   07     9.772
  2041   08     7.677
  2041   09     6.810
  2041   10     8.659
  2041   11    10.869
  2041   12    13.009
  2042   01    14.210
  2042   02    14.733
  2042   03    14.665
  2042   04    14.299
  2042   05    13.256
  2042   06    12.286
  2042   07     9.950
  2042   08     8.011
  2042   09     6.951
  2042   10     9.051
  2042   11    10.765
  2042   12    12.902
  2043   01    13.817
  2043   02    14.506
  2043   03    14.514
  2043   04    14.330
  2043   05    13.080
  2043   06    11.588
  2043   07     9.909
  2043   08     7.201
  2043   09     6.037
  2043   10     8.059
  2043   11    10.733
  2043   12    12.344
  2044   01    13.757
  2044   02    14.517
  2044   03    14.792
  2044   04    14.389
  2044   05    13.275
  2044   06    11.630
  2044   07     9.813
  2044   08     7.543
  2044   09     6.652
  2044   10     8.731
  2044   11    11.189
  2044   12    13.115
  2045   01    14.244
  2045   02    14.789
  2045   03    14.803
  2045   04    14.108
  2045   05    13.318
  2045   06    11.895
  2045   07     9.565
  2045   08     7.877
  2045   09     7.300
  2045   10     8.658
  2045   11    10.848
  2045   12    12.475
  2046   01    14.201
  2046   02    14.684
  2046   03    14.761
  2046   04    14.090
  2046   05    12.990
  2046   06    11.863
  2046   07     9.262
  2046   08     7.181
  2046   09     6.893
  2046   10     8.358
  2046   11    10.695
  2046   12    12.492
  2047   01    13.987
  2047   02    14.638
  2047   03    14.886
  2047   04    14.468
  2047   05    13.106
  2047   06    11.471
  2047   07     9.593
  2047   08     7.497
  2047   09     6.560
  2047   10     8.480
  2047   11    10.422
  2047   12    12.092
  2048   01    13.679
  2048   02    14.536
  2048   03    14.701
  2048   04    14.011
  2048   05    13.202
  2048   06    11.114
  2048   07     9.082
  2048   08     7.230
  2048   09     6.475
  2048   10     8.400
  2048   11    10.627
  2048   12    12.459
  2049   01    13.956
  2049   02    14.625
  2049   03    14.646
  2049   04    13.935
  2049   05    12.897
  2049   06    11.494
  2049   07     9.564
  2049   08     7.812
  2049   09     6.880
  2049   10     8.131
  2049   11    10.961
  2049   12    12.575
  2050   01    14.029
  2050   02    14.496
  2050   03    14.798
  2050   04    14.063
  2050   05    13.225
  2050   06    11.892
  2050   07     9.039
  2050   08     6.556
  2050   09     5.675
  2050   10     6.999
  2050   11    10.384
  2050   12    12.538
  2051   01    14.001
  2051   02    14.563
  2051   03    14.643
  2051   04    14.303
  2051   05    12.895
  2051   06    11.046
  2051   07     8.611
  2051   08     7.126
  2051   09     6.318
  2051   10     8.325
  2051   11    10.469
  2051   12    12.294
  2052   01    13.986
  2052   02    14.479
  2052   03    14.549
  2052   04    13.905
  2052   05    12.825
  2052   06    10.870
  2052   07     8.888
  2052   08     6.832
  2052   09     6.125
  2052   10     7.574
  2052   11    10.242
  2052   12    12.100
  2053   01    13.896
  2053   02    14.350
  2053   03    14.544
  2053   04    14.172
  2053   05    13.002
  2053   06    11.196
  2053   07     8.991
  2053   08     7.185
  2053   09     6.183
  2053   10     8.624
  2053   11    10.412
  2053   12    12.338
  2054   01    13.731
  2054   02    14.178
  2054   03    14.256
  2054   04    13.713
  2054   05    12.918
  2054   06    11.620
  2054   07     8.944
  2054   08     5.242
  2054   09     3.784
  2054   10     6.708
  2054   11    10.603
  2054   12    11.900
  2055   01    13.578
  2055   02    14.074
  2055   03    14.247
  2055   04    13.710
  2055   05    12.580
  2055   06    11.710
  2055   07     9.204
  2055   08     6.220
  2055   09     4.727
  2055   10     7.835
  2055   11    10.334
  2055   12    12.179
  2056   01    13.816
  2056   02    14.218
  2056   03    14.445
  2056   04    13.897
  2056   05    13.009
  2056   06    11.319
  2056   07     8.935
  2056   08     5.800
  2056   09     4.729
  2056   10     7.735
  2056   11    10.430
  2056   12    12.107
  2057   01    13.630
  2057   02    14.561
  2057   03    14.582
  2057   04    14.107
  2057   05    12.436
  2057   06    10.557
  2057   07     8.997
  2057   08     6.775
  2057   09     5.696
  2057   10     8.168
  2057   11     9.962
  2057   12    11.593
  2058   01    13.671
  2058   02    14.503
  2058   03    14.345
  2058   04    13.935
  2058   05    13.203
  2058   06    11.407
  2058   07     9.459
  2058   08     6.475
  2058   09     5.141
  2058   10     7.919
  2058   11    10.464
  2058   12    12.320
  2059   01    13.566
  2059   02    14.122
  2059   03    14.087
  2059   04    13.654
  2059   05    12.711
  2059   06    11.396
  2059   07     9.409
  2059   08     6.356
  2059   09     5.008
  2059   10     7.943
  2059   11    10.347
  2059   12    11.979
  2060   01    13.496
  2060   02    14.163
  2060   03    14.050
  2060   04    13.572
  2060   05    12.489
  2060   06    10.697
  2060   07     8.443
  2060   08     6.108
  2060   09     5.203
  2060   10     7.602
  2060   11    10.067
  2060   12    11.874
  2061   01    13.720
  2061   02    14.238
  2061   03    14.289
  2061   04    14.043
  2061   05    12.651
  2061   06    11.215
  2061   07     8.920
  2061   08     6.371
  2061   09     5.277
  2061   10     7.433
  2061   11    10.441
  2061   12    12.002
  2062   01    13.704
  2062   02    14.127
  2062   03    14.102
  2062   04    13.684
  2062   05    12.379
  2062   06    10.214
  2062   07     8.283
  2062   08     6.539
  2062   09     5.079
  2062   10     7.301
  2062   11    10.309
  2062   12    11.803
  2063   01    13.712
  2063   02    14.246
  2063   03    14.418
  2063   04    14.156
  2063   05    12.878
  2063   06    11.376
  2063   07     9.071
  2063   08     5.963
  2063   09     4.768
  2063   10     7.903
  2063   11    10.189
  2063   12    11.755
  2064   01    13.322
  2064   02    14.105
  2064   03    14.489
  2064   04    14.053
  2064   05    13.201
  2064   06    11.181
  2064   07     8.941
  2064   08     6.200
  2064   09     3.544
  2064   10     6.891
  2064   11     9.594
  2064   12    11.857
  2065   01    13.800
  2065   02    14.497
  2065   03    14.544
  2065   04    13.913
  2065   05    12.744
  2065   06    10.718
  2065   07     8.535
  2065   08     5.888
  2065   09     3.927
  2065   10     7.095
  2065   11     9.520
  2065   12    11.652
  2066   01    13.692
  2066   02    14.126
  2066   03    14.378
  2066   04    13.744
  2066   05    12.827
  2066   06    11.341
  2066   07     9.078
  2066   08     5.612
  2066   09     4.183
  2066   10     8.008
  2066   11    10.239
  2066   12    11.302
  2067   01    12.946
  2067   02    13.666
  2067   03    13.756
  2067   04    13.376
  2067   05    12.469
  2067   06    10.968
  2067   07     8.537
  2067   08     5.847
  2067   09     4.648
  2067   10     7.159
  2067   11     9.985
  2067   12    11.439
  2068   01    13.191
  2068   02    13.809
  2068   03    13.795
  2068   04    13.512
  2068   05    12.466
  2068   06    10.627
  2068   07     8.036
  2068   08     6.160
  2068   09     4.839
  2068   10     7.140
  2068   11     9.694
  2068   12    11.237
  2069   01    13.271
  2069   02    13.782
  2069   03    13.816
  2069   04    13.476
  2069   05    12.176
  2069   06    10.182
  2069   07     7.637
  2069   08     4.663
  2069   09     2.723
  2069   10     6.714
  2069   11     9.433
  2069   12    11.359
  2070   01    13.001
  2070   02    13.373
  2070   03    13.566
  2070   04    12.881
  2070   05    12.111
  2070   06    10.422
  2070   07     7.769
  2070   08     4.117
  2070   09     2.603
  2070   10     5.463
  2070   11     9.541
  2070   12    11.208
  2071   01    13.104
  2071   02    13.869
  2071   03    14.026
  2071   04    13.856
  2071   05    12.629
  2071   06    10.715
  2071   07     9.027
  2071   08     5.930
  2071   09     3.366
  2071   10     7.483
  2071   11     9.952
  2071   12    11.474
  2072   01    13.175
  2072   02    14.191
  2072   03    14.123
  2072   04    13.713
  2072   05    12.137
  2072   06    10.522
  2072   07     7.608
  2072   08     3.741
  2072   09     1.792
  2072   10     4.921
  2072   11     9.004
  2072   12    11.394
  2073   01    12.822
  2073   02    13.436
  2073   03    13.618
  2073   04    13.075
  2073   05    12.021
  2073   06     9.757
  2073   07     6.824
  2073   08     2.963
  2073   09     1.453
  2073   10     4.100
  2073   11     8.597
  2073   12    10.788
  2074   01    12.836
  2074   02    13.635
  2074   03    13.914
  2074   04    13.368
  2074   05    12.306
  2074   06    10.630
  2074   07     7.674
  2074   08     4.882
  2074   09     3.097
  2074   10     6.593
  2074   11     9.413
  2074   12    11.161
  2075   01    13.017
  2075   02    13.546
  2075   03    13.835
  2075   04    13.310
  2075   05    12.213
  2075   06    10.495
  2075   07     7.214
  2075   08     4.271
  2075   09     2.666
  2075   10     5.733
  2075   11     8.922
  2075   12    11.211
  2076   01    13.031
  2076   02    14.020
  2076   03    14.244
  2076   04    13.619
  2076   05    12.273
  2076   06    10.756
  2076   07     6.683
  2076   08     3.338
  2076   09     2.328
  2076   10     4.859
  2076   11     8.652
  2076   12    11.252
  2077   01    13.162
  2077   02    13.726
  2077   03    13.808
  2077   04    13.518
  2077   05    12.234
  2077   06    10.166
  2077   07     8.054
  2077   08     5.777
  2077   09     4.666
  2077   10     7.200
  2077   11     9.696
  2077   12    11.443
  2078   01    13.379
  2078   02    14.048
  2078   03    14.206
  2078   04    13.749
  2078   05    12.450
  2078   06    10.417
  2078   07     8.389
  2078   08     5.694
  2078   09     2.545
  2078   10     6.519
  2078   11    10.076
  2078   12    11.551
  2079   01    13.127
  2079   02    13.603
  2079   03    13.875
  2079   04    13.283
  2079   05    12.294
  2079   06    10.671
  2079   07     8.673
  2079   08     5.803
  2079   09     3.047
  2079   10     6.280
  2079   11     9.537
  2079   12    11.431
  2080   01    13.121
  2080   02    13.747
  2080   03    14.112
  2080   04    13.615
  2080   05    12.382
  2080   06    10.287
  2080   07     8.565
  2080   08     6.126
  2080   09     4.199
  2080   10     6.872
  2080   11     9.628
  2080   12    11.522
  2081   01    13.504
  2081   02    14.048
  2081   03    14.269
  2081   04    13.711
  2081   05    12.524
  2081   06    10.429
  2081   07     8.248
  2081   08     5.877
  2081   09     3.258
  2081   10     6.159
  2081   11     9.608
  2081   12    11.179
  2082   01    12.996
  2082   02    13.597
  2082   03    13.925
  2082   04    13.344
  2082   05    12.087
  2082   06    10.578
  2082   07     7.747
  2082   08     4.612
  2082   09     3.130
  2082   10     6.247
  2082   11     8.847
  2082   12    10.720
  2083   01    12.572
  2083   02    13.744
  2083   03    13.819
  2083   04    13.433
  2083   05    11.953
  2083   06    10.006
  2083   07     7.325
  2083   08     4.470
  2083   09     2.159
  2083   10     5.522
  2083   11     8.172
  2083   12    10.339
  2084   01    12.194
  2084   02    13.178
  2084   03    13.307
  2084   04    12.674
  2084   05    11.622
  2084   06     9.365
  2084   07     6.624
  2084   08     3.900
  2084   09     2.028
  2084   10     4.933
  2084   11     8.147
  2084   12    10.155
  2085   01    11.859
  2085   02    12.973
  2085   03    13.262
  2085   04    12.951
  2085   05    11.896
  2085   06    10.068
  2085   07     7.292
  2085   08     3.456
  2085   09     1.336
  2085   10     4.193
  2085   11     8.122
  2085   12    10.656
  2086   01    12.404
  2086   02    13.202
  2086   03    13.436
  2086   04    13.231
  2086   05    12.143
  2086   06    10.082
  2086   07     6.618
  2086   08     2.082
  2086   09     0.756
  2086   10     3.607
  2086   11     8.768
  2086   12    11.197
  2087   01    12.888
  2087   02    13.578
  2087   03    13.634
  2087   04    13.330
  2087   05    12.307
  2087   06    10.230
  2087   07     7.383
  2087   08     3.605
  2087   09     1.266
  2087   10     4.389
  2087   11     8.725
  2087   12    11.062
  2088   01    12.423
  2088   02    13.438
  2088   03    13.373
  2088   04    12.917
  2088   05    11.799
  2088   06     9.609
  2088   07     6.433
  2088   08     2.274
  2088   09     1.027
  2088   10     3.248
  2088   11     8.457
  2088   12    10.586
  2089   01    12.391
  2089   02    13.619
  2089   03    13.730
  2089   04    13.192
  2089   05    11.940
  2089   06    10.104
  2089   07     6.293
  2089   08     1.823
  2089   09     0.589
  2089   10     3.855
  2089   11     7.910
  2089   12    10.574
  2090   01    12.534
  2090   02    13.229
  2090   03    13.413
  2090   04    12.733
  2090   05    12.010
  2090   06     9.766
  2090   07     5.894
  2090   08     2.330
  2090   09     0.395
  2090   10     3.134
  2090   11     7.815
  2090   12     9.862
  2091   01    11.890
  2091   02    13.163
  2091   03    13.461
  2091   04    12.854
  2091   05    11.854
  2091   06     9.887
  2091   07     6.955
  2091   08     1.144
  2091   09     0.536
  2091   10     3.115
  2091   11     7.801
  2091   12    10.243
  2092   01    11.761
  2092   02    13.203
  2092   03    13.444
  2092   04    12.989
  2092   05    11.740
  2092   06     9.871
  2092   07     7.171
  2092   08     3.223
  2092   09     1.577
  2092   10     4.812
  2092   11     8.126
  2092   12     9.919
  2093   01    11.862
  2093   02    12.834
  2093   03    12.916
  2093   04    12.538
  2093   05    11.539
  2093   06     8.862
  2093   07     5.477
  2093   08     1.662
  2093   09     0.687
  2093   10     2.419
  2093   11     7.466
  2093   12    10.285
  2094   01    11.959
  2094   02    12.892
  2094   03    12.563
  2094   04    12.610
  2094   05    11.600
  2094   06     9.557
  2094   07     6.398
  2094   08     1.995
  2094   09     0.634
  2094   10     2.371
  2094   11     7.395
  2094   12     9.776
  2095   01    11.451
  2095   02    12.860
  2095   03    13.086
  2095   04    12.652
  2095   05    11.655
  2095   06     9.550
  2095   07     5.563
  2095   08     0.333
  2095   09     0.311
  2095   10     3.047
  2095   11     7.783
  2095   12    10.329
  2096   01    12.213
  2096   02    13.232
  2096   03    13.289
  2096   04    12.592
  2096   05    11.761
  2096   06     9.765
  2096   07     6.549
  2096   08     1.295
  2096   09     0.646
  2096   10     2.926
  2096   11     7.886
  2096   12    10.331
  2097   01    11.878
  2097   02    12.790
  2097   03    12.859
  2097   04    12.336
  2097   05    11.337
  2097   06     8.763
  2097   07     6.621
  2097   08     1.768
  2097   09     0.697
  2097   10     3.444
  2097   11     8.228
  2097   12    10.050
  2098   01    11.500
  2098   02    12.696
  2098   03    12.966
  2098   04    12.408
  2098   05    11.308
  2098   06     9.354
  2098   07     5.974
  2098   08     2.050
  2098   09     0.321
  2098   10     3.321
  2098   11     7.845
  2098   12    10.184
  2099   01    11.902
  2099   02    12.749
  2099   03    13.108
  2099   04    12.586
  2099   05    11.146
  2099   06     8.956
  2099   07     5.425
  2099   08     0.424
  2099   09     0.235
  2099   10     2.037
  2099   11     6.742
  2099   12     9.695
  2100   01    11.552
  2100   02    12.959
  2100   03    13.035
  2100   04    12.408
  2100   05    11.498
  2100   06     9.337
  2100   07     5.693
  2100   08     1.586
  2100   09     0.417
  2100   10     1.364
  2100   11     6.697
  2100   12     9.671
