  1850   01    16.393
  1850   02    17.556
  1850   03    17.915
  1850   04    17.050
  1850   05    15.205
  1850   06    12.578
  1850   07    10.318
  1850   08     8.970
  1850   09     8.991
  1850   10    10.571
  1850   11    12.290
  1850   12    14.720
  1851   01    15.908
  1851   02    16.560
  1851   03    16.953
  1851   04    16.555
  1851   05    15.106
  1851   06    13.078
  1851   07    10.499
  1851   08     9.322
  1851   09     9.430
  1851   10    10.663
  1851   11    12.591
  1851   12    14.497
  1852   01    16.391
  1852   02    17.355
  1852   03    17.683
  1852   04    16.872
  1852   05    15.322
  1852   06    12.502
  1852   07     9.853
  1852   08     7.884
  1852   09     7.646
  1852   10     9.474
  1852   11    12.393
  1852   12    14.764
  1853   01    15.891
  1853   02    16.675
  1853   03    16.784
  1853   04    16.359
  1853   05    15.218
  1853   06    13.008
  1853   07     9.783
  1853   08     7.485
  1853   09     8.297
  1853   10     9.905
  1853   11    12.281
  1853   12    14.536
  1854   01    15.825
  1854   02    16.565
  1854   03    16.792
  1854   04    16.255
  1854   05    14.923
  1854   06    13.002
  1854   07    10.148
  1854   08     8.413
  1854   09     8.637
  1854   10    10.505
  1854   11    12.906
  1854   12    14.759
  1855   01    16.090
  1855   02    17.005
  1855   03    17.721
  1855   04    16.651
  1855   05    15.032
  1855   06    13.313
  1855   07    10.464
  1855   08     8.410
  1855   09     8.418
  1855   10    10.318
  1855   11    12.659
  1855   12    14.920
  1856   01    16.243
  1856   02    16.792
  1856   03    16.911
  1856   04    16.289
  1856   05    14.555
  1856   06    12.677
  1856   07     9.138
  1856   08     7.564
  1856   09     7.625
  1856   10    10.115
  1856   11    12.415
  1856   12    14.392
  1857   01    15.627
  1857   02    16.360
  1857   03    16.356
  1857   04    16.106
  1857   05    14.682
  1857   06    13.044
  1857   07    10.214
  1857   08     8.366
  1857   09     8.617
  1857   10    10.729
  1857   11    12.865
  1857   12    14.948
  1858   01    15.966
  1858   02    16.832
  1858   03    17.218
  1858   04    16.742
  1858   05    15.694
  1858   06    13.946
  1858   07    11.747
  1858   08     8.941
  1858   09     9.084
  1858   10    11.605
  1858   11    13.377
  1858   12    15.749
  1859   01    16.992
  1859   02    17.451
  1859   03    17.563
  1859   04    17.004
  1859   05    15.829
  1859   06    14.398
  1859   07    11.412
  1859   08     8.780
  1859   09     9.280
  1859   10    11.366
  1859   11    13.434
  1859   12    15.513
  1860   01    16.286
  1860   02    17.045
  1860   03    17.364
  1860   04    16.710
  1860   05    15.457
  1860   06    13.783
  1860   07    11.425
  1860   08     9.990
  1860   09     9.960
  1860   10    11.332
  1860   11    13.095
  1860   12    15.301
  1861   01    16.080
  1861   02    16.764
  1861   03    17.125
  1861   04    16.433
  1861   05    15.404
  1861   06    12.930
  1861   07    10.408
  1861   08     8.925
  1861   09     9.161
  1861   10    10.804
  1861   11    13.310
  1861   12    15.405
  1862   01    16.539
  1862   02    17.009
  1862   03    17.068
  1862   04    16.371
  1862   05    14.839
  1862   06    13.028
  1862   07    10.656
  1862   08     8.489
  1862   09     8.704
  1862   10    11.137
  1862   11    12.946
  1862   12    14.600
  1863   01    15.674
  1863   02    16.185
  1863   03    16.329
  1863   04    15.528
  1863   05    14.397
  1863   06    12.279
  1863   07     9.875
  1863   08     8.359
  1863   09     8.879
  1863   10    10.164
  1863   11    11.744
  1863   12    14.103
  1864   01    15.042
  1864   02    15.919
  1864   03    16.053
  1864   04    15.459
  1864   05    14.468
  1864   06    12.371
  1864   07     9.627
  1864   08     8.227
  1864   09     8.379
  1864   10    10.115
  1864   11    12.566
  1864   12    14.089
  1865   01    15.193
  1865   02    15.920
  1865   03    16.007
  1865   04    15.781
  1865   05    14.696
  1865   06    12.916
  1865   07    10.023
  1865   08     8.324
  1865   09     8.334
  1865   10     9.637
  1865   11    11.987
  1865   12    14.356
  1866   01    15.405
  1866   02    16.305
  1866   03    16.901
  1866   04    16.115
  1866   05    15.047
  1866   06    12.936
  1866   07    10.584
  1866   08     7.958
  1866   09     8.259
  1866   10    10.617
  1866   11    12.311
  1866   12    14.553
  1867   01    15.842
  1867   02    16.648
  1867   03    16.660
  1867   04    16.077
  1867   05    15.215
  1867   06    13.228
  1867   07    10.043
  1867   08     8.348
  1867   09     8.165
  1867   10    10.335
  1867   11    12.266
  1867   12    14.368
  1868   01    15.660
  1868   02    16.514
  1868   03    16.810
  1868   04    16.689
  1868   05    14.713
  1868   06    12.787
  1868   07     9.671
  1868   08     8.520
  1868   09     8.416
  1868   10    10.352
  1868   11    12.530
  1868   12    14.705
  1869   01    15.964
  1869   02    16.682
  1869   03    17.132
  1869   04    16.393
  1869   05    15.230
  1869   06    13.210
  1869   07    10.315
  1869   08     8.032
  1869   09     7.813
  1869   10     9.770
  1869   11    12.233
  1869   12    14.714
  1870   01    16.361
  1870   02    17.053
  1870   03    17.430
  1870   04    16.738
  1870   05    15.457
  1870   06    12.911
  1870   07    10.495
  1870   08     8.091
  1870   09     7.774
  1870   10    10.460
  1870   11    12.580
  1870   12    14.736
  1871   01    16.153
  1871   02    16.753
  1871   03    16.912
  1871   04    16.537
  1871   05    15.396
  1871   06    12.961
  1871   07     9.939
  1871   08     8.379
  1871   09     8.500
  1871   10    10.664
  1871   11    12.683
  1871   12    14.633
  1872   01    15.751
  1872   02    16.788
  1872   03    17.080
  1872   04    16.779
  1872   05    15.457
  1872   06    13.383
  1872   07    10.459
  1872   08     9.216
  1872   09     9.707
  1872   10    11.191
  1872   11    12.974
  1872   12    14.942
  1873   01    16.679
  1873   02    17.336
  1873   03    17.341
  1873   04    16.741
  1873   05    15.283
  1873   06    13.497
  1873   07    10.416
  1873   08     8.204
  1873   09     8.473
  1873   10    11.399
  1873   11    13.178
  1873   12    15.149
  1874   01    16.496
  1874   02    17.429
  1874   03    17.404
  1874   04    16.817
  1874   05    15.583
  1874   06    13.964
  1874   07    10.889
  1874   08     9.008
  1874   09     9.020
  1874   10    10.851
  1874   11    13.204
  1874   12    15.425
  1875   01    16.678
  1875   02    17.731
  1875   03    17.975
  1875   04    17.284
  1875   05    16.250
  1875   06    13.926
  1875   07    11.360
  1875   08     9.126
  1875   09     9.016
  1875   10    11.294
  1875   11    13.765
  1875   12    15.582
  1876   01    17.134
  1876   02    17.873
  1876   03    17.965
  1876   04    17.486
  1876   05    15.967
  1876   06    13.910
  1876   07    10.816
  1876   08     9.004
  1876   09     9.287
  1876   10    10.742
  1876   11    13.079
  1876   12    15.651
  1877   01    16.682
  1877   02    17.616
  1877   03    18.096
  1877   04    17.384
  1877   05    15.815
  1877   06    13.527
  1877   07    10.937
  1877   08     9.009
  1877   09     9.001
  1877   10    11.063
  1877   11    13.426
  1877   12    15.684
  1878   01    16.897
  1878   02    17.191
  1878   03    17.523
  1878   04    17.136
  1878   05    15.380
  1878   06    12.715
  1878   07    10.380
  1878   08     8.649
  1878   09     8.464
  1878   10    10.265
  1878   11    12.276
  1878   12    14.987
  1879   01    16.190
  1879   02    16.862
  1879   03    17.121
  1879   04    16.337
  1879   05    15.018
  1879   06    12.950
  1879   07    10.155
  1879   08     8.850
  1879   09     8.823
  1879   10    10.506
  1879   11    12.640
  1879   12    14.834
  1880   01    16.019
  1880   02    16.761
  1880   03    17.012
  1880   04    16.323
  1880   05    15.222
  1880   06    13.163
  1880   07    10.820
  1880   08     8.917
  1880   09     8.962
  1880   10    10.877
  1880   11    12.463
  1880   12    14.686
  1881   01    15.808
  1881   02    16.700
  1881   03    17.125
  1881   04    16.728
  1881   05    15.031
  1881   06    12.901
  1881   07    10.292
  1881   08     6.802
  1881   09     7.207
  1881   10     9.723
  1881   11    12.422
  1881   12    14.509
  1882   01    16.255
  1882   02    16.788
  1882   03    17.057
  1882   04    16.036
  1882   05    14.812
  1882   06    12.372
  1882   07     8.965
  1882   08     7.209
  1882   09     6.781
  1882   10     9.410
  1882   11    11.904
  1882   12    14.360
  1883   01    15.904
  1883   02    16.603
  1883   03    16.920
  1883   04    16.551
  1883   05    15.085
  1883   06    12.950
  1883   07     9.668
  1883   08     7.978
  1883   09     8.326
  1883   10    10.553
  1883   11    12.302
  1883   12    14.379
  1884   01    15.988
  1884   02    16.870
  1884   03    17.047
  1884   04    16.969
  1884   05    15.926
  1884   06    13.536
  1884   07    11.263
  1884   08     8.249
  1884   09     8.572
  1884   10    11.049
  1884   11    13.088
  1884   12    14.970
  1885   01    16.360
  1885   02    17.133
  1885   03    17.011
  1885   04    16.412
  1885   05    15.093
  1885   06    13.236
  1885   07    10.918
  1885   08     9.351
  1885   09     9.335
  1885   10    10.961
  1885   11    13.434
  1885   12    14.998
  1886   01    16.204
  1886   02    16.585
  1886   03    16.702
  1886   04    16.524
  1886   05    15.227
  1886   06    13.130
  1886   07    10.574
  1886   08     8.876
  1886   09     8.913
  1886   10    11.132
  1886   11    12.831
  1886   12    14.653
  1887   01    15.922
  1887   02    16.681
  1887   03    17.152
  1887   04    16.644
  1887   05    15.442
  1887   06    12.937
  1887   07    10.731
  1887   08     8.360
  1887   09     8.118
  1887   10    10.672
  1887   11    13.348
  1887   12    15.264
  1888   01    15.855
  1888   02    16.879
  1888   03    17.085
  1888   04    16.763
  1888   05    15.534
  1888   06    13.930
  1888   07    12.085
  1888   08    10.040
  1888   09    10.054
  1888   10    11.760
  1888   11    13.723
  1888   12    15.659
  1889   01    16.864
  1889   02    17.315
  1889   03    17.380
  1889   04    17.153
  1889   05    15.397
  1889   06    13.658
  1889   07    11.258
  1889   08     9.119
  1889   09     8.945
  1889   10    10.644
  1889   11    12.625
  1889   12    15.166
  1890   01    16.306
  1890   02    17.015
  1890   03    17.330
  1890   04    16.738
  1890   05    15.502
  1890   06    13.345
  1890   07    10.069
  1890   08     8.396
  1890   09     8.770
  1890   10    10.905
  1890   11    12.930
  1890   12    14.945
  1891   01    15.963
  1891   02    16.710
  1891   03    16.996
  1891   04    16.142
  1891   05    14.411
  1891   06    13.031
  1891   07    10.824
  1891   08     8.637
  1891   09     8.922
  1891   10    10.598
  1891   11    12.722
  1891   12    14.741
  1892   01    15.989
  1892   02    16.657
  1892   03    16.955
  1892   04    16.558
  1892   05    14.887
  1892   06    13.316
  1892   07    10.474
  1892   08     8.791
  1892   09     9.412
  1892   10    10.749
  1892   11    12.741
  1892   12    15.137
  1893   01    16.361
  1893   02    17.122
  1893   03    17.276
  1893   04    16.861
  1893   05    15.772
  1893   06    13.761
  1893   07    11.293
  1893   08     9.371
  1893   09     9.632
  1893   10    11.275
  1893   11    13.277
  1893   12    15.351
  1894   01    16.734
  1894   02    17.277
  1894   03    17.638
  1894   04    17.093
  1894   05    15.882
  1894   06    13.618
  1894   07    11.071
  1894   08     8.865
  1894   09     9.410
  1894   10    11.225
  1894   11    12.873
  1894   12    15.254
  1895   01    16.728
  1895   02    17.318
  1895   03    17.229
  1895   04    16.744
  1895   05    15.305
  1895   06    13.440
  1895   07    11.242
  1895   08     9.351
  1895   09     8.913
  1895   10    10.607
  1895   11    12.844
  1895   12    15.213
  1896   01    16.922
  1896   02    17.800
  1896   03    18.054
  1896   04    17.423
  1896   05    15.843
  1896   06    13.848
  1896   07    11.749
  1896   08     9.358
  1896   09     9.027
  1896   10    11.301
  1896   11    13.315
  1896   12    15.845
  1897   01    16.873
  1897   02    17.257
  1897   03    17.581
  1897   04    17.065
  1897   05    15.459
  1897   06    14.091
  1897   07    11.029
  1897   08     8.799
  1897   09     8.481
  1897   10    11.114
  1897   11    12.936
  1897   12    15.340
  1898   01    17.007
  1898   02    17.993
  1898   03    17.581
  1898   04    17.041
  1898   05    15.299
  1898   06    14.285
  1898   07    11.017
  1898   08     8.885
  1898   09     8.768
  1898   10    10.812
  1898   11    13.147
  1898   12    15.492
  1899   01    16.916
  1899   02    17.957
  1899   03    18.052
  1899   04    17.291
  1899   05    15.666
  1899   06    13.868
  1899   07    11.523
  1899   08     9.203
  1899   09     8.997
  1899   10    10.757
  1899   11    13.022
  1899   12    15.231
  1900   01    16.233
  1900   02    16.790
  1900   03    17.259
  1900   04    17.038
  1900   05    15.568
  1900   06    13.700
  1900   07    11.065
  1900   08     8.481
  1900   09     8.434
  1900   10    11.288
  1900   11    13.462
  1900   12    15.420
  1901   01    16.876
  1901   02    17.500
  1901   03    18.014
  1901   04    17.277
  1901   05    15.687
  1901   06    13.737
  1901   07    11.267
  1901   08     9.234
  1901   09     9.253
  1901   10    11.120
  1901   11    13.035
  1901   12    15.519
  1902   01    16.704
  1902   02    17.242
  1902   03    17.558
  1902   04    17.330
  1902   05    16.124
  1902   06    14.177
  1902   07    12.215
  1902   08     9.495
  1902   09     9.970
  1902   10    11.650
  1902   11    13.789
  1902   12    16.019
  1903   01    17.072
  1903   02    17.345
  1903   03    17.666
  1903   04    17.189
  1903   05    15.863
  1903   06    14.187
  1903   07    11.725
  1903   08    10.576
  1903   09    10.454
  1903   10    11.617
  1903   11    13.449
  1903   12    15.512
  1904   01    16.579
  1904   02    17.369
  1904   03    17.413
  1904   04    17.152
  1904   05    16.160
  1904   06    14.568
  1904   07    12.767
  1904   08    10.148
  1904   09    10.387
  1904   10    11.920
  1904   11    14.329
  1904   12    16.164
  1905   01    17.399
  1905   02    17.946
  1905   03    18.467
  1905   04    18.202
  1905   05    16.308
  1905   06    13.779
  1905   07    11.747
  1905   08    10.272
  1905   09    10.036
  1905   10    11.406
  1905   11    13.923
  1905   12    15.967
  1906   01    17.284
  1906   02    18.029
  1906   03    18.168
  1906   04    17.634
  1906   05    16.315
  1906   06    14.568
  1906   07    11.462
  1906   08     9.691
  1906   09     9.720
  1906   10    11.734
  1906   11    13.626
  1906   12    16.078
  1907   01    17.358
  1907   02    18.305
  1907   03    18.514
  1907   04    17.511
  1907   05    16.444
  1907   06    14.123
  1907   07    11.441
  1907   08     9.580
  1907   09    10.227
  1907   10    11.796
  1907   11    13.594
  1907   12    15.757
  1908   01    17.668
  1908   02    18.270
  1908   03    18.575
  1908   04    18.065
  1908   05    16.653
  1908   06    14.767
  1908   07    11.492
  1908   08    10.045
  1908   09     9.794
  1908   10    11.806
  1908   11    13.966
  1908   12    16.055
  1909   01    17.630
  1909   02    18.602
  1909   03    18.874
  1909   04    18.378
  1909   05    16.924
  1909   06    14.588
  1909   07    12.441
  1909   08    10.750
  1909   09    10.878
  1909   10    12.072
  1909   11    14.313
  1909   12    16.112
  1910   01    17.799
  1910   02    18.412
  1910   03    18.670
  1910   04    18.282
  1910   05    17.088
  1910   06    13.940
  1910   07    11.311
  1910   08     9.769
  1910   09     9.876
  1910   10    11.586
  1910   11    13.653
  1910   12    15.727
  1911   01    17.059
  1911   02    18.143
  1911   03    18.508
  1911   04    17.997
  1911   05    16.957
  1911   06    14.687
  1911   07    11.123
  1911   08     9.045
  1911   09     9.154
  1911   10    10.979
  1911   11    13.149
  1911   12    15.529
  1912   01    17.267
  1912   02    18.070
  1912   03    18.524
  1912   04    18.233
  1912   05    16.867
  1912   06    14.079
  1912   07    11.499
  1912   08     9.984
  1912   09    10.408
  1912   10    12.213
  1912   11    14.313
  1912   12    16.448
  1913   01    17.865
  1913   02    19.135
  1913   03    19.279
  1913   04    18.483
  1913   05    16.995
  1913   06    14.307
  1913   07    11.736
  1913   08     9.513
  1913   09     9.679
  1913   10    12.130
  1913   11    14.931
  1913   12    17.419
  1914   01    18.459
  1914   02    19.261
  1914   03    19.440
  1914   04    19.117
  1914   05    17.638
  1914   06    15.673
  1914   07    12.354
  1914   08     9.618
  1914   09     9.006
  1914   10    11.586
  1914   11    14.262
  1914   12    16.567
  1915   01    17.988
  1915   02    18.797
  1915   03    18.960
  1915   04    18.551
  1915   05    17.251
  1915   06    14.962
  1915   07    12.859
  1915   08    10.008
  1915   09     9.678
  1915   10    11.296
  1915   11    14.330
  1915   12    16.585
  1916   01    17.733
  1916   02    18.504
  1916   03    18.898
  1916   04    18.482
  1916   05    16.567
  1916   06    14.547
  1916   07    11.958
  1916   08     9.746
  1916   09     9.433
  1916   10    11.523
  1916   11    14.112
  1916   12    16.267
  1917   01    17.809
  1917   02    18.861
  1917   03    19.233
  1917   04    18.886
  1917   05    17.232
  1917   06    14.867
  1917   07    11.884
  1917   08     9.670
  1917   09     9.687
  1917   10    11.977
  1917   11    14.745
  1917   12    16.528
  1918   01    18.025
  1918   02    19.096
  1918   03    19.136
  1918   04    18.838
  1918   05    16.945
  1918   06    14.380
  1918   07    12.135
  1918   08     9.671
  1918   09     9.268
  1918   10    11.354
  1918   11    13.359
  1918   12    15.988
  1919   01    17.168
  1919   02    18.062
  1919   03    18.566
  1919   04    18.355
  1919   05    17.761
  1919   06    15.634
  1919   07    11.568
  1919   08     9.509
  1919   09     9.423
  1919   10    11.943
  1919   11    14.750
  1919   12    17.021
  1920   01    18.452
  1920   02    19.039
  1920   03    19.192
  1920   04    19.020
  1920   05    17.608
  1920   06    15.163
  1920   07    12.611
  1920   08    10.771
  1920   09    10.647
  1920   10    12.522
  1920   11    14.581
  1920   12    16.676
  1921   01    17.860
  1921   02    18.496
  1921   03    19.051
  1921   04    18.294
  1921   05    17.190
  1921   06    14.550
  1921   07    11.616
  1921   08     9.035
  1921   09     8.991
  1921   10    11.198
  1921   11    13.660
  1921   12    16.407
  1922   01    17.851
  1922   02    18.579
  1922   03    19.000
  1922   04    18.723
  1922   05    16.768
  1922   06    14.858
  1922   07    10.794
  1922   08     8.658
  1922   09     8.613
  1922   10    10.452
  1922   11    13.382
  1922   12    16.151
  1923   01    17.915
  1923   02    18.809
  1923   03    18.718
  1923   04    18.510
  1923   05    16.867
  1923   06    14.036
  1923   07    10.154
  1923   08     8.033
  1923   09     8.109
  1923   10    10.603
  1923   11    13.569
  1923   12    16.045
  1924   01    17.311
  1924   02    18.090
  1924   03    18.928
  1924   04    18.309
  1924   05    16.991
  1924   06    14.640
  1924   07    11.007
  1924   08     8.976
  1924   09     9.255
  1924   10    11.103
  1924   11    13.004
  1924   12    16.220
  1925   01    17.911
  1925   02    19.020
  1925   03    18.953
  1925   04    18.829
  1925   05    17.524
  1925   06    14.574
  1925   07    12.219
  1925   08    10.083
  1925   09    10.775
  1925   10    12.054
  1925   11    14.294
  1925   12    16.861
  1926   01    18.175
  1926   02    18.738
  1926   03    18.931
  1926   04    18.540
  1926   05    16.722
  1926   06    13.997
  1926   07    10.694
  1926   08     8.937
  1926   09     9.087
  1926   10    11.391
  1926   11    14.042
  1926   12    16.738
  1927   01    18.421
  1927   02    19.382
  1927   03    19.328
  1927   04    19.027
  1927   05    17.658
  1927   06    15.783
  1927   07    12.154
  1927   08     9.926
  1927   09     9.743
  1927   10    11.111
  1927   11    14.034
  1927   12    16.521
  1928   01    18.335
  1928   02    19.098
  1928   03    19.443
  1928   04    19.103
  1928   05    17.110
  1928   06    15.005
  1928   07    12.072
  1928   08    10.435
  1928   09    10.551
  1928   10    11.943
  1928   11    14.424
  1928   12    17.054
  1929   01    18.635
  1929   02    19.606
  1929   03    19.642
  1929   04    18.849
  1929   05    16.836
  1929   06    15.104
  1929   07    12.180
  1929   08    10.504
  1929   09    10.227
  1929   10    12.399
  1929   11    14.223
  1929   12    16.737
  1930   01    18.319
  1930   02    19.415
  1930   03    19.915
  1930   04    19.603
  1930   05    17.786
  1930   06    15.591
  1930   07    13.749
  1930   08    11.416
  1930   09    11.686
  1930   10    13.106
  1930   11    15.251
  1930   12    17.278
  1931   01    18.989
  1931   02    19.804
  1931   03    20.331
  1931   04    19.649
  1931   05    18.141
  1931   06    15.927
  1931   07    13.081
  1931   08    11.374
  1931   09    11.585
  1931   10    12.773
  1931   11    15.278
  1931   12    17.695
  1932   01    19.060
  1932   02    20.042
  1932   03    20.210
  1932   04    19.061
  1932   05    17.473
  1932   06    15.876
  1932   07    12.900
  1932   08     9.860
  1932   09    10.581
  1932   10    12.327
  1932   11    14.166
  1932   12    17.077
  1933   01    18.653
  1933   02    19.445
  1933   03    19.600
  1933   04    19.018
  1933   05    17.700
  1933   06    14.883
  1933   07    11.675
  1933   08     9.934
  1933   09    10.361
  1933   10    11.887
  1933   11    14.207
  1933   12    16.539
  1934   01    18.067
  1934   02    18.807
  1934   03    19.217
  1934   04    18.799
  1934   05    17.427
  1934   06    15.263
  1934   07    12.426
  1934   08    10.715
  1934   09    11.070
  1934   10    12.619
  1934   11    14.342
  1934   12    17.114
  1935   01    18.117
  1935   02    18.788
  1935   03    19.367
  1935   04    19.088
  1935   05    17.601
  1935   06    15.395
  1935   07    12.696
  1935   08    11.043
  1935   09    10.900
  1935   10    12.519
  1935   11    14.845
  1935   12    17.264
  1936   01    18.521
  1936   02    19.630
  1936   03    19.813
  1936   04    19.422
  1936   05    17.902
  1936   06    15.598
  1936   07    13.189
  1936   08    11.971
  1936   09    12.364
  1936   10    13.307
  1936   11    15.400
  1936   12    17.305
  1937   01    18.790
  1937   02    19.637
  1937   03    20.110
  1937   04    19.552
  1937   05    18.141
  1937   06    16.164
  1937   07    13.998
  1937   08    11.794
  1937   09    11.590
  1937   10    13.128
  1937   11    15.484
  1937   12    17.969
  1938   01    19.268
  1938   02    20.129
  1938   03    20.535
  1938   04    20.056
  1938   05    18.320
  1938   06    15.487
  1938   07    13.503
  1938   08    11.997
  1938   09    12.155
  1938   10    13.362
  1938   11    15.282
  1938   12    17.524
  1939   01    18.967
  1939   02    19.800
  1939   03    20.467
  1939   04    19.958
  1939   05    18.269
  1939   06    15.955
  1939   07    13.656
  1939   08    11.243
  1939   09    11.422
  1939   10    12.737
  1939   11    14.440
  1939   12    16.768
  1940   01    18.333
  1940   02    19.835
  1940   03    20.080
  1940   04    19.441
  1940   05    18.027
  1940   06    16.047
  1940   07    13.110
  1940   08    11.305
  1940   09    10.991
  1940   10    12.232
  1940   11    14.319
  1940   12    17.377
  1941   01    19.216
  1941   02    19.814
  1941   03    20.411
  1941   04    19.791
  1941   05    18.364
  1941   06    16.161
  1941   07    12.969
  1941   08    10.024
  1941   09    10.179
  1941   10    12.480
  1941   11    14.689
  1941   12    17.438
  1942   01    18.945
  1942   02    19.634
  1942   03    20.154
  1942   04    19.629
  1942   05    18.490
  1942   06    15.911
  1942   07    13.748
  1942   08    10.792
  1942   09    10.601
  1942   10    12.633
  1942   11    15.412
  1942   12    17.982
  1943   01    19.681
  1943   02    21.087
  1943   03    21.470
  1943   04    20.520
  1943   05    18.758
  1943   06    16.151
  1943   07    13.971
  1943   08    11.055
  1943   09    11.376
  1943   10    13.077
  1943   11    15.556
  1943   12    17.790
  1944   01    19.419
  1944   02    20.410
  1944   03    20.876
  1944   04    20.562
  1944   05    18.516
  1944   06    15.381
  1944   07    12.372
  1944   08    10.514
  1944   09    10.575
  1944   10    12.516
  1944   11    14.756
  1944   12    17.254
  1945   01    19.211
  1945   02    20.438
  1945   03    20.886
  1945   04    20.270
  1945   05    18.208
  1945   06    16.140
  1945   07    13.963
  1945   08    10.881
  1945   09    11.004
  1945   10    12.992
  1945   11    15.772
  1945   12    18.314
  1946   01    19.666
  1946   02    20.505
  1946   03    20.609
  1946   04    19.929
  1946   05    18.319
  1946   06    16.084
  1946   07    14.377
  1946   08    12.208
  1946   09    12.037
  1946   10    13.795
  1946   11    16.262
  1946   12    18.389
  1947   01    19.529
  1947   02    20.457
  1947   03    20.779
  1947   04    20.526
  1947   05    18.317
  1947   06    15.855
  1947   07    13.205
  1947   08    11.608
  1947   09    11.853
  1947   10    13.349
  1947   11    15.518
  1947   12    17.893
  1948   01    19.741
  1948   02    20.392
  1948   03    20.385
  1948   04    19.699
  1948   05    17.767
  1948   06    15.951
  1948   07    12.978
  1948   08     9.975
  1948   09    10.154
  1948   10    12.203
  1948   11    14.825
  1948   12    17.392
  1949   01    19.226
  1949   02    20.152
  1949   03    20.519
  1949   04    19.504
  1949   05    17.768
  1949   06    15.290
  1949   07    13.221
  1949   08    11.188
  1949   09    11.139
  1949   10    12.579
  1949   11    14.596
  1949   12    17.240
  1950   01    18.598
  1950   02    19.708
  1950   03    20.184
  1950   04    19.737
  1950   05    18.530
  1950   06    15.571
  1950   07    12.890
  1950   08    10.792
  1950   09    10.636
  1950   10    12.740
  1950   11    14.759
  1950   12    17.257
  1951   01    18.680
  1951   02    19.428
  1951   03    19.516
  1951   04    19.282
  1951   05    18.311
  1951   06    15.259
  1951   07    12.478
  1951   08    10.246
  1951   09    10.651
  1951   10    12.645
  1951   11    14.693
  1951   12    17.046
  1952   01    18.452
  1952   02    19.136
  1952   03    19.508
  1952   04    19.156
  1952   05    18.054
  1952   06    15.604
  1952   07    12.626
  1952   08    11.176
  1952   09    10.636
  1952   10    12.587
  1952   11    14.802
  1952   12    17.271
  1953   01    18.647
  1953   02    19.718
  1953   03    19.902
  1953   04    18.869
  1953   05    17.110
  1953   06    14.994
  1953   07    12.480
  1953   08     9.672
  1953   09     9.500
  1953   10    11.638
  1953   11    14.180
  1953   12    16.887
  1954   01    18.375
  1954   02    19.388
  1954   03    19.800
  1954   04    19.150
  1954   05    17.273
  1954   06    14.823
  1954   07    12.312
  1954   08     9.427
  1954   09     9.745
  1954   10    12.503
  1954   11    14.029
  1954   12    16.106
  1955   01    17.778
  1955   02    18.838
  1955   03    19.389
  1955   04    18.630
  1955   05    17.435
  1955   06    15.345
  1955   07    12.760
  1955   08    10.129
  1955   09     9.653
  1955   10    12.482
  1955   11    14.736
  1955   12    16.937
  1956   01    18.176
  1956   02    18.923
  1956   03    19.401
  1956   04    18.736
  1956   05    17.307
  1956   06    14.852
  1956   07    12.611
  1956   08    10.580
  1956   09     9.630
  1956   10    12.719
  1956   11    14.461
  1956   12    16.731
  1957   01    18.374
  1957   02    19.197
  1957   03    18.798
  1957   04    17.738
  1957   05    16.152
  1957   06    14.948
  1957   07    12.147
  1957   08    10.805
  1957   09    10.264
  1957   10    11.978
  1957   11    13.998
  1957   12    16.162
  1958   01    17.538
  1958   02    18.342
  1958   03    18.274
  1958   04    17.602
  1958   05    16.524
  1958   06    15.026
  1958   07    12.799
  1958   08    10.295
  1958   09    10.171
  1958   10    12.172
  1958   11    14.402
  1958   12    16.679
  1959   01    18.067
  1959   02    18.746
  1959   03    18.529
  1959   04    18.125
  1959   05    16.764
  1959   06    14.878
  1959   07    11.988
  1959   08    10.409
  1959   09    10.400
  1959   10    11.759
  1959   11    13.836
  1959   12    15.924
  1960   01    17.315
  1960   02    18.116
  1960   03    18.530
  1960   04    17.995
  1960   05    16.453
  1960   06    14.702
  1960   07    11.514
  1960   08     9.243
  1960   09     9.799
  1960   10    11.361
  1960   11    13.740
  1960   12    16.275
  1961   01    17.730
  1961   02    18.510
  1961   03    18.875
  1961   04    18.376
  1961   05    16.752
  1961   06    14.503
  1961   07    11.561
  1961   08     9.866
  1961   09     9.427
  1961   10    10.925
  1961   11    13.154
  1961   12    15.854
  1962   01    17.482
  1962   02    18.123
  1962   03    18.548
  1962   04    17.995
  1962   05    16.785
  1962   06    14.449
  1962   07    11.713
  1962   08    10.007
  1962   09     9.656
  1962   10    11.560
  1962   11    14.281
  1962   12    16.152
  1963   01    18.055
  1963   02    18.848
  1963   03    19.232
  1963   04    18.333
  1963   05    16.522
  1963   06    14.114
  1963   07    11.322
  1963   08     9.729
  1963   09     9.671
  1963   10    11.349
  1963   11    13.618
  1963   12    15.806
  1964   01    17.588
  1964   02    18.493
  1964   03    18.919
  1964   04    17.864
  1964   05    16.376
  1964   06    14.647
  1964   07    12.553
  1964   08     9.814
  1964   09     9.157
  1964   10    11.276
  1964   11    13.813
  1964   12    16.124
  1965   01    17.850
  1965   02    19.274
  1965   03    19.818
  1965   04    19.134
  1965   05    17.630
  1965   06    15.901
  1965   07    12.643
  1965   08    10.589
  1965   09    10.657
  1965   10    12.578
  1965   11    15.010
  1965   12    17.240
  1966   01    18.651
  1966   02    19.452
  1966   03    19.723
  1966   04    19.205
  1966   05    18.057
  1966   06    15.056
  1966   07    12.555
  1966   08    11.308
  1966   09    11.146
  1966   10    12.344
  1966   11    14.522
  1966   12    17.061
  1967   01    18.742
  1967   02    19.600
  1967   03    19.905
  1967   04    19.205
  1967   05    17.197
  1967   06    15.034
  1967   07    12.379
  1967   08    10.140
  1967   09    10.338
  1967   10    11.939
  1967   11    14.164
  1967   12    16.827
  1968   01    18.370
  1968   02    19.380
  1968   03    19.628
  1968   04    19.181
  1968   05    17.687
  1968   06    15.530
  1968   07    12.382
  1968   08    10.266
  1968   09    10.225
  1968   10    12.116
  1968   11    14.659
  1968   12    17.222
  1969   01    18.556
  1969   02    19.397
  1969   03    19.842
  1969   04    19.440
  1969   05    17.514
  1969   06    15.639
  1969   07    13.072
  1969   08    10.342
  1969   09    10.504
  1969   10    12.854
  1969   11    14.845
  1969   12    17.177
  1970   01    18.814
  1970   02    19.480
  1970   03    19.591
  1970   04    19.102
  1970   05    17.544
  1970   06    14.947
  1970   07    12.840
  1970   08    10.933
  1970   09    10.691
  1970   10    12.260
  1970   11    14.675
  1970   12    17.355
  1971   01    18.992
  1971   02    19.773
  1971   03    20.273
  1971   04    19.704
  1971   05    17.736
  1971   06    15.282
  1971   07    11.834
  1971   08    10.238
  1971   09    10.319
  1971   10    12.122
  1971   11    14.717
  1971   12    17.166
  1972   01    18.787
  1972   02    19.779
  1972   03    20.157
  1972   04    19.140
  1972   05    17.558
  1972   06    14.851
  1972   07    11.913
  1972   08    10.012
  1972   09    10.389
  1972   10    11.604
  1972   11    13.978
  1972   12    16.785
  1973   01    18.814
  1973   02    20.078
  1973   03    20.572
  1973   04    19.572
  1973   05    17.429
  1973   06    15.005
  1973   07    12.387
  1973   08    10.444
  1973   09    10.562
  1973   10    12.269
  1973   11    14.738
  1973   12    16.759
  1974   01    18.827
  1974   02    19.760
  1974   03    20.089
  1974   04    19.545
  1974   05    17.527
  1974   06    15.310
  1974   07    12.431
  1974   08     9.298
  1974   09     9.698
  1974   10    11.689
  1974   11    14.054
  1974   12    17.000
  1975   01    18.687
  1975   02    19.866
  1975   03    20.190
  1975   04    19.746
  1975   05    18.225
  1975   06    15.830
  1975   07    11.426
  1975   08     9.893
  1975   09    10.026
  1975   10    12.090
  1975   11    14.081
  1975   12    16.920
  1976   01    18.641
  1976   02    19.644
  1976   03    19.816
  1976   04    18.874
  1976   05    16.855
  1976   06    14.322
  1976   07    11.866
  1976   08     9.550
  1976   09    10.021
  1976   10    11.758
  1976   11    14.160
  1976   12    16.621
  1977   01    18.190
  1977   02    19.347
  1977   03    19.561
  1977   04    19.129
  1977   05    17.534
  1977   06    14.283
  1977   07    11.849
  1977   08     9.802
  1977   09     9.437
  1977   10    11.307
  1977   11    13.985
  1977   12    16.506
  1978   01    18.005
  1978   02    18.756
  1978   03    18.997
  1978   04    18.347
  1978   05    16.858
  1978   06    14.213
  1978   07    11.133
  1978   08     9.541
  1978   09     9.559
  1978   10    11.142
  1978   11    13.896
  1978   12    16.555
  1979   01    17.965
  1979   02    18.472
  1979   03    18.658
  1979   04    18.317
  1979   05    17.056
  1979   06    14.980
  1979   07    12.582
  1979   08     9.498
  1979   09     9.997
  1979   10    12.013
  1979   11    14.410
  1979   12    16.233
  1980   01    17.792
  1980   02    18.779
  1980   03    19.118
  1980   04    18.166
  1980   05    16.679
  1980   06    14.275
  1980   07    11.903
  1980   08     9.627
  1980   09     9.929
  1980   10    11.963
  1980   11    14.275
  1980   12    16.530
  1981   01    17.867
  1981   02    18.549
  1981   03    18.901
  1981   04    18.085
  1981   05    16.126
  1981   06    14.090
  1981   07    10.924
  1981   08     9.168
  1981   09     8.935
  1981   10    11.115
  1981   11    13.105
  1981   12    15.149
  1982   01    16.630
  1982   02    17.410
  1982   03    17.872
  1982   04    17.611
  1982   05    16.182
  1982   06    13.287
  1982   07    11.611
  1982   08     9.293
  1982   09     9.504
  1982   10    11.486
  1982   11    13.280
  1982   12    15.452
  1983   01    16.819
  1983   02    17.397
  1983   03    17.639
  1983   04    17.125
  1983   05    16.000
  1983   06    14.056
  1983   07    11.858
  1983   08    10.006
  1983   09    10.229
  1983   10    11.986
  1983   11    13.749
  1983   12    16.020
  1984   01    16.901
  1984   02    17.703
  1984   03    17.966
  1984   04    17.636
  1984   05    15.775
  1984   06    14.065
  1984   07    11.980
  1984   08    10.102
  1984   09     9.902
  1984   10    11.833
  1984   11    13.944
  1984   12    15.703
  1985   01    16.643
  1985   02    17.487
  1985   03    17.758
  1985   04    17.186
  1985   05    16.247
  1985   06    13.802
  1985   07    11.470
  1985   08     9.373
  1985   09     9.110
  1985   10    11.690
  1985   11    13.990
  1985   12    16.203
  1986   01    17.340
  1986   02    18.092
  1986   03    18.551
  1986   04    18.192
  1986   05    16.154
  1986   06    14.287
  1986   07    11.559
  1986   08     9.126
  1986   09     9.355
  1986   10    11.717
  1986   11    13.967
  1986   12    15.964
  1987   01    17.220
  1987   02    17.831
  1987   03    18.107
  1987   04    17.469
  1987   05    15.725
  1987   06    13.424
  1987   07    11.213
  1987   08     9.291
  1987   09     9.183
  1987   10    11.025
  1987   11    13.071
  1987   12    15.132
  1988   01    16.419
  1988   02    17.565
  1988   03    17.850
  1988   04    17.304
  1988   05    15.481
  1988   06    13.562
  1988   07    10.767
  1988   08     8.320
  1988   09     8.548
  1988   10    10.953
  1988   11    12.934
  1988   12    14.925
  1989   01    16.252
  1989   02    17.233
  1989   03    17.407
  1989   04    16.996
  1989   05    15.170
  1989   06    13.588
  1989   07    10.946
  1989   08     8.926
  1989   09     9.225
  1989   10    11.325
  1989   11    13.439
  1989   12    15.212
  1990   01    16.795
  1990   02    17.578
  1990   03    17.834
  1990   04    17.038
  1990   05    15.222
  1990   06    13.816
  1990   07    11.365
  1990   08     8.681
  1990   09     8.476
  1990   10    10.307
  1990   11    12.825
  1990   12    14.799
  1991   01    16.581
  1991   02    17.274
  1991   03    17.334
  1991   04    16.979
  1991   05    15.488
  1991   06    13.457
  1991   07    10.484
  1991   08     7.659
  1991   09     7.693
  1991   10    10.144
  1991   11    12.684
  1991   12    14.145
  1992   01    15.590
  1992   02    16.737
  1992   03    17.153
  1992   04    16.676
  1992   05    14.845
  1992   06    13.405
  1992   07    10.813
  1992   08     7.989
  1992   09     8.072
  1992   10    10.793
  1992   11    13.205
  1992   12    15.268
  1993   01    16.396
  1993   02    16.999
  1993   03    16.889
  1993   04    16.505
  1993   05    15.379
  1993   06    13.644
  1993   07    10.434
  1993   08     9.566
  1993   09     9.717
  1993   10    10.815
  1993   11    12.760
  1993   12    15.131
  1994   01    16.588
  1994   02    17.654
  1994   03    17.957
  1994   04    17.176
  1994   05    15.852
  1994   06    13.331
  1994   07    10.236
  1994   08     7.970
  1994   09     8.111
  1994   10    10.470
  1994   11    12.924
  1994   12    15.052
  1995   01    16.794
  1995   02    17.375
  1995   03    17.447
  1995   04    16.271
  1995   05    14.909
  1995   06    12.779
  1995   07    10.436
  1995   08     8.111
  1995   09     7.693
  1995   10     9.595
  1995   11    12.051
  1995   12    14.466
  1996   01    15.757
  1996   02    16.836
  1996   03    16.969
  1996   04    16.392
  1996   05    14.994
  1996   06    13.150
  1996   07     9.120
  1996   08     6.597
  1996   09     7.097
  1996   10     9.772
  1996   11    12.018
  1996   12    14.097
  1997   01    15.854
  1997   02    16.479
  1997   03    16.693
  1997   04    16.322
  1997   05    15.283
  1997   06    12.763
  1997   07     9.946
  1997   08     8.271
  1997   09     7.790
  1997   10     9.421
  1997   11    12.151
  1997   12    13.996
  1998   01    15.374
  1998   02    16.086
  1998   03    16.402
  1998   04    15.505
  1998   05    14.313
  1998   06    12.139
  1998   07     8.824
  1998   08     7.063
  1998   09     7.587
  1998   10     9.314
  1998   11    12.150
  1998   12    14.073
  1999   01    15.248
  1999   02    15.994
  1999   03    16.290
  1999   04    15.950
  1999   05    14.671
  1999   06    12.698
  1999   07     9.783
  1999   08     7.828
  1999   09     7.414
  1999   10     9.487
  1999   11    11.764
  1999   12    14.520
  2000   01    15.342
  2000   02    15.959
  2000   03    16.255
  2000   04    15.850
  2000   05    14.850
  2000   06    12.377
  2000   07     9.594
  2000   08     7.817
  2000   09     8.052
  2000   10     9.995
  2000   11    12.078
  2000   12    14.306
  2001   01    15.577
  2001   02    16.318
  2001   03    16.374
  2001   04    16.115
  2001   05    14.907
  2001   06    13.422
  2001   07    10.736
  2001   08     9.342
  2001   09     9.275
  2001   10    11.240
  2001   11    12.490
  2001   12    14.615
  2002   01    15.982
  2002   02    16.418
  2002   03    16.500
  2002   04    16.218
  2002   05    14.661
  2002   06    13.009
  2002   07     9.934
  2002   08     7.923
  2002   09     7.927
  2002   10     9.485
  2002   11    11.931
  2002   12    14.458
  2003   01    15.670
  2003   02    16.184
  2003   03    15.913
  2003   04    15.491
  2003   05    14.096
  2003   06    11.942
  2003   07     9.470
  2003   08     7.150
  2003   09     6.980
  2003   10     9.289
  2003   11    11.048
  2003   12    13.201
  2004   01    14.307
  2004   02    15.143
  2004   03    15.501
  2004   04    15.067
  2004   05    13.642
  2004   06    11.749
  2004   07     8.086
  2004   08     6.302
  2004   09     6.683
  2004   10     8.762
  2004   11    11.323
  2004   12    13.614
  2005   01    14.618
  2005   02    15.347
  2005   03    15.439
  2005   04    15.038
  2005   05    13.751
  2005   06    12.128
  2005   07     9.110
  2005   08     6.917
  2005   09     7.008
  2005   10     8.901
  2005   11    11.068
  2005   12    13.080
  2006   01    14.555
  2006   02    15.033
  2006   03    15.369
  2006   04    14.618
  2006   05    13.279
  2006   06    11.785
  2006   07     8.786
  2006   08     7.203
  2006   09     7.644
  2006   10     9.700
  2006   11    11.608
  2006   12    12.960
  2007   01    13.941
  2007   02    14.688
  2007   03    14.638
  2007   04    14.234
  2007   05    13.210
  2007   06    11.079
  2007   07     8.095
  2007   08     5.914
  2007   09     6.141
  2007   10     8.337
  2007   11    10.585
  2007   12    12.672
  2008   01    14.023
  2008   02    14.944
  2008   03    15.025
  2008   04    14.603
  2008   05    13.326
  2008   06    11.033
  2008   07     8.049
  2008   08     6.384
  2008   09     6.172
  2008   10     8.158
  2008   11    10.121
  2008   12    12.794
  2009   01    14.191
  2009   02    14.867
  2009   03    14.977
  2009   04    14.371
  2009   05    12.918
  2009   06    10.592
  2009   07     7.046
  2009   08     5.854
  2009   09     5.651
  2009   10     7.690
  2009   11    10.247
  2009   12    12.355
  2010   01    13.824
  2010   02    14.571
  2010   03    14.683
  2010   04    14.201
  2010   05    13.264
  2010   06    11.393
  2010   07     7.512
  2010   08     5.635
  2010   09     5.787
  2010   10     7.532
  2010   11    10.732
  2010   12    12.514
  2011   01    13.911
  2011   02    14.834
  2011   03    14.603
  2011   04    14.034
  2011   05    12.871
  2011   06    10.891
  2011   07     7.751
  2011   08     5.530
  2011   09     5.166
  2011   10     6.980
  2011   11    10.451
  2011   12    12.447
  2012   01    13.751
  2012   02    14.486
  2012   03    14.323
  2012   04    13.915
  2012   05    12.828
  2012   06    10.519
  2012   07     7.242
  2012   08     5.621
  2012   09     5.386
  2012   10     7.276
  2012   11     9.892
  2012   12    12.395
  2013   01    13.675
  2013   02    14.236
  2013   03    14.235
  2013   04    13.985
  2013   05    12.752
  2013   06    10.195
  2013   07     6.697
  2013   08     5.403
  2013   09     5.506
  2013   10     6.818
  2013   11     9.695
  2013   12    12.325
  2014   01    13.645
  2014   02    14.118
  2014   03    14.172
  2014   04    13.902
  2014   05    12.893
  2014   06    10.906
  2014   07     7.476
  2014   08     5.648
  2014   09     5.678
  2014   10     7.565
  2014   11     9.999
  2014   12    11.966
  2015   01    13.131
  2015   02    13.622
  2015   03    13.895
  2015   04    13.395
  2015   05    12.397
  2015   06    10.404
  2015   07     7.585
  2015   08     5.372
  2015   09     5.491
  2015   10     7.491
  2015   11    10.045
  2015   12    12.001
  2016   01    13.338
  2016   02    13.877
  2016   03    14.004
  2016   04    13.351
  2016   05    12.265
  2016   06    10.189
  2016   07     6.998
  2016   08     5.513
  2016   09     5.594
  2016   10     7.043
  2016   11    10.420
  2016   12    12.143
  2017   01    13.295
  2017   02    13.750
  2017   03    13.749
  2017   04    12.988
  2017   05    12.227
  2017   06     9.612
  2017   07     7.340
  2017   08     6.003
  2017   09     5.644
  2017   10     7.538
  2017   11     9.450
  2017   12    10.700
  2018   01    12.427
  2018   02    13.463
  2018   03    13.647
  2018   04    13.196
  2018   05    12.167
  2018   06    10.299
  2018   07     6.689
  2018   08     5.557
  2018   09     5.662
  2018   10     7.226
  2018   11     9.603
  2018   12    11.984
  2019   01    13.248
  2019   02    13.837
  2019   03    13.886
  2019   04    13.600
  2019   05    12.483
  2019   06     9.956
  2019   07     7.098
  2019   08     4.766
  2019   09     3.591
  2019   10     6.375
  2019   11     9.707
  2019   12    11.845
  2020   01    13.361
  2020   02    14.099
  2020   03    14.200
  2020   04    13.712
  2020   05    12.596
  2020   06    10.282
  2020   07     7.415
  2020   08     4.807
  2020   09     4.546
  2020   10     6.484
  2020   11     9.177
  2020   12    11.759
  2021   01    13.094
  2021   02    13.820
  2021   03    13.928
  2021   04    13.767
  2021   05    12.499
  2021   06    10.543
  2021   07     7.557
  2021   08     4.449
  2021   09     3.803
  2021   10     7.872
  2021   11     9.555
  2021   12    11.637
  2022   01    13.157
  2022   02    13.777
  2022   03    13.917
  2022   04    13.201
  2022   05    12.073
  2022   06     9.792
  2022   07     6.769
  2022   08     5.037
  2022   09     5.155
  2022   10     6.288
  2022   11     9.516
  2022   12    11.530
  2023   01    12.972
  2023   02    13.687
  2023   03    13.634
  2023   04    13.255
  2023   05    12.101
  2023   06     9.879
  2023   07     6.564
  2023   08     4.875
  2023   09     4.974
  2023   10     7.129
  2023   11     9.373
  2023   12    11.824
  2024   01    13.306
  2024   02    13.892
  2024   03    13.998
  2024   04    13.487
  2024   05    12.041
  2024   06    10.062
  2024   07     6.760
  2024   08     3.563
  2024   09     3.800
  2024   10     6.446
  2024   11     8.825
  2024   12    11.502
  2025   01    12.665
  2025   02    13.369
  2025   03    13.755
  2025   04    13.336
  2025   05    11.928
  2025   06     9.479
  2025   07     6.319
  2025   08     1.988
  2025   09     2.010
  2025   10     5.373
  2025   11     8.729
  2025   12    11.222
  2026   01    12.943
  2026   02    13.595
  2026   03    13.544
  2026   04    13.332
  2026   05    11.920
  2026   06     9.578
  2026   07     6.424
  2026   08     2.248
  2026   09     1.493
  2026   10     5.502
  2026   11     8.081
  2026   12    10.951
  2027   01    12.387
  2027   02    13.370
  2027   03    13.385
  2027   04    13.295
  2027   05    12.378
  2027   06    10.020
  2027   07     5.467
  2027   08     2.090
  2027   09     1.951
  2027   10     4.370
  2027   11     8.177
  2027   12    10.796
  2028   01    12.822
  2028   02    13.585
  2028   03    13.831
  2028   04    13.420
  2028   05    12.195
  2028   06     9.440
  2028   07     6.311
  2028   08     3.629
  2028   09     3.297
  2028   10     5.505
  2028   11     8.647
  2028   12    10.909
  2029   01    12.647
  2029   02    13.325
  2029   03    13.615
  2029   04    12.972
  2029   05    11.955
  2029   06     9.462
  2029   07     7.084
  2029   08     3.128
  2029   09     2.382
  2029   10     6.570
  2029   11     9.154
  2029   12    11.543
  2030   01    12.926
  2030   02    13.587
  2030   03    13.830
  2030   04    13.661
  2030   05    12.053
  2030   06     8.800
  2030   07     5.989
  2030   08     4.480
  2030   09     3.252
  2030   10     5.254
  2030   11     8.168
  2030   12    11.012
  2031   01    12.918
  2031   02    13.478
  2031   03    14.003
  2031   04    13.743
  2031   05    12.421
  2031   06    10.358
  2031   07     6.027
  2031   08     4.164
  2031   09     3.780
  2031   10     5.964
  2031   11     9.195
  2031   12    11.732
  2032   01    13.033
  2032   02    13.526
  2032   03    13.749
  2032   04    13.179
  2032   05    11.950
  2032   06     9.906
  2032   07     6.055
  2032   08     3.369
  2032   09     3.041
  2032   10     5.099
  2032   11     8.597
  2032   12    11.037
  2033   01    13.434
  2033   02    13.890
  2033   03    14.149
  2033   04    13.871
  2033   05    12.460
  2033   06     9.466
  2033   07     6.500
  2033   08     4.134
  2033   09     4.083
  2033   10     6.162
  2033   11     8.833
  2033   12    11.425
  2034   01    13.015
  2034   02    13.590
  2034   03    13.772
  2034   04    13.168
  2034   05    12.075
  2034   06    10.141
  2034   07     6.537
  2034   08     3.477
  2034   09     3.063
  2034   10     5.884
  2034   11     8.976
  2034   12    11.380
  2035   01    12.707
  2035   02    13.445
  2035   03    13.891
  2035   04    13.633
  2035   05    12.244
  2035   06    10.330
  2035   07     6.603
  2035   08     4.636
  2035   09     4.283
  2035   10     6.179
  2035   11     9.178
  2035   12    11.898
  2036   01    13.351
  2036   02    13.922
  2036   03    14.172
  2036   04    13.471
  2036   05    12.390
  2036   06    10.246
  2036   07     7.146
  2036   08     5.302
  2036   09     4.612
  2036   10     6.427
  2036   11     9.407
  2036   12    11.439
  2037   01    13.019
  2037   02    13.530
  2037   03    13.554
  2037   04    13.080
  2037   05    11.966
  2037   06     9.297
  2037   07     6.049
  2037   08     3.714
  2037   09     3.573
  2037   10     5.329
  2037   11     8.638
  2037   12    11.218
  2038   01    12.902
  2038   02    13.431
  2038   03    13.550
  2038   04    12.909
  2038   05    12.067
  2038   06     9.430
  2038   07     5.984
  2038   08     3.387
  2038   09     2.967
  2038   10     5.409
  2038   11     8.650
  2038   12    10.777
  2039   01    12.603
  2039   02    13.336
  2039   03    13.367
  2039   04    13.064
  2039   05    12.225
  2039   06    10.046
  2039   07     6.756
  2039   08     2.201
  2039   09     1.805
  2039   10     5.820
  2039   11     9.012
  2039   12    11.179
  2040   01    12.995
  2040   02    13.532
  2040   03    13.590
  2040   04    13.195
  2040   05    12.086
  2040   06     8.804
  2040   07     5.982
  2040   08     1.969
  2040   09     2.745
  2040   10     5.411
  2040   11     8.066
  2040   12    10.934
  2041   01    13.022
  2041   02    13.508
  2041   03    13.627
  2041   04    13.368
  2041   05    12.458
  2041   06     9.626
  2041   07     6.102
  2041   08     3.443
  2041   09     3.461
  2041   10     5.093
  2041   11     8.446
  2041   12    11.303
  2042   01    13.316
  2042   02    13.984
  2042   03    14.097
  2042   04    13.536
  2042   05    12.253
  2042   06     9.844
  2042   07     5.819
  2042   08     2.959
  2042   09     2.573
  2042   10     5.094
  2042   11     8.825
  2042   12    11.482
  2043   01    13.287
  2043   02    13.777
  2043   03    13.660
  2043   04    13.010
  2043   05    11.641
  2043   06     9.268
  2043   07     5.424
  2043   08     1.043
  2043   09     1.161
  2043   10     4.276
  2043   11     8.174
  2043   12    10.690
  2044   01    12.902
  2044   02    13.472
  2044   03    13.642
  2044   04    13.100
  2044   05    11.665
  2044   06     8.626
  2044   07     4.740
  2044   08     1.768
  2044   09     1.158
  2044   10     4.500
  2044   11     7.768
  2044   12    10.573
  2045   01    12.440
  2045   02    12.889
  2045   03    13.115
  2045   04    12.565
  2045   05    11.256
  2045   06     8.673
  2045   07     4.621
  2045   08     1.098
  2045   09     0.708
  2045   10     3.851
  2045   11     7.030
  2045   12    10.381
  2046   01    12.334
  2046   02    13.126
  2046   03    13.422
  2046   04    12.960
  2046   05    11.772
  2046   06     8.555
  2046   07     5.137
  2046   08     0.115
  2046   09     0.021
  2046   10     3.589
  2046   11     7.162
  2046   12    10.227
  2047   01    12.571
  2047   02    13.275
  2047   03    13.700
  2047   04    13.020
  2047   05    11.878
  2047   06     8.739
  2047   07     4.352
  2047   08     0.901
  2047   09     0.737
  2047   10     3.060
  2047   11     8.045
  2047   12    11.068
  2048   01    12.603
  2048   02    13.427
  2048   03    13.805
  2048   04    13.516
  2048   05    12.286
  2048   06     9.521
  2048   07     7.172
  2048   08     3.698
  2048   09     3.354
  2048   10     6.581
  2048   11     9.557
  2048   12    11.577
  2049   01    13.147
  2049   02    13.881
  2049   03    13.884
  2049   04    13.275
  2049   05    12.572
  2049   06    10.248
  2049   07     6.483
  2049   08     3.817
  2049   09     3.780
  2049   10     6.185
  2049   11     9.945
  2049   12    12.242
  2050   01    13.678
  2050   02    14.240
  2050   03    14.435
  2050   04    14.195
  2050   05    13.058
  2050   06    10.843
  2050   07     6.665
  2050   08     3.437
  2050   09     2.700
  2050   10     6.335
  2050   11     9.980
  2050   12    12.354
  2051   01    13.681
  2051   02    14.299
  2051   03    14.434
  2051   04    14.053
  2051   05    12.688
  2051   06    10.420
  2051   07     7.063
  2051   08     3.990
  2051   09     3.599
  2051   10     5.608
  2051   11     9.438
  2051   12    11.824
  2052   01    13.186
  2052   02    13.972
  2052   03    14.133
  2052   04    13.761
  2052   05    12.506
  2052   06    10.283
  2052   07     6.390
  2052   08     3.028
  2052   09     2.958
  2052   10     5.394
  2052   11     9.947
  2052   12    11.906
  2053   01    13.231
  2053   02    14.006
  2053   03    14.199
  2053   04    13.815
  2053   05    12.482
  2053   06     9.733
  2053   07     7.125
  2053   08     3.301
  2053   09     3.031
  2053   10     6.849
  2053   11     9.923
  2053   12    12.003
  2054   01    13.627
  2054   02    14.216
  2054   03    14.240
  2054   04    13.788
  2054   05    12.788
  2054   06    10.421
  2054   07     6.589
  2054   08     2.099
  2054   09     1.981
  2054   10     6.018
  2054   11     9.506
  2054   12    11.515
  2055   01    13.310
  2055   02    13.974
  2055   03    14.295
  2055   04    13.844
  2055   05    12.850
  2055   06    10.334
  2055   07     7.379
  2055   08     2.337
  2055   09     1.986
  2055   10     6.001
  2055   11     9.592
  2055   12    11.831
  2056   01    13.206
  2056   02    13.736
  2056   03    13.922
  2056   04    13.117
  2056   05    12.183
  2056   06     9.448
  2056   07     6.029
  2056   08     4.418
  2056   09     3.852
  2056   10     5.979
  2056   11     9.130
  2056   12    11.154
  2057   01    12.993
  2057   02    13.581
  2057   03    13.723
  2057   04    13.308
  2057   05    12.004
  2057   06     9.446
  2057   07     6.139
  2057   08     4.344
  2057   09     4.387
  2057   10     5.773
  2057   11     8.865
  2057   12    10.857
  2058   01    12.961
  2058   02    13.569
  2058   03    13.843
  2058   04    13.529
  2058   05    12.425
  2058   06    10.198
  2058   07     6.030
  2058   08     4.105
  2058   09     4.013
  2058   10     6.398
  2058   11     9.608
  2058   12    11.955
  2059   01    13.418
  2059   02    14.188
  2059   03    14.540
  2059   04    14.096
  2059   05    12.973
  2059   06    10.138
  2059   07     6.527
  2059   08     4.267
  2059   09     3.758
  2059   10     6.040
  2059   11     9.784
  2059   12    11.977
  2060   01    13.355
  2060   02    14.154
  2060   03    14.723
  2060   04    14.326
  2060   05    13.121
  2060   06    10.970
  2060   07     6.366
  2060   08     2.878
  2060   09     2.464
  2060   10     5.210
  2060   11     9.580
  2060   12    12.333
  2061   01    13.877
  2061   02    14.454
  2061   03    15.001
  2061   04    14.701
  2061   05    13.242
  2061   06    11.216
  2061   07     7.830
  2061   08     5.214
  2061   09     5.494
  2061   10     7.373
  2061   11     9.936
  2061   12    12.094
  2062   01    13.475
  2062   02    14.443
  2062   03    14.693
  2062   04    13.838
  2062   05    12.411
  2062   06    10.089
  2062   07     7.026
  2062   08     5.126
  2062   09     4.451
  2062   10     7.054
  2062   11     9.165
  2062   12    11.458
  2063   01    13.141
  2063   02    14.228
  2063   03    14.407
  2063   04    13.988
  2063   05    12.538
  2063   06     9.625
  2063   07     7.296
  2063   08     4.437
  2063   09     3.689
  2063   10     6.610
  2063   11     9.431
  2063   12    11.594
  2064   01    12.982
  2064   02    14.061
  2064   03    14.392
  2064   04    13.672
  2064   05    12.095
  2064   06     9.041
  2064   07     5.024
  2064   08     2.778
  2064   09     3.118
  2064   10     4.213
  2064   11     6.974
  2064   12    10.997
  2065   01    12.741
  2065   02    13.820
  2065   03    14.019
  2065   04    13.427
  2065   05    12.058
  2065   06     9.252
  2065   07     6.246
  2065   08     2.985
  2065   09     3.072
  2065   10     5.636
  2065   11     8.653
  2065   12    11.029
  2066   01    12.893
  2066   02    13.680
  2066   03    13.731
  2066   04    13.284
  2066   05    12.245
  2066   06     9.400
  2066   07     6.681
  2066   08     1.952
  2066   09     2.124
  2066   10     4.332
  2066   11     7.888
  2066   12    10.980
  2067   01    12.598
  2067   02    13.513
  2067   03    13.724
  2067   04    12.968
  2067   05    11.819
  2067   06     8.451
  2067   07     5.575
  2067   08     2.203
  2067   09     2.144
  2067   10     4.327
  2067   11     7.283
  2067   12     9.969
  2068   01    11.675
  2068   02    12.608
  2068   03    12.929
  2068   04    12.362
  2068   05    11.301
  2068   06     9.068
  2068   07     6.664
  2068   08     2.575
  2068   09     2.504
  2068   10     5.050
  2068   11     8.773
  2068   12    11.106
  2069   01    12.535
  2069   02    13.140
  2069   03    13.294
  2069   04    12.842
  2069   05    11.645
  2069   06     8.871
  2069   07     5.271
  2069   08     2.471
  2069   09     2.495
  2069   10     4.783
  2069   11     8.312
  2069   12    10.769
  2070   01    12.526
  2070   02    13.289
  2070   03    13.544
  2070   04    13.001
  2070   05    11.317
  2070   06     8.579
  2070   07     5.586
  2070   08     1.873
  2070   09     1.284
  2070   10     4.940
  2070   11     7.564
  2070   12    10.012
  2071   01    12.338
  2071   02    13.239
  2071   03    13.443
  2071   04    12.548
  2071   05    11.230
  2071   06     8.407
  2071   07     5.272
  2071   08     1.063
  2071   09     0.868
  2071   10     4.138
  2071   11     8.558
  2071   12    10.998
  2072   01    12.486
  2072   02    13.382
  2072   03    13.698
  2072   04    13.406
  2072   05    12.387
  2072   06     9.143
  2072   07     4.866
  2072   08     1.189
  2072   09     1.216
  2072   10     3.360
  2072   11     7.961
  2072   12    12.129
  2073   01    13.412
  2073   02    13.975
  2073   03    14.127
  2073   04    13.478
  2073   05    12.539
  2073   06     9.590
  2073   07     6.235
  2073   08     3.065
  2073   09     1.547
  2073   10     4.762
  2073   11     8.420
  2073   12    11.360
  2074   01    13.121
  2074   02    13.823
  2074   03    14.049
  2074   04    13.445
  2074   05    11.872
  2074   06     9.145
  2074   07     6.576
  2074   08     2.152
  2074   09     1.689
  2074   10     4.706
  2074   11     8.073
  2074   12    10.743
  2075   01    12.421
  2075   02    13.346
  2075   03    13.741
  2075   04    13.319
  2075   05    12.284
  2075   06     9.557
  2075   07     6.103
  2075   08     2.820
  2075   09     2.147
  2075   10     5.285
  2075   11     8.460
  2075   12    10.878
  2076   01    12.527
  2076   02    13.197
  2076   03    13.489
  2076   04    13.055
  2076   05    11.552
  2076   06     8.807
  2076   07     5.236
  2076   08     2.977
  2076   09     2.409
  2076   10     5.063
  2076   11     7.851
  2076   12    11.174
  2077   01    12.643
  2077   02    13.350
  2077   03    13.528
  2077   04    12.970
  2077   05    11.924
  2077   06     9.975
  2077   07     6.119
  2077   08     2.997
  2077   09     2.511
  2077   10     5.344
  2077   11     8.689
  2077   12    10.979
  2078   01    12.466
  2078   02    13.080
  2078   03    13.238
  2078   04    12.656
  2078   05    11.600
  2078   06     9.103
  2078   07     6.220
  2078   08     1.063
  2078   09     1.302
  2078   10     4.994
  2078   11     8.148
  2078   12    10.240
  2079   01    12.581
  2079   02    12.862
  2079   03    12.996
  2079   04    12.739
  2079   05    11.925
  2079   06     8.125
  2079   07     4.462
  2079   08     1.524
  2079   09     1.528
  2079   10     2.896
  2079   11     7.365
  2079   12    10.210
  2080   01    12.155
  2080   02    13.276
  2080   03    13.470
  2080   04    13.100
  2080   05    11.750
  2080   06     8.789
  2080   07     4.519
  2080   08     0.614
  2080   09     0.995
  2080   10     3.388
  2080   11     7.275
  2080   12    10.758
  2081   01    12.448
  2081   02    13.480
  2081   03    14.036
  2081   04    13.631
  2081   05    12.074
  2081   06     9.615
  2081   07     5.584
  2081   08     0.974
  2081   09     0.297
  2081   10     4.359
  2081   11     7.905
  2081   12    10.404
  2082   01    12.795
  2082   02    13.546
  2082   03    13.734
  2082   04    13.320
  2082   05    11.789
  2082   06     8.906
  2082   07     4.775
  2082   08     2.588
  2082   09     2.089
  2082   10     4.110
  2082   11     6.993
  2082   12    11.046
  2083   01    12.889
  2083   02    13.925
  2083   03    14.214
  2083   04    13.747
  2083   05    12.010
  2083   06     9.037
  2083   07     5.255
  2083   08     1.650
  2083   09     1.207
  2083   10     4.410
  2083   11     7.718
  2083   12    10.947
  2084   01    13.082
  2084   02    14.069
  2084   03    14.604
  2084   04    14.116
  2084   05    12.626
  2084   06    10.456
  2084   07     6.290
  2084   08     2.849
  2084   09     2.597
  2084   10     5.508
  2084   11     9.566
  2084   12    11.679
  2085   01    13.434
  2085   02    13.982
  2085   03    14.021
  2085   04    13.831
  2085   05    12.200
  2085   06     9.716
  2085   07     6.003
  2085   08     1.652
  2085   09     1.422
  2085   10     5.377
  2085   11     8.557
  2085   12    10.619
  2086   01    13.203
  2086   02    14.432
  2086   03    14.721
  2086   04    14.111
  2086   05    12.727
  2086   06    10.591
  2086   07     6.802
  2086   08     3.116
  2086   09     2.819
  2086   10     5.688
  2086   11     9.697
  2086   12    11.921
  2087   01    13.477
  2087   02    14.474
  2087   03    14.760
  2087   04    14.118
  2087   05    12.820
  2087   06    10.237
  2087   07     6.150
  2087   08     1.626
  2087   09     1.389
  2087   10     4.410
  2087   11     8.758
  2087   12    11.292
  2088   01    13.337
  2088   02    14.101
  2088   03    14.335
  2088   04    13.794
  2088   05    12.570
  2088   06     8.895
  2088   07     5.294
  2088   08     0.927
  2088   09     0.752
  2088   10     4.451
  2088   11     8.289
  2088   12    10.703
  2089   01    12.767
  2089   02    13.552
  2089   03    13.910
  2089   04    13.586
  2089   05    12.524
  2089   06    10.443
  2089   07     6.906
  2089   08     1.670
  2089   09     1.446
  2089   10     5.729
  2089   11     9.668
  2089   12    11.800
  2090   01    13.582
  2090   02    13.975
  2090   03    14.237
  2090   04    13.388
  2090   05    12.301
  2090   06     9.926
  2090   07     6.806
  2090   08     2.832
  2090   09     2.329
  2090   10     6.212
  2090   11     9.047
  2090   12    11.793
  2091   01    12.956
  2091   02    13.745
  2091   03    13.973
  2091   04    13.465
  2091   05    12.312
  2091   06     9.037
  2091   07     5.638
  2091   08     2.191
  2091   09     1.844
  2091   10     4.792
  2091   11     7.662
  2091   12    11.212
  2092   01    12.985
  2092   02    13.817
  2092   03    14.064
  2092   04    13.676
  2092   05    12.426
  2092   06    10.053
  2092   07     6.089
  2092   08     2.148
  2092   09     2.077
  2092   10     5.460
  2092   11     8.394
  2092   12    11.142
  2093   01    12.813
  2093   02    13.256
  2093   03    13.773
  2093   04    13.475
  2093   05    11.999
  2093   06     9.399
  2093   07     5.802
  2093   08     2.879
  2093   09     2.459
  2093   10     5.861
  2093   11     8.634
  2093   12    11.120
  2094   01    12.777
  2094   02    13.585
  2094   03    13.825
  2094   04    13.285
  2094   05    12.186
  2094   06     9.516
  2094   07     6.164
  2094   08     3.164
  2094   09     2.185
  2094   10     5.771
  2094   11     8.912
  2094   12    11.229
  2095   01    12.942
  2095   02    13.809
  2095   03    13.962
  2095   04    13.340
  2095   05    12.501
  2095   06    10.029
  2095   07     6.282
  2095   08     2.587
  2095   09     1.517
  2095   10     5.001
  2095   11     9.245
  2095   12    11.505
  2096   01    13.158
  2096   02    13.897
  2096   03    14.006
  2096   04    13.393
  2096   05    12.218
  2096   06     9.758
  2096   07     6.656
  2096   08     1.539
  2096   09     1.143
  2096   10     4.575
  2096   11     8.917
  2096   12    10.937
  2097   01    13.009
  2097   02    13.462
  2097   03    13.809
  2097   04    13.319
  2097   05    12.121
  2097   06     9.438
  2097   07     6.073
  2097   08     2.886
  2097   09     2.584
  2097   10     5.680
  2097   11     9.229
  2097   12    11.488
  2098   01    12.966
  2098   02    13.629
  2098   03    13.802
  2098   04    13.199
  2098   05    12.363
  2098   06     9.652
  2098   07     5.522
  2098   08     2.233
  2098   09     2.148
  2098   10     5.733
  2098   11     8.647
  2098   12    11.413
  2099   01    13.272
  2099   02    13.767
  2099   03    13.835
  2099   04    13.067
  2099   05    11.869
  2099   06     9.149
  2099   07     5.133
  2099   08     1.912
  2099   09     2.217
  2099   10     5.950
  2099   11     8.879
  2099   12    10.869
  2100   01    12.747
  2100   02    13.658
  2100   03    13.897
  2100   04    13.502
  2100   05    12.636
  2100   06     9.807
  2100   07     6.247
  2100   08     1.449
  2100   09     1.166
  2100   10     4.548
  2100   11     8.762
  2100   12    10.665
