  1850   01    14.274
  1850   02    14.874
  1850   03    14.674
  1850   04    14.125
  1850   05    12.770
  1850   06    10.571
  1850   07     8.754
  1850   08     7.031
  1850   09     6.402
  1850   10     9.012
  1850   11    10.767
  1850   12    12.803
  1851   01    14.425
  1851   02    14.838
  1851   03    14.726
  1851   04    14.196
  1851   05    13.053
  1851   06    10.912
  1851   07     8.900
  1851   08     7.122
  1851   09     6.341
  1851   10     9.489
  1851   11    11.122
  1851   12    12.880
  1852   01    14.650
  1852   02    15.111
  1852   03    14.903
  1852   04    14.283
  1852   05    13.068
  1852   06    10.666
  1852   07     8.777
  1852   08     7.611
  1852   09     7.134
  1852   10     9.295
  1852   11    10.763
  1852   12    12.590
  1853   01    14.373
  1853   02    15.110
  1853   03    14.913
  1853   04    14.357
  1853   05    13.047
  1853   06    10.577
  1853   07     8.903
  1853   08     7.053
  1853   09     7.081
  1853   10     9.291
  1853   11    10.990
  1853   12    13.027
  1854   01    14.790
  1854   02    15.157
  1854   03    15.100
  1854   04    14.393
  1854   05    12.862
  1854   06    10.863
  1854   07     8.976
  1854   08     6.870
  1854   09     5.999
  1854   10     8.914
  1854   11    11.017
  1854   12    13.025
  1855   01    14.485
  1855   02    15.007
  1855   03    14.982
  1855   04    14.396
  1855   05    13.095
  1855   06    11.536
  1855   07     8.790
  1855   08     6.512
  1855   09     5.680
  1855   10     9.190
  1855   11    11.069
  1855   12    13.372
  1856   01    14.617
  1856   02    15.170
  1856   03    15.158
  1856   04    14.626
  1856   05    13.202
  1856   06    11.370
  1856   07     8.290
  1856   08     6.358
  1856   09     5.360
  1856   10     8.692
  1856   11    10.693
  1856   12    13.148
  1857   01    14.777
  1857   02    15.192
  1857   03    15.059
  1857   04    14.190
  1857   05    13.021
  1857   06    10.483
  1857   07     8.229
  1857   08     5.765
  1857   09     5.440
  1857   10     8.567
  1857   11    10.519
  1857   12    12.624
  1858   01    14.093
  1858   02    14.800
  1858   03    14.717
  1858   04    13.779
  1858   05    12.457
  1858   06    10.405
  1858   07     8.216
  1858   08     6.707
  1858   09     6.703
  1858   10     9.041
  1858   11    10.674
  1858   12    12.967
  1859   01    14.262
  1859   02    14.483
  1859   03    14.715
  1859   04    14.099
  1859   05    12.547
  1859   06    10.529
  1859   07     8.019
  1859   08     6.641
  1859   09     6.519
  1859   10     8.913
  1859   11    10.350
  1859   12    12.529
  1860   01    14.232
  1860   02    14.890
  1860   03    14.994
  1860   04    14.448
  1860   05    13.057
  1860   06    10.904
  1860   07     8.308
  1860   08     6.005
  1860   09     5.305
  1860   10     8.811
  1860   11    11.032
  1860   12    12.935
  1861   01    14.410
  1861   02    14.746
  1861   03    14.869
  1861   04    14.357
  1861   05    13.116
  1861   06    10.952
  1861   07     8.837
  1861   08     6.718
  1861   09     6.404
  1861   10     9.032
  1861   11    10.731
  1861   12    13.022
  1862   01    14.701
  1862   02    15.423
  1862   03    15.613
  1862   04    14.651
  1862   05    13.505
  1862   06    11.468
  1862   07     8.610
  1862   08     6.226
  1862   09     5.432
  1862   10     8.679
  1862   11    10.509
  1862   12    13.043
  1863   01    14.744
  1863   02    15.220
  1863   03    14.909
  1863   04    13.846
  1863   05    12.536
  1863   06    10.782
  1863   07     8.514
  1863   08     6.445
  1863   09     6.003
  1863   10     8.338
  1863   11    10.514
  1863   12    12.741
  1864   01    14.323
  1864   02    14.915
  1864   03    14.758
  1864   04    14.318
  1864   05    13.144
  1864   06    10.310
  1864   07     8.167
  1864   08     6.287
  1864   09     5.803
  1864   10     8.227
  1864   11    10.815
  1864   12    12.625
  1865   01    14.362
  1865   02    15.132
  1865   03    14.921
  1865   04    14.210
  1865   05    12.900
  1865   06    10.815
  1865   07     8.554
  1865   08     6.440
  1865   09     5.509
  1865   10     8.753
  1865   11    10.735
  1865   12    12.513
  1866   01    14.060
  1866   02    14.768
  1866   03    14.688
  1866   04    14.105
  1866   05    12.763
  1866   06    10.804
  1866   07     8.482
  1866   08     6.217
  1866   09     5.867
  1866   10     8.751
  1866   11    10.624
  1866   12    12.657
  1867   01    14.383
  1867   02    15.104
  1867   03    14.958
  1867   04    14.383
  1867   05    13.196
  1867   06    10.867
  1867   07     8.645
  1867   08     6.367
  1867   09     5.571
  1867   10     8.876
  1867   11    10.757
  1867   12    12.449
  1868   01    14.050
  1868   02    14.723
  1868   03    14.553
  1868   04    14.143
  1868   05    13.019
  1868   06    10.722
  1868   07     8.688
  1868   08     6.554
  1868   09     6.097
  1868   10     9.115
  1868   11    10.653
  1868   12    12.904
  1869   01    14.275
  1869   02    14.867
  1869   03    14.799
  1869   04    14.325
  1869   05    13.198
  1869   06    10.615
  1869   07     8.660
  1869   08     6.144
  1869   09     5.703
  1869   10     8.615
  1869   11    10.600
  1869   12    12.300
  1870   01    14.540
  1870   02    15.290
  1870   03    15.154
  1870   04    14.732
  1870   05    13.352
  1870   06    10.737
  1870   07     8.631
  1870   08     6.709
  1870   09     5.798
  1870   10     8.968
  1870   11    10.593
  1870   12    12.934
  1871   01    14.307
  1871   02    15.140
  1871   03    14.887
  1871   04    14.373
  1871   05    12.991
  1871   06    10.742
  1871   07     8.723
  1871   08     7.085
  1871   09     6.749
  1871   10     8.993
  1871   11    10.864
  1871   12    12.753
  1872   01    14.255
  1872   02    14.972
  1872   03    14.928
  1872   04    14.182
  1872   05    12.898
  1872   06    10.896
  1872   07     8.182
  1872   08     5.998
  1872   09     5.685
  1872   10     8.676
  1872   11    10.682
  1872   12    13.169
  1873   01    14.493
  1873   02    14.891
  1873   03    14.770
  1873   04    14.217
  1873   05    13.107
  1873   06    10.690
  1873   07     8.351
  1873   08     6.351
  1873   09     5.616
  1873   10     8.786
  1873   11    10.499
  1873   12    12.923
  1874   01    14.311
  1874   02    15.084
  1874   03    15.184
  1874   04    14.407
  1874   05    13.092
  1874   06    11.491
  1874   07     8.854
  1874   08     6.737
  1874   09     5.919
  1874   10     9.014
  1874   11    10.640
  1874   12    12.991
  1875   01    14.702
  1875   02    15.354
  1875   03    15.304
  1875   04    14.515
  1875   05    13.172
  1875   06    10.380
  1875   07     8.070
  1875   08     5.769
  1875   09     5.095
  1875   10     8.592
  1875   11    10.623
  1875   12    12.941
  1876   01    14.570
  1876   02    15.154
  1876   03    15.123
  1876   04    14.627
  1876   05    13.176
  1876   06    10.523
  1876   07     8.500
  1876   08     6.680
  1876   09     6.269
  1876   10     8.248
  1876   11    10.753
  1876   12    13.089
  1877   01    14.315
  1877   02    14.778
  1877   03    14.925
  1877   04    14.550
  1877   05    13.009
  1877   06    11.214
  1877   07     8.905
  1877   08     6.834
  1877   09     6.323
  1877   10     9.195
  1877   11    10.794
  1877   12    12.951
  1878   01    14.526
  1878   02    15.348
  1878   03    15.208
  1878   04    14.254
  1878   05    13.094
  1878   06    10.744
  1878   07     8.623
  1878   08     6.945
  1878   09     6.789
  1878   10     8.686
  1878   11    10.510
  1878   12    12.942
  1879   01    14.171
  1879   02    14.611
  1879   03    14.671
  1879   04    14.148
  1879   05    12.731
  1879   06    10.666
  1879   07     8.377
  1879   08     6.704
  1879   09     6.440
  1879   10     8.921
  1879   11    10.852
  1879   12    12.760
  1880   01    14.161
  1880   02    14.727
  1880   03    14.732
  1880   04    14.166
  1880   05    13.241
  1880   06    11.333
  1880   07     8.760
  1880   08     6.693
  1880   09     5.860
  1880   10     8.959
  1880   11    10.727
  1880   12    12.534
  1881   01    14.514
  1881   02    14.978
  1881   03    14.962
  1881   04    14.441
  1881   05    13.276
  1881   06    10.919
  1881   07     8.218
  1881   08     6.439
  1881   09     6.117
  1881   10     8.989
  1881   11    10.722
  1881   12    12.995
  1882   01    14.255
  1882   02    14.941
  1882   03    14.888
  1882   04    14.395
  1882   05    13.547
  1882   06    10.751
  1882   07     8.798
  1882   08     6.803
  1882   09     6.049
  1882   10     8.579
  1882   11    10.876
  1882   12    12.758
  1883   01    14.056
  1883   02    14.868
  1883   03    14.711
  1883   04    14.133
  1883   05    12.719
  1883   06    10.372
  1883   07     8.124
  1883   08     5.641
  1883   09     5.294
  1883   10     8.481
  1883   11    10.058
  1883   12    11.974
  1884   01    13.852
  1884   02    14.286
  1884   03    14.419
  1884   04    13.635
  1884   05    12.363
  1884   06    10.203
  1884   07     8.189
  1884   08     6.567
  1884   09     6.247
  1884   10     9.192
  1884   11    10.892
  1884   12    12.831
  1885   01    14.419
  1885   02    14.978
  1885   03    14.983
  1885   04    14.397
  1885   05    13.174
  1885   06    10.704
  1885   07     8.673
  1885   08     7.631
  1885   09     7.395
  1885   10     9.357
  1885   11    10.921
  1885   12    12.776
  1886   01    14.714
  1886   02    15.006
  1886   03    14.882
  1886   04    14.497
  1886   05    13.260
  1886   06    11.025
  1886   07     9.089
  1886   08     7.400
  1886   09     7.197
  1886   10     9.441
  1886   11    11.206
  1886   12    13.243
  1887   01    14.798
  1887   02    15.292
  1887   03    15.505
  1887   04    15.082
  1887   05    13.847
  1887   06    11.755
  1887   07     9.597
  1887   08     7.845
  1887   09     7.067
  1887   10     9.366
  1887   11    11.247
  1887   12    13.588
  1888   01    15.042
  1888   02    15.642
  1888   03    15.373
  1888   04    14.721
  1888   05    13.481
  1888   06    12.081
  1888   07     9.195
  1888   08     7.364
  1888   09     6.739
  1888   10     9.250
  1888   11    11.291
  1888   12    13.687
  1889   01    15.031
  1889   02    15.659
  1889   03    15.494
  1889   04    14.806
  1889   05    13.406
  1889   06    11.863
  1889   07     8.864
  1889   08     7.292
  1889   09     7.131
  1889   10     9.312
  1889   11    11.494
  1889   12    13.410
  1890   01    14.790
  1890   02    15.209
  1890   03    15.219
  1890   04    14.380
  1890   05    13.144
  1890   06    11.337
  1890   07     8.376
  1890   08     6.764
  1890   09     6.659
  1890   10     8.987
  1890   11    10.822
  1890   12    13.096
  1891   01    14.556
  1891   02    15.036
  1891   03    14.569
  1891   04    14.080
  1891   05    12.788
  1891   06    11.233
  1891   07     8.966
  1891   08     7.277
  1891   09     6.462
  1891   10     9.345
  1891   11    10.879
  1891   12    12.895
  1892   01    14.336
  1892   02    14.765
  1892   03    14.634
  1892   04    14.322
  1892   05    13.092
  1892   06    11.447
  1892   07     8.062
  1892   08     6.102
  1892   09     6.001
  1892   10     8.746
  1892   11    10.716
  1892   12    12.762
  1893   01    14.520
  1893   02    14.953
  1893   03    14.611
  1893   04    13.961
  1893   05    12.940
  1893   06    10.898
  1893   07     8.162
  1893   08     6.561
  1893   09     6.269
  1893   10     8.396
  1893   11    10.454
  1893   12    12.657
  1894   01    14.435
  1894   02    15.251
  1894   03    14.902
  1894   04    14.511
  1894   05    12.974
  1894   06    11.043
  1894   07     9.023
  1894   08     6.896
  1894   09     5.897
  1894   10     8.694
  1894   11    10.729
  1894   12    12.693
  1895   01    14.118
  1895   02    14.602
  1895   03    14.633
  1895   04    14.184
  1895   05    12.995
  1895   06    10.470
  1895   07     8.275
  1895   08     6.543
  1895   09     5.784
  1895   10     8.818
  1895   11    10.785
  1895   12    12.797
  1896   01    14.345
  1896   02    14.997
  1896   03    14.652
  1896   04    14.215
  1896   05    12.703
  1896   06    10.340
  1896   07     8.222
  1896   08     6.815
  1896   09     6.756
  1896   10     8.594
  1896   11    10.524
  1896   12    12.354
  1897   01    13.856
  1897   02    14.632
  1897   03    14.738
  1897   04    13.889
  1897   05    12.791
  1897   06    10.770
  1897   07     8.396
  1897   08     6.962
  1897   09     6.344
  1897   10     8.254
  1897   11    10.392
  1897   12    12.806
  1898   01    14.174
  1898   02    14.825
  1898   03    14.616
  1898   04    14.158
  1898   05    13.024
  1898   06    10.695
  1898   07     8.288
  1898   08     6.207
  1898   09     5.689
  1898   10     8.911
  1898   11    10.917
  1898   12    12.707
  1899   01    14.274
  1899   02    14.939
  1899   03    14.788
  1899   04    14.140
  1899   05    12.845
  1899   06    10.684
  1899   07     8.077
  1899   08     6.335
  1899   09     5.947
  1899   10     8.672
  1899   11    10.756
  1899   12    12.507
  1900   01    13.978
  1900   02    14.541
  1900   03    14.536
  1900   04    14.018
  1900   05    12.909
  1900   06    10.432
  1900   07     8.372
  1900   08     6.499
  1900   09     6.460
  1900   10     8.436
  1900   11    10.194
  1900   12    12.159
  1901   01    13.863
  1901   02    14.454
  1901   03    14.461
  1901   04    13.813
  1901   05    12.463
  1901   06    10.852
  1901   07     8.144
  1901   08     5.677
  1901   09     5.129
  1901   10     8.551
  1901   11    10.434
  1901   12    12.329
  1902   01    14.215
  1902   02    14.707
  1902   03    14.540
  1902   04    14.059
  1902   05    12.613
  1902   06    10.476
  1902   07     8.285
  1902   08     6.533
  1902   09     6.317
  1902   10     9.014
  1902   11    10.662
  1902   12    12.315
  1903   01    14.080
  1903   02    14.736
  1903   03    14.403
  1903   04    13.892
  1903   05    12.741
  1903   06    10.395
  1903   07     8.319
  1903   08     6.457
  1903   09     6.155
  1903   10     8.991
  1903   11    10.871
  1903   12    12.805
  1904   01    14.049
  1904   02    14.362
  1904   03    14.502
  1904   04    13.835
  1904   05    12.478
  1904   06    10.529
  1904   07     8.428
  1904   08     6.477
  1904   09     6.142
  1904   10     8.805
  1904   11    10.633
  1904   12    12.739
  1905   01    13.978
  1905   02    14.651
  1905   03    14.665
  1905   04    13.911
  1905   05    12.452
  1905   06    10.382
  1905   07     8.190
  1905   08     6.600
  1905   09     6.235
  1905   10     8.969
  1905   11    10.669
  1905   12    13.370
  1906   01    14.430
  1906   02    14.910
  1906   03    15.002
  1906   04    14.449
  1906   05    12.604
  1906   06    10.183
  1906   07     8.685
  1906   08     7.094
  1906   09     6.887
  1906   10     8.844
  1906   11    10.556
  1906   12    12.507
  1907   01    14.026
  1907   02    14.316
  1907   03    14.513
  1907   04    14.136
  1907   05    12.738
  1907   06    10.556
  1907   07     8.302
  1907   08     6.235
  1907   09     5.568
  1907   10     8.737
  1907   11    10.722
  1907   12    12.562
  1908   01    14.235
  1908   02    14.748
  1908   03    15.076
  1908   04    14.241
  1908   05    12.955
  1908   06    10.773
  1908   07     8.842
  1908   08     6.605
  1908   09     5.989
  1908   10     9.219
  1908   11    10.728
  1908   12    12.763
  1909   01    14.082
  1909   02    14.708
  1909   03    14.526
  1909   04    14.209
  1909   05    12.803
  1909   06    10.859
  1909   07     8.326
  1909   08     6.693
  1909   09     5.970
  1909   10     8.898
  1909   11    10.759
  1909   12    12.989
  1910   01    14.067
  1910   02    14.764
  1910   03    14.696
  1910   04    14.006
  1910   05    12.651
  1910   06    10.783
  1910   07     7.517
  1910   08     6.202
  1910   09     5.809
  1910   10     7.645
  1910   11    10.338
  1910   12    12.530
  1911   01    13.835
  1911   02    14.544
  1911   03    14.579
  1911   04    13.818
  1911   05    12.616
  1911   06    10.496
  1911   07     8.329
  1911   08     6.472
  1911   09     5.901
  1911   10     7.731
  1911   11    10.090
  1911   12    12.026
  1912   01    13.774
  1912   02    14.730
  1912   03    14.722
  1912   04    14.345
  1912   05    13.130
  1912   06    10.833
  1912   07     8.536
  1912   08     6.387
  1912   09     5.796
  1912   10     8.934
  1912   11    10.562
  1912   12    12.802
  1913   01    14.155
  1913   02    14.734
  1913   03    14.773
  1913   04    14.272
  1913   05    12.882
  1913   06    11.246
  1913   07     8.434
  1913   08     6.071
  1913   09     5.566
  1913   10     8.689
  1913   11    10.777
  1913   12    13.117
  1914   01    14.502
  1914   02    14.933
  1914   03    14.964
  1914   04    14.414
  1914   05    13.186
  1914   06    10.764
  1914   07     8.849
  1914   08     6.950
  1914   09     6.203
  1914   10     8.969
  1914   11    10.656
  1914   12    12.646
  1915   01    14.244
  1915   02    14.596
  1915   03    14.549
  1915   04    14.231
  1915   05    12.945
  1915   06    10.929
  1915   07     8.307
  1915   08     6.246
  1915   09     5.614
  1915   10     8.706
  1915   11    10.462
  1915   12    12.690
  1916   01    14.020
  1916   02    14.673
  1916   03    14.489
  1916   04    13.907
  1916   05    12.846
  1916   06    11.060
  1916   07     8.552
  1916   08     6.201
  1916   09     5.885
  1916   10     8.755
  1916   11    10.771
  1916   12    12.432
  1917   01    14.116
  1917   02    14.509
  1917   03    14.442
  1917   04    13.772
  1917   05    12.568
  1917   06    10.021
  1917   07     8.102
  1917   08     6.352
  1917   09     6.233
  1917   10     8.742
  1917   11    10.619
  1917   12    12.821
  1918   01    14.038
  1918   02    14.853
  1918   03    14.701
  1918   04    14.066
  1918   05    13.024
  1918   06    10.601
  1918   07     8.949
  1918   08     6.883
  1918   09     6.269
  1918   10     8.573
  1918   11    10.348
  1918   12    12.479
  1919   01    14.009
  1919   02    14.623
  1919   03    14.464
  1919   04    14.050
  1919   05    12.709
  1919   06    10.106
  1919   07     7.756
  1919   08     6.211
  1919   09     6.044
  1919   10     8.190
  1919   11    10.390
  1919   12    12.230
  1920   01    13.774
  1920   02    14.573
  1920   03    14.422
  1920   04    13.801
  1920   05    12.602
  1920   06     9.965
  1920   07     8.077
  1920   08     5.981
  1920   09     5.695
  1920   10     8.527
  1920   11    10.305
  1920   12    12.093
  1921   01    13.628
  1921   02    14.432
  1921   03    14.490
  1921   04    13.831
  1921   05    12.575
  1921   06    10.068
  1921   07     8.235
  1921   08     6.014
  1921   09     5.144
  1921   10     8.358
  1921   11    10.342
  1921   12    12.032
  1922   01    13.645
  1922   02    14.202
  1922   03    14.307
  1922   04    13.576
  1922   05    12.581
  1922   06    10.583
  1922   07     8.092
  1922   08     6.364
  1922   09     5.893
  1922   10     8.790
  1922   11    10.655
  1922   12    12.668
  1923   01    13.996
  1923   02    14.594
  1923   03    14.375
  1923   04    13.622
  1923   05    12.483
  1923   06    10.448
  1923   07     8.520
  1923   08     6.195
  1923   09     5.931
  1923   10     7.996
  1923   11    10.507
  1923   12    12.205
  1924   01    13.705
  1924   02    14.332
  1924   03    14.218
  1924   04    13.825
  1924   05    12.774
  1924   06     9.932
  1924   07     7.749
  1924   08     6.102
  1924   09     5.742
  1924   10     8.402
  1924   11    10.247
  1924   12    12.551
  1925   01    14.082
  1925   02    14.335
  1925   03    14.516
  1925   04    14.164
  1925   05    13.004
  1925   06    10.712
  1925   07     8.903
  1925   08     7.103
  1925   09     6.451
  1925   10     8.948
  1925   11    11.079
  1925   12    12.695
  1926   01    14.668
  1926   02    15.310
  1926   03    14.989
  1926   04    14.327
  1926   05    13.054
  1926   06    10.803
  1926   07     8.586
  1926   08     6.487
  1926   09     5.902
  1926   10     8.269
  1926   11    10.244
  1926   12    12.527
  1927   01    14.012
  1927   02    14.980
  1927   03    14.510
  1927   04    13.847
  1927   05    12.843
  1927   06    10.849
  1927   07     8.719
  1927   08     7.199
  1927   09     6.915
  1927   10     8.900
  1927   11    10.732
  1927   12    12.410
  1928   01    14.045
  1928   02    14.711
  1928   03    14.664
  1928   04    13.878
  1928   05    12.495
  1928   06    10.398
  1928   07     8.284
  1928   08     7.206
  1928   09     7.122
  1928   10     9.212
  1928   11    10.776
  1928   12    12.844
  1929   01    14.087
  1929   02    14.645
  1929   03    14.590
  1929   04    13.729
  1929   05    12.666
  1929   06    11.062
  1929   07     9.132
  1929   08     7.292
  1929   09     6.619
  1929   10     8.923
  1929   11    10.426
  1929   12    12.167
  1930   01    14.160
  1930   02    14.821
  1930   03    15.063
  1930   04    14.321
  1930   05    12.872
  1930   06    10.786
  1930   07     8.670
  1930   08     6.929
  1930   09     6.517
  1930   10     8.548
  1930   11    10.569
  1930   12    12.657
  1931   01    14.004
  1931   02    14.774
  1931   03    14.614
  1931   04    14.075
  1931   05    12.512
  1931   06    10.106
  1931   07     7.787
  1931   08     6.479
  1931   09     6.461
  1931   10     8.596
  1931   11    10.551
  1931   12    12.676
  1932   01    14.007
  1932   02    14.613
  1932   03    14.644
  1932   04    13.685
  1932   05    12.237
  1932   06     9.985
  1932   07     8.255
  1932   08     6.222
  1932   09     5.626
  1932   10     7.967
  1932   11    10.289
  1932   12    11.853
  1933   01    13.691
  1933   02    14.404
  1933   03    14.464
  1933   04    13.645
  1933   05    12.399
  1933   06    10.067
  1933   07     7.811
  1933   08     6.335
  1933   09     5.627
  1933   10     8.146
  1933   11    10.102
  1933   12    12.123
  1934   01    13.997
  1934   02    14.576
  1934   03    14.465
  1934   04    13.955
  1934   05    12.542
  1934   06    10.635
  1934   07     9.003
  1934   08     6.538
  1934   09     5.833
  1934   10     8.851
  1934   11    10.752
  1934   12    12.577
  1935   01    13.938
  1935   02    14.451
  1935   03    14.488
  1935   04    14.021
  1935   05    12.742
  1935   06    10.717
  1935   07     8.574
  1935   08     6.211
  1935   09     5.495
  1935   10     8.757
  1935   11    10.393
  1935   12    12.772
  1936   01    14.110
  1936   02    14.515
  1936   03    14.659
  1936   04    14.129
  1936   05    12.889
  1936   06    10.543
  1936   07     8.137
  1936   08     6.464
  1936   09     6.050
  1936   10     8.444
  1936   11    10.397
  1936   12    12.737
  1937   01    13.827
  1937   02    14.499
  1937   03    14.669
  1937   04    14.226
  1937   05    12.737
  1937   06    10.767
  1937   07     8.846
  1937   08     7.412
  1937   09     6.977
  1937   10     9.183
  1937   11    10.367
  1937   12    12.287
  1938   01    14.030
  1938   02    14.680
  1938   03    14.583
  1938   04    13.691
  1938   05    12.474
  1938   06    10.357
  1938   07     8.114
  1938   08     6.390
  1938   09     6.064
  1938   10     8.353
  1938   11    10.474
  1938   12    11.967
  1939   01    13.621
  1939   02    14.648
  1939   03    14.701
  1939   04    14.340
  1939   05    12.963
  1939   06    10.371
  1939   07     8.624
  1939   08     6.611
  1939   09     6.396
  1939   10     8.835
  1939   11    10.605
  1939   12    12.664
  1940   01    14.295
  1940   02    15.212
  1940   03    14.926
  1940   04    14.313
  1940   05    12.574
  1940   06    10.625
  1940   07     8.457
  1940   08     6.756
  1940   09     6.230
  1940   10     8.959
  1940   11    10.657
  1940   12    12.579
  1941   01    14.290
  1941   02    14.687
  1941   03    14.615
  1941   04    14.080
  1941   05    12.953
  1941   06    10.862
  1941   07     8.744
  1941   08     6.696
  1941   09     6.012
  1941   10     8.358
  1941   11    10.729
  1941   12    12.645
  1942   01    14.465
  1942   02    15.431
  1942   03    15.062
  1942   04    14.511
  1942   05    13.128
  1942   06    10.972
  1942   07     7.983
  1942   08     6.200
  1942   09     6.267
  1942   10     8.426
  1942   11    10.686
  1942   12    12.668
  1943   01    14.361
  1943   02    14.967
  1943   03    14.746
  1943   04    14.000
  1943   05    12.835
  1943   06    10.367
  1943   07     7.943
  1943   08     6.745
  1943   09     6.532
  1943   10     8.573
  1943   11    10.394
  1943   12    12.190
  1944   01    13.862
  1944   02    14.551
  1944   03    14.331
  1944   04    13.976
  1944   05    12.636
  1944   06    10.756
  1944   07     8.847
  1944   08     6.446
  1944   09     5.822
  1944   10     8.393
  1944   11    10.496
  1944   12    12.637
  1945   01    14.535
  1945   02    14.946
  1945   03    14.969
  1945   04    14.528
  1945   05    13.250
  1945   06    11.146
  1945   07     8.749
  1945   08     6.475
  1945   09     6.149
  1945   10     9.289
  1945   11    10.986
  1945   12    13.112
  1946   01    14.671
  1946   02    15.203
  1946   03    15.368
  1946   04    14.868
  1946   05    13.165
  1946   06    11.031
  1946   07     8.766
  1946   08     6.938
  1946   09     6.522
  1946   10     8.989
  1946   11    10.543
  1946   12    12.974
  1947   01    14.510
  1947   02    15.500
  1947   03    15.447
  1947   04    14.245
  1947   05    13.107
  1947   06    11.124
  1947   07     8.832
  1947   08     5.996
  1947   09     5.163
  1947   10     8.815
  1947   11    10.343
  1947   12    12.453
  1948   01    14.115
  1948   02    15.098
  1948   03    14.800
  1948   04    14.365
  1948   05    12.988
  1948   06    10.353
  1948   07     8.738
  1948   08     6.810
  1948   09     6.160
  1948   10     8.831
  1948   11    10.498
  1948   12    12.655
  1949   01    14.354
  1949   02    15.042
  1949   03    15.004
  1949   04    14.407
  1949   05    12.939
  1949   06    10.792
  1949   07     7.866
  1949   08     5.906
  1949   09     5.676
  1949   10     8.634
  1949   11    10.635
  1949   12    12.855
  1950   01    14.572
  1950   02    15.179
  1950   03    15.071
  1950   04    14.221
  1950   05    12.514
  1950   06    10.390
  1950   07     7.674
  1950   08     6.302
  1950   09     6.131
  1950   10     8.495
  1950   11    10.603
  1950   12    12.305
  1951   01    14.008
  1951   02    14.768
  1951   03    14.621
  1951   04    14.128
  1951   05    12.825
  1951   06    10.685
  1951   07     8.716
  1951   08     6.607
  1951   09     6.353
  1951   10     8.717
  1951   11    10.724
  1951   12    13.256
  1952   01    14.610
  1952   02    15.037
  1952   03    14.928
  1952   04    14.133
  1952   05    13.047
  1952   06    11.253
  1952   07     8.597
  1952   08     7.089
  1952   09     6.651
  1952   10     8.916
  1952   11    10.837
  1952   12    13.034
  1953   01    14.041
  1953   02    15.001
  1953   03    14.850
  1953   04    14.109
  1953   05    12.784
  1953   06    11.246
  1953   07     8.541
  1953   08     6.829
  1953   09     6.714
  1953   10     8.814
  1953   11    10.742
  1953   12    12.955
  1954   01    14.048
  1954   02    14.663
  1954   03    14.441
  1954   04    13.765
  1954   05    12.548
  1954   06    10.278
  1954   07     7.955
  1954   08     6.520
  1954   09     6.734
  1954   10     8.721
  1954   11    10.278
  1954   12    12.308
  1955   01    14.155
  1955   02    14.693
  1955   03    14.642
  1955   04    14.090
  1955   05    12.504
  1955   06    10.255
  1955   07     7.833
  1955   08     6.025
  1955   09     5.628
  1955   10     8.493
  1955   11    10.588
  1955   12    12.776
  1956   01    14.043
  1956   02    14.591
  1956   03    14.936
  1956   04    14.209
  1956   05    12.979
  1956   06    10.887
  1956   07     8.680
  1956   08     5.697
  1956   09     4.997
  1956   10     8.492
  1956   11    10.757
  1956   12    12.829
  1957   01    14.465
  1957   02    15.157
  1957   03    14.935
  1957   04    14.346
  1957   05    12.801
  1957   06    10.323
  1957   07     8.513
  1957   08     6.712
  1957   09     6.260
  1957   10     8.158
  1957   11    10.463
  1957   12    12.495
  1958   01    14.205
  1958   02    14.984
  1958   03    14.632
  1958   04    14.021
  1958   05    12.677
  1958   06    10.217
  1958   07     8.213
  1958   08     6.700
  1958   09     6.205
  1958   10     8.929
  1958   11    10.711
  1958   12    12.739
  1959   01    14.055
  1959   02    14.473
  1959   03    14.528
  1959   04    13.731
  1959   05    12.457
  1959   06     9.727
  1959   07     8.085
  1959   08     6.707
  1959   09     5.960
  1959   10     7.992
  1959   11    10.459
  1959   12    12.731
  1960   01    14.063
  1960   02    14.806
  1960   03    14.834
  1960   04    14.289
  1960   05    12.967
  1960   06    11.099
  1960   07     8.897
  1960   08     6.296
  1960   09     5.323
  1960   10     8.878
  1960   11    10.513
  1960   12    12.588
  1961   01    14.132
  1961   02    14.678
  1961   03    14.603
  1961   04    14.106
  1961   05    12.974
  1961   06    10.279
  1961   07     8.444
  1961   08     6.606
  1961   09     5.829
  1961   10     8.870
  1961   11    10.568
  1961   12    12.321
  1962   01    14.263
  1962   02    14.928
  1962   03    14.565
  1962   04    14.058
  1962   05    12.773
  1962   06    10.797
  1962   07     8.440
  1962   08     5.691
  1962   09     4.981
  1962   10     8.718
  1962   11    10.850
  1962   12    13.080
  1963   01    14.338
  1963   02    14.863
  1963   03    14.862
  1963   04    14.181
  1963   05    12.835
  1963   06    11.146
  1963   07     8.370
  1963   08     6.837
  1963   09     6.210
  1963   10     8.848
  1963   11    10.740
  1963   12    12.863
  1964   01    14.164
  1964   02    15.160
  1964   03    15.014
  1964   04    14.303
  1964   05    13.401
  1964   06    11.575
  1964   07     8.942
  1964   08     6.905
  1964   09     6.413
  1964   10     8.284
  1964   11    10.873
  1964   12    12.861
  1965   01    14.504
  1965   02    15.131
  1965   03    15.108
  1965   04    14.596
  1965   05    13.454
  1965   06    11.421
  1965   07     8.677
  1965   08     6.748
  1965   09     6.559
  1965   10     9.340
  1965   11    11.016
  1965   12    13.155
  1966   01    14.482
  1966   02    14.990
  1966   03    14.865
  1966   04    14.138
  1966   05    12.965
  1966   06    11.084
  1966   07     8.809
  1966   08     7.070
  1966   09     6.597
  1966   10     9.049
  1966   11    10.633
  1966   12    13.187
  1967   01    14.167
  1967   02    15.023
  1967   03    14.921
  1967   04    14.183
  1967   05    13.238
  1967   06    11.391
  1967   07     8.429
  1967   08     7.035
  1967   09     6.642
  1967   10     9.136
  1967   11    10.947
  1967   12    13.113
  1968   01    14.514
  1968   02    14.680
  1968   03    14.746
  1968   04    14.086
  1968   05    13.192
  1968   06    11.474
  1968   07     8.811
  1968   08     6.685
  1968   09     5.938
  1968   10     8.884
  1968   11    10.793
  1968   12    13.213
  1969   01    14.238
  1969   02    14.969
  1969   03    14.983
  1969   04    14.260
  1969   05    12.814
  1969   06    10.534
  1969   07     7.726
  1969   08     6.171
  1969   09     5.569
  1969   10     8.472
  1969   11    10.312
  1969   12    12.587
  1970   01    13.898
  1970   02    14.465
  1970   03    14.788
  1970   04    14.094
  1970   05    12.921
  1970   06    10.842
  1970   07     8.543
  1970   08     6.914
  1970   09     6.249
  1970   10     9.168
  1970   11    10.702
  1970   12    12.970
  1971   01    14.406
  1971   02    15.058
  1971   03    15.068
  1971   04    14.490
  1971   05    13.119
  1971   06    11.421
  1971   07     8.832
  1971   08     7.228
  1971   09     6.778
  1971   10     9.331
  1971   11    10.859
  1971   12    13.272
  1972   01    14.649
  1972   02    15.297
  1972   03    15.176
  1972   04    14.432
  1972   05    13.083
  1972   06    10.861
  1972   07     8.862
  1972   08     6.883
  1972   09     6.238
  1972   10     8.666
  1972   11    10.478
  1972   12    12.892
  1973   01    14.312
  1973   02    14.932
  1973   03    14.939
  1973   04    14.342
  1973   05    12.803
  1973   06    10.675
  1973   07     8.668
  1973   08     7.152
  1973   09     6.371
  1973   10     8.922
  1973   11    10.785
  1973   12    13.067
  1974   01    14.281
  1974   02    14.851
  1974   03    14.847
  1974   04    14.465
  1974   05    13.320
  1974   06    11.245
  1974   07     9.097
  1974   08     7.173
  1974   09     7.154
  1974   10     9.376
  1974   11    10.768
  1974   12    12.691
  1975   01    14.502
  1975   02    15.035
  1975   03    15.137
  1975   04    14.429
  1975   05    13.229
  1975   06    11.558
  1975   07     8.556
  1975   08     6.855
  1975   09     6.710
  1975   10     9.085
  1975   11    10.695
  1975   12    13.370
  1976   01    14.835
  1976   02    15.534
  1976   03    15.343
  1976   04    14.747
  1976   05    13.341
  1976   06    11.094
  1976   07     9.105
  1976   08     7.472
  1976   09     7.105
  1976   10     9.189
  1976   11    11.097
  1976   12    13.347
  1977   01    14.841
  1977   02    15.399
  1977   03    15.392
  1977   04    14.858
  1977   05    13.643
  1977   06    11.094
  1977   07     8.741
  1977   08     7.053
  1977   09     6.708
  1977   10     9.317
  1977   11    11.101
  1977   12    13.319
  1978   01    14.979
  1978   02    15.555
  1978   03    15.634
  1978   04    14.959
  1978   05    13.863
  1978   06    11.665
  1978   07     9.634
  1978   08     8.025
  1978   09     7.213
  1978   10     9.354
  1978   11    11.287
  1978   12    13.647
  1979   01    14.965
  1979   02    15.844
  1979   03    15.802
  1979   04    15.369
  1979   05    14.037
  1979   06    12.238
  1979   07     9.700
  1979   08     8.088
  1979   09     7.265
  1979   10     9.763
  1979   11    11.455
  1979   12    13.939
  1980   01    15.335
  1980   02    16.196
  1980   03    15.997
  1980   04    15.043
  1980   05    13.829
  1980   06    11.543
  1980   07     9.409
  1980   08     8.088
  1980   09     7.605
  1980   10     9.658
  1980   11    11.415
  1980   12    13.706
  1981   01    15.183
  1981   02    16.240
  1981   03    16.051
  1981   04    15.336
  1981   05    13.806
  1981   06    11.442
  1981   07     8.944
  1981   08     7.306
  1981   09     7.221
  1981   10     9.274
  1981   11    11.188
  1981   12    13.536
  1982   01    14.908
  1982   02    15.597
  1982   03    15.676
  1982   04    15.168
  1982   05    13.574
  1982   06    11.105
  1982   07     9.106
  1982   08     7.505
  1982   09     7.188
  1982   10     9.381
  1982   11    11.003
  1982   12    13.086
  1983   01    14.778
  1983   02    15.596
  1983   03    15.708
  1983   04    15.147
  1983   05    13.473
  1983   06    11.706
  1983   07     8.884
  1983   08     7.408
  1983   09     7.083
  1983   10     9.577
  1983   11    11.242
  1983   12    13.780
  1984   01    14.914
  1984   02    15.308
  1984   03    15.471
  1984   04    14.669
  1984   05    13.351
  1984   06    11.296
  1984   07     9.227
  1984   08     7.550
  1984   09     7.192
  1984   10     9.611
  1984   11    11.128
  1984   12    13.368
  1985   01    14.857
  1985   02    15.183
  1985   03    15.266
  1985   04    14.788
  1985   05    13.705
  1985   06    11.821
  1985   07     9.154
  1985   08     7.532
  1985   09     6.826
  1985   10     9.427
  1985   11    11.181
  1985   12    13.073
  1986   01    14.828
  1986   02    15.093
  1986   03    15.023
  1986   04    14.339
  1986   05    12.989
  1986   06    10.811
  1986   07     8.080
  1986   08     6.622
  1986   09     6.643
  1986   10     9.189
  1986   11    10.766
  1986   12    12.972
  1987   01    14.269
  1987   02    14.618
  1987   03    14.559
  1987   04    13.945
  1987   05    12.811
  1987   06    11.094
  1987   07     8.339
  1987   08     6.288
  1987   09     6.081
  1987   10     8.686
  1987   11    10.633
  1987   12    12.892
  1988   01    14.276
  1988   02    15.092
  1988   03    14.888
  1988   04    14.182
  1988   05    12.992
  1988   06    10.277
  1988   07     8.193
  1988   08     6.919
  1988   09     6.737
  1988   10     8.935
  1988   11    10.552
  1988   12    12.814
  1989   01    14.092
  1989   02    14.615
  1989   03    14.478
  1989   04    13.734
  1989   05    12.646
  1989   06    10.879
  1989   07     8.677
  1989   08     6.674
  1989   09     6.379
  1989   10     8.603
  1989   11    10.745
  1989   12    12.480
  1990   01    13.900
  1990   02    14.397
  1990   03    14.525
  1990   04    13.998
  1990   05    12.333
  1990   06    10.848
  1990   07     8.130
  1990   08     6.842
  1990   09     6.694
  1990   10     9.028
  1990   11    10.749
  1990   12    12.811
  1991   01    14.097
  1991   02    14.855
  1991   03    15.014
  1991   04    14.122
  1991   05    12.666
  1991   06    10.825
  1991   07     8.044
  1991   08     6.505
  1991   09     6.065
  1991   10     8.545
  1991   11    10.323
  1991   12    12.863
  1992   01    14.157
  1992   02    14.898
  1992   03    14.945
  1992   04    14.356
  1992   05    13.303
  1992   06    11.114
  1992   07     9.065
  1992   08     7.735
  1992   09     7.487
  1992   10     9.679
  1992   11    11.199
  1992   12    13.446
  1993   01    14.929
  1993   02    15.442
  1993   03    15.327
  1993   04    14.793
  1993   05    13.493
  1993   06    11.672
  1993   07     9.696
  1993   08     8.516
  1993   09     8.117
  1993   10     9.646
  1993   11    11.353
  1993   12    13.475
  1994   01    14.972
  1994   02    15.573
  1994   03    15.387
  1994   04    14.660
  1994   05    13.485
  1994   06    11.934
  1994   07     9.441
  1994   08     8.011
  1994   09     7.344
  1994   10     9.142
  1994   11    11.227
  1994   12    13.150
  1995   01    14.758
  1995   02    15.259
  1995   03    15.331
  1995   04    14.638
  1995   05    13.219
  1995   06    10.998
  1995   07     9.101
  1995   08     7.903
  1995   09     7.174
  1995   10     8.934
  1995   11    10.568
  1995   12    13.234
  1996   01    14.604
  1996   02    15.204
  1996   03    15.077
  1996   04    14.664
  1996   05    13.251
  1996   06    11.492
  1996   07     8.328
  1996   08     6.417
  1996   09     6.178
  1996   10     9.046
  1996   11    10.818
  1996   12    13.206
  1997   01    14.573
  1997   02    15.413
  1997   03    15.296
  1997   04    14.462
  1997   05    13.512
  1997   06    11.390
  1997   07     9.115
  1997   08     7.216
  1997   09     6.860
  1997   10     9.335
  1997   11    10.808
  1997   12    13.067
  1998   01    14.497
  1998   02    14.898
  1998   03    14.945
  1998   04    14.212
  1998   05    13.021
  1998   06    11.174
  1998   07     8.501
  1998   08     6.942
  1998   09     6.343
  1998   10     8.751
  1998   11    10.707
  1998   12    12.812
  1999   01    14.208
  1999   02    14.912
  1999   03    14.605
  1999   04    13.626
  1999   05    12.461
  1999   06    10.470
  1999   07     8.205
  1999   08     6.358
  1999   09     5.874
  1999   10     8.598
  1999   11    10.435
  1999   12    12.449
  2000   01    13.911
  2000   02    14.520
  2000   03    14.486
  2000   04    13.848
  2000   05    12.474
  2000   06    10.383
  2000   07     8.782
  2000   08     6.283
  2000   09     5.944
  2000   10     8.963
  2000   11    10.693
  2000   12    12.690
  2001   01    14.072
  2001   02    14.689
  2001   03    14.512
  2001   04    14.074
  2001   05    12.457
  2001   06     9.757
  2001   07     7.933
  2001   08     6.219
  2001   09     5.636
  2001   10     8.056
  2001   11    10.372
  2001   12    12.139
  2002   01    13.610
  2002   02    14.457
  2002   03    14.397
  2002   04    13.766
  2002   05    12.542
  2002   06    10.333
  2002   07     8.264
  2002   08     6.360
  2002   09     6.286
  2002   10     7.958
  2002   11    10.237
  2002   12    12.177
  2003   01    14.026
  2003   02    14.483
  2003   03    14.457
  2003   04    13.902
  2003   05    12.872
  2003   06    10.590
  2003   07     8.871
  2003   08     6.487
  2003   09     5.830
  2003   10     8.922
  2003   11    10.623
  2003   12    12.593
  2004   01    14.077
  2004   02    14.697
  2004   03    14.719
  2004   04    13.958
  2004   05    12.711
  2004   06    10.302
  2004   07     8.142
  2004   08     6.013
  2004   09     5.786
  2004   10     8.573
  2004   11    10.408
  2004   12    12.488
  2005   01    14.044
  2005   02    14.707
  2005   03    14.631
  2005   04    14.242
  2005   05    12.892
  2005   06    10.980
  2005   07     8.847
  2005   08     6.799
  2005   09     6.124
  2005   10     8.888
  2005   11    10.472
  2005   12    12.344
  2006   01    13.847
  2006   02    14.428
  2006   03    14.365
  2006   04    13.950
  2006   05    12.746
  2006   06    10.688
  2006   07     8.746
  2006   08     6.450
  2006   09     5.611
  2006   10     8.521
  2006   11    10.706
  2006   12    12.479
  2007   01    14.100
  2007   02    14.665
  2007   03    14.668
  2007   04    14.131
  2007   05    12.974
  2007   06    10.968
  2007   07     8.575
  2007   08     5.842
  2007   09     5.380
  2007   10     8.387
  2007   11    10.607
  2007   12    12.688
  2008   01    14.171
  2008   02    14.702
  2008   03    14.482
  2008   04    14.066
  2008   05    13.093
  2008   06    10.936
  2008   07     7.668
  2008   08     5.340
  2008   09     4.937
  2008   10     7.922
  2008   11    10.616
  2008   12    12.729
  2009   01    14.033
  2009   02    14.544
  2009   03    14.464
  2009   04    13.891
  2009   05    12.727
  2009   06    10.889
  2009   07     8.039
  2009   08     5.419
  2009   09     5.030
  2009   10     8.057
  2009   11    10.373
  2009   12    12.029
  2010   01    13.981
  2010   02    14.437
  2010   03    14.441
  2010   04    13.962
  2010   05    12.834
  2010   06    10.347
  2010   07     8.378
  2010   08     6.379
  2010   09     5.711
  2010   10     8.743
  2010   11    10.722
  2010   12    12.702
  2011   01    13.923
  2011   02    14.542
  2011   03    14.379
  2011   04    13.680
  2011   05    12.768
  2011   06    10.401
  2011   07     8.247
  2011   08     6.041
  2011   09     5.622
  2011   10     8.387
  2011   11    10.466
  2011   12    12.410
  2012   01    13.911
  2012   02    14.475
  2012   03    14.452
  2012   04    13.634
  2012   05    12.796
  2012   06    11.080
  2012   07     8.747
  2012   08     6.532
  2012   09     5.888
  2012   10     8.482
  2012   11    10.425
  2012   12    12.056
  2013   01    14.007
  2013   02    14.649
  2013   03    14.223
  2013   04    13.871
  2013   05    12.632
  2013   06    10.178
  2013   07     8.123
  2013   08     6.182
  2013   09     5.359
  2013   10     8.324
  2013   11    10.431
  2013   12    12.123
  2014   01    13.874
  2014   02    14.613
  2014   03    14.572
  2014   04    14.235
  2014   05    12.801
  2014   06    10.389
  2014   07     7.980
  2014   08     6.000
  2014   09     6.144
  2014   10     8.669
  2014   11    10.690
  2014   12    12.517
  2015   01    13.904
  2015   02    14.553
  2015   03    14.460
  2015   04    13.921
  2015   05    12.536
  2015   06    10.105
  2015   07     7.843
  2015   08     6.046
  2015   09     5.412
  2015   10     8.117
  2015   11    10.214
  2015   12    12.013
  2016   01    13.732
  2016   02    14.526
  2016   03    14.534
  2016   04    13.986
  2016   05    12.590
  2016   06    10.288
  2016   07     7.992
  2016   08     5.167
  2016   09     4.339
  2016   10     8.024
  2016   11     9.944
  2016   12    12.064
  2017   01    13.955
  2017   02    14.501
  2017   03    14.287
  2017   04    13.635
  2017   05    12.445
  2017   06    10.290
  2017   07     7.919
  2017   08     6.499
  2017   09     5.641
  2017   10     7.912
  2017   11    10.230
  2017   12    12.060
  2018   01    13.769
  2018   02    14.359
  2018   03    14.430
  2018   04    14.073
  2018   05    12.691
  2018   06    10.199
  2018   07     8.019
  2018   08     5.907
  2018   09     5.019
  2018   10     8.314
  2018   11    10.149
  2018   12    12.169
  2019   01    13.540
  2019   02    14.146
  2019   03    14.262
  2019   04    13.711
  2019   05    12.310
  2019   06     9.947
  2019   07     7.094
  2019   08     5.425
  2019   09     4.603
  2019   10     6.987
  2019   11     9.791
  2019   12    11.886
  2020   01    13.429
  2020   02    14.172
  2020   03    13.841
  2020   04    13.398
  2020   05    12.228
  2020   06     9.592
  2020   07     6.755
  2020   08     5.233
  2020   09     4.359
  2020   10     6.915
  2020   11     9.649
  2020   12    11.570
  2021   01    13.426
  2021   02    13.922
  2021   03    13.965
  2021   04    13.451
  2021   05    12.264
  2021   06     9.794
  2021   07     7.576
  2021   08     4.784
  2021   09     4.005
  2021   10     7.051
  2021   11     9.603
  2021   12    11.402
  2022   01    13.184
  2022   02    14.048
  2022   03    14.071
  2022   04    13.607
  2022   05    12.032
  2022   06     9.961
  2022   07     7.688
  2022   08     4.625
  2022   09     3.600
  2022   10     6.185
  2022   11     9.655
  2022   12    11.679
  2023   01    13.303
  2023   02    14.018
  2023   03    13.967
  2023   04    13.549
  2023   05    12.350
  2023   06    10.241
  2023   07     7.837
  2023   08     5.567
  2023   09     4.607
  2023   10     7.521
  2023   11    10.236
  2023   12    11.751
  2024   01    13.311
  2024   02    13.967
  2024   03    14.001
  2024   04    13.735
  2024   05    12.486
  2024   06     9.771
  2024   07     7.016
  2024   08     5.350
  2024   09     4.628
  2024   10     7.616
  2024   11     9.764
  2024   12    11.565
  2025   01    13.258
  2025   02    13.843
  2025   03    14.061
  2025   04    13.683
  2025   05    12.018
  2025   06     9.969
  2025   07     7.580
  2025   08     5.219
  2025   09     4.366
  2025   10     6.680
  2025   11     9.732
  2025   12    11.476
  2026   01    13.245
  2026   02    13.913
  2026   03    13.907
  2026   04    13.207
  2026   05    11.900
  2026   06     9.498
  2026   07     7.865
  2026   08     5.275
  2026   09     4.343
  2026   10     7.205
  2026   11     9.940
  2026   12    11.599
  2027   01    13.497
  2027   02    14.140
  2027   03    14.086
  2027   04    13.655
  2027   05    12.011
  2027   06     9.563
  2027   07     7.649
  2027   08     4.690
  2027   09     3.809
  2027   10     6.800
  2027   11     9.718
  2027   12    11.546
  2028   01    12.827
  2028   02    13.654
  2028   03    13.613
  2028   04    13.273
  2028   05    12.000
  2028   06     9.990
  2028   07     7.151
  2028   08     4.754
  2028   09     3.530
  2028   10     6.503
  2028   11     9.712
  2028   12    11.704
  2029   01    13.400
  2029   02    14.041
  2029   03    13.884
  2029   04    13.465
  2029   05    11.807
  2029   06     9.937
  2029   07     6.983
  2029   08     4.450
  2029   09     3.926
  2029   10     6.594
  2029   11     9.619
  2029   12    11.732
  2030   01    13.189
  2030   02    13.768
  2030   03    13.664
  2030   04    13.217
  2030   05    12.185
  2030   06     9.909
  2030   07     7.885
  2030   08     5.248
  2030   09     4.190
  2030   10     7.234
  2030   11     9.969
  2030   12    11.611
  2031   01    13.382
  2031   02    14.110
  2031   03    14.022
  2031   04    13.587
  2031   05    12.155
  2031   06    10.088
  2031   07     8.217
  2031   08     5.354
  2031   09     3.765
  2031   10     7.667
  2031   11     9.855
  2031   12    11.728
  2032   01    13.218
  2032   02    13.966
  2032   03    13.831
  2032   04    13.260
  2032   05    11.896
  2032   06     9.535
  2032   07     7.070
  2032   08     5.066
  2032   09     3.933
  2032   10     6.465
  2032   11     9.520
  2032   12    11.464
  2033   01    13.154
  2033   02    13.974
  2033   03    13.837
  2033   04    13.380
  2033   05    12.137
  2033   06     9.531
  2033   07     6.704
  2033   08     4.505
  2033   09     3.768
  2033   10     5.980
  2033   11     9.820
  2033   12    11.965
  2034   01    13.402
  2034   02    14.073
  2034   03    14.141
  2034   04    13.449
  2034   05    12.060
  2034   06     9.769
  2034   07     7.823
  2034   08     5.304
  2034   09     4.035
  2034   10     7.216
  2034   11     9.771
  2034   12    11.766
  2035   01    13.426
  2035   02    14.168
  2035   03    14.330
  2035   04    13.711
  2035   05    12.397
  2035   06    10.263
  2035   07     7.519
  2035   08     5.157
  2035   09     4.472
  2035   10     7.977
  2035   11    10.253
  2035   12    11.740
  2036   01    13.149
  2036   02    14.089
  2036   03    14.208
  2036   04    13.730
  2036   05    12.236
  2036   06    10.112
  2036   07     8.069
  2036   08     4.573
  2036   09     4.080
  2036   10     6.767
  2036   11    10.037
  2036   12    11.748
  2037   01    13.364
  2037   02    14.083
  2037   03    14.290
  2037   04    13.714
  2037   05    12.459
  2037   06     9.835
  2037   07     7.501
  2037   08     5.123
  2037   09     4.320
  2037   10     6.899
  2037   11     9.567
  2037   12    11.521
  2038   01    13.228
  2038   02    14.076
  2038   03    13.969
  2038   04    13.575
  2038   05    11.899
  2038   06     9.750
  2038   07     7.433
  2038   08     4.707
  2038   09     3.667
  2038   10     7.297
  2038   11     9.726
  2038   12    11.615
  2039   01    13.493
  2039   02    14.141
  2039   03    13.994
  2039   04    13.318
  2039   05    11.969
  2039   06     9.965
  2039   07     7.222
  2039   08     4.995
  2039   09     4.128
  2039   10     6.127
  2039   11     9.236
  2039   12    11.908
  2040   01    13.806
  2040   02    14.202
  2040   03    14.099
  2040   04    13.696
  2040   05    12.519
  2040   06    10.038
  2040   07     7.223
  2040   08     4.615
  2040   09     3.616
  2040   10     5.870
  2040   11    10.025
  2040   12    12.003
  2041   01    13.460
  2041   02    13.970
  2041   03    14.011
  2041   04    13.398
  2041   05    12.315
  2041   06    10.032
  2041   07     7.490
  2041   08     4.024
  2041   09     3.012
  2041   10     5.608
  2041   11     9.774
  2041   12    11.648
  2042   01    13.183
  2042   02    13.791
  2042   03    14.032
  2042   04    13.626
  2042   05    12.241
  2042   06     9.766
  2042   07     7.228
  2042   08     4.376
  2042   09     3.434
  2042   10     6.229
  2042   11     9.654
  2042   12    11.909
  2043   01    13.491
  2043   02    14.024
  2043   03    13.877
  2043   04    13.361
  2043   05    11.551
  2043   06     9.227
  2043   07     6.954
  2043   08     4.971
  2043   09     4.301
  2043   10     7.092
  2043   11     9.951
  2043   12    11.735
  2044   01    13.421
  2044   02    14.614
  2044   03    14.206
  2044   04    13.526
  2044   05    12.362
  2044   06     9.699
  2044   07     7.603
  2044   08     5.090
  2044   09     4.338
  2044   10     7.276
  2044   11    10.049
  2044   12    11.746
  2045   01    13.513
  2045   02    14.240
  2045   03    14.026
  2045   04    13.378
  2045   05    12.055
  2045   06    10.027
  2045   07     7.924
  2045   08     5.103
  2045   09     4.068
  2045   10     7.518
  2045   11     9.830
  2045   12    11.729
  2046   01    13.477
  2046   02    14.318
  2046   03    14.373
  2046   04    13.752
  2046   05    12.282
  2046   06    10.237
  2046   07     7.645
  2046   08     4.775
  2046   09     3.172
  2046   10     7.094
  2046   11    10.141
  2046   12    11.789
  2047   01    13.435
  2047   02    13.978
  2047   03    14.045
  2047   04    13.613
  2047   05    12.328
  2047   06    10.258
  2047   07     7.846
  2047   08     4.779
  2047   09     3.982
  2047   10     7.826
  2047   11    10.122
  2047   12    12.107
  2048   01    13.579
  2048   02    14.232
  2048   03    14.339
  2048   04    13.694
  2048   05    12.500
  2048   06    10.089
  2048   07     8.283
  2048   08     5.393
  2048   09     4.304
  2048   10     7.854
  2048   11    10.175
  2048   12    12.032
  2049   01    13.399
  2049   02    13.880
  2049   03    13.834
  2049   04    13.370
  2049   05    12.039
  2049   06     9.921
  2049   07     7.650
  2049   08     4.778
  2049   09     3.338
  2049   10     6.686
  2049   11    10.025
  2049   12    11.490
  2050   01    13.126
  2050   02    13.867
  2050   03    13.876
  2050   04    13.384
  2050   05    11.888
  2050   06     9.464
  2050   07     7.413
  2050   08     5.226
  2050   09     3.939
  2050   10     7.009
  2050   11     9.943
  2050   12    11.640
  2051   01    13.356
  2051   02    14.139
  2051   03    14.171
  2051   04    13.587
  2051   05    12.388
  2051   06    10.004
  2051   07     7.743
  2051   08     5.227
  2051   09     4.226
  2051   10     7.872
  2051   11    10.219
  2051   12    12.053
  2052   01    13.140
  2052   02    13.819
  2052   03    13.710
  2052   04    13.380
  2052   05    12.003
  2052   06     9.970
  2052   07     7.591
  2052   08     5.514
  2052   09     4.852
  2052   10     7.627
  2052   11     9.887
  2052   12    11.788
  2053   01    13.219
  2053   02    13.938
  2053   03    13.891
  2053   04    13.221
  2053   05    12.336
  2053   06    10.007
  2053   07     7.884
  2053   08     5.810
  2053   09     5.171
  2053   10     7.772
  2053   11     9.828
  2053   12    11.872
  2054   01    13.454
  2054   02    13.969
  2054   03    14.144
  2054   04    13.671
  2054   05    12.378
  2054   06    10.530
  2054   07     8.344
  2054   08     5.275
  2054   09     4.125
  2054   10     7.447
  2054   11    10.039
  2054   12    11.821
  2055   01    13.426
  2055   02    14.061
  2055   03    13.955
  2055   04    13.382
  2055   05    12.238
  2055   06    10.025
  2055   07     7.270
  2055   08     5.079
  2055   09     4.311
  2055   10     7.051
  2055   11     9.890
  2055   12    11.875
  2056   01    13.387
  2056   02    13.874
  2056   03    13.860
  2056   04    13.071
  2056   05    11.920
  2056   06     9.460
  2056   07     7.246
  2056   08     4.729
  2056   09     3.427
  2056   10     6.209
  2056   11     9.947
  2056   12    11.514
  2057   01    12.989
  2057   02    13.747
  2057   03    13.833
  2057   04    13.522
  2057   05    12.179
  2057   06     9.567
  2057   07     7.535
  2057   08     5.030
  2057   09     3.739
  2057   10     6.600
  2057   11     9.765
  2057   12    11.464
  2058   01    13.295
  2058   02    13.826
  2058   03    13.946
  2058   04    13.218
  2058   05    12.172
  2058   06     9.684
  2058   07     7.788
  2058   08     5.271
  2058   09     3.677
  2058   10     7.522
  2058   11    10.013
  2058   12    11.612
  2059   01    13.196
  2059   02    13.903
  2059   03    13.775
  2059   04    13.426
  2059   05    12.291
  2059   06     9.985
  2059   07     7.567
  2059   08     4.654
  2059   09     3.667
  2059   10     7.056
  2059   11     9.860
  2059   12    11.532
  2060   01    13.063
  2060   02    13.543
  2060   03    13.823
  2060   04    13.309
  2060   05    11.978
  2060   06     9.713
  2060   07     7.194
  2060   08     4.163
  2060   09     2.859
  2060   10     5.192
  2060   11     9.269
  2060   12    11.426
  2061   01    13.040
  2061   02    13.464
  2061   03    13.591
  2061   04    13.108
  2061   05    12.120
  2061   06     9.903
  2061   07     6.994
  2061   08     3.658
  2061   09     2.633
  2061   10     5.218
  2061   11     9.605
  2061   12    11.547
  2062   01    13.214
  2062   02    13.801
  2062   03    13.922
  2062   04    13.356
  2062   05    12.325
  2062   06    10.413
  2062   07     7.482
  2062   08     4.642
  2062   09     3.490
  2062   10     6.996
  2062   11     9.801
  2062   12    11.471
  2063   01    13.123
  2063   02    13.605
  2063   03    13.663
  2063   04    13.091
  2063   05    11.794
  2063   06     9.396
  2063   07     6.946
  2063   08     4.855
  2063   09     3.699
  2063   10     6.123
  2063   11     9.660
  2063   12    11.375
  2064   01    13.059
  2064   02    13.818
  2064   03    13.599
  2064   04    13.052
  2064   05    11.535
  2064   06     9.159
  2064   07     7.282
  2064   08     4.541
  2064   09     3.110
  2064   10     6.036
  2064   11     9.724
  2064   12    11.247
  2065   01    12.748
  2065   02    13.432
  2065   03    13.411
  2065   04    12.921
  2065   05    11.505
  2065   06     9.152
  2065   07     7.173
  2065   08     5.019
  2065   09     3.482
  2065   10     6.449
  2065   11     9.599
  2065   12    11.389
  2066   01    12.868
  2066   02    13.815
  2066   03    13.604
  2066   04    13.104
  2066   05    11.817
  2066   06     9.785
  2066   07     7.308
  2066   08     5.531
  2066   09     3.857
  2066   10     6.909
  2066   11     9.733
  2066   12    11.507
  2067   01    13.245
  2067   02    13.964
  2067   03    14.042
  2067   04    13.402
  2067   05    11.833
  2067   06     9.919
  2067   07     7.301
  2067   08     3.558
  2067   09     2.759
  2067   10     6.298
  2067   11     9.835
  2067   12    11.354
  2068   01    12.972
  2068   02    13.628
  2068   03    13.510
  2068   04    12.947
  2068   05    11.891
  2068   06     9.603
  2068   07     7.656
  2068   08     4.917
  2068   09     2.869
  2068   10     6.418
  2068   11     9.766
  2068   12    11.303
  2069   01    12.522
  2069   02    13.644
  2069   03    13.641
  2069   04    13.165
  2069   05    11.802
  2069   06     9.651
  2069   07     7.336
  2069   08     5.417
  2069   09     4.903
  2069   10     6.746
  2069   11     9.855
  2069   12    11.524
  2070   01    12.817
  2070   02    13.370
  2070   03    13.456
  2070   04    12.930
  2070   05    11.598
  2070   06     9.821
  2070   07     7.350
  2070   08     5.278
  2070   09     4.196
  2070   10     7.109
  2070   11     9.805
  2070   12    11.363
  2071   01    12.935
  2071   02    13.818
  2071   03    13.829
  2071   04    13.441
  2071   05    11.876
  2071   06     9.252
  2071   07     7.110
  2071   08     4.878
  2071   09     4.238
  2071   10     7.051
  2071   11     9.642
  2071   12    11.574
  2072   01    12.951
  2072   02    13.624
  2072   03    13.481
  2072   04    12.778
  2072   05    11.816
  2072   06     9.110
  2072   07     7.045
  2072   08     4.546
  2072   09     4.013
  2072   10     6.637
  2072   11     9.522
  2072   12    11.543
  2073   01    12.986
  2073   02    13.807
  2073   03    13.802
  2073   04    13.193
  2073   05    11.810
  2073   06     9.800
  2073   07     7.810
  2073   08     5.025
  2073   09     4.385
  2073   10     7.225
  2073   11     9.688
  2073   12    11.471
  2074   01    13.228
  2074   02    13.928
  2074   03    13.982
  2074   04    13.349
  2074   05    11.918
  2074   06     9.846
  2074   07     7.364
  2074   08     5.076
  2074   09     4.100
  2074   10     6.448
  2074   11     9.766
  2074   12    11.634
  2075   01    12.840
  2075   02    13.612
  2075   03    13.792
  2075   04    13.210
  2075   05    12.164
  2075   06     9.677
  2075   07     6.875
  2075   08     4.715
  2075   09     3.641
  2075   10     6.714
  2075   11    10.073
  2075   12    11.632
  2076   01    13.160
  2076   02    13.698
  2076   03    13.771
  2076   04    13.297
  2076   05    12.109
  2076   06    10.332
  2076   07     7.738
  2076   08     4.970
  2076   09     4.268
  2076   10     7.117
  2076   11     9.982
  2076   12    11.944
  2077   01    13.197
  2077   02    13.769
  2077   03    13.906
  2077   04    13.497
  2077   05    12.097
  2077   06     9.703
  2077   07     7.397
  2077   08     4.895
  2077   09     3.649
  2077   10     6.239
  2077   11     9.959
  2077   12    11.474
  2078   01    12.902
  2078   02    13.921
  2078   03    13.980
  2078   04    13.594
  2078   05    11.678
  2078   06    10.002
  2078   07     7.430
  2078   08     4.506
  2078   09     3.600
  2078   10     5.577
  2078   11     9.763
  2078   12    11.552
  2079   01    13.153
  2079   02    14.024
  2079   03    14.048
  2079   04    13.400
  2079   05    12.229
  2079   06     9.795
  2079   07     7.013
  2079   08     4.078
  2079   09     3.101
  2079   10     5.327
  2079   11     9.384
  2079   12    11.687
  2080   01    13.183
  2080   02    13.993
  2080   03    14.057
  2080   04    13.557
  2080   05    11.958
  2080   06     9.362
  2080   07     6.917
  2080   08     3.802
  2080   09     2.801
  2080   10     5.738
  2080   11     9.585
  2080   12    11.667
  2081   01    13.260
  2081   02    13.824
  2081   03    13.878
  2081   04    13.411
  2081   05    12.293
  2081   06     9.606
  2081   07     7.510
  2081   08     4.998
  2081   09     4.562
  2081   10     6.975
  2081   11     9.810
  2081   12    11.631
  2082   01    13.149
  2082   02    13.868
  2082   03    13.646
  2082   04    12.918
  2082   05    11.757
  2082   06     9.446
  2082   07     7.442
  2082   08     5.174
  2082   09     4.066
  2082   10     6.670
  2082   11     9.544
  2082   12    11.464
  2083   01    12.894
  2083   02    13.864
  2083   03    13.984
  2083   04    13.525
  2083   05    12.226
  2083   06     9.663
  2083   07     7.499
  2083   08     4.269
  2083   09     3.073
  2083   10     6.800
  2083   11     9.523
  2083   12    11.390
  2084   01    12.761
  2084   02    13.912
  2084   03    14.147
  2084   04    13.643
  2084   05    11.772
  2084   06    10.107
  2084   07     7.224
  2084   08     4.698
  2084   09     3.684
  2084   10     6.660
  2084   11     9.818
  2084   12    11.891
  2085   01    13.394
  2085   02    14.050
  2085   03    14.217
  2085   04    13.945
  2085   05    12.717
  2085   06    10.214
  2085   07     7.385
  2085   08     4.437
  2085   09     3.508
  2085   10     6.438
  2085   11    10.068
  2085   12    11.782
  2086   01    13.319
  2086   02    14.309
  2086   03    14.451
  2086   04    13.762
  2086   05    12.362
  2086   06     9.872
  2086   07     7.568
  2086   08     4.801
  2086   09     3.672
  2086   10     7.237
  2086   11    10.055
  2086   12    11.864
  2087   01    13.396
  2087   02    14.152
  2087   03    14.076
  2087   04    13.288
  2087   05    11.824
  2087   06     9.172
  2087   07     6.853
  2087   08     5.083
  2087   09     3.688
  2087   10     6.244
  2087   11     9.455
  2087   12    11.452
  2088   01    13.354
  2088   02    14.043
  2088   03    13.919
  2088   04    13.036
  2088   05    11.943
  2088   06     9.313
  2088   07     7.044
  2088   08     4.580
  2088   09     3.228
  2088   10     5.716
  2088   11     9.376
  2088   12    11.070
  2089   01    12.808
  2089   02    13.769
  2089   03    13.927
  2089   04    13.275
  2089   05    12.123
  2089   06     9.517
  2089   07     6.968
  2089   08     3.744
  2089   09     2.784
  2089   10     5.982
  2089   11     9.720
  2089   12    11.383
  2090   01    12.705
  2090   02    13.422
  2090   03    13.497
  2090   04    12.851
  2090   05    11.185
  2090   06     9.269
  2090   07     7.047
  2090   08     4.862
  2090   09     4.092
  2090   10     7.021
  2090   11     9.668
  2090   12    11.082
  2091   01    12.861
  2091   02    13.781
  2091   03    13.611
  2091   04    13.219
  2091   05    11.625
  2091   06     9.829
  2091   07     8.275
  2091   08     5.390
  2091   09     4.258
  2091   10     6.508
  2091   11     9.964
  2091   12    11.704
  2092   01    13.086
  2092   02    13.919
  2092   03    13.958
  2092   04    13.528
  2092   05    12.275
  2092   06    10.165
  2092   07     7.650
  2092   08     3.352
  2092   09     2.162
  2092   10     6.123
  2092   11     9.386
  2092   12    11.515
  2093   01    13.180
  2093   02    14.100
  2093   03    14.093
  2093   04    13.499
  2093   05    12.556
  2093   06     9.778
  2093   07     6.679
  2093   08     3.522
  2093   09     2.962
  2093   10     6.114
  2093   11     9.647
  2093   12    11.704
  2094   01    13.491
  2094   02    14.291
  2094   03    14.207
  2094   04    13.496
  2094   05    12.024
  2094   06    10.071
  2094   07     7.223
  2094   08     3.296
  2094   09     2.310
  2094   10     4.525
  2094   11     9.733
  2094   12    11.509
  2095   01    13.177
  2095   02    13.675
  2095   03    13.831
  2095   04    13.712
  2095   05    12.648
  2095   06    10.341
  2095   07     7.544
  2095   08     5.189
  2095   09     3.845
  2095   10     7.560
  2095   11    10.307
  2095   12    12.284
  2096   01    13.702
  2096   02    14.176
  2096   03    14.127
  2096   04    13.515
  2096   05    12.586
  2096   06    10.129
  2096   07     7.711
  2096   08     5.347
  2096   09     4.708
  2096   10     7.574
  2096   11    10.018
  2096   12    11.853
  2097   01    13.392
  2097   02    14.445
  2097   03    14.388
  2097   04    13.726
  2097   05    12.661
  2097   06    10.141
  2097   07     7.113
  2097   08     4.433
  2097   09     3.041
  2097   10     5.251
  2097   11     9.435
  2097   12    11.573
  2098   01    13.404
  2098   02    14.451
  2098   03    14.477
  2098   04    13.627
  2098   05    12.288
  2098   06     9.591
  2098   07     7.130
  2098   08     4.592
  2098   09     3.326
  2098   10     5.705
  2098   11     9.756
  2098   12    11.719
  2099   01    13.660
  2099   02    14.232
  2099   03    14.183
  2099   04    13.656
  2099   05    12.498
  2099   06     9.590
  2099   07     6.964
  2099   08     4.768
  2099   09     3.979
  2099   10     7.005
  2099   11     9.691
  2099   12    11.899
  2100   01    13.573
  2100   02    14.326
  2100   03    14.102
  2100   04    13.618
  2100   05    12.537
  2100   06     9.849
  2100   07     7.610
  2100   08     5.075
  2100   09     4.138
  2100   10     6.741
  2100   11     9.394
  2100   12    11.488
