  1850   01    16.118
  1850   02    17.186
  1850   03    17.534
  1850   04    16.808
  1850   05    14.653
  1850   06    12.448
  1850   07     9.992
  1850   08     8.442
  1850   09     8.062
  1850   10     9.479
  1850   11    11.046
  1850   12    12.829
  1851   01    15.066
  1851   02    16.293
  1851   03    17.178
  1851   04    16.732
  1851   05    15.635
  1851   06    13.516
  1851   07    10.000
  1851   08     8.956
  1851   09     8.788
  1851   10     9.559
  1851   11    11.122
  1851   12    13.686
  1852   01    15.609
  1852   02    17.122
  1852   03    17.803
  1852   04    16.978
  1852   05    15.454
  1852   06    13.359
  1852   07     9.832
  1852   08     8.485
  1852   09     8.269
  1852   10     9.564
  1852   11    11.411
  1852   12    13.798
  1853   01    15.009
  1853   02    16.509
  1853   03    17.166
  1853   04    16.749
  1853   05    15.003
  1853   06    12.228
  1853   07     9.930
  1853   08     8.227
  1853   09     8.148
  1853   10     9.302
  1853   11    10.840
  1853   12    13.429
  1854   01    14.849
  1854   02    16.145
  1854   03    16.669
  1854   04    16.113
  1854   05    14.501
  1854   06    12.570
  1854   07    10.014
  1854   08     8.413
  1854   09     8.197
  1854   10     9.005
  1854   11    11.333
  1854   12    13.205
  1855   01    14.693
  1855   02    15.369
  1855   03    16.000
  1855   04    15.390
  1855   05    14.663
  1855   06    12.522
  1855   07     9.532
  1855   08     8.216
  1855   09     7.848
  1855   10     8.891
  1855   11    10.615
  1855   12    13.375
  1856   01    15.145
  1856   02    16.031
  1856   03    16.598
  1856   04    16.056
  1856   05    14.583
  1856   06    12.223
  1856   07     9.181
  1856   08     7.546
  1856   09     7.635
  1856   10     9.388
  1856   11    11.296
  1856   12    13.683
  1857   01    15.412
  1857   02    16.792
  1857   03    17.342
  1857   04    16.387
  1857   05    14.466
  1857   06    12.641
  1857   07     9.836
  1857   08     7.880
  1857   09     7.577
  1857   10     9.091
  1857   11    10.996
  1857   12    13.302
  1858   01    14.684
  1858   02    15.842
  1858   03    16.456
  1858   04    15.612
  1858   05    14.164
  1858   06    12.217
  1858   07     9.561
  1858   08     8.100
  1858   09     7.787
  1858   10     9.410
  1858   11    11.006
  1858   12    13.510
  1859   01    15.000
  1859   02    16.268
  1859   03    17.007
  1859   04    16.316
  1859   05    14.307
  1859   06    12.152
  1859   07     9.491
  1859   08     7.914
  1859   09     7.724
  1859   10     8.707
  1859   11    10.422
  1859   12    12.871
  1860   01    15.166
  1860   02    16.401
  1860   03    17.197
  1860   04    16.765
  1860   05    14.802
  1860   06    11.996
  1860   07     9.071
  1860   08     8.027
  1860   09     7.658
  1860   10     9.108
  1860   11    10.396
  1860   12    13.051
  1861   01    14.872
  1861   02    16.322
  1861   03    16.583
  1861   04    16.244
  1861   05    14.410
  1861   06    11.679
  1861   07     8.662
  1861   08     7.410
  1861   09     7.380
  1861   10     8.659
  1861   11    10.433
  1861   12    12.717
  1862   01    14.586
  1862   02    15.911
  1862   03    16.790
  1862   04    15.762
  1862   05    13.970
  1862   06    12.021
  1862   07     9.023
  1862   08     7.375
  1862   09     6.950
  1862   10     8.404
  1862   11    10.544
  1862   12    12.352
  1863   01    14.257
  1863   02    15.038
  1863   03    15.467
  1863   04    14.914
  1863   05    13.449
  1863   06    11.802
  1863   07     8.669
  1863   08     7.889
  1863   09     7.736
  1863   10     8.613
  1863   11    10.059
  1863   12    11.998
  1864   01    14.023
  1864   02    15.180
  1864   03    15.924
  1864   04    14.962
  1864   05    13.954
  1864   06    11.729
  1864   07     9.274
  1864   08     8.227
  1864   09     7.674
  1864   10     9.180
  1864   11    10.644
  1864   12    12.514
  1865   01    14.256
  1865   02    15.126
  1865   03    15.317
  1865   04    14.794
  1865   05    13.704
  1865   06    11.319
  1865   07     8.842
  1865   08     7.774
  1865   09     7.589
  1865   10     8.495
  1865   11    10.475
  1865   12    12.569
  1866   01    14.099
  1866   02    14.929
  1866   03    15.080
  1866   04    14.693
  1866   05    13.254
  1866   06    12.270
  1866   07     9.637
  1866   08     8.260
  1866   09     7.837
  1866   10     9.014
  1866   11    10.634
  1866   12    13.103
  1867   01    14.322
  1867   02    15.097
  1867   03    15.230
  1867   04    14.826
  1867   05    13.775
  1867   06    11.695
  1867   07     8.875
  1867   08     7.552
  1867   09     7.355
  1867   10     8.649
  1867   11    10.411
  1867   12    12.453
  1868   01    14.477
  1868   02    15.780
  1868   03    16.141
  1868   04    15.367
  1868   05    13.717
  1868   06    12.039
  1868   07     9.354
  1868   08     7.759
  1868   09     7.457
  1868   10     9.022
  1868   11    10.547
  1868   12    12.784
  1869   01    14.211
  1869   02    15.317
  1869   03    16.061
  1869   04    15.276
  1869   05    14.005
  1869   06    12.182
  1869   07     9.177
  1869   08     7.957
  1869   09     7.698
  1869   10     8.951
  1869   11    10.696
  1869   12    12.966
  1870   01    14.530
  1870   02    15.546
  1870   03    16.335
  1870   04    15.646
  1870   05    13.732
  1870   06    12.366
  1870   07     9.326
  1870   08     7.738
  1870   09     7.520
  1870   10     9.016
  1870   11    10.841
  1870   12    12.946
  1871   01    14.618
  1871   02    15.687
  1871   03    16.130
  1871   04    15.702
  1871   05    14.561
  1871   06    12.979
  1871   07     9.832
  1871   08     8.280
  1871   09     7.958
  1871   10     9.381
  1871   11    11.131
  1871   12    13.286
  1872   01    15.087
  1872   02    16.396
  1872   03    16.954
  1872   04    16.685
  1872   05    15.282
  1872   06    12.373
  1872   07     9.646
  1872   08     8.533
  1872   09     8.435
  1872   10     9.228
  1872   11    10.646
  1872   12    13.287
  1873   01    15.202
  1873   02    16.617
  1873   03    17.246
  1873   04    16.824
  1873   05    15.294
  1873   06    12.261
  1873   07     9.447
  1873   08     7.740
  1873   09     7.835
  1873   10     9.203
  1873   11    10.982
  1873   12    13.013
  1874   01    15.594
  1874   02    16.627
  1874   03    17.126
  1874   04    16.623
  1874   05    15.091
  1874   06    13.189
  1874   07     9.881
  1874   08     8.169
  1874   09     7.737
  1874   10     9.299
  1874   11    11.009
  1874   12    13.808
  1875   01    15.934
  1875   02    17.447
  1875   03    18.186
  1875   04    17.549
  1875   05    15.116
  1875   06    12.969
  1875   07     9.283
  1875   08     8.204
  1875   09     8.208
  1875   10     9.436
  1875   11    10.781
  1875   12    13.414
  1876   01    15.890
  1876   02    17.255
  1876   03    17.744
  1876   04    17.520
  1876   05    15.672
  1876   06    12.938
  1876   07    10.019
  1876   08     8.520
  1876   09     8.005
  1876   10     9.657
  1876   11    11.478
  1876   12    14.279
  1877   01    15.983
  1877   02    17.424
  1877   03    18.065
  1877   04    17.389
  1877   05    15.808
  1877   06    12.543
  1877   07     9.454
  1877   08     8.040
  1877   09     7.790
  1877   10     8.782
  1877   11    10.661
  1877   12    13.821
  1878   01    15.759
  1878   02    17.037
  1878   03    17.506
  1878   04    17.395
  1878   05    16.084
  1878   06    12.925
  1878   07     9.844
  1878   08     8.917
  1878   09     8.795
  1878   10     9.599
  1878   11    10.795
  1878   12    12.915
  1879   01    15.014
  1879   02    15.757
  1879   03    16.704
  1879   04    16.418
  1879   05    14.552
  1879   06    12.695
  1879   07     9.731
  1879   08     7.806
  1879   09     7.391
  1879   10     9.565
  1879   11    11.254
  1879   12    13.238
  1880   01    14.678
  1880   02    16.321
  1880   03    16.899
  1880   04    16.656
  1880   05    14.622
  1880   06    12.372
  1880   07     9.348
  1880   08     8.011
  1880   09     7.699
  1880   10     9.003
  1880   11    10.708
  1880   12    12.966
  1881   01    15.169
  1881   02    16.499
  1881   03    16.912
  1881   04    16.093
  1881   05    14.717
  1881   06    12.510
  1881   07     9.475
  1881   08     8.067
  1881   09     8.047
  1881   10     9.684
  1881   11    11.207
  1881   12    13.411
  1882   01    14.758
  1882   02    15.872
  1882   03    16.495
  1882   04    16.024
  1882   05    14.645
  1882   06    12.508
  1882   07     9.989
  1882   08     8.720
  1882   09     8.603
  1882   10     9.583
  1882   11    10.681
  1882   12    12.917
  1883   01    15.443
  1883   02    16.559
  1883   03    17.229
  1883   04    16.596
  1883   05    15.054
  1883   06    12.964
  1883   07     9.744
  1883   08     8.730
  1883   09     8.485
  1883   10     9.335
  1883   11    10.780
  1883   12    13.340
  1884   01    15.152
  1884   02    16.129
  1884   03    16.715
  1884   04    16.218
  1884   05    13.806
  1884   06    12.536
  1884   07     9.568
  1884   08     8.558
  1884   09     8.369
  1884   10     9.285
  1884   11    11.177
  1884   12    13.166
  1885   01    14.666
  1885   02    15.827
  1885   03    16.312
  1885   04    15.680
  1885   05    14.237
  1885   06    12.147
  1885   07     9.668
  1885   08     8.508
  1885   09     8.487
  1885   10     9.625
  1885   11    11.089
  1885   12    13.136
  1886   01    14.603
  1886   02    15.844
  1886   03    16.018
  1886   04    15.789
  1886   05    14.786
  1886   06    12.740
  1886   07     9.792
  1886   08     8.491
  1886   09     8.440
  1886   10     9.228
  1886   11    10.820
  1886   12    13.290
  1887   01    15.560
  1887   02    16.739
  1887   03    17.374
  1887   04    16.943
  1887   05    15.481
  1887   06    13.206
  1887   07    10.829
  1887   08     9.264
  1887   09     9.117
  1887   10     9.903
  1887   11    11.200
  1887   12    13.971
  1888   01    15.802
  1888   02    16.879
  1888   03    17.294
  1888   04    15.796
  1888   05    14.332
  1888   06    12.873
  1888   07     9.716
  1888   08     8.855
  1888   09     8.556
  1888   10     9.598
  1888   11    10.993
  1888   12    13.385
  1889   01    15.139
  1889   02    16.439
  1889   03    16.838
  1889   04    16.125
  1889   05    14.943
  1889   06    13.456
  1889   07     9.860
  1889   08     8.219
  1889   09     7.928
  1889   10     9.493
  1889   11    11.573
  1889   12    13.881
  1890   01    16.148
  1890   02    17.575
  1890   03    18.321
  1890   04    17.691
  1890   05    15.900
  1890   06    13.272
  1890   07    10.390
  1890   08     8.712
  1890   09     8.683
  1890   10     9.691
  1890   11    11.091
  1890   12    13.920
  1891   01    15.947
  1891   02    16.611
  1891   03    17.170
  1891   04    16.911
  1891   05    15.180
  1891   06    13.011
  1891   07    10.418
  1891   08     8.997
  1891   09     8.787
  1891   10     9.865
  1891   11    11.584
  1891   12    13.810
  1892   01    14.722
  1892   02    15.929
  1892   03    16.447
  1892   04    16.153
  1892   05    14.799
  1892   06    12.600
  1892   07    10.095
  1892   08     8.637
  1892   09     8.667
  1892   10    10.037
  1892   11    11.598
  1892   12    13.596
  1893   01    15.196
  1893   02    15.819
  1893   03    15.597
  1893   04    15.194
  1893   05    13.820
  1893   06    12.202
  1893   07     9.418
  1893   08     8.426
  1893   09     8.255
  1893   10     9.171
  1893   11    10.701
  1893   12    13.262
  1894   01    14.755
  1894   02    15.717
  1894   03    16.059
  1894   04    15.426
  1894   05    13.939
  1894   06    12.310
  1894   07     9.637
  1894   08     8.140
  1894   09     7.931
  1894   10     9.389
  1894   11    11.053
  1894   12    13.318
  1895   01    15.070
  1895   02    16.032
  1895   03    16.377
  1895   04    15.724
  1895   05    14.373
  1895   06    12.475
  1895   07     9.960
  1895   08     8.234
  1895   09     8.216
  1895   10     9.207
  1895   11    11.263
  1895   12    13.464
  1896   01    15.205
  1896   02    15.882
  1896   03    16.409
  1896   04    15.887
  1896   05    14.511
  1896   06    12.776
  1896   07     9.568
  1896   08     8.166
  1896   09     8.120
  1896   10     8.913
  1896   11    10.788
  1896   12    13.224
  1897   01    15.290
  1897   02    16.938
  1897   03    17.459
  1897   04    16.693
  1897   05    15.032
  1897   06    12.538
  1897   07     8.982
  1897   08     7.698
  1897   09     7.537
  1897   10     8.623
  1897   11    10.547
  1897   12    13.337
  1898   01    15.676
  1898   02    16.933
  1898   03    16.989
  1898   04    16.459
  1898   05    15.000
  1898   06    12.453
  1898   07     8.993
  1898   08     7.599
  1898   09     7.579
  1898   10     8.729
  1898   11    10.764
  1898   12    13.150
  1899   01    14.839
  1899   02    16.095
  1899   03    16.654
  1899   04    16.006
  1899   05    14.190
  1899   06    12.296
  1899   07     9.532
  1899   08     7.837
  1899   09     7.693
  1899   10     8.718
  1899   11    10.456
  1899   12    12.930
  1900   01    15.053
  1900   02    16.628
  1900   03    17.515
  1900   04    16.699
  1900   05    14.798
  1900   06    12.178
  1900   07     9.475
  1900   08     8.125
  1900   09     7.590
  1900   10     8.784
  1900   11    10.632
  1900   12    12.755
  1901   01    14.827
  1901   02    16.395
  1901   03    16.775
  1901   04    15.674
  1901   05    14.535
  1901   06    12.332
  1901   07     8.990
  1901   08     8.127
  1901   09     7.970
  1901   10     9.103
  1901   11    10.544
  1901   12    12.717
  1902   01    14.425
  1902   02    15.448
  1902   03    15.979
  1902   04    15.498
  1902   05    14.076
  1902   06    12.297
  1902   07     9.682
  1902   08     8.218
  1902   09     8.024
  1902   10     9.319
  1902   11    10.603
  1902   12    12.895
  1903   01    14.389
  1903   02    15.713
  1903   03    16.382
  1903   04    15.890
  1903   05    14.396
  1903   06    12.418
  1903   07     9.384
  1903   08     8.125
  1903   09     7.946
  1903   10     8.801
  1903   11    10.400
  1903   12    12.990
  1904   01    14.842
  1904   02    15.981
  1904   03    16.716
  1904   04    16.515
  1904   05    14.675
  1904   06    11.825
  1904   07     9.321
  1904   08     7.964
  1904   09     7.827
  1904   10     8.936
  1904   11    10.895
  1904   12    13.206
  1905   01    15.620
  1905   02    16.499
  1905   03    16.853
  1905   04    16.241
  1905   05    14.930
  1905   06    12.481
  1905   07     9.616
  1905   08     8.536
  1905   09     8.314
  1905   10     9.225
  1905   11    10.639
  1905   12    12.981
  1906   01    14.525
  1906   02    15.452
  1906   03    15.934
  1906   04    15.398
  1906   05    14.051
  1906   06    12.016
  1906   07     9.498
  1906   08     8.776
  1906   09     8.473
  1906   10     9.170
  1906   11    10.790
  1906   12    12.913
  1907   01    15.162
  1907   02    16.137
  1907   03    16.572
  1907   04    15.825
  1907   05    14.409
  1907   06    12.089
  1907   07     9.212
  1907   08     8.049
  1907   09     8.039
  1907   10     8.979
  1907   11    10.543
  1907   12    12.745
  1908   01    14.922
  1908   02    16.195
  1908   03    16.333
  1908   04    15.665
  1908   05    13.985
  1908   06    12.230
  1908   07     9.534
  1908   08     8.582
  1908   09     8.317
  1908   10     9.362
  1908   11    10.688
  1908   12    13.093
  1909   01    14.603
  1909   02    15.816
  1909   03    16.379
  1909   04    15.707
  1909   05    14.212
  1909   06    12.378
  1909   07     9.653
  1909   08     7.848
  1909   09     7.775
  1909   10     8.670
  1909   11    10.527
  1909   12    13.100
  1910   01    14.962
  1910   02    16.344
  1910   03    16.724
  1910   04    15.849
  1910   05    13.915
  1910   06    12.490
  1910   07     9.475
  1910   08     8.110
  1910   09     7.884
  1910   10     9.646
  1910   11    10.798
  1910   12    12.927
  1911   01    14.421
  1911   02    15.977
  1911   03    16.377
  1911   04    15.952
  1911   05    14.578
  1911   06    12.772
  1911   07    10.028
  1911   08     8.540
  1911   09     8.236
  1911   10     9.692
  1911   11    11.490
  1911   12    13.821
  1912   01    15.296
  1912   02    16.209
  1912   03    16.737
  1912   04    16.072
  1912   05    14.604
  1912   06    12.669
  1912   07     9.753
  1912   08     8.795
  1912   09     8.504
  1912   10     9.491
  1912   11    11.127
  1912   12    13.578
  1913   01    15.123
  1913   02    16.247
  1913   03    17.016
  1913   04    16.413
  1913   05    14.847
  1913   06    12.482
  1913   07    10.062
  1913   08     8.740
  1913   09     8.600
  1913   10     9.684
  1913   11    10.924
  1913   12    13.276
  1914   01    14.891
  1914   02    16.406
  1914   03    16.926
  1914   04    16.392
  1914   05    14.708
  1914   06    12.539
  1914   07     9.953
  1914   08     8.358
  1914   09     7.890
  1914   10     9.674
  1914   11    11.212
  1914   12    13.207
  1915   01    14.967
  1915   02    16.174
  1915   03    16.277
  1915   04    15.506
  1915   05    13.766
  1915   06    11.774
  1915   07     9.309
  1915   08     8.191
  1915   09     8.025
  1915   10     8.892
  1915   11    10.588
  1915   12    12.944
  1916   01    14.479
  1916   02    15.903
  1916   03    16.043
  1916   04    15.245
  1916   05    13.958
  1916   06    12.560
  1916   07    10.020
  1916   08     8.420
  1916   09     7.906
  1916   10     9.471
  1916   11    11.134
  1916   12    13.207
  1917   01    15.230
  1917   02    16.400
  1917   03    16.967
  1917   04    16.425
  1917   05    14.144
  1917   06    12.496
  1917   07     9.989
  1917   08     8.311
  1917   09     8.097
  1917   10     9.345
  1917   11    10.952
  1917   12    13.216
  1918   01    14.617
  1918   02    15.766
  1918   03    15.824
  1918   04    15.437
  1918   05    13.995
  1918   06    12.444
  1918   07     9.464
  1918   08     8.110
  1918   09     7.673
  1918   10     9.085
  1918   11    10.697
  1918   12    12.996
  1919   01    14.375
  1919   02    15.471
  1919   03    16.045
  1919   04    14.797
  1919   05    13.738
  1919   06    12.106
  1919   07     9.666
  1919   08     8.303
  1919   09     7.912
  1919   10     9.019
  1919   11    10.502
  1919   12    12.962
  1920   01    14.607
  1920   02    15.575
  1920   03    16.063
  1920   04    15.637
  1920   05    14.345
  1920   06    12.400
  1920   07     9.206
  1920   08     7.882
  1920   09     7.562
  1920   10     9.119
  1920   11    10.734
  1920   12    12.678
  1921   01    13.802
  1921   02    14.813
  1921   03    15.753
  1921   04    15.092
  1921   05    13.415
  1921   06    11.813
  1921   07     9.128
  1921   08     7.789
  1921   09     7.657
  1921   10     9.029
  1921   11    10.558
  1921   12    12.685
  1922   01    14.759
  1922   02    15.827
  1922   03    16.316
  1922   04    15.795
  1922   05    14.455
  1922   06    12.313
  1922   07     8.904
  1922   08     7.680
  1922   09     7.418
  1922   10     8.442
  1922   11    10.369
  1922   12    12.771
  1923   01    15.410
  1923   02    16.752
  1923   03    17.130
  1923   04    16.435
  1923   05    14.584
  1923   06    12.332
  1923   07     9.539
  1923   08     7.840
  1923   09     7.313
  1923   10     8.917
  1923   11    10.841
  1923   12    13.085
  1924   01    14.737
  1924   02    16.068
  1924   03    16.775
  1924   04    15.983
  1924   05    14.206
  1924   06    12.237
  1924   07     9.690
  1924   08     7.921
  1924   09     7.506
  1924   10     8.846
  1924   11    10.766
  1924   12    13.262
  1925   01    15.088
  1925   02    15.579
  1925   03    15.969
  1925   04    15.117
  1925   05    14.061
  1925   06    12.315
  1925   07     9.555
  1925   08     8.099
  1925   09     7.669
  1925   10     9.229
  1925   11    10.788
  1925   12    12.764
  1926   01    14.348
  1926   02    15.088
  1926   03    15.281
  1926   04    14.770
  1926   05    13.598
  1926   06    12.482
  1926   07     9.915
  1926   08     8.525
  1926   09     8.285
  1926   10     9.172
  1926   11    10.997
  1926   12    13.005
  1927   01    14.144
  1927   02    15.395
  1927   03    15.480
  1927   04    15.219
  1927   05    13.940
  1927   06    11.825
  1927   07     8.991
  1927   08     8.162
  1927   09     8.097
  1927   10     9.141
  1927   11    10.389
  1927   12    12.474
  1928   01    14.344
  1928   02    15.020
  1928   03    15.222
  1928   04    14.846
  1928   05    13.620
  1928   06    11.973
  1928   07     9.285
  1928   08     7.610
  1928   09     7.489
  1928   10     8.773
  1928   11    10.330
  1928   12    12.525
  1929   01    14.332
  1929   02    15.826
  1929   03    16.083
  1929   04    15.297
  1929   05    14.106
  1929   06    12.595
  1929   07     9.943
  1929   08     7.399
  1929   09     7.172
  1929   10     8.576
  1929   11    10.463
  1929   12    13.044
  1930   01    14.675
  1930   02    15.775
  1930   03    15.495
  1930   04    15.194
  1930   05    14.022
  1930   06    12.479
  1930   07     9.930
  1930   08     8.035
  1930   09     7.495
  1930   10     9.050
  1930   11    10.766
  1930   12    12.917
  1931   01    14.395
  1931   02    15.498
  1931   03    16.046
  1931   04    15.524
  1931   05    14.193
  1931   06    12.670
  1931   07     9.316
  1931   08     7.384
  1931   09     6.801
  1931   10     8.571
  1931   11    10.534
  1931   12    12.828
  1932   01    14.262
  1932   02    15.455
  1932   03    16.274
  1932   04    15.632
  1932   05    14.395
  1932   06    12.411
  1932   07     9.458
  1932   08     7.874
  1932   09     7.456
  1932   10     8.645
  1932   11    10.357
  1932   12    13.382
  1933   01    15.085
  1933   02    16.038
  1933   03    16.562
  1933   04    15.829
  1933   05    14.271
  1933   06    12.282
  1933   07     8.902
  1933   08     7.380
  1933   09     7.024
  1933   10     7.832
  1933   11    10.544
  1933   12    13.243
  1934   01    14.687
  1934   02    15.783
  1934   03    16.465
  1934   04    15.576
  1934   05    14.068
  1934   06    12.705
  1934   07    10.151
  1934   08     8.125
  1934   09     7.533
  1934   10     8.812
  1934   11    10.601
  1934   12    13.017
  1935   01    15.073
  1935   02    16.301
  1935   03    16.890
  1935   04    16.461
  1935   05    14.885
  1935   06    11.801
  1935   07     9.107
  1935   08     7.749
  1935   09     7.609
  1935   10     8.766
  1935   11    10.629
  1935   12    12.825
  1936   01    14.881
  1936   02    16.323
  1936   03    16.901
  1936   04    16.050
  1936   05    14.178
  1936   06    12.193
  1936   07     9.274
  1936   08     7.763
  1936   09     7.260
  1936   10     8.938
  1936   11    10.733
  1936   12    12.921
  1937   01    14.411
  1937   02    15.622
  1937   03    15.743
  1937   04    14.971
  1937   05    13.907
  1937   06    12.272
  1937   07     9.807
  1937   08     8.357
  1937   09     7.779
  1937   10     9.129
  1937   11    10.775
  1937   12    12.714
  1938   01    14.666
  1938   02    15.825
  1938   03    15.719
  1938   04    14.691
  1938   05    13.699
  1938   06    12.074
  1938   07     9.117
  1938   08     7.823
  1938   09     7.685
  1938   10     8.886
  1938   11    10.473
  1938   12    12.761
  1939   01    14.699
  1939   02    15.801
  1939   03    16.019
  1939   04    15.177
  1939   05    13.469
  1939   06    11.787
  1939   07     8.862
  1939   08     7.669
  1939   09     7.464
  1939   10     8.612
  1939   11    10.151
  1939   12    11.943
  1940   01    14.068
  1940   02    14.983
  1940   03    15.372
  1940   04    14.976
  1940   05    13.698
  1940   06    11.996
  1940   07     9.044
  1940   08     7.405
  1940   09     7.274
  1940   10     8.448
  1940   11    10.446
  1940   12    12.333
  1941   01    13.919
  1941   02    15.026
  1941   03    15.534
  1941   04    14.761
  1941   05    13.934
  1941   06    12.302
  1941   07     9.301
  1941   08     8.066
  1941   09     7.855
  1941   10     9.094
  1941   11    10.676
  1941   12    12.942
  1942   01    14.320
  1942   02    15.347
  1942   03    15.723
  1942   04    15.092
  1942   05    13.791
  1942   06    12.249
  1942   07     9.631
  1942   08     8.271
  1942   09     7.847
  1942   10     9.120
  1942   11    10.945
  1942   12    13.309
  1943   01    14.863
  1943   02    15.445
  1943   03    15.787
  1943   04    15.367
  1943   05    14.168
  1943   06    12.662
  1943   07     9.418
  1943   08     7.246
  1943   09     6.770
  1943   10     8.837
  1943   11    10.534
  1943   12    12.978
  1944   01    13.866
  1944   02    14.880
  1944   03    15.663
  1944   04    15.311
  1944   05    13.827
  1944   06    12.401
  1944   07     9.804
  1944   08     8.100
  1944   09     7.653
  1944   10     9.297
  1944   11    11.167
  1944   12    13.181
  1945   01    14.869
  1945   02    15.820
  1945   03    16.098
  1945   04    15.661
  1945   05    14.257
  1945   06    12.700
  1945   07     9.833
  1945   08     8.058
  1945   09     7.813
  1945   10     9.393
  1945   11    10.883
  1945   12    13.109
  1946   01    14.497
  1946   02    15.549
  1946   03    15.973
  1946   04    15.433
  1946   05    14.053
  1946   06    12.314
  1946   07     8.996
  1946   08     7.441
  1946   09     7.159
  1946   10     8.320
  1946   11    10.333
  1946   12    12.377
  1947   01    14.144
  1947   02    15.025
  1947   03    15.638
  1947   04    15.152
  1947   05    13.752
  1947   06    11.768
  1947   07     8.900
  1947   08     7.390
  1947   09     7.292
  1947   10     8.376
  1947   11    10.003
  1947   12    11.835
  1948   01    14.240
  1948   02    15.057
  1948   03    15.627
  1948   04    14.994
  1948   05    13.613
  1948   06    11.729
  1948   07     8.868
  1948   08     7.143
  1948   09     6.908
  1948   10     8.627
  1948   11    10.465
  1948   12    12.862
  1949   01    14.632
  1949   02    15.695
  1949   03    15.872
  1949   04    15.246
  1949   05    14.280
  1949   06    11.867
  1949   07     9.059
  1949   08     7.361
  1949   09     7.289
  1949   10     8.677
  1949   11    10.271
  1949   12    12.740
  1950   01    14.327
  1950   02    15.088
  1950   03    15.682
  1950   04    14.748
  1950   05    13.602
  1950   06    11.611
  1950   07     9.228
  1950   08     8.127
  1950   09     8.030
  1950   10     9.093
  1950   11    10.803
  1950   12    12.741
  1951   01    14.206
  1951   02    15.361
  1951   03    15.872
  1951   04    15.131
  1951   05    14.276
  1951   06    12.536
  1951   07     9.476
  1951   08     7.728
  1951   09     6.897
  1951   10     8.301
  1951   11    10.214
  1951   12    12.962
  1952   01    14.427
  1952   02    15.549
  1952   03    15.766
  1952   04    15.380
  1952   05    13.832
  1952   06    11.410
  1952   07     8.397
  1952   08     6.593
  1952   09     6.245
  1952   10     7.942
  1952   11     9.793
  1952   12    11.722
  1953   01    14.053
  1953   02    14.978
  1953   03    15.615
  1953   04    15.129
  1953   05    13.803
  1953   06    11.606
  1953   07     8.678
  1953   08     7.052
  1953   09     6.696
  1953   10     7.978
  1953   11     9.896
  1953   12    11.742
  1954   01    14.158
  1954   02    15.130
  1954   03    15.682
  1954   04    15.053
  1954   05    13.866
  1954   06    12.035
  1954   07     8.607
  1954   08     7.031
  1954   09     6.957
  1954   10     7.933
  1954   11     9.823
  1954   12    12.563
  1955   01    14.297
  1955   02    15.040
  1955   03    15.511
  1955   04    15.388
  1955   05    14.132
  1955   06    12.053
  1955   07     9.113
  1955   08     7.936
  1955   09     7.647
  1955   10     8.696
  1955   11    10.066
  1955   12    12.384
  1956   01    14.194
  1956   02    15.465
  1956   03    16.092
  1956   04    15.099
  1956   05    13.921
  1956   06    11.993
  1956   07     8.663
  1956   08     7.881
  1956   09     7.613
  1956   10     8.512
  1956   11    10.482
  1956   12    12.833
  1957   01    14.481
  1957   02    15.432
  1957   03    15.876
  1957   04    15.295
  1957   05    14.190
  1957   06    12.210
  1957   07     9.208
  1957   08     7.687
  1957   09     7.496
  1957   10     8.360
  1957   11    10.070
  1957   12    12.112
  1958   01    14.117
  1958   02    15.204
  1958   03    15.898
  1958   04    15.210
  1958   05    13.872
  1958   06    12.026
  1958   07     9.289
  1958   08     7.855
  1958   09     7.791
  1958   10     8.860
  1958   11    10.144
  1958   12    12.177
  1959   01    14.139
  1959   02    15.391
  1959   03    15.553
  1959   04    15.132
  1959   05    13.928
  1959   06    12.367
  1959   07     9.432
  1959   08     8.206
  1959   09     7.963
  1959   10     9.399
  1959   11    10.903
  1959   12    13.166
  1960   01    14.390
  1960   02    15.694
  1960   03    15.987
  1960   04    14.946
  1960   05    13.799
  1960   06    12.228
  1960   07     9.324
  1960   08     7.529
  1960   09     6.987
  1960   10     8.724
  1960   11    10.680
  1960   12    13.274
  1961   01    14.879
  1961   02    15.893
  1961   03    16.311
  1961   04    16.047
  1961   05    14.712
  1961   06    12.018
  1961   07     8.872
  1961   08     7.347
  1961   09     7.126
  1961   10     8.620
  1961   11    10.359
  1961   12    12.521
  1962   01    13.944
  1962   02    15.309
  1962   03    15.731
  1962   04    14.836
  1962   05    13.841
  1962   06    11.650
  1962   07     8.834
  1962   08     7.237
  1962   09     6.920
  1962   10     8.362
  1962   11    10.297
  1962   12    12.845
  1963   01    14.569
  1963   02    15.751
  1963   03    15.894
  1963   04    15.335
  1963   05    13.272
  1963   06    11.975
  1963   07     9.358
  1963   08     8.490
  1963   09     8.354
  1963   10     9.355
  1963   11    10.556
  1963   12    12.742
  1964   01    14.065
  1964   02    15.048
  1964   03    15.635
  1964   04    14.871
  1964   05    14.124
  1964   06    12.220
  1964   07     9.388
  1964   08     8.412
  1964   09     7.974
  1964   10     9.260
  1964   11    10.747
  1964   12    12.720
  1965   01    14.793
  1965   02    15.718
  1965   03    15.822
  1965   04    15.333
  1965   05    13.901
  1965   06    12.254
  1965   07     9.326
  1965   08     8.132
  1965   09     7.816
  1965   10     9.215
  1965   11    10.883
  1965   12    13.510
  1966   01    15.217
  1966   02    16.128
  1966   03    16.112
  1966   04    15.086
  1966   05    13.947
  1966   06    12.278
  1966   07     9.702
  1966   08     8.003
  1966   09     8.130
  1966   10     9.671
  1966   11    11.089
  1966   12    13.198
  1967   01    15.146
  1967   02    16.089
  1967   03    16.272
  1967   04    15.787
  1967   05    14.194
  1967   06    12.896
  1967   07     9.727
  1967   08     8.324
  1967   09     7.883
  1967   10     8.894
  1967   11    10.794
  1967   12    13.397
  1968   01    14.958
  1968   02    16.556
  1968   03    16.679
  1968   04    15.964
  1968   05    14.562
  1968   06    12.468
  1968   07     9.122
  1968   08     8.005
  1968   09     7.537
  1968   10     8.485
  1968   11    10.364
  1968   12    12.504
  1969   01    15.011
  1969   02    16.100
  1969   03    16.410
  1969   04    15.752
  1969   05    14.499
  1969   06    12.090
  1969   07     9.236
  1969   08     8.099
  1969   09     8.136
  1969   10     8.929
  1969   11    10.698
  1969   12    12.996
  1970   01    14.974
  1970   02    16.074
  1970   03    16.138
  1970   04    15.487
  1970   05    14.307
  1970   06    12.829
  1970   07     9.400
  1970   08     7.982
  1970   09     7.401
  1970   10     9.056
  1970   11    11.001
  1970   12    13.244
  1971   01    15.234
  1971   02    16.455
  1971   03    16.957
  1971   04    16.350
  1971   05    14.924
  1971   06    12.507
  1971   07     9.746
  1971   08     8.144
  1971   09     7.625
  1971   10     8.969
  1971   11    10.600
  1971   12    13.429
  1972   01    15.434
  1972   02    16.608
  1972   03    16.654
  1972   04    16.051
  1972   05    14.700
  1972   06    12.546
  1972   07     9.850
  1972   08     8.719
  1972   09     8.324
  1972   10     9.451
  1972   11    10.635
  1972   12    12.706
  1973   01    14.545
  1973   02    15.809
  1973   03    16.276
  1973   04    15.731
  1973   05    14.591
  1973   06    12.519
  1973   07     9.288
  1973   08     7.923
  1973   09     7.517
  1973   10     8.755
  1973   11    10.396
  1973   12    12.737
  1974   01    14.794
  1974   02    15.845
  1974   03    16.072
  1974   04    15.242
  1974   05    13.495
  1974   06    12.071
  1974   07     9.407
  1974   08     7.253
  1974   09     6.994
  1974   10     8.640
  1974   11    10.974
  1974   12    13.122
  1975   01    14.911
  1975   02    15.991
  1975   03    15.972
  1975   04    15.494
  1975   05    14.289
  1975   06    12.541
  1975   07    10.075
  1975   08     7.919
  1975   09     7.490
  1975   10     9.037
  1975   11    10.968
  1975   12    13.244
  1976   01    14.992
  1976   02    16.245
  1976   03    16.700
  1976   04    16.000
  1976   05    14.588
  1976   06    12.688
  1976   07     9.390
  1976   08     8.167
  1976   09     8.270
  1976   10     9.299
  1976   11    10.968
  1976   12    12.700
  1977   01    14.747
  1977   02    15.922
  1977   03    16.417
  1977   04    15.564
  1977   05    14.058
  1977   06    12.248
  1977   07     9.307
  1977   08     7.759
  1977   09     7.545
  1977   10     8.944
  1977   11    10.675
  1977   12    13.189
  1978   01    14.747
  1978   02    16.126
  1978   03    16.639
  1978   04    15.727
  1978   05    14.384
  1978   06    11.463
  1978   07     9.186
  1978   08     7.821
  1978   09     7.813
  1978   10     8.502
  1978   11    10.154
  1978   12    12.645
  1979   01    14.310
  1979   02    15.141
  1979   03    15.242
  1979   04    14.923
  1979   05    14.084
  1979   06    11.972
  1979   07     9.114
  1979   08     7.901
  1979   09     7.619
  1979   10     8.635
  1979   11    10.314
  1979   12    12.749
  1980   01    13.964
  1980   02    15.434
  1980   03    16.197
  1980   04    15.266
  1980   05    13.628
  1980   06    11.827
  1980   07     9.051
  1980   08     7.604
  1980   09     7.401
  1980   10     8.338
  1980   11    10.402
  1980   12    12.591
  1981   01    13.887
  1981   02    15.303
  1981   03    15.759
  1981   04    15.225
  1981   05    13.638
  1981   06    11.812
  1981   07     8.854
  1981   08     7.308
  1981   09     7.248
  1981   10     8.808
  1981   11    10.505
  1981   12    13.126
  1982   01    15.122
  1982   02    16.527
  1982   03    16.448
  1982   04    16.005
  1982   05    14.072
  1982   06    11.967
  1982   07     8.918
  1982   08     7.489
  1982   09     7.063
  1982   10     8.658
  1982   11    10.482
  1982   12    12.784
  1983   01    14.594
  1983   02    15.912
  1983   03    16.308
  1983   04    15.741
  1983   05    14.333
  1983   06    11.917
  1983   07     9.267
  1983   08     8.151
  1983   09     7.794
  1983   10     9.078
  1983   11    10.441
  1983   12    12.620
  1984   01    14.677
  1984   02    16.072
  1984   03    16.503
  1984   04    16.188
  1984   05    14.529
  1984   06    11.652
  1984   07     8.938
  1984   08     7.966
  1984   09     7.743
  1984   10     8.666
  1984   11    10.682
  1984   12    13.095
  1985   01    15.140
  1985   02    16.252
  1985   03    16.699
  1985   04    15.921
  1985   05    14.652
  1985   06    11.891
  1985   07     9.029
  1985   08     7.578
  1985   09     7.196
  1985   10     8.096
  1985   11    10.389
  1985   12    12.568
  1986   01    14.607
  1986   02    15.757
  1986   03    16.164
  1986   04    15.645
  1986   05    14.028
  1986   06    11.469
  1986   07     8.688
  1986   08     6.865
  1986   09     6.480
  1986   10     8.004
  1986   11    10.238
  1986   12    12.016
  1987   01    14.517
  1987   02    15.911
  1987   03    16.244
  1987   04    15.013
  1987   05    13.481
  1987   06    11.909
  1987   07     8.975
  1987   08     7.792
  1987   09     7.539
  1987   10     8.635
  1987   11    10.186
  1987   12    12.401
  1988   01    14.004
  1988   02    14.921
  1988   03    15.119
  1988   04    14.650
  1988   05    13.602
  1988   06    11.078
  1988   07     9.007
  1988   08     8.024
  1988   09     7.869
  1988   10     8.898
  1988   11    10.351
  1988   12    12.532
  1989   01    13.964
  1989   02    14.860
  1989   03    15.316
  1989   04    14.797
  1989   05    13.052
  1989   06    11.485
  1989   07     8.796
  1989   08     6.841
  1989   09     6.360
  1989   10     7.718
  1989   11    10.342
  1989   12    12.601
  1990   01    13.591
  1990   02    14.663
  1990   03    14.688
  1990   04    14.234
  1990   05    13.100
  1990   06    11.814
  1990   07     8.669
  1990   08     6.855
  1990   09     6.206
  1990   10     7.826
  1990   11     9.899
  1990   12    11.941
  1991   01    13.444
  1991   02    14.356
  1991   03    14.523
  1991   04    14.060
  1991   05    13.157
  1991   06    11.710
  1991   07     8.699
  1991   08     7.388
  1991   09     6.943
  1991   10     8.347
  1991   11    10.097
  1991   12    12.287
  1992   01    13.677
  1992   02    14.708
  1992   03    14.908
  1992   04    14.472
  1992   05    13.380
  1992   06    11.868
  1992   07     8.963
  1992   08     7.410
  1992   09     7.158
  1992   10     8.445
  1992   11    10.467
  1992   12    12.589
  1993   01    14.224
  1993   02    15.148
  1993   03    15.495
  1993   04    15.082
  1993   05    13.549
  1993   06    12.012
  1993   07     9.197
  1993   08     7.527
  1993   09     6.960
  1993   10     8.474
  1993   11    10.548
  1993   12    12.558
  1994   01    14.142
  1994   02    14.893
  1994   03    15.084
  1994   04    14.478
  1994   05    13.300
  1994   06    11.514
  1994   07     8.715
  1994   08     7.016
  1994   09     6.644
  1994   10     8.021
  1994   11    10.411
  1994   12    12.149
  1995   01    13.660
  1995   02    14.672
  1995   03    15.127
  1995   04    14.856
  1995   05    13.725
  1995   06    11.576
  1995   07     8.855
  1995   08     7.355
  1995   09     7.106
  1995   10     8.037
  1995   11     9.939
  1995   12    11.533
  1996   01    13.629
  1996   02    14.560
  1996   03    15.089
  1996   04    14.474
  1996   05    13.053
  1996   06    11.459
  1996   07     8.619
  1996   08     7.135
  1996   09     6.396
  1996   10     7.951
  1996   11     9.957
  1996   12    11.940
  1997   01    13.927
  1997   02    15.055
  1997   03    15.240
  1997   04    14.647
  1997   05    13.288
  1997   06    11.501
  1997   07     9.070
  1997   08     7.089
  1997   09     6.664
  1997   10     8.399
  1997   11    10.023
  1997   12    11.836
  1998   01    13.437
  1998   02    14.354
  1998   03    14.841
  1998   04    14.103
  1998   05    13.113
  1998   06    10.936
  1998   07     8.630
  1998   08     6.881
  1998   09     6.390
  1998   10     7.983
  1998   11     9.742
  1998   12    11.329
  1999   01    13.129
  1999   02    14.115
  1999   03    14.166
  1999   04    13.799
  1999   05    12.565
  1999   06    10.824
  1999   07     8.223
  1999   08     6.686
  1999   09     6.374
  1999   10     7.695
  1999   11     9.623
  1999   12    11.421
  2000   01    13.197
  2000   02    14.124
  2000   03    14.418
  2000   04    13.867
  2000   05    13.136
  2000   06    11.331
  2000   07     8.758
  2000   08     7.051
  2000   09     6.821
  2000   10     8.485
  2000   11     9.775
  2000   12    12.425
  2001   01    13.666
  2001   02    14.299
  2001   03    14.351
  2001   04    13.663
  2001   05    12.514
  2001   06    10.515
  2001   07     7.493
  2001   08     6.146
  2001   09     5.803
  2001   10     6.831
  2001   11     9.335
  2001   12    11.726
  2002   01    13.338
  2002   02    14.137
  2002   03    14.604
  2002   04    14.109
  2002   05    13.291
  2002   06    11.479
  2002   07     8.074
  2002   08     6.336
  2002   09     6.332
  2002   10     7.533
  2002   11     9.806
  2002   12    12.127
  2003   01    13.048
  2003   02    13.723
  2003   03    14.339
  2003   04    14.149
  2003   05    13.028
  2003   06    11.583
  2003   07     8.381
  2003   08     7.123
  2003   09     6.495
  2003   10     7.768
  2003   11     9.761
  2003   12    12.386
  2004   01    13.900
  2004   02    15.009
  2004   03    14.724
  2004   04    14.357
  2004   05    13.037
  2004   06    11.052
  2004   07     8.446
  2004   08     6.910
  2004   09     6.664
  2004   10     8.122
  2004   11    10.024
  2004   12    11.768
  2005   01    13.667
  2005   02    14.250
  2005   03    14.442
  2005   04    14.370
  2005   05    13.173
  2005   06    11.270
  2005   07     8.158
  2005   08     7.350
  2005   09     7.024
  2005   10     7.891
  2005   11    10.009
  2005   12    11.892
  2006   01    13.644
  2006   02    14.136
  2006   03    14.447
  2006   04    13.668
  2006   05    12.752
  2006   06    10.880
  2006   07     8.184
  2006   08     6.634
  2006   09     6.587
  2006   10     7.646
  2006   11     9.789
  2006   12    11.647
  2007   01    13.046
  2007   02    13.959
  2007   03    14.147
  2007   04    13.781
  2007   05    12.559
  2007   06    10.906
  2007   07     8.048
  2007   08     6.832
  2007   09     6.289
  2007   10     7.564
  2007   11     9.292
  2007   12    11.438
  2008   01    13.315
  2008   02    14.084
  2008   03    14.836
  2008   04    14.139
  2008   05    12.730
  2008   06    10.840
  2008   07     8.114
  2008   08     6.288
  2008   09     6.077
  2008   10     7.138
  2008   11     8.878
  2008   12    11.071
  2009   01    13.089
  2009   02    14.200
  2009   03    14.771
  2009   04    14.323
  2009   05    12.985
  2009   06    11.377
  2009   07     7.948
  2009   08     5.870
  2009   09     5.614
  2009   10     7.258
  2009   11     9.987
  2009   12    11.941
  2010   01    13.522
  2010   02    14.571
  2010   03    14.902
  2010   04    14.198
  2010   05    12.999
  2010   06    11.349
  2010   07     8.616
  2010   08     6.213
  2010   09     5.580
  2010   10     7.139
  2010   11     9.709
  2010   12    11.686
  2011   01    13.572
  2011   02    14.300
  2011   03    14.516
  2011   04    14.226
  2011   05    13.030
  2011   06    10.463
  2011   07     8.119
  2011   08     6.150
  2011   09     5.803
  2011   10     7.077
  2011   11     9.413
  2011   12    11.138
  2012   01    13.222
  2012   02    13.847
  2012   03    14.341
  2012   04    13.981
  2012   05    13.184
  2012   06    10.555
  2012   07     8.014
  2012   08     6.208
  2012   09     5.563
  2012   10     7.244
  2012   11     9.479
  2012   12    11.310
  2013   01    13.091
  2013   02    13.878
  2013   03    14.408
  2013   04    14.067
  2013   05    12.838
  2013   06    10.985
  2013   07     7.835
  2013   08     6.042
  2013   09     5.732
  2013   10     7.291
  2013   11     9.529
  2013   12    10.997
  2014   01    13.235
  2014   02    14.059
  2014   03    14.721
  2014   04    14.372
  2014   05    13.189
  2014   06    11.371
  2014   07     8.204
  2014   08     5.773
  2014   09     5.415
  2014   10     6.703
  2014   11     9.100
  2014   12    11.805
  2015   01    14.052
  2015   02    14.856
  2015   03    15.366
  2015   04    14.583
  2015   05    13.298
  2015   06    11.552
  2015   07     8.301
  2015   08     6.293
  2015   09     5.783
  2015   10     7.092
  2015   11     9.098
  2015   12    11.290
  2016   01    13.540
  2016   02    14.249
  2016   03    14.504
  2016   04    13.932
  2016   05    12.694
  2016   06    11.066
  2016   07     7.346
  2016   08     5.624
  2016   09     5.150
  2016   10     6.446
  2016   11     9.340
  2016   12    11.227
  2017   01    13.038
  2017   02    14.082
  2017   03    14.410
  2017   04    13.791
  2017   05    12.858
  2017   06    10.437
  2017   07     7.948
  2017   08     6.119
  2017   09     5.566
  2017   10     7.192
  2017   11     9.600
  2017   12    11.792
  2018   01    13.478
  2018   02    13.924
  2018   03    14.281
  2018   04    13.707
  2018   05    12.936
  2018   06    11.245
  2018   07     8.263
  2018   08     6.705
  2018   09     5.919
  2018   10     7.460
  2018   11     9.585
  2018   12    11.548
  2019   01    12.991
  2019   02    13.853
  2019   03    14.189
  2019   04    13.714
  2019   05    12.892
  2019   06    11.184
  2019   07     8.102
  2019   08     6.124
  2019   09     5.551
  2019   10     7.035
  2019   11     9.769
  2019   12    11.535
  2020   01    13.263
  2020   02    14.230
  2020   03    14.287
  2020   04    14.104
  2020   05    13.006
  2020   06    10.820
  2020   07     8.281
  2020   08     6.325
  2020   09     5.817
  2020   10     7.247
  2020   11     9.816
  2020   12    11.522
  2021   01    13.316
  2021   02    13.897
  2021   03    14.519
  2021   04    14.381
  2021   05    12.954
  2021   06    10.837
  2021   07     8.198
  2021   08     6.451
  2021   09     5.816
  2021   10     7.084
  2021   11     9.331
  2021   12    11.438
  2022   01    13.719
  2022   02    14.574
  2022   03    14.523
  2022   04    13.887
  2022   05    12.686
  2022   06    10.253
  2022   07     7.568
  2022   08     5.999
  2022   09     5.525
  2022   10     7.280
  2022   11     9.358
  2022   12    11.304
  2023   01    13.453
  2023   02    14.904
  2023   03    14.899
  2023   04    14.233
  2023   05    12.698
  2023   06    10.826
  2023   07     7.957
  2023   08     6.378
  2023   09     5.683
  2023   10     7.076
  2023   11     9.254
  2023   12    11.186
  2024   01    13.257
  2024   02    14.336
  2024   03    14.607
  2024   04    14.051
  2024   05    12.723
  2024   06    10.186
  2024   07     8.038
  2024   08     5.581
  2024   09     5.127
  2024   10     6.151
  2024   11     8.872
  2024   12    10.870
  2025   01    13.233
  2025   02    13.809
  2025   03    14.424
  2025   04    14.199
  2025   05    12.802
  2025   06    10.910
  2025   07     8.277
  2025   08     6.193
  2025   09     5.624
  2025   10     7.190
  2025   11     9.081
  2025   12    11.114
  2026   01    13.204
  2026   02    13.744
  2026   03    14.187
  2026   04    13.876
  2026   05    12.537
  2026   06    10.318
  2026   07     7.541
  2026   08     5.726
  2026   09     5.280
  2026   10     6.162
  2026   11     9.113
  2026   12    11.513
  2027   01    13.273
  2027   02    13.668
  2027   03    13.797
  2027   04    13.370
  2027   05    12.177
  2027   06    10.084
  2027   07     7.278
  2027   08     5.298
  2027   09     4.918
  2027   10     6.108
  2027   11     8.134
  2027   12    10.828
  2028   01    12.805
  2028   02    13.511
  2028   03    13.697
  2028   04    13.436
  2028   05    12.197
  2028   06    10.362
  2028   07     7.580
  2028   08     5.821
  2028   09     5.068
  2028   10     6.578
  2028   11     8.855
  2028   12    11.024
  2029   01    12.882
  2029   02    13.636
  2029   03    14.065
  2029   04    13.424
  2029   05    12.339
  2029   06    10.608
  2029   07     7.597
  2029   08     6.132
  2029   09     5.930
  2029   10     6.967
  2029   11     8.976
  2029   12    11.138
  2030   01    13.033
  2030   02    13.990
  2030   03    13.946
  2030   04    13.749
  2030   05    12.597
  2030   06    10.002
  2030   07     7.637
  2030   08     6.111
  2030   09     5.764
  2030   10     6.819
  2030   11     9.344
  2030   12    11.303
  2031   01    12.770
  2031   02    14.202
  2031   03    14.562
  2031   04    14.003
  2031   05    12.475
  2031   06    10.184
  2031   07     7.491
  2031   08     6.023
  2031   09     5.522
  2031   10     6.443
  2031   11     8.710
  2031   12    10.881
  2032   01    12.453
  2032   02    13.453
  2032   03    13.986
  2032   04    13.654
  2032   05    12.474
  2032   06    10.492
  2032   07     7.892
  2032   08     5.743
  2032   09     5.174
  2032   10     6.738
  2032   11     9.093
  2032   12    10.904
  2033   01    12.874
  2033   02    13.521
  2033   03    14.066
  2033   04    13.903
  2033   05    12.620
  2033   06    10.751
  2033   07     8.009
  2033   08     6.519
  2033   09     5.891
  2033   10     7.227
  2033   11     8.768
  2033   12    10.897
  2034   01    12.861
  2034   02    13.803
  2034   03    14.065
  2034   04    13.349
  2034   05    12.496
  2034   06    10.138
  2034   07     7.275
  2034   08     5.844
  2034   09     4.955
  2034   10     6.078
  2034   11     8.701
  2034   12    10.904
  2035   01    12.935
  2035   02    13.625
  2035   03    14.048
  2035   04    13.528
  2035   05    12.212
  2035   06    10.390
  2035   07     6.972
  2035   08     5.383
  2035   09     4.860
  2035   10     6.140
  2035   11     8.469
  2035   12    10.974
  2036   01    13.033
  2036   02    14.224
  2036   03    14.464
  2036   04    13.622
  2036   05    12.517
  2036   06    10.444
  2036   07     7.479
  2036   08     5.589
  2036   09     5.137
  2036   10     6.320
  2036   11     8.600
  2036   12    11.011
  2037   01    12.963
  2037   02    13.843
  2037   03    13.716
  2037   04    13.131
  2037   05    12.049
  2037   06     9.922
  2037   07     7.305
  2037   08     5.169
  2037   09     4.372
  2037   10     5.892
  2037   11     8.401
  2037   12    10.833
  2038   01    12.817
  2038   02    13.818
  2038   03    13.823
  2038   04    13.200
  2038   05    12.065
  2038   06    10.255
  2038   07     7.128
  2038   08     5.037
  2038   09     4.421
  2038   10     5.625
  2038   11     8.506
  2038   12    10.851
  2039   01    12.666
  2039   02    13.697
  2039   03    13.601
  2039   04    12.998
  2039   05    12.270
  2039   06     9.957
  2039   07     6.840
  2039   08     4.798
  2039   09     4.503
  2039   10     6.006
  2039   11     8.350
  2039   12    10.867
  2040   01    13.035
  2040   02    13.418
  2040   03    13.718
  2040   04    12.937
  2040   05    11.734
  2040   06     9.140
  2040   07     7.216
  2040   08     5.113
  2040   09     3.989
  2040   10     6.054
  2040   11     8.305
  2040   12    10.429
  2041   01    12.138
  2041   02    12.973
  2041   03    13.472
  2041   04    12.851
  2041   05    11.716
  2041   06     9.691
  2041   07     6.699
  2041   08     4.142
  2041   09     3.053
  2041   10     4.516
  2041   11     7.572
  2041   12     9.751
  2042   01    11.828
  2042   02    12.952
  2042   03    13.465
  2042   04    13.192
  2042   05    11.956
  2042   06    10.068
  2042   07     6.414
  2042   08     4.073
  2042   09     3.092
  2042   10     4.770
  2042   11     7.513
  2042   12    10.288
  2043   01    12.343
  2043   02    12.933
  2043   03    13.301
  2043   04    12.947
  2043   05    11.830
  2043   06     9.436
  2043   07     6.966
  2043   08     4.615
  2043   09     3.686
  2043   10     5.271
  2043   11     8.019
  2043   12    10.581
  2044   01    12.353
  2044   02    12.965
  2044   03    13.474
  2044   04    13.328
  2044   05    12.027
  2044   06     9.556
  2044   07     7.198
  2044   08     4.388
  2044   09     2.947
  2044   10     5.328
  2044   11     8.459
  2044   12    10.505
  2045   01    12.524
  2045   02    13.167
  2045   03    13.532
  2045   04    13.194
  2045   05    12.207
  2045   06     9.964
  2045   07     7.381
  2045   08     4.935
  2045   09     4.141
  2045   10     5.746
  2045   11     8.737
  2045   12    10.793
  2046   01    12.565
  2046   02    13.263
  2046   03    13.578
  2046   04    13.126
  2046   05    12.177
  2046   06    10.254
  2046   07     7.060
  2046   08     3.948
  2046   09     2.603
  2046   10     4.861
  2046   11     7.898
  2046   12    10.205
  2047   01    11.990
  2047   02    13.089
  2047   03    13.265
  2047   04    13.001
  2047   05    11.908
  2047   06     9.468
  2047   07     6.760
  2047   08     4.036
  2047   09     1.968
  2047   10     4.790
  2047   11     7.860
  2047   12    10.024
  2048   01    11.825
  2048   02    12.707
  2048   03    12.769
  2048   04    12.559
  2048   05    11.657
  2048   06     9.709
  2048   07     6.613
  2048   08     2.662
  2048   09     1.777
  2048   10     3.961
  2048   11     7.715
  2048   12     9.665
  2049   01    11.772
  2049   02    12.359
  2049   03    12.638
  2049   04    12.339
  2049   05    11.686
  2049   06     9.300
  2049   07     6.274
  2049   08     3.172
  2049   09     2.035
  2049   10     3.677
  2049   11     6.362
  2049   12     9.657
  2050   01    11.949
  2050   02    12.712
  2050   03    13.157
  2050   04    12.680
  2050   05    11.734
  2050   06     9.406
  2050   07     6.329
  2050   08     2.790
  2050   09     2.144
  2050   10     3.702
  2050   11     7.022
  2050   12     9.540
  2051   01    11.723
  2051   02    12.764
  2051   03    12.944
  2051   04    12.878
  2051   05    11.985
  2051   06     9.898
  2051   07     6.450
  2051   08     3.342
  2051   09     2.209
  2051   10     3.816
  2051   11     6.503
  2051   12    10.191
  2052   01    11.904
  2052   02    12.664
  2052   03    12.779
  2052   04    12.703
  2052   05    11.875
  2052   06     9.305
  2052   07     6.257
  2052   08     3.533
  2052   09     2.476
  2052   10     4.324
  2052   11     7.232
  2052   12     9.852
  2053   01    11.700
  2053   02    12.463
  2053   03    12.721
  2053   04    12.509
  2053   05    11.635
  2053   06     9.808
  2053   07     6.795
  2053   08     4.338
  2053   09     3.541
  2053   10     5.196
  2053   11     7.685
  2053   12     9.713
  2054   01    11.739
  2054   02    12.665
  2054   03    12.935
  2054   04    12.750
  2054   05    11.653
  2054   06     9.370
  2054   07     6.278
  2054   08     3.971
  2054   09     3.167
  2054   10     4.819
  2054   11     7.341
  2054   12     9.671
  2055   01    11.738
  2055   02    12.972
  2055   03    13.284
  2055   04    12.569
  2055   05    11.878
  2055   06     9.395
  2055   07     6.607
  2055   08     3.089
  2055   09     2.051
  2055   10     4.751
  2055   11     7.276
  2055   12     9.615
  2056   01    11.416
  2056   02    13.012
  2056   03    13.456
  2056   04    13.150
  2056   05    11.921
  2056   06     8.998
  2056   07     6.634
  2056   08     3.442
  2056   09     2.020
  2056   10     4.376
  2056   11     7.815
  2056   12     9.910
  2057   01    11.394
  2057   02    12.896
  2057   03    13.119
  2057   04    12.427
  2057   05    11.553
  2057   06     9.028
  2057   07     6.635
  2057   08     3.780
  2057   09     2.564
  2057   10     4.582
  2057   11     7.249
  2057   12    10.113
  2058   01    12.439
  2058   02    13.514
  2058   03    13.490
  2058   04    12.989
  2058   05    11.909
  2058   06     9.304
  2058   07     6.706
  2058   08     3.117
  2058   09     2.133
  2058   10     4.742
  2058   11     7.841
  2058   12    10.100
  2059   01    11.728
  2059   02    12.934
  2059   03    13.369
  2059   04    12.949
  2059   05    11.785
  2059   06     9.350
  2059   07     6.037
  2059   08     3.613
  2059   09     2.505
  2059   10     3.961
  2059   11     6.720
  2059   12     9.785
  2060   01    11.539
  2060   02    12.576
  2060   03    12.882
  2060   04    12.571
  2060   05    11.721
  2060   06     9.329
  2060   07     6.000
  2060   08     3.043
  2060   09     2.268
  2060   10     3.669
  2060   11     6.561
  2060   12     9.626
  2061   01    11.377
  2061   02    12.651
  2061   03    13.004
  2061   04    12.736
  2061   05    11.993
  2061   06     9.704
  2061   07     6.399
  2061   08     1.634
  2061   09     0.964
  2061   10     3.197
  2061   11     7.532
  2061   12    10.322
  2062   01    12.487
  2062   02    13.024
  2062   03    13.090
  2062   04    12.689
  2062   05    11.840
  2062   06     9.553
  2062   07     6.670
  2062   08     3.799
  2062   09     2.111
  2062   10     4.090
  2062   11     7.716
  2062   12    10.318
  2063   01    12.003
  2063   02    12.887
  2063   03    13.196
  2063   04    12.665
  2063   05    11.798
  2063   06     9.615
  2063   07     6.818
  2063   08     2.724
  2063   09     1.669
  2063   10     3.309
  2063   11     6.748
  2063   12     9.464
  2064   01    11.832
  2064   02    12.817
  2064   03    13.195
  2064   04    12.675
  2064   05    11.708
  2064   06     9.659
  2064   07     5.637
  2064   08     2.435
  2064   09     1.434
  2064   10     3.339
  2064   11     7.059
  2064   12     9.674
  2065   01    11.595
  2065   02    12.801
  2065   03    13.293
  2065   04    12.992
  2065   05    11.992
  2065   06     9.565
  2065   07     6.423
  2065   08     3.095
  2065   09     2.351
  2065   10     4.155
  2065   11     7.710
  2065   12    10.025
  2066   01    11.868
  2066   02    12.682
  2066   03    12.723
  2066   04    12.426
  2066   05    11.379
  2066   06     9.355
  2066   07     7.094
  2066   08     4.409
  2066   09     2.868
  2066   10     5.652
  2066   11     7.705
  2066   12    10.055
  2067   01    12.158
  2067   02    13.123
  2067   03    13.368
  2067   04    13.049
  2067   05    12.096
  2067   06     9.794
  2067   07     6.171
  2067   08     3.027
  2067   09     1.829
  2067   10     3.361
  2067   11     6.994
  2067   12     9.497
  2068   01    11.512
  2068   02    12.438
  2068   03    12.701
  2068   04    12.462
  2068   05    11.754
  2068   06     9.047
  2068   07     6.026
  2068   08     2.292
  2068   09     1.165
  2068   10     3.116
  2068   11     6.823
  2068   12     9.557
  2069   01    11.704
  2069   02    12.436
  2069   03    13.027
  2069   04    13.028
  2069   05    12.113
  2069   06     9.437
  2069   07     6.160
  2069   08     2.714
  2069   09     1.601
  2069   10     4.425
  2069   11     7.380
  2069   12    10.147
  2070   01    12.213
  2070   02    13.001
  2070   03    13.091
  2070   04    12.966
  2070   05    11.898
  2070   06     9.945
  2070   07     6.725
  2070   08     4.123
  2070   09     3.068
  2070   10     4.617
  2070   11     8.066
  2070   12    10.672
  2071   01    12.675
  2071   02    13.099
  2071   03    13.258
  2071   04    13.100
  2071   05    11.733
  2071   06     9.098
  2071   07     6.889
  2071   08     3.947
  2071   09     2.924
  2071   10     4.208
  2071   11     7.062
  2071   12    10.164
  2072   01    12.004
  2072   02    13.471
  2072   03    13.775
  2072   04    13.259
  2072   05    12.133
  2072   06     9.714
  2072   07     6.553
  2072   08     4.028
  2072   09     3.166
  2072   10     4.687
  2072   11     7.532
  2072   12     9.985
  2073   01    12.103
  2073   02    12.527
  2073   03    12.887
  2073   04    12.309
  2073   05    11.794
  2073   06     9.846
  2073   07     6.355
  2073   08     2.934
  2073   09     1.483
  2073   10     3.753
  2073   11     6.509
  2073   12     9.369
  2074   01    11.555
  2074   02    12.436
  2074   03    12.790
  2074   04    12.162
  2074   05    11.083
  2074   06     8.667
  2074   07     6.194
  2074   08     3.032
  2074   09     1.842
  2074   10     3.361
  2074   11     6.145
  2074   12     9.192
  2075   01    11.422
  2075   02    12.441
  2075   03    12.686
  2075   04    12.179
  2075   05    11.609
  2075   06     8.934
  2075   07     6.524
  2075   08     3.795
  2075   09     2.659
  2075   10     3.838
  2075   11     6.574
  2075   12     9.045
  2076   01    10.875
  2076   02    11.900
  2076   03    12.210
  2076   04    11.968
  2076   05    11.335
  2076   06     8.588
  2076   07     5.707
  2076   08     1.242
  2076   09     0.478
  2076   10     2.870
  2076   11     6.472
  2076   12     9.634
  2077   01    11.011
  2077   02    11.943
  2077   03    12.274
  2077   04    12.196
  2077   05    11.405
  2077   06     8.902
  2077   07     6.233
  2077   08     3.197
  2077   09     1.646
  2077   10     3.449
  2077   11     7.193
  2077   12     9.540
  2078   01    11.265
  2078   02    12.416
  2078   03    12.660
  2078   04    12.334
  2078   05    11.489
  2078   06     8.890
  2078   07     6.112
  2078   08     2.577
  2078   09     1.298
  2078   10     3.781
  2078   11     6.801
  2078   12     9.914
  2079   01    11.732
  2079   02    12.477
  2079   03    12.892
  2079   04    12.577
  2079   05    11.625
  2079   06     8.816
  2079   07     6.307
  2079   08     3.643
  2079   09     2.139
  2079   10     3.358
  2079   11     6.839
  2079   12     9.490
  2080   01    11.439
  2080   02    12.514
  2080   03    12.907
  2080   04    12.515
  2080   05    11.435
  2080   06     8.962
  2080   07     5.552
  2080   08     1.408
  2080   09     0.593
  2080   10     3.301
  2080   11     6.380
  2080   12     9.106
  2081   01    11.306
  2081   02    12.453
  2081   03    12.944
  2081   04    12.549
  2081   05    11.250
  2081   06     8.604
  2081   07     6.559
  2081   08     2.699
  2081   09     1.774
  2081   10     3.346
  2081   11     6.555
  2081   12     9.603
  2082   01    11.625
  2082   02    12.241
  2082   03    12.310
  2082   04    12.158
  2082   05    11.333
  2082   06     9.063
  2082   07     6.183
  2082   08     3.225
  2082   09     2.048
  2082   10     3.907
  2082   11     7.263
  2082   12     9.773
  2083   01    11.738
  2083   02    12.422
  2083   03    12.719
  2083   04    12.405
  2083   05    11.912
  2083   06     9.392
  2083   07     6.346
  2083   08     3.367
  2083   09     1.789
  2083   10     4.338
  2083   11     6.876
  2083   12     9.225
  2084   01    11.273
  2084   02    12.312
  2084   03    12.501
  2084   04    12.399
  2084   05    11.585
  2084   06     9.074
  2084   07     6.005
  2084   08     1.439
  2084   09     0.710
  2084   10     2.741
  2084   11     6.719
  2084   12     9.743
  2085   01    11.113
  2085   02    12.013
  2085   03    12.752
  2085   04    12.465
  2085   05    10.543
  2085   06     9.211
  2085   07     5.934
  2085   08     2.286
  2085   09     1.260
  2085   10     2.941
  2085   11     6.269
  2085   12     9.088
  2086   01    11.170
  2086   02    12.245
  2086   03    12.389
  2086   04    12.041
  2086   05    11.211
  2086   06     9.006
  2086   07     6.834
  2086   08     2.956
  2086   09     1.482
  2086   10     4.082
  2086   11     7.417
  2086   12     9.802
  2087   01    11.221
  2087   02    12.643
  2087   03    13.042
  2087   04    12.750
  2087   05    11.781
  2087   06     9.395
  2087   07     6.202
  2087   08     2.580
  2087   09     1.426
  2087   10     3.694
  2087   11     6.847
  2087   12     9.955
  2088   01    12.060
  2088   02    13.079
  2088   03    13.248
  2088   04    12.924
  2088   05    11.792
  2088   06     8.764
  2088   07     5.976
  2088   08     2.679
  2088   09     1.162
  2088   10     3.667
  2088   11     6.904
  2088   12     9.479
  2089   01    11.810
  2089   02    12.294
  2089   03    12.763
  2089   04    12.416
  2089   05    11.739
  2089   06     9.578
  2089   07     5.785
  2089   08     1.680
  2089   09     0.737
  2089   10     3.055
  2089   11     6.686
  2089   12     9.421
  2090   01    11.310
  2090   02    12.506
  2090   03    12.734
  2090   04    12.389
  2090   05    11.649
  2090   06     8.871
  2090   07     6.134
  2090   08     1.959
  2090   09     0.588
  2090   10     2.790
  2090   11     6.589
  2090   12     9.558
  2091   01    11.601
  2091   02    12.212
  2091   03    12.591
  2091   04    12.281
  2091   05    11.364
  2091   06     9.087
  2091   07     5.987
  2091   08     2.032
  2091   09     0.659
  2091   10     2.344
  2091   11     6.517
  2091   12     9.239
  2092   01    11.229
  2092   02    12.556
  2092   03    12.656
  2092   04    12.082
  2092   05    11.210
  2092   06     9.150
  2092   07     6.344
  2092   08     2.383
  2092   09     1.573
  2092   10     3.438
  2092   11     5.904
  2092   12     9.059
  2093   01    11.348
  2093   02    12.586
  2093   03    12.746
  2093   04    12.252
  2093   05    11.376
  2093   06     8.742
  2093   07     6.031
  2093   08     2.361
  2093   09     0.969
  2093   10     3.380
  2093   11     6.729
  2093   12     9.654
  2094   01    11.240
  2094   02    11.910
  2094   03    12.389
  2094   04    12.082
  2094   05    11.442
  2094   06     8.994
  2094   07     6.021
  2094   08     2.667
  2094   09     1.298
  2094   10     3.214
  2094   11     6.697
  2094   12     9.015
  2095   01    10.889
  2095   02    12.359
  2095   03    12.414
  2095   04    12.266
  2095   05    11.052
  2095   06     8.926
  2095   07     5.696
  2095   08     2.563
  2095   09     1.539
  2095   10     2.936
  2095   11     5.910
  2095   12     8.635
  2096   01    10.853
  2096   02    12.137
  2096   03    12.677
  2096   04    12.470
  2096   05    11.471
  2096   06     9.494
  2096   07     5.541
  2096   08     1.952
  2096   09     0.490
  2096   10     2.770
  2096   11     6.326
  2096   12     8.925
  2097   01    11.288
  2097   02    12.556
  2097   03    12.786
  2097   04    11.980
  2097   05    11.070
  2097   06     8.453
  2097   07     4.951
  2097   08     0.160
  2097   09     0.044
  2097   10     1.011
  2097   11     3.684
  2097   12     7.918
  2098   01    10.402
  2098   02    11.750
  2098   03    12.314
  2098   04    12.185
  2098   05    11.207
  2098   06     8.237
  2098   07     4.334
  2098   08     0.131
  2098   09     0.000
  2098   10     0.927
  2098   11     4.394
  2098   12     8.173
  2099   01    10.967
  2099   02    12.092
  2099   03    12.410
  2099   04    12.165
  2099   05    11.557
  2099   06     9.048
  2099   07     5.475
  2099   08     0.768
  2099   09     0.064
  2099   10     1.753
  2099   11     5.504
  2099   12     8.767
  2100   01    10.628
  2100   02    11.876
  2100   03    12.369
  2100   04    12.165
  2100   05    11.276
  2100   06     8.613
  2100   07     5.772
  2100   08     2.460
  2100   09     1.489
  2100   10     2.954
  2100   11     6.268
  2100   12     8.930
