  1850   01    14.768
  1850   02    15.650
  1850   03    16.034
  1850   04    15.389
  1850   05    14.316
  1850   06    12.106
  1850   07     9.435
  1850   08     7.491
  1850   09     6.353
  1850   10     7.870
  1850   11    10.538
  1850   12    13.554
  1851   01    14.975
  1851   02    15.636
  1851   03    15.853
  1851   04    15.696
  1851   05    14.658
  1851   06    12.389
  1851   07     9.158
  1851   08     7.226
  1851   09     6.503
  1851   10     7.628
  1851   11    10.692
  1851   12    13.548
  1852   01    14.951
  1852   02    15.702
  1852   03    16.148
  1852   04    15.562
  1852   05    14.499
  1852   06    12.344
  1852   07     9.852
  1852   08     6.725
  1852   09     5.957
  1852   10     6.781
  1852   11    10.995
  1852   12    13.663
  1853   01    14.918
  1853   02    15.680
  1853   03    15.988
  1853   04    15.220
  1853   05    13.784
  1853   06    12.078
  1853   07     9.935
  1853   08     7.049
  1853   09     6.339
  1853   10     7.856
  1853   11    11.151
  1853   12    13.295
  1854   01    14.825
  1854   02    15.418
  1854   03    15.879
  1854   04    15.426
  1854   05    13.839
  1854   06    12.219
  1854   07    10.478
  1854   08     8.635
  1854   09     7.544
  1854   10     9.251
  1854   11    11.045
  1854   12    13.373
  1855   01    14.948
  1855   02    15.680
  1855   03    15.778
  1855   04    15.355
  1855   05    14.140
  1855   06    12.758
  1855   07     9.934
  1855   08     7.154
  1855   09     6.469
  1855   10     7.853
  1855   11    10.715
  1855   12    13.555
  1856   01    14.820
  1856   02    15.581
  1856   03    15.633
  1856   04    15.270
  1856   05    14.330
  1856   06    12.572
  1856   07     9.722
  1856   08     7.623
  1856   09     7.161
  1856   10     8.175
  1856   11    10.829
  1856   12    13.347
  1857   01    14.633
  1857   02    15.419
  1857   03    15.842
  1857   04    14.919
  1857   05    14.004
  1857   06    12.155
  1857   07     9.368
  1857   08     7.386
  1857   09     6.539
  1857   10     7.841
  1857   11    10.968
  1857   12    13.494
  1858   01    15.023
  1858   02    15.713
  1858   03    15.691
  1858   04    15.570
  1858   05    14.451
  1858   06    12.284
  1858   07    10.208
  1858   08     7.960
  1858   09     7.276
  1858   10     8.513
  1858   11    10.798
  1858   12    13.360
  1859   01    15.101
  1859   02    15.890
  1859   03    16.114
  1859   04    15.306
  1859   05    13.898
  1859   06    11.934
  1859   07     9.596
  1859   08     7.233
  1859   09     6.640
  1859   10     7.773
  1859   11    10.412
  1859   12    13.376
  1860   01    14.895
  1860   02    15.823
  1860   03    15.992
  1860   04    15.400
  1860   05    14.308
  1860   06    12.392
  1860   07     9.984
  1860   08     7.510
  1860   09     7.335
  1860   10     8.902
  1860   11    11.199
  1860   12    13.557
  1861   01    14.881
  1861   02    15.677
  1861   03    15.909
  1861   04    15.288
  1861   05    13.993
  1861   06    12.503
  1861   07    10.926
  1861   08     8.406
  1861   09     7.641
  1861   10     9.037
  1861   11    11.344
  1861   12    14.179
  1862   01    15.208
  1862   02    15.777
  1862   03    16.023
  1862   04    15.487
  1862   05    14.304
  1862   06    12.507
  1862   07     9.480
  1862   08     7.391
  1862   09     6.610
  1862   10     8.359
  1862   11    10.880
  1862   12    13.578
  1863   01    15.075
  1863   02    15.789
  1863   03    15.916
  1863   04    15.547
  1863   05    13.638
  1863   06    11.966
  1863   07    10.320
  1863   08     8.054
  1863   09     7.640
  1863   10     8.867
  1863   11    11.025
  1863   12    13.304
  1864   01    14.658
  1864   02    15.250
  1864   03    15.427
  1864   04    14.992
  1864   05    13.851
  1864   06    11.742
  1864   07     9.989
  1864   08     7.656
  1864   09     7.208
  1864   10     8.340
  1864   11    10.915
  1864   12    13.452
  1865   01    14.656
  1865   02    15.559
  1865   03    15.761
  1865   04    15.159
  1865   05    13.743
  1865   06    12.274
  1865   07    10.337
  1865   08     8.225
  1865   09     7.466
  1865   10     8.453
  1865   11    10.426
  1865   12    13.401
  1866   01    14.725
  1866   02    15.551
  1866   03    15.726
  1866   04    15.061
  1866   05    13.922
  1866   06    12.296
  1866   07    10.263
  1866   08     7.474
  1866   09     6.138
  1866   10     7.925
  1866   11    11.163
  1866   12    13.741
  1867   01    15.114
  1867   02    16.096
  1867   03    16.115
  1867   04    15.414
  1867   05    14.758
  1867   06    12.892
  1867   07    10.801
  1867   08     8.033
  1867   09     7.773
  1867   10     9.201
  1867   11    12.060
  1867   12    14.293
  1868   01    15.405
  1868   02    16.275
  1868   03    16.438
  1868   04    15.946
  1868   05    14.782
  1868   06    12.897
  1868   07    10.817
  1868   08     8.917
  1868   09     8.119
  1868   10     9.441
  1868   11    11.640
  1868   12    14.270
  1869   01    15.537
  1869   02    16.265
  1869   03    16.286
  1869   04    16.080
  1869   05    15.455
  1869   06    13.582
  1869   07    11.377
  1869   08     8.915
  1869   09     7.751
  1869   10     9.618
  1869   11    12.373
  1869   12    14.637
  1870   01    15.696
  1870   02    16.245
  1870   03    16.397
  1870   04    15.945
  1870   05    15.015
  1870   06    13.121
  1870   07    10.829
  1870   08     8.566
  1870   09     7.687
  1870   10     9.073
  1870   11    11.439
  1870   12    14.036
  1871   01    15.489
  1871   02    15.935
  1871   03    16.321
  1871   04    16.103
  1871   05    15.085
  1871   06    13.013
  1871   07    10.727
  1871   08     8.118
  1871   09     7.580
  1871   10     8.780
  1871   11    12.108
  1871   12    14.015
  1872   01    15.313
  1872   02    15.885
  1872   03    15.887
  1872   04    15.816
  1872   05    14.895
  1872   06    12.729
  1872   07    11.111
  1872   08     8.941
  1872   09     8.026
  1872   10     9.312
  1872   11    11.687
  1872   12    13.856
  1873   01    15.192
  1873   02    15.804
  1873   03    16.063
  1873   04    15.420
  1873   05    14.205
  1873   06    12.808
  1873   07    10.653
  1873   08     7.930
  1873   09     7.310
  1873   10     8.820
  1873   11    11.524
  1873   12    13.995
  1874   01    15.419
  1874   02    16.232
  1874   03    16.036
  1874   04    15.667
  1874   05    14.387
  1874   06    12.247
  1874   07    10.498
  1874   08     8.686
  1874   09     8.265
  1874   10     9.651
  1874   11    11.306
  1874   12    13.614
  1875   01    15.274
  1875   02    15.801
  1875   03    15.959
  1875   04    15.662
  1875   05    14.485
  1875   06    12.392
  1875   07     9.466
  1875   08     7.008
  1875   09     6.834
  1875   10     8.441
  1875   11    11.612
  1875   12    14.230
  1876   01    15.674
  1876   02    16.500
  1876   03    16.473
  1876   04    15.908
  1876   05    14.746
  1876   06    12.764
  1876   07     9.799
  1876   08     7.808
  1876   09     7.453
  1876   10     9.051
  1876   11    11.602
  1876   12    14.030
  1877   01    15.327
  1877   02    16.117
  1877   03    16.228
  1877   04    15.655
  1877   05    14.828
  1877   06    12.642
  1877   07    10.464
  1877   08     8.281
  1877   09     7.846
  1877   10     8.912
  1877   11    11.218
  1877   12    13.794
  1878   01    15.187
  1878   02    15.983
  1878   03    16.193
  1878   04    15.776
  1878   05    14.492
  1878   06    12.240
  1878   07    10.108
  1878   08     7.444
  1878   09     6.617
  1878   10     8.227
  1878   11    10.735
  1878   12    13.305
  1879   01    14.814
  1879   02    15.824
  1879   03    15.812
  1879   04    15.287
  1879   05    14.122
  1879   06    12.459
  1879   07    10.617
  1879   08     8.711
  1879   09     7.774
  1879   10     8.469
  1879   11    10.700
  1879   12    13.271
  1880   01    14.565
  1880   02    15.354
  1880   03    15.539
  1880   04    15.102
  1880   05    13.972
  1880   06    12.218
  1880   07    10.147
  1880   08     7.801
  1880   09     7.057
  1880   10     8.550
  1880   11    11.105
  1880   12    13.603
  1881   01    14.928
  1881   02    15.644
  1881   03    15.602
  1881   04    15.068
  1881   05    14.087
  1881   06    12.741
  1881   07    10.145
  1881   08     7.585
  1881   09     6.313
  1881   10     7.767
  1881   11    10.660
  1881   12    13.685
  1882   01    14.875
  1882   02    15.492
  1882   03    15.554
  1882   04    15.353
  1882   05    13.767
  1882   06    12.080
  1882   07    10.221
  1882   08     7.198
  1882   09     6.350
  1882   10     7.281
  1882   11    10.333
  1882   12    13.075
  1883   01    14.539
  1883   02    15.172
  1883   03    15.167
  1883   04    14.851
  1883   05    14.066
  1883   06    12.291
  1883   07    10.236
  1883   08     7.661
  1883   09     6.631
  1883   10     8.023
  1883   11    11.102
  1883   12    13.191
  1884   01    14.910
  1884   02    15.633
  1884   03    15.603
  1884   04    15.032
  1884   05    13.666
  1884   06    11.975
  1884   07     9.904
  1884   08     7.607
  1884   09     6.815
  1884   10     8.793
  1884   11    11.332
  1884   12    13.518
  1885   01    14.978
  1885   02    15.549
  1885   03    15.775
  1885   04    15.549
  1885   05    14.143
  1885   06    12.642
  1885   07    10.463
  1885   08     8.455
  1885   09     7.682
  1885   10     8.849
  1885   11    11.614
  1885   12    14.133
  1886   01    15.311
  1886   02    15.975
  1886   03    16.228
  1886   04    15.689
  1886   05    14.617
  1886   06    12.756
  1886   07    10.582
  1886   08     8.147
  1886   09     7.751
  1886   10     9.088
  1886   11    11.443
  1886   12    13.861
  1887   01    15.341
  1887   02    16.087
  1887   03    16.061
  1887   04    15.241
  1887   05    14.085
  1887   06    12.757
  1887   07    10.238
  1887   08     7.712
  1887   09     6.351
  1887   10     8.536
  1887   11    11.085
  1887   12    13.830
  1888   01    14.920
  1888   02    15.620
  1888   03    15.765
  1888   04    15.264
  1888   05    13.516
  1888   06    11.910
  1888   07     9.789
  1888   08     8.075
  1888   09     7.598
  1888   10     8.955
  1888   11    11.037
  1888   12    13.419
  1889   01    14.623
  1889   02    15.305
  1889   03    15.590
  1889   04    15.113
  1889   05    13.843
  1889   06    12.399
  1889   07    10.069
  1889   08     7.504
  1889   09     6.629
  1889   10     7.861
  1889   11    10.860
  1889   12    13.817
  1890   01    14.996
  1890   02    15.612
  1890   03    15.746
  1890   04    15.504
  1890   05    14.505
  1890   06    12.738
  1890   07    10.564
  1890   08     8.480
  1890   09     8.047
  1890   10     9.144
  1890   11    11.210
  1890   12    13.915
  1891   01    15.161
  1891   02    15.810
  1891   03    15.945
  1891   04    15.605
  1891   05    14.587
  1891   06    12.536
  1891   07     9.883
  1891   08     8.180
  1891   09     7.533
  1891   10     8.380
  1891   11    10.987
  1891   12    13.322
  1892   01    14.785
  1892   02    15.748
  1892   03    15.749
  1892   04    14.884
  1892   05    13.525
  1892   06    12.244
  1892   07    10.000
  1892   08     7.586
  1892   09     5.340
  1892   10     7.867
  1892   11    10.582
  1892   12    13.358
  1893   01    14.808
  1893   02    15.618
  1893   03    15.680
  1893   04    15.184
  1893   05    13.945
  1893   06    12.449
  1893   07     9.992
  1893   08     7.352
  1893   09     6.164
  1893   10     7.867
  1893   11    10.952
  1893   12    13.582
  1894   01    14.811
  1894   02    15.369
  1894   03    15.487
  1894   04    14.812
  1894   05    13.925
  1894   06    11.942
  1894   07    10.184
  1894   08     7.174
  1894   09     6.429
  1894   10     7.137
  1894   11    11.077
  1894   12    13.346
  1895   01    14.697
  1895   02    15.505
  1895   03    15.660
  1895   04    15.001
  1895   05    13.975
  1895   06    11.961
  1895   07     9.912
  1895   08     6.558
  1895   09     5.532
  1895   10     7.148
  1895   11    10.745
  1895   12    13.380
  1896   01    14.735
  1896   02    15.292
  1896   03    15.357
  1896   04    14.822
  1896   05    13.609
  1896   06    12.436
  1896   07     9.995
  1896   08     8.004
  1896   09     7.119
  1896   10     8.666
  1896   11    10.889
  1896   12    13.085
  1897   01    14.310
  1897   02    15.118
  1897   03    15.214
  1897   04    14.566
  1897   05    13.209
  1897   06    12.089
  1897   07    10.133
  1897   08     8.166
  1897   09     7.433
  1897   10     8.558
  1897   11    10.870
  1897   12    12.919
  1898   01    14.022
  1898   02    14.960
  1898   03    15.135
  1898   04    14.618
  1898   05    13.020
  1898   06    11.916
  1898   07     9.117
  1898   08     6.861
  1898   09     6.407
  1898   10     7.500
  1898   11    10.268
  1898   12    13.018
  1899   01    14.338
  1899   02    15.036
  1899   03    15.276
  1899   04    15.077
  1899   05    13.874
  1899   06    12.107
  1899   07     9.417
  1899   08     6.688
  1899   09     5.637
  1899   10     6.673
  1899   11    10.403
  1899   12    13.168
  1900   01    14.235
  1900   02    15.175
  1900   03    15.582
  1900   04    14.876
  1900   05    13.665
  1900   06    11.724
  1900   07     9.350
  1900   08     7.107
  1900   09     6.331
  1900   10     7.693
  1900   11    10.400
  1900   12    13.136
  1901   01    14.386
  1901   02    15.152
  1901   03    15.115
  1901   04    14.894
  1901   05    13.606
  1901   06    11.891
  1901   07     9.919
  1901   08     6.973
  1901   09     6.131
  1901   10     7.603
  1901   11    10.184
  1901   12    12.866
  1902   01    14.780
  1902   02    15.244
  1902   03    15.406
  1902   04    14.943
  1902   05    13.936
  1902   06    11.552
  1902   07     9.414
  1902   08     7.641
  1902   09     7.250
  1902   10     8.102
  1902   11    10.281
  1902   12    12.683
  1903   01    14.109
  1903   02    14.894
  1903   03    15.096
  1903   04    14.446
  1903   05    13.113
  1903   06    12.082
  1903   07    10.450
  1903   08     8.200
  1903   09     7.174
  1903   10     8.515
  1903   11    10.506
  1903   12    13.518
  1904   01    14.784
  1904   02    15.617
  1904   03    15.554
  1904   04    14.984
  1904   05    13.543
  1904   06    11.834
  1904   07    10.098
  1904   08     8.002
  1904   09     7.233
  1904   10     8.910
  1904   11    10.947
  1904   12    12.959
  1905   01    14.671
  1905   02    15.228
  1905   03    15.538
  1905   04    15.387
  1905   05    14.504
  1905   06    12.430
  1905   07     9.664
  1905   08     7.672
  1905   09     6.759
  1905   10     8.142
  1905   11    10.438
  1905   12    13.140
  1906   01    14.575
  1906   02    15.401
  1906   03    15.168
  1906   04    14.661
  1906   05    13.638
  1906   06    12.064
  1906   07     9.576
  1906   08     7.638
  1906   09     7.016
  1906   10     8.182
  1906   11    11.044
  1906   12    13.166
  1907   01    14.637
  1907   02    15.186
  1907   03    15.365
  1907   04    14.926
  1907   05    13.527
  1907   06    11.965
  1907   07     9.302
  1907   08     7.374
  1907   09     6.516
  1907   10     7.596
  1907   11    10.601
  1907   12    12.774
  1908   01    14.305
  1908   02    15.131
  1908   03    15.304
  1908   04    14.685
  1908   05    13.333
  1908   06    11.803
  1908   07    10.018
  1908   08     7.746
  1908   09     7.142
  1908   10     7.881
  1908   11    10.390
  1908   12    13.011
  1909   01    14.190
  1909   02    14.951
  1909   03    15.247
  1909   04    14.701
  1909   05    13.779
  1909   06    12.040
  1909   07     9.840
  1909   08     7.665
  1909   09     7.001
  1909   10     8.012
  1909   11    10.284
  1909   12    13.036
  1910   01    14.413
  1910   02    15.279
  1910   03    15.410
  1910   04    14.708
  1910   05    13.523
  1910   06    11.878
  1910   07     9.131
  1910   08     6.341
  1910   09     5.588
  1910   10     6.843
  1910   11     9.735
  1910   12    12.694
  1911   01    14.253
  1911   02    15.081
  1911   03    14.920
  1911   04    14.514
  1911   05    13.523
  1911   06    11.660
  1911   07     9.487
  1911   08     7.220
  1911   09     6.521
  1911   10     7.771
  1911   11    10.210
  1911   12    13.035
  1912   01    14.236
  1912   02    15.116
  1912   03    15.259
  1912   04    15.029
  1912   05    13.613
  1912   06    11.762
  1912   07     9.668
  1912   08     7.662
  1912   09     7.323
  1912   10     8.536
  1912   11    11.161
  1912   12    13.448
  1913   01    14.626
  1913   02    15.328
  1913   03    15.315
  1913   04    14.539
  1913   05    13.555
  1913   06    11.756
  1913   07    10.064
  1913   08     7.414
  1913   09     6.886
  1913   10     7.968
  1913   11    11.140
  1913   12    13.453
  1914   01    14.793
  1914   02    15.293
  1914   03    15.513
  1914   04    14.761
  1914   05    13.685
  1914   06    11.453
  1914   07     9.261
  1914   08     7.425
  1914   09     6.811
  1914   10     7.905
  1914   11    10.242
  1914   12    12.901
  1915   01    14.240
  1915   02    15.112
  1915   03    15.220
  1915   04    14.632
  1915   05    13.345
  1915   06    11.743
  1915   07     9.809
  1915   08     7.717
  1915   09     7.044
  1915   10     8.544
  1915   11    10.853
  1915   12    12.812
  1916   01    14.152
  1916   02    14.827
  1916   03    14.961
  1916   04    14.688
  1916   05    13.624
  1916   06    11.929
  1916   07     9.627
  1916   08     7.797
  1916   09     7.268
  1916   10     8.250
  1916   11    11.078
  1916   12    13.327
  1917   01    14.377
  1917   02    15.344
  1917   03    15.626
  1917   04    15.026
  1917   05    13.808
  1917   06    12.168
  1917   07     9.740
  1917   08     7.606
  1917   09     6.935
  1917   10     8.073
  1917   11    10.769
  1917   12    13.255
  1918   01    14.327
  1918   02    15.381
  1918   03    15.709
  1918   04    15.139
  1918   05    13.719
  1918   06    12.667
  1918   07    10.198
  1918   08     7.500
  1918   09     6.687
  1918   10     8.049
  1918   11    10.517
  1918   12    13.353
  1919   01    14.620
  1919   02    15.496
  1919   03    15.786
  1919   04    15.325
  1919   05    14.422
  1919   06    12.386
  1919   07    10.081
  1919   08     8.538
  1919   09     7.880
  1919   10     8.925
  1919   11    11.543
  1919   12    13.517
  1920   01    14.885
  1920   02    15.447
  1920   03    15.550
  1920   04    15.123
  1920   05    14.148
  1920   06    12.653
  1920   07    10.829
  1920   08     8.092
  1920   09     7.378
  1920   10     8.980
  1920   11    11.175
  1920   12    13.530
  1921   01    14.729
  1921   02    15.406
  1921   03    15.494
  1921   04    15.119
  1921   05    14.106
  1921   06    12.106
  1921   07     9.812
  1921   08     7.685
  1921   09     7.548
  1921   10     8.331
  1921   11    10.629
  1921   12    13.300
  1922   01    14.399
  1922   02    15.103
  1922   03    15.309
  1922   04    14.878
  1922   05    13.661
  1922   06    12.019
  1922   07     9.551
  1922   08     7.181
  1922   09     6.770
  1922   10     7.460
  1922   11    10.467
  1922   12    13.154
  1923   01    14.778
  1923   02    15.475
  1923   03    15.584
  1923   04    15.197
  1923   05    14.437
  1923   06    12.295
  1923   07     9.739
  1923   08     7.854
  1923   09     7.322
  1923   10     8.305
  1923   11    10.712
  1923   12    12.782
  1924   01    14.660
  1924   02    15.357
  1924   03    15.626
  1924   04    15.069
  1924   05    13.949
  1924   06    12.540
  1924   07     9.851
  1924   08     7.090
  1924   09     5.955
  1924   10     7.211
  1924   11    11.773
  1924   12    13.957
  1925   01    14.981
  1925   02    15.614
  1925   03    15.683
  1925   04    15.340
  1925   05    14.460
  1925   06    12.802
  1925   07    10.241
  1925   08     7.924
  1925   09     6.831
  1925   10     8.745
  1925   11    10.724
  1925   12    13.492
  1926   01    14.793
  1926   02    15.501
  1926   03    15.484
  1926   04    14.981
  1926   05    14.129
  1926   06    12.349
  1926   07    10.410
  1926   08     8.785
  1926   09     8.067
  1926   10     9.176
  1926   11    11.288
  1926   12    13.816
  1927   01    14.917
  1927   02    15.486
  1927   03    15.652
  1927   04    15.415
  1927   05    14.133
  1927   06    12.432
  1927   07    10.076
  1927   08     7.895
  1927   09     6.887
  1927   10     7.877
  1927   11    10.394
  1927   12    12.813
  1928   01    14.851
  1928   02    15.457
  1928   03    15.590
  1928   04    14.941
  1928   05    13.702
  1928   06    11.914
  1928   07     9.576
  1928   08     7.445
  1928   09     6.215
  1928   10     7.407
  1928   11    10.798
  1928   12    13.227
  1929   01    14.643
  1929   02    15.260
  1929   03    15.383
  1929   04    15.009
  1929   05    13.845
  1929   06    11.813
  1929   07     8.936
  1929   08     7.686
  1929   09     7.324
  1929   10     8.404
  1929   11    10.587
  1929   12    13.073
  1930   01    14.622
  1930   02    15.424
  1930   03    15.303
  1930   04    14.906
  1930   05    13.583
  1930   06    12.055
  1930   07     9.170
  1930   08     7.612
  1930   09     7.299
  1930   10     8.241
  1930   11    10.744
  1930   12    13.302
  1931   01    14.351
  1931   02    15.147
  1931   03    15.365
  1931   04    14.400
  1931   05    13.296
  1931   06    11.614
  1931   07     9.168
  1931   08     7.449
  1931   09     6.926
  1931   10     8.018
  1931   11     9.998
  1931   12    12.795
  1932   01    14.304
  1932   02    14.819
  1932   03    14.849
  1932   04    14.158
  1932   05    12.823
  1932   06    11.332
  1932   07     9.074
  1932   08     7.426
  1932   09     6.842
  1932   10     8.163
  1932   11    10.900
  1932   12    13.026
  1933   01    14.314
  1933   02    14.923
  1933   03    15.229
  1933   04    14.495
  1933   05    13.450
  1933   06    11.973
  1933   07    10.474
  1933   08     7.984
  1933   09     6.817
  1933   10     7.936
  1933   11    10.803
  1933   12    13.176
  1934   01    14.283
  1934   02    15.089
  1934   03    15.321
  1934   04    14.953
  1934   05    13.666
  1934   06    12.040
  1934   07     9.852
  1934   08     7.684
  1934   09     6.384
  1934   10     8.151
  1934   11    10.537
  1934   12    13.143
  1935   01    14.584
  1935   02    15.558
  1935   03    15.491
  1935   04    14.756
  1935   05    13.575
  1935   06    11.588
  1935   07     9.833
  1935   08     8.090
  1935   09     7.127
  1935   10     7.906
  1935   11    10.778
  1935   12    13.350
  1936   01    14.533
  1936   02    15.403
  1936   03    15.487
  1936   04    15.273
  1936   05    14.029
  1936   06    12.001
  1936   07     9.412
  1936   08     6.862
  1936   09     6.133
  1936   10     7.692
  1936   11    10.406
  1936   12    12.906
  1937   01    14.579
  1937   02    15.259
  1937   03    15.408
  1937   04    14.769
  1937   05    13.594
  1937   06    12.086
  1937   07     9.908
  1937   08     7.685
  1937   09     6.934
  1937   10     8.100
  1937   11    10.360
  1937   12    13.246
  1938   01    14.770
  1938   02    15.465
  1938   03    15.532
  1938   04    15.241
  1938   05    14.045
  1938   06    12.335
  1938   07     9.389
  1938   08     7.114
  1938   09     5.832
  1938   10     7.014
  1938   11    10.550
  1938   12    12.796
  1939   01    14.323
  1939   02    15.056
  1939   03    15.059
  1939   04    14.623
  1939   05    13.139
  1939   06    11.465
  1939   07     9.150
  1939   08     6.147
  1939   09     5.511
  1939   10     6.890
  1939   11    10.271
  1939   12    12.775
  1940   01    14.110
  1940   02    14.783
  1940   03    14.952
  1940   04    14.572
  1940   05    13.512
  1940   06    12.018
  1940   07     9.720
  1940   08     7.729
  1940   09     6.849
  1940   10     8.455
  1940   11    10.921
  1940   12    13.533
  1941   01    14.835
  1941   02    15.358
  1941   03    15.636
  1941   04    15.388
  1941   05    13.951
  1941   06    12.138
  1941   07     9.599
  1941   08     7.718
  1941   09     6.868
  1941   10     7.881
  1941   11    10.134
  1941   12    13.118
  1942   01    14.447
  1942   02    15.232
  1942   03    15.302
  1942   04    14.599
  1942   05    13.673
  1942   06    12.066
  1942   07     9.366
  1942   08     6.788
  1942   09     5.908
  1942   10     7.315
  1942   11    10.259
  1942   12    13.100
  1943   01    14.480
  1943   02    15.400
  1943   03    15.539
  1943   04    14.651
  1943   05    13.430
  1943   06    12.199
  1943   07     9.858
  1943   08     6.443
  1943   09     5.274
  1943   10     6.762
  1943   11    10.419
  1943   12    13.182
  1944   01    14.477
  1944   02    15.304
  1944   03    15.548
  1944   04    15.035
  1944   05    13.534
  1944   06    11.986
  1944   07     9.841
  1944   08     6.979
  1944   09     6.039
  1944   10     7.158
  1944   11    10.492
  1944   12    13.360
  1945   01    14.644
  1945   02    15.675
  1945   03    15.884
  1945   04    15.427
  1945   05    13.908
  1945   06    12.282
  1945   07    10.184
  1945   08     8.198
  1945   09     7.474
  1945   10     8.658
  1945   11    11.003
  1945   12    13.512
  1946   01    14.785
  1946   02    15.302
  1946   03    15.662
  1946   04    14.800
  1946   05    13.459
  1946   06    11.967
  1946   07     9.197
  1946   08     7.229
  1946   09     6.593
  1946   10     7.843
  1946   11    10.390
  1946   12    13.104
  1947   01    14.532
  1947   02    15.224
  1947   03    15.373
  1947   04    14.955
  1947   05    13.919
  1947   06    12.062
  1947   07     9.666
  1947   08     7.768
  1947   09     7.264
  1947   10     7.756
  1947   11    10.510
  1947   12    13.062
  1948   01    14.815
  1948   02    15.504
  1948   03    15.524
  1948   04    14.666
  1948   05    13.715
  1948   06    12.002
  1948   07     9.070
  1948   08     6.345
  1948   09     5.335
  1948   10     7.281
  1948   11    10.442
  1948   12    13.336
  1949   01    14.433
  1949   02    15.318
  1949   03    15.413
  1949   04    14.677
  1949   05    13.454
  1949   06    11.499
  1949   07     9.238
  1949   08     6.984
  1949   09     5.717
  1949   10     6.759
  1949   11     9.484
  1949   12    12.004
  1950   01    13.829
  1950   02    14.632
  1950   03    14.857
  1950   04    14.459
  1950   05    13.104
  1950   06    11.458
  1950   07     8.893
  1950   08     6.597
  1950   09     5.480
  1950   10     7.031
  1950   11    10.020
  1950   12    12.582
  1951   01    13.583
  1951   02    14.367
  1951   03    14.543
  1951   04    14.422
  1951   05    13.283
  1951   06    11.855
  1951   07     9.593
  1951   08     7.031
  1951   09     6.774
  1951   10     7.731
  1951   11    10.508
  1951   12    13.054
  1952   01    14.270
  1952   02    14.987
  1952   03    15.106
  1952   04    14.794
  1952   05    13.836
  1952   06    12.180
  1952   07     9.686
  1952   08     7.729
  1952   09     7.475
  1952   10     8.796
  1952   11    10.884
  1952   12    13.195
  1953   01    14.348
  1953   02    15.041
  1953   03    15.348
  1953   04    14.808
  1953   05    13.340
  1953   06    11.823
  1953   07     9.610
  1953   08     7.354
  1953   09     6.777
  1953   10     7.840
  1953   11    10.504
  1953   12    12.960
  1954   01    14.077
  1954   02    15.035
  1954   03    15.323
  1954   04    14.491
  1954   05    13.335
  1954   06    11.742
  1954   07     9.684
  1954   08     7.490
  1954   09     6.177
  1954   10     7.549
  1954   11    10.809
  1954   12    12.941
  1955   01    14.489
  1955   02    15.278
  1955   03    15.388
  1955   04    15.033
  1955   05    13.545
  1955   06    12.135
  1955   07     9.431
  1955   08     6.841
  1955   09     5.825
  1955   10     7.143
  1955   11    10.458
  1955   12    12.226
  1956   01    13.805
  1956   02    14.758
  1956   03    15.064
  1956   04    14.423
  1956   05    13.175
  1956   06    11.737
  1956   07     8.806
  1956   08     6.780
  1956   09     6.004
  1956   10     7.388
  1956   11    10.215
  1956   12    12.875
  1957   01    14.221
  1957   02    15.007
  1957   03    15.170
  1957   04    14.700
  1957   05    13.320
  1957   06    11.523
  1957   07     9.992
  1957   08     7.624
  1957   09     6.606
  1957   10     8.508
  1957   11    10.464
  1957   12    12.992
  1958   01    14.113
  1958   02    14.980
  1958   03    15.194
  1958   04    14.800
  1958   05    13.652
  1958   06    11.388
  1958   07     9.484
  1958   08     7.907
  1958   09     6.862
  1958   10     8.227
  1958   11    10.336
  1958   12    13.164
  1959   01    14.584
  1959   02    15.215
  1959   03    15.346
  1959   04    14.621
  1959   05    13.264
  1959   06    11.648
  1959   07     9.032
  1959   08     6.780
  1959   09     6.291
  1959   10     7.277
  1959   11    10.253
  1959   12    12.864
  1960   01    14.169
  1960   02    15.146
  1960   03    15.311
  1960   04    14.811
  1960   05    13.641
  1960   06    11.946
  1960   07     9.617
  1960   08     7.178
  1960   09     6.511
  1960   10     8.008
  1960   11    10.868
  1960   12    13.080
  1961   01    14.431
  1961   02    15.180
  1961   03    15.277
  1961   04    14.748
  1961   05    13.545
  1961   06    12.234
  1961   07    10.141
  1961   08     8.321
  1961   09     7.793
  1961   10     9.348
  1961   11    11.375
  1961   12    13.511
  1962   01    14.934
  1962   02    15.489
  1962   03    15.558
  1962   04    14.852
  1962   05    13.837
  1962   06    12.126
  1962   07    10.070
  1962   08     8.041
  1962   09     7.395
  1962   10     8.401
  1962   11    10.712
  1962   12    13.215
  1963   01    14.558
  1963   02    15.265
  1963   03    15.515
  1963   04    14.932
  1963   05    13.701
  1963   06    11.520
  1963   07     9.221
  1963   08     7.721
  1963   09     7.648
  1963   10     8.739
  1963   11    10.969
  1963   12    13.171
  1964   01    14.304
  1964   02    15.248
  1964   03    15.310
  1964   04    14.609
  1964   05    13.642
  1964   06    11.960
  1964   07    10.060
  1964   08     8.066
  1964   09     6.981
  1964   10     8.391
  1964   11    10.572
  1964   12    13.274
  1965   01    14.546
  1965   02    15.316
  1965   03    15.307
  1965   04    14.762
  1965   05    13.920
  1965   06    12.284
  1965   07    10.078
  1965   08     8.156
  1965   09     7.886
  1965   10     8.836
  1965   11    11.242
  1965   12    13.395
  1966   01    14.434
  1966   02    15.039
  1966   03    15.382
  1966   04    14.663
  1966   05    13.463
  1966   06    11.784
  1966   07     9.544
  1966   08     7.238
  1966   09     6.245
  1966   10     7.612
  1966   11    10.944
  1966   12    12.531
  1967   01    14.020
  1967   02    14.939
  1967   03    15.245
  1967   04    14.513
  1967   05    13.707
  1967   06    12.053
  1967   07     9.634
  1967   08     7.067
  1967   09     6.811
  1967   10     7.919
  1967   11    10.750
  1967   12    13.213
  1968   01    14.407
  1968   02    15.351
  1968   03    15.409
  1968   04    14.819
  1968   05    13.520
  1968   06    12.197
  1968   07     9.652
  1968   08     7.177
  1968   09     6.258
  1968   10     8.169
  1968   11    10.902
  1968   12    13.260
  1969   01    14.597
  1969   02    15.289
  1969   03    15.498
  1969   04    14.866
  1969   05    13.955
  1969   06    11.868
  1969   07    10.295
  1969   08     8.778
  1969   09     7.941
  1969   10     8.784
  1969   11    11.005
  1969   12    13.494
  1970   01    14.492
  1970   02    15.425
  1970   03    15.480
  1970   04    14.953
  1970   05    13.860
  1970   06    12.144
  1970   07     9.694
  1970   08     7.815
  1970   09     7.368
  1970   10     8.713
  1970   11    10.896
  1970   12    13.639
  1971   01    14.898
  1971   02    15.427
  1971   03    15.581
  1971   04    15.259
  1971   05    14.288
  1971   06    12.212
  1971   07    10.032
  1971   08     8.689
  1971   09     8.423
  1971   10     9.634
  1971   11    11.422
  1971   12    13.674
  1972   01    14.882
  1972   02    15.399
  1972   03    15.468
  1972   04    14.930
  1972   05    13.448
  1972   06    11.821
  1972   07     9.691
  1972   08     7.615
  1972   09     6.986
  1972   10     8.819
  1972   11    10.703
  1972   12    13.265
  1973   01    14.787
  1973   02    15.239
  1973   03    15.450
  1973   04    14.996
  1973   05    13.547
  1973   06    12.225
  1973   07    10.302
  1973   08     8.147
  1973   09     7.732
  1973   10     9.234
  1973   11    11.520
  1973   12    13.335
  1974   01    14.738
  1974   02    15.376
  1974   03    15.422
  1974   04    14.859
  1974   05    14.019
  1974   06    12.526
  1974   07     9.956
  1974   08     7.441
  1974   09     6.611
  1974   10     8.049
  1974   11    10.401
  1974   12    13.198
  1975   01    14.707
  1975   02    15.291
  1975   03    15.512
  1975   04    15.314
  1975   05    14.295
  1975   06    11.862
  1975   07     9.514
  1975   08     8.029
  1975   09     7.592
  1975   10     9.057
  1975   11    10.972
  1975   12    13.113
  1976   01    14.578
  1976   02    15.278
  1976   03    15.340
  1976   04    14.920
  1976   05    14.119
  1976   06    12.240
  1976   07     9.454
  1976   08     7.814
  1976   09     7.383
  1976   10     9.219
  1976   11    11.156
  1976   12    13.759
  1977   01    15.020
  1977   02    15.529
  1977   03    15.651
  1977   04    14.891
  1977   05    14.083
  1977   06    12.117
  1977   07     9.767
  1977   08     8.033
  1977   09     7.329
  1977   10     9.041
  1977   11    11.748
  1977   12    13.409
  1978   01    14.722
  1978   02    15.349
  1978   03    15.400
  1978   04    15.093
  1978   05    14.031
  1978   06    12.428
  1978   07    10.431
  1978   08     8.544
  1978   09     8.334
  1978   10     9.592
  1978   11    11.123
  1978   12    13.449
  1979   01    14.679
  1979   02    15.413
  1979   03    15.755
  1979   04    15.250
  1979   05    14.418
  1979   06    12.555
  1979   07     9.979
  1979   08     8.304
  1979   09     8.328
  1979   10     9.453
  1979   11    11.452
  1979   12    13.764
  1980   01    14.919
  1980   02    15.560
  1980   03    15.489
  1980   04    15.148
  1980   05    14.458
  1980   06    12.294
  1980   07    10.042
  1980   08     8.033
  1980   09     7.300
  1980   10     8.833
  1980   11    11.010
  1980   12    13.953
  1981   01    15.012
  1981   02    15.618
  1981   03    15.714
  1981   04    15.401
  1981   05    14.103
  1981   06    12.352
  1981   07     9.952
  1981   08     7.985
  1981   09     7.395
  1981   10     8.495
  1981   11    10.981
  1981   12    13.316
  1982   01    14.726
  1982   02    15.400
  1982   03    15.502
  1982   04    14.630
  1982   05    13.474
  1982   06    11.996
  1982   07     9.936
  1982   08     7.523
  1982   09     7.113
  1982   10     8.191
  1982   11    10.922
  1982   12    13.200
  1983   01    14.703
  1983   02    15.451
  1983   03    15.358
  1983   04    14.748
  1983   05    14.150
  1983   06    12.227
  1983   07    10.023
  1983   08     7.987
  1983   09     7.067
  1983   10     8.180
  1983   11    10.740
  1983   12    12.910
  1984   01    14.125
  1984   02    15.149
  1984   03    15.257
  1984   04    14.856
  1984   05    13.669
  1984   06    11.894
  1984   07     9.889
  1984   08     7.879
  1984   09     7.360
  1984   10     8.873
  1984   11    11.206
  1984   12    13.222
  1985   01    14.318
  1985   02    15.161
  1985   03    15.187
  1985   04    14.750
  1985   05    13.536
  1985   06    11.937
  1985   07     9.461
  1985   08     7.266
  1985   09     6.463
  1985   10     8.411
  1985   11    10.751
  1985   12    13.033
  1986   01    14.578
  1986   02    15.204
  1986   03    15.297
  1986   04    14.908
  1986   05    13.881
  1986   06    12.244
  1986   07     9.905
  1986   08     8.249
  1986   09     7.029
  1986   10     8.846
  1986   11    10.688
  1986   12    13.343
  1987   01    14.390
  1987   02    15.223
  1987   03    15.577
  1987   04    15.033
  1987   05    14.024
  1987   06    12.114
  1987   07     9.841
  1987   08     7.987
  1987   09     7.508
  1987   10     8.736
  1987   11    11.253
  1987   12    13.188
  1988   01    14.621
  1988   02    15.626
  1988   03    15.590
  1988   04    15.069
  1988   05    14.085
  1988   06    12.097
  1988   07     9.411
  1988   08     7.441
  1988   09     7.206
  1988   10     8.023
  1988   11    10.967
  1988   12    13.431
  1989   01    14.893
  1989   02    15.539
  1989   03    15.590
  1989   04    15.135
  1989   05    14.097
  1989   06    12.443
  1989   07     9.938
  1989   08     7.610
  1989   09     6.650
  1989   10     8.145
  1989   11    10.832
  1989   12    13.327
  1990   01    14.582
  1990   02    15.331
  1990   03    15.539
  1990   04    14.998
  1990   05    13.902
  1990   06    12.238
  1990   07    10.073
  1990   08     8.054
  1990   09     6.488
  1990   10     8.199
  1990   11    10.920
  1990   12    13.455
  1991   01    14.748
  1991   02    15.510
  1991   03    15.810
  1991   04    15.248
  1991   05    13.837
  1991   06    12.283
  1991   07     9.937
  1991   08     8.106
  1991   09     7.170
  1991   10     8.664
  1991   11    11.162
  1991   12    13.521
  1992   01    14.898
  1992   02    15.435
  1992   03    15.701
  1992   04    15.279
  1992   05    14.336
  1992   06    12.693
  1992   07    10.721
  1992   08     7.442
  1992   09     6.401
  1992   10     8.411
  1992   11    11.441
  1992   12    13.744
  1993   01    15.084
  1993   02    15.830
  1993   03    15.844
  1993   04    14.907
  1993   05    13.508
  1993   06    12.158
  1993   07    10.448
  1993   08     8.123
  1993   09     6.654
  1993   10     8.765
  1993   11    11.184
  1993   12    13.282
  1994   01    14.661
  1994   02    15.486
  1994   03    15.624
  1994   04    15.017
  1994   05    14.152
  1994   06    12.610
  1994   07     9.619
  1994   08     7.227
  1994   09     6.093
  1994   10     7.346
  1994   11    10.017
  1994   12    13.195
  1995   01    14.776
  1995   02    15.605
  1995   03    15.775
  1995   04    15.364
  1995   05    14.248
  1995   06    12.658
  1995   07     9.962
  1995   08     8.128
  1995   09     7.143
  1995   10     8.392
  1995   11    10.772
  1995   12    13.434
  1996   01    14.597
  1996   02    15.414
  1996   03    15.641
  1996   04    15.185
  1996   05    14.095
  1996   06    11.893
  1996   07     9.495
  1996   08     7.202
  1996   09     6.734
  1996   10     7.696
  1996   11    10.936
  1996   12    13.124
  1997   01    14.649
  1997   02    15.354
  1997   03    15.414
  1997   04    14.919
  1997   05    13.674
  1997   06    12.341
  1997   07    10.136
  1997   08     7.999
  1997   09     6.937
  1997   10     8.138
  1997   11    10.870
  1997   12    13.200
  1998   01    14.618
  1998   02    15.335
  1998   03    15.413
  1998   04    15.030
  1998   05    13.152
  1998   06    11.073
  1998   07     8.879
  1998   08     7.190
  1998   09     5.941
  1998   10     7.210
  1998   11     9.919
  1998   12    12.464
  1999   01    14.124
  1999   02    14.855
  1999   03    15.055
  1999   04    14.443
  1999   05    13.352
  1999   06    11.928
  1999   07     9.598
  1999   08     6.869
  1999   09     5.539
  1999   10     6.369
  1999   11    10.146
  1999   12    12.614
  2000   01    14.142
  2000   02    14.943
  2000   03    15.125
  2000   04    14.729
  2000   05    13.428
  2000   06    11.376
  2000   07     9.270
  2000   08     7.350
  2000   09     6.228
  2000   10     7.569
  2000   11    10.752
  2000   12    12.971
  2001   01    14.297
  2001   02    14.877
  2001   03    15.190
  2001   04    14.982
  2001   05    13.792
  2001   06    11.651
  2001   07     9.758
  2001   08     7.930
  2001   09     7.119
  2001   10     8.104
  2001   11    10.160
  2001   12    12.226
  2002   01    13.811
  2002   02    14.796
  2002   03    15.061
  2002   04    14.830
  2002   05    13.411
  2002   06    11.715
  2002   07     8.824
  2002   08     6.960
  2002   09     6.154
  2002   10     7.063
  2002   11     9.808
  2002   12    12.539
  2003   01    13.845
  2003   02    14.412
  2003   03    14.489
  2003   04    13.687
  2003   05    12.766
  2003   06    10.989
  2003   07     8.342
  2003   08     5.998
  2003   09     5.667
  2003   10     6.491
  2003   11     9.394
  2003   12    12.009
  2004   01    13.594
  2004   02    14.398
  2004   03    14.533
  2004   04    13.794
  2004   05    12.774
  2004   06    10.997
  2004   07     7.768
  2004   08     5.580
  2004   09     4.626
  2004   10     5.588
  2004   11     8.562
  2004   12    11.836
  2005   01    13.826
  2005   02    14.673
  2005   03    14.864
  2005   04    14.607
  2005   05    13.225
  2005   06    11.232
  2005   07     8.965
  2005   08     6.444
  2005   09     5.371
  2005   10     6.853
  2005   11     9.569
  2005   12    12.095
  2006   01    13.617
  2006   02    14.486
  2006   03    14.727
  2006   04    14.088
  2006   05    12.851
  2006   06    11.425
  2006   07     8.277
  2006   08     6.004
  2006   09     4.250
  2006   10     5.805
  2006   11     9.115
  2006   12    12.107
  2007   01    13.638
  2007   02    14.351
  2007   03    14.275
  2007   04    13.939
  2007   05    12.902
  2007   06    11.117
  2007   07     8.303
  2007   08     5.698
  2007   09     4.441
  2007   10     5.986
  2007   11     9.132
  2007   12    12.103
  2008   01    13.819
  2008   02    14.419
  2008   03    14.765
  2008   04    14.393
  2008   05    13.024
  2008   06    11.581
  2008   07     8.516
  2008   08     6.004
  2008   09     4.098
  2008   10     5.795
  2008   11     8.959
  2008   12    11.899
  2009   01    13.706
  2009   02    14.306
  2009   03    14.611
  2009   04    14.214
  2009   05    13.012
  2009   06    10.862
  2009   07     8.563
  2009   08     5.117
  2009   09     3.143
  2009   10     4.887
  2009   11     8.797
  2009   12    11.930
  2010   01    13.482
  2010   02    14.221
  2010   03    14.439
  2010   04    14.053
  2010   05    12.430
  2010   06    11.029
  2010   07     8.470
  2010   08     5.813
  2010   09     5.400
  2010   10     6.853
  2010   11     9.387
  2010   12    12.351
  2011   01    13.633
  2011   02    14.332
  2011   03    14.497
  2011   04    14.156
  2011   05    13.162
  2011   06    11.217
  2011   07     8.933
  2011   08     6.695
  2011   09     5.849
  2011   10     7.554
  2011   11     9.758
  2011   12    12.256
  2012   01    13.641
  2012   02    14.360
  2012   03    14.319
  2012   04    13.799
  2012   05    12.573
  2012   06    11.255
  2012   07     8.466
  2012   08     5.492
  2012   09     4.349
  2012   10     5.763
  2012   11     9.446
  2012   12    12.104
  2013   01    13.365
  2013   02    14.092
  2013   03    14.275
  2013   04    13.911
  2013   05    12.461
  2013   06    11.108
  2013   07     8.057
  2013   08     5.730
  2013   09     4.330
  2013   10     5.791
  2013   11     9.096
  2013   12    12.207
  2014   01    13.299
  2014   02    13.858
  2014   03    14.231
  2014   04    13.730
  2014   05    12.906
  2014   06    11.115
  2014   07     8.505
  2014   08     5.566
  2014   09     3.024
  2014   10     4.961
  2014   11     8.102
  2014   12    11.559
  2015   01    13.142
  2015   02    14.020
  2015   03    14.103
  2015   04    13.639
  2015   05    12.578
  2015   06    10.600
  2015   07     7.729
  2015   08     4.734
  2015   09     2.729
  2015   10     3.870
  2015   11     8.044
  2015   12    10.940
  2016   01    12.903
  2016   02    13.640
  2016   03    13.839
  2016   04    13.559
  2016   05    12.065
  2016   06    10.099
  2016   07     7.525
  2016   08     5.428
  2016   09     3.224
  2016   10     4.783
  2016   11     7.791
  2016   12    11.259
  2017   01    13.016
  2017   02    13.607
  2017   03    13.966
  2017   04    13.760
  2017   05    12.217
  2017   06     9.913
  2017   07     7.128
  2017   08     5.905
  2017   09     3.762
  2017   10     5.652
  2017   11     7.686
  2017   12    10.853
  2018   01    13.047
  2018   02    13.878
  2018   03    14.053
  2018   04    13.806
  2018   05    12.634
  2018   06    11.152
  2018   07     8.597
  2018   08     5.834
  2018   09     3.654
  2018   10     5.260
  2018   11     8.834
  2018   12    11.433
  2019   01    12.935
  2019   02    13.589
  2019   03    13.855
  2019   04    13.386
  2019   05    12.562
  2019   06    11.187
  2019   07     7.691
  2019   08     5.542
  2019   09     4.416
  2019   10     5.580
  2019   11     8.672
  2019   12    11.422
  2020   01    13.016
  2020   02    13.616
  2020   03    13.624
  2020   04    13.396
  2020   05    12.046
  2020   06    10.634
  2020   07     7.060
  2020   08     4.933
  2020   09     3.610
  2020   10     4.617
  2020   11     7.703
  2020   12    11.333
  2021   01    13.080
  2021   02    13.832
  2021   03    13.934
  2021   04    13.621
  2021   05    12.562
  2021   06    11.067
  2021   07     7.612
  2021   08     4.445
  2021   09     1.944
  2021   10     3.867
  2021   11     8.143
  2021   12    11.289
  2022   01    13.051
  2022   02    13.575
  2022   03    13.832
  2022   04    13.500
  2022   05    12.383
  2022   06    10.899
  2022   07     8.037
  2022   08     4.509
  2022   09     2.514
  2022   10     4.137
  2022   11     6.932
  2022   12    11.082
  2023   01    12.835
  2023   02    13.803
  2023   03    14.054
  2023   04    13.935
  2023   05    12.848
  2023   06    11.052
  2023   07     8.405
  2023   08     5.587
  2023   09     2.201
  2023   10     4.417
  2023   11     7.970
  2023   12    11.288
  2024   01    13.153
  2024   02    13.766
  2024   03    13.798
  2024   04    13.380
  2024   05    12.387
  2024   06    10.753
  2024   07     7.852
  2024   08     5.262
  2024   09     2.877
  2024   10     5.067
  2024   11     7.790
  2024   12    11.084
  2025   01    12.797
  2025   02    13.387
  2025   03    13.811
  2025   04    13.413
  2025   05    12.351
  2025   06    10.675
  2025   07     7.487
  2025   08     5.146
  2025   09     2.656
  2025   10     4.100
  2025   11     7.359
  2025   12    10.323
  2026   01    12.543
  2026   02    13.365
  2026   03    13.583
  2026   04    13.006
  2026   05    11.755
  2026   06    10.193
  2026   07     7.220
  2026   08     5.178
  2026   09     3.678
  2026   10     5.390
  2026   11     7.906
  2026   12    10.589
  2027   01    12.541
  2027   02    13.192
  2027   03    13.545
  2027   04    13.273
  2027   05    12.164
  2027   06    10.908
  2027   07     7.528
  2027   08     5.149
  2027   09     3.336
  2027   10     4.580
  2027   11     8.271
  2027   12    11.136
  2028   01    12.832
  2028   02    13.690
  2028   03    13.896
  2028   04    13.553
  2028   05    12.326
  2028   06    10.900
  2028   07     8.153
  2028   08     5.487
  2028   09     4.237
  2028   10     5.701
  2028   11     8.572
  2028   12    11.141
  2029   01    12.975
  2029   02    13.752
  2029   03    14.004
  2029   04    13.618
  2029   05    12.505
  2029   06    10.379
  2029   07     7.326
  2029   08     4.306
  2029   09     1.485
  2029   10     4.021
  2029   11     8.410
  2029   12    11.192
  2030   01    13.185
  2030   02    13.869
  2030   03    13.835
  2030   04    13.417
  2030   05    12.477
  2030   06    11.158
  2030   07     7.777
  2030   08     5.789
  2030   09     4.234
  2030   10     5.482
  2030   11     8.087
  2030   12    10.516
  2031   01    12.578
  2031   02    13.370
  2031   03    13.575
  2031   04    13.258
  2031   05    12.383
  2031   06    10.752
  2031   07     7.367
  2031   08     4.824
  2031   09     3.651
  2031   10     4.374
  2031   11     7.864
  2031   12    11.045
  2032   01    12.587
  2032   02    13.388
  2032   03    13.611
  2032   04    13.125
  2032   05    11.904
  2032   06    10.041
  2032   07     6.907
  2032   08     3.318
  2032   09     1.911
  2032   10     2.911
  2032   11     7.241
  2032   12    11.105
  2033   01    13.309
  2033   02    13.965
  2033   03    14.245
  2033   04    13.744
  2033   05    12.623
  2033   06    11.014
  2033   07     8.523
  2033   08     5.757
  2033   09     3.456
  2033   10     5.411
  2033   11     7.728
  2033   12    10.869
  2034   01    13.043
  2034   02    13.985
  2034   03    13.995
  2034   04    13.567
  2034   05    12.479
  2034   06    10.653
  2034   07     7.485
  2034   08     4.891
  2034   09     2.240
  2034   10     4.094
  2034   11     7.227
  2034   12    10.693
  2035   01    12.947
  2035   02    13.494
  2035   03    13.715
  2035   04    13.333
  2035   05    12.281
  2035   06    10.785
  2035   07     7.357
  2035   08     4.349
  2035   09     3.104
  2035   10     4.081
  2035   11     6.871
  2035   12    11.251
  2036   01    12.734
  2036   02    13.376
  2036   03    13.740
  2036   04    13.444
  2036   05    12.191
  2036   06    10.695
  2036   07     6.880
  2036   08     3.638
  2036   09     2.571
  2036   10     3.605
  2036   11     6.389
  2036   12    10.556
  2037   01    12.758
  2037   02    13.430
  2037   03    13.674
  2037   04    13.303
  2037   05    12.070
  2037   06    10.363
  2037   07     6.213
  2037   08     2.776
  2037   09     1.765
  2037   10     2.755
  2037   11     4.932
  2037   12     9.902
  2038   01    12.354
  2038   02    12.797
  2038   03    13.029
  2038   04    12.822
  2038   05    11.868
  2038   06    10.275
  2038   07     7.473
  2038   08     3.663
  2038   09     1.495
  2038   10     3.491
  2038   11     6.156
  2038   12    10.264
  2039   01    12.137
  2039   02    12.753
  2039   03    13.002
  2039   04    12.692
  2039   05    11.773
  2039   06    10.265
  2039   07     6.262
  2039   08     3.150
  2039   09     1.882
  2039   10     3.147
  2039   11     5.938
  2039   12     9.808
  2040   01    12.218
  2040   02    12.752
  2040   03    12.930
  2040   04    12.635
  2040   05    11.547
  2040   06     9.885
  2040   07     6.643
  2040   08     3.614
  2040   09     1.326
  2040   10     3.234
  2040   11     6.912
  2040   12    10.100
  2041   01    11.566
  2041   02    12.689
  2041   03    12.763
  2041   04    12.554
  2041   05    11.711
  2041   06     9.928
  2041   07     6.160
  2041   08     3.158
  2041   09     1.374
  2041   10     2.188
  2041   11     5.054
  2041   12     9.176
  2042   01    11.454
  2042   02    12.320
  2042   03    12.682
  2042   04    12.487
  2042   05    11.881
  2042   06    10.689
  2042   07     6.646
  2042   08     2.805
  2042   09     1.000
  2042   10     2.607
  2042   11     5.906
  2042   12     9.317
  2043   01    11.800
  2043   02    12.811
  2043   03    12.912
  2043   04    12.523
  2043   05    11.447
  2043   06     9.999
  2043   07     6.929
  2043   08     2.704
  2043   09     0.443
  2043   10     1.926
  2043   11     6.679
  2043   12    10.503
  2044   01    12.274
  2044   02    12.870
  2044   03    13.131
  2044   04    12.626
  2044   05    11.605
  2044   06     9.624
  2044   07     5.643
  2044   08     2.199
  2044   09     0.510
  2044   10     1.662
  2044   11     4.693
  2044   12     9.506
  2045   01    12.094
  2045   02    12.890
  2045   03    12.937
  2045   04    12.572
  2045   05    11.229
  2045   06     9.119
  2045   07     5.896
  2045   08     1.745
  2045   09     0.275
  2045   10     1.496
  2045   11     4.218
  2045   12     8.906
  2046   01    11.574
  2046   02    12.532
  2046   03    12.843
  2046   04    12.305
  2046   05    11.600
  2046   06     9.912
  2046   07     5.910
  2046   08     1.281
  2046   09     0.274
  2046   10     1.191
  2046   11     4.865
  2046   12     9.374
  2047   01    11.628
  2047   02    12.336
  2047   03    12.626
  2047   04    12.458
  2047   05    11.646
  2047   06    10.107
  2047   07     5.971
  2047   08     1.124
  2047   09     0.483
  2047   10     1.110
  2047   11     3.475
  2047   12     9.574
  2048   01    11.546
  2048   02    12.621
  2048   03    12.592
  2048   04    12.176
  2048   05    10.992
  2048   06     9.369
  2048   07     4.380
  2048   08     1.332
  2048   09     0.524
  2048   10     1.254
  2048   11     3.356
  2048   12     8.427
  2049   01    11.310
  2049   02    12.572
  2049   03    12.843
  2049   04    12.605
  2049   05    11.591
  2049   06     9.874
  2049   07     5.425
  2049   08     1.993
  2049   09     0.988
  2049   10     1.449
  2049   11     3.352
  2049   12     8.059
  2050   01    11.624
  2050   02    12.377
  2050   03    12.635
  2050   04    12.608
  2050   05    11.505
  2050   06     9.155
  2050   07     6.047
  2050   08     1.027
  2050   09     0.136
  2050   10     0.583
  2050   11     3.613
  2050   12     8.894
  2051   01    11.439
  2051   02    12.359
  2051   03    12.317
  2051   04    12.067
  2051   05    11.117
  2051   06     9.571
  2051   07     5.854
  2051   08     2.426
  2051   09     0.145
  2051   10     1.595
  2051   11     4.769
  2051   12     9.358
  2052   01    11.859
  2052   02    12.578
  2052   03    12.654
  2052   04    12.393
  2052   05    11.175
  2052   06     9.290
  2052   07     6.546
  2052   08     1.055
  2052   09     0.298
  2052   10     0.773
  2052   11     4.200
  2052   12     9.485
  2053   01    11.962
  2053   02    12.642
  2053   03    12.841
  2053   04    12.562
  2053   05    11.453
  2053   06     9.745
  2053   07     6.182
  2053   08     1.680
  2053   09     0.425
  2053   10     0.816
  2053   11     3.619
  2053   12     9.378
  2054   01    11.437
  2054   02    12.345
  2054   03    12.566
  2054   04    12.402
  2054   05    11.463
  2054   06     9.803
  2054   07     6.259
  2054   08     1.520
  2054   09     0.154
  2054   10     0.429
  2054   11     3.129
  2054   12     7.907
  2055   01    11.428
  2055   02    12.261
  2055   03    12.444
  2055   04    12.293
  2055   05    11.224
  2055   06     9.262
  2055   07     5.451
  2055   08     2.124
  2055   09     0.485
  2055   10     1.282
  2055   11     3.049
  2055   12     7.009
  2056   01    10.875
  2056   02    11.999
  2056   03    12.174
  2056   04    11.915
  2056   05    10.930
  2056   06     9.057
  2056   07     4.559
  2056   08     0.169
  2056   09     0.083
  2056   10     0.206
  2056   11     1.722
  2056   12     7.350
  2057   01    10.733
  2057   02    11.867
  2057   03    12.096
  2057   04    11.767
  2057   05    10.981
  2057   06     8.888
  2057   07     4.595
  2057   08     0.221
  2057   09     0.053
  2057   10     0.148
  2057   11     1.139
  2057   12     5.502
  2058   01    10.036
  2058   02    11.599
  2058   03    12.053
  2058   04    11.845
  2058   05    10.834
  2058   06     8.571
  2058   07     4.453
  2058   08     0.280
  2058   09     0.076
  2058   10     0.302
  2058   11     1.654
  2058   12     7.220
  2059   01    10.165
  2059   02    11.869
  2059   03    12.157
  2059   04    11.908
  2059   05    11.065
  2059   06     8.736
  2059   07     5.243
  2059   08     1.383
  2059   09     0.052
  2059   10     0.851
  2059   11     4.605
  2059   12     8.654
  2060   01    11.504
  2060   02    12.318
  2060   03    12.573
  2060   04    12.117
  2060   05    11.241
  2060   06     8.946
  2060   07     5.462
  2060   08     2.016
  2060   09     0.098
  2060   10     0.594
  2060   11     4.184
  2060   12     8.749
  2061   01    11.197
  2061   02    11.899
  2061   03    12.296
  2061   04    11.997
  2061   05    10.850
  2061   06     9.164
  2061   07     5.616
  2061   08     1.729
  2061   09     0.045
  2061   10     0.119
  2061   11     3.172
  2061   12     7.297
  2062   01    10.562
  2062   02    12.087
  2062   03    12.132
  2062   04    11.578
  2062   05    10.807
  2062   06     8.837
  2062   07     4.985
  2062   08     1.157
  2062   09     0.259
  2062   10     0.776
  2062   11     2.239
  2062   12     7.776
  2063   01    10.868
  2063   02    11.649
  2063   03    12.060
  2063   04    11.728
  2063   05    10.642
  2063   06     8.539
  2063   07     4.743
  2063   08     0.975
  2063   09     0.091
  2063   10     0.220
  2063   11     2.320
  2063   12     7.541
  2064   01    10.752
  2064   02    12.242
  2064   03    12.530
  2064   04    12.255
  2064   05    11.341
  2064   06     9.484
  2064   07     5.486
  2064   08     1.914
  2064   09     0.068
  2064   10     0.583
  2064   11     3.454
  2064   12     7.599
  2065   01    11.216
  2065   02    12.305
  2065   03    12.426
  2065   04    11.941
  2065   05    11.264
  2065   06     9.441
  2065   07     5.932
  2065   08     2.047
  2065   09     0.359
  2065   10     1.115
  2065   11     3.999
  2065   12     8.236
  2066   01    11.200
  2066   02    12.339
  2066   03    12.442
  2066   04    11.683
  2066   05    11.082
  2066   06     9.488
  2066   07     6.144
  2066   08     1.348
  2066   09     0.441
  2066   10     0.893
  2066   11     3.926
  2066   12     8.478
  2067   01    11.421
  2067   02    12.363
  2067   03    12.472
  2067   04    12.091
  2067   05    11.314
  2067   06     9.521
  2067   07     7.253
  2067   08     1.636
  2067   09     0.391
  2067   10     0.995
  2067   11     4.916
  2067   12     9.853
  2068   01    11.909
  2068   02    12.686
  2068   03    12.837
  2068   04    12.561
  2068   05    11.584
  2068   06     9.876
  2068   07     6.231
  2068   08     3.116
  2068   09     1.139
  2068   10     2.502
  2068   11     5.264
  2068   12     8.650
  2069   01    11.337
  2069   02    12.112
  2069   03    12.596
  2069   04    12.390
  2069   05    11.542
  2069   06     9.738
  2069   07     5.803
  2069   08     1.761
  2069   09     0.204
  2069   10     0.586
  2069   11     4.454
  2069   12     8.690
  2070   01    11.252
  2070   02    12.167
  2070   03    12.385
  2070   04    12.187
  2070   05    11.261
  2070   06     9.514
  2070   07     6.393
  2070   08     1.146
  2070   09     0.151
  2070   10     0.472
  2070   11     4.853
  2070   12     8.531
  2071   01    11.891
  2071   02    12.540
  2071   03    12.735
  2071   04    12.349
  2071   05    11.339
  2071   06     9.121
  2071   07     4.552
  2071   08     0.552
  2071   09     0.060
  2071   10     0.401
  2071   11     2.241
  2071   12     7.907
  2072   01    11.144
  2072   02    12.322
  2072   03    12.678
  2072   04    12.300
  2072   05    10.749
  2072   06     8.984
  2072   07     5.066
  2072   08     1.628
  2072   09     0.142
  2072   10     0.991
  2072   11     4.001
  2072   12     8.278
  2073   01    11.587
  2073   02    12.443
  2073   03    12.526
  2073   04    12.060
  2073   05    11.363
  2073   06     9.557
  2073   07     6.001
  2073   08     1.097
  2073   09     0.127
  2073   10     0.684
  2073   11     2.430
  2073   12     7.685
  2074   01    11.132
  2074   02    11.695
  2074   03    11.942
  2074   04    11.581
  2074   05    10.648
  2074   06     8.575
  2074   07     4.321
  2074   08     0.495
  2074   09     0.036
  2074   10     0.047
  2074   11     2.445
  2074   12     7.728
  2075   01    11.092
  2075   02    11.414
  2075   03    11.618
  2075   04    11.059
  2075   05    10.346
  2075   06     8.902
  2075   07     5.147
  2075   08     1.555
  2075   09     0.471
  2075   10     1.107
  2075   11     3.321
  2075   12     7.437
  2076   01    10.167
  2076   02    11.861
  2076   03    12.109
  2076   04    11.936
  2076   05    10.646
  2076   06     8.306
  2076   07     4.938
  2076   08     1.856
  2076   09     0.254
  2076   10     0.961
  2076   11     4.022
  2076   12     7.999
  2077   01    11.025
  2077   02    11.963
  2077   03    12.372
  2077   04    12.047
  2077   05    11.251
  2077   06     9.690
  2077   07     5.891
  2077   08     1.342
  2077   09     0.063
  2077   10     0.467
  2077   11     2.692
  2077   12     7.922
  2078   01    11.416
  2078   02    12.139
  2078   03    12.474
  2078   04    12.098
  2078   05    10.718
  2078   06     8.481
  2078   07     4.942
  2078   08     1.635
  2078   09     0.377
  2078   10     0.987
  2078   11     2.616
  2078   12     7.046
  2079   01    10.750
  2079   02    12.038
  2079   03    12.262
  2079   04    12.029
  2079   05    11.144
  2079   06     9.082
  2079   07     5.634
  2079   08     1.984
  2079   09     0.104
  2079   10     0.626
  2079   11     3.722
  2079   12     7.664
  2080   01    11.129
  2080   02    12.056
  2080   03    12.329
  2080   04    12.095
  2080   05    11.067
  2080   06     9.544
  2080   07     6.232
  2080   08     1.761
  2080   09     0.542
  2080   10     1.170
  2080   11     3.515
  2080   12     8.541
  2081   01    11.261
  2081   02    12.342
  2081   03    12.533
  2081   04    12.290
  2081   05    11.284
  2081   06     9.125
  2081   07     6.239
  2081   08     0.340
  2081   09     0.045
  2081   10     0.122
  2081   11     2.233
  2081   12     8.537
  2082   01    11.439
  2082   02    12.497
  2082   03    12.704
  2082   04    12.509
  2082   05    11.460
  2082   06    10.093
  2082   07     6.850
  2082   08     1.610
  2082   09     0.371
  2082   10     0.633
  2082   11     1.956
  2082   12     8.213
  2083   01    11.424
  2083   02    11.770
  2083   03    11.880
  2083   04    11.730
  2083   05    10.752
  2083   06     7.693
  2083   07     3.319
  2083   08     0.108
  2083   09     0.092
  2083   10     0.251
  2083   11     0.901
  2083   12     4.983
  2084   01    10.268
  2084   02    11.911
  2084   03    12.130
  2084   04    11.908
  2084   05    10.904
  2084   06     8.759
  2084   07     4.101
  2084   08     0.215
  2084   09     0.063
  2084   10     0.070
  2084   11     2.581
  2084   12     8.438
  2085   01    11.339
  2085   02    12.163
  2085   03    12.197
  2085   04    11.942
  2085   05    11.128
  2085   06     8.967
  2085   07     5.995
  2085   08     2.495
  2085   09     0.822
  2085   10     1.494
  2085   11     3.637
  2085   12     8.572
  2086   01    11.063
  2086   02    12.369
  2086   03    12.630
  2086   04    12.394
  2086   05    11.318
  2086   06     9.070
  2086   07     5.679
  2086   08     1.190
  2086   09     0.079
  2086   10     0.185
  2086   11     4.102
  2086   12     8.193
  2087   01    10.919
  2087   02    12.203
  2087   03    12.474
  2087   04    12.113
  2087   05    11.188
  2087   06     9.069
  2087   07     5.400
  2087   08     1.085
  2087   09     0.072
  2087   10     0.958
  2087   11     2.234
  2087   12     7.724
  2088   01    10.781
  2088   02    12.039
  2088   03    12.397
  2088   04    11.921
  2088   05    11.011
  2088   06     9.005
  2088   07     5.318
  2088   08     0.780
  2088   09     0.051
  2088   10     0.415
  2088   11     3.599
  2088   12     8.574
  2089   01    11.299
  2089   02    12.022
  2089   03    12.247
  2089   04    11.856
  2089   05    11.112
  2089   06     8.793
  2089   07     5.589
  2089   08     2.625
  2089   09     1.177
  2089   10     1.372
  2089   11     2.788
  2089   12     7.760
  2090   01    11.293
  2090   02    12.161
  2090   03    12.476
  2090   04    12.012
  2090   05    10.990
  2090   06     8.761
  2090   07     5.833
  2090   08     2.038
  2090   09     0.103
  2090   10     0.126
  2090   11     4.495
  2090   12     7.677
  2091   01    10.773
  2091   02    12.323
  2091   03    12.583
  2091   04    12.424
  2091   05    11.228
  2091   06     9.164
  2091   07     5.363
  2091   08     1.577
  2091   09     0.028
  2091   10     0.202
  2091   11     2.677
  2091   12     8.128
  2092   01    10.906
  2092   02    11.948
  2092   03    12.010
  2092   04    11.874
  2092   05    11.181
  2092   06     9.666
  2092   07     6.030
  2092   08     1.836
  2092   09     0.238
  2092   10     1.081
  2092   11     3.949
  2092   12     8.448
  2093   01    11.185
  2093   02    11.977
  2093   03    12.157
  2093   04    12.052
  2093   05    11.162
  2093   06     9.065
  2093   07     5.368
  2093   08     1.242
  2093   09     0.410
  2093   10     1.138
  2093   11     3.848
  2093   12     7.635
  2094   01    10.619
  2094   02    11.820
  2094   03    12.407
  2094   04    12.312
  2094   05    11.380
  2094   06     8.976
  2094   07     4.915
  2094   08     0.052
  2094   09     0.064
  2094   10     0.111
  2094   11     1.291
  2094   12     8.205
  2095   01    11.236
  2095   02    12.220
  2095   03    12.439
  2095   04    12.234
  2095   05    11.463
  2095   06     9.666
  2095   07     6.648
  2095   08     1.484
  2095   09     0.249
  2095   10     0.427
  2095   11     2.975
  2095   12     8.408
  2096   01    11.091
  2096   02    12.181
  2096   03    12.415
  2096   04    12.104
  2096   05    11.350
  2096   06     9.618
  2096   07     5.342
  2096   08     0.998
  2096   09     0.177
  2096   10     0.342
  2096   11     2.490
  2096   12     7.780
  2097   01    11.013
  2097   02    12.223
  2097   03    12.353
  2097   04    11.996
  2097   05    11.099
  2097   06     8.526
  2097   07     4.372
  2097   08     1.315
  2097   09     0.117
  2097   10     0.373
  2097   11     2.326
  2097   12     6.769
  2098   01    10.834
  2098   02    12.103
  2098   03    12.295
  2098   04    12.161
  2098   05    11.432
  2098   06     9.572
  2098   07     6.052
  2098   08     0.823
  2098   09     0.077
  2098   10     0.575
  2098   11     1.879
  2098   12     8.165
  2099   01    11.482
  2099   02    12.474
  2099   03    12.657
  2099   04    12.536
  2099   05    11.697
  2099   06     9.401
  2099   07     6.249
  2099   08     3.021
  2099   09     0.125
  2099   10     1.908
  2099   11     4.909
  2099   12     9.155
  2100   01    11.771
  2100   02    12.364
  2100   03    12.718
  2100   04    12.516
  2100   05    11.713
  2100   06     9.721
  2100   07     6.895
  2100   08     1.348
  2100   09     0.342
  2100   10     0.746
  2100   11     4.189
  2100   12     8.099
