  1850   01    14.549
  1850   02    15.949
  1850   03    17.122
  1850   04    16.715
  1850   05    14.586
  1850   06    12.364
  1850   07    10.451
  1850   08     8.066
  1850   09     7.408
  1850   10     8.777
  1850   11    10.860
  1850   12    12.912
  1851   01    14.605
  1851   02    15.943
  1851   03    16.858
  1851   04    16.176
  1851   05    14.834
  1851   06    12.486
  1851   07     9.911
  1851   08     8.084
  1851   09     7.657
  1851   10     8.757
  1851   11    10.660
  1851   12    13.077
  1852   01    14.769
  1852   02    16.064
  1852   03    17.069
  1852   04    16.629
  1852   05    15.107
  1852   06    12.905
  1852   07    10.609
  1852   08     8.554
  1852   09     8.051
  1852   10     8.745
  1852   11    10.139
  1852   12    12.908
  1853   01    14.634
  1853   02    16.047
  1853   03    16.384
  1853   04    16.106
  1853   05    14.596
  1853   06    12.028
  1853   07     9.728
  1853   08     8.139
  1853   09     7.755
  1853   10     8.975
  1853   11    10.655
  1853   12    12.611
  1854   01    14.030
  1854   02    15.241
  1854   03    15.678
  1854   04    15.562
  1854   05    13.829
  1854   06    11.635
  1854   07     9.819
  1854   08     8.414
  1854   09     8.213
  1854   10     9.375
  1854   11    10.913
  1854   12    12.678
  1855   01    14.132
  1855   02    15.098
  1855   03    15.543
  1855   04    15.610
  1855   05    14.555
  1855   06    12.678
  1855   07    10.827
  1855   08     9.516
  1855   09     8.628
  1855   10     9.777
  1855   11    11.534
  1855   12    13.538
  1856   01    14.871
  1856   02    16.017
  1856   03    16.678
  1856   04    16.506
  1856   05    14.923
  1856   06    12.738
  1856   07    10.679
  1856   08     8.918
  1856   09     8.335
  1856   10     9.414
  1856   11    11.015
  1856   12    12.958
  1857   01    14.255
  1857   02    15.412
  1857   03    16.092
  1857   04    15.597
  1857   05    14.293
  1857   06    12.429
  1857   07     9.794
  1857   08     8.492
  1857   09     8.134
  1857   10     9.171
  1857   11    10.920
  1857   12    12.703
  1858   01    14.543
  1858   02    15.719
  1858   03    16.501
  1858   04    16.217
  1858   05    14.940
  1858   06    12.508
  1858   07    10.347
  1858   08     8.689
  1858   09     8.162
  1858   10     9.308
  1858   11    10.897
  1858   12    13.114
  1859   01    14.366
  1859   02    15.308
  1859   03    15.936
  1859   04    15.599
  1859   05    14.322
  1859   06    12.455
  1859   07    10.296
  1859   08     8.630
  1859   09     8.240
  1859   10     9.514
  1859   11    10.937
  1859   12    12.884
  1860   01    14.408
  1860   02    15.522
  1860   03    16.256
  1860   04    15.810
  1860   05    14.610
  1860   06    12.846
  1860   07    10.550
  1860   08     8.277
  1860   09     7.651
  1860   10     9.504
  1860   11    11.898
  1860   12    13.948
  1861   01    15.054
  1861   02    16.370
  1861   03    16.934
  1861   04    16.491
  1861   05    15.066
  1861   06    13.296
  1861   07    10.470
  1861   08     8.794
  1861   09     8.394
  1861   10     9.304
  1861   11    11.756
  1861   12    13.800
  1862   01    15.379
  1862   02    16.459
  1862   03    17.079
  1862   04    16.874
  1862   05    15.034
  1862   06    12.602
  1862   07     9.989
  1862   08     8.203
  1862   09     7.836
  1862   10     9.146
  1862   11    10.893
  1862   12    13.125
  1863   01    14.930
  1863   02    16.438
  1863   03    17.048
  1863   04    16.942
  1863   05    15.333
  1863   06    12.866
  1863   07    10.810
  1863   08     9.409
  1863   09     8.918
  1863   10    10.310
  1863   11    11.695
  1863   12    13.421
  1864   01    14.977
  1864   02    15.978
  1864   03    16.895
  1864   04    16.659
  1864   05    14.931
  1864   06    12.548
  1864   07    10.532
  1864   08     8.734
  1864   09     8.683
  1864   10     9.656
  1864   11    11.246
  1864   12    13.222
  1865   01    14.879
  1865   02    16.029
  1865   03    16.463
  1865   04    16.192
  1865   05    14.587
  1865   06    12.638
  1865   07    10.464
  1865   08     8.317
  1865   09     7.917
  1865   10     9.210
  1865   11    10.828
  1865   12    13.080
  1866   01    14.232
  1866   02    15.585
  1866   03    15.891
  1866   04    15.928
  1866   05    14.590
  1866   06    12.433
  1866   07    10.374
  1866   08     8.737
  1866   09     8.115
  1866   10     9.924
  1866   11    11.349
  1866   12    13.445
  1867   01    14.881
  1867   02    16.250
  1867   03    16.696
  1867   04    16.601
  1867   05    14.943
  1867   06    12.792
  1867   07    10.450
  1867   08     8.703
  1867   09     8.182
  1867   10     8.964
  1867   11    11.097
  1867   12    13.089
  1868   01    14.713
  1868   02    16.095
  1868   03    16.570
  1868   04    16.209
  1868   05    14.613
  1868   06    12.575
  1868   07    10.498
  1868   08     8.701
  1868   09     7.945
  1868   10     9.510
  1868   11    11.701
  1868   12    13.686
  1869   01    15.128
  1869   02    16.067
  1869   03    16.514
  1869   04    16.041
  1869   05    14.572
  1869   06    12.811
  1869   07    11.110
  1869   08     8.652
  1869   09     7.901
  1869   10     9.759
  1869   11    11.151
  1869   12    13.148
  1870   01    14.952
  1870   02    16.233
  1870   03    16.926
  1870   04    16.847
  1870   05    15.584
  1870   06    13.000
  1870   07    11.056
  1870   08     9.372
  1870   09     8.398
  1870   10     9.753
  1870   11    11.522
  1870   12    13.489
  1871   01    15.270
  1871   02    16.180
  1871   03    16.790
  1871   04    16.867
  1871   05    15.799
  1871   06    13.067
  1871   07    10.919
  1871   08     9.049
  1871   09     8.102
  1871   10     9.943
  1871   11    11.709
  1871   12    13.713
  1872   01    15.622
  1872   02    16.644
  1872   03    17.410
  1872   04    17.017
  1872   05    15.570
  1872   06    13.327
  1872   07    10.989
  1872   08     8.849
  1872   09     8.043
  1872   10     9.495
  1872   11    11.226
  1872   12    13.929
  1873   01    15.156
  1873   02    16.391
  1873   03    16.789
  1873   04    16.138
  1873   05    14.452
  1873   06    12.620
  1873   07    10.522
  1873   08     8.309
  1873   09     7.733
  1873   10     9.603
  1873   11    11.295
  1873   12    13.062
  1874   01    14.299
  1874   02    15.489
  1874   03    15.790
  1874   04    15.661
  1874   05    14.372
  1874   06    12.888
  1874   07    10.821
  1874   08     8.781
  1874   09     8.324
  1874   10     9.274
  1874   11    11.398
  1874   12    13.282
  1875   01    14.563
  1875   02    15.589
  1875   03    15.962
  1875   04    15.924
  1875   05    14.289
  1875   06    12.429
  1875   07    10.938
  1875   08     9.371
  1875   09     9.040
  1875   10    10.135
  1875   11    11.439
  1875   12    13.363
  1876   01    14.786
  1876   02    15.634
  1876   03    15.974
  1876   04    15.704
  1876   05    14.400
  1876   06    11.984
  1876   07    10.329
  1876   08     8.908
  1876   09     8.372
  1876   10     9.461
  1876   11    11.065
  1876   12    13.116
  1877   01    14.771
  1877   02    15.872
  1877   03    16.194
  1877   04    16.029
  1877   05    14.644
  1877   06    12.491
  1877   07    10.193
  1877   08     7.968
  1877   09     7.437
  1877   10     8.414
  1877   11    10.616
  1877   12    13.308
  1878   01    15.094
  1878   02    16.537
  1878   03    16.994
  1878   04    16.997
  1878   05    15.483
  1878   06    12.755
  1878   07    10.212
  1878   08     8.251
  1878   09     7.535
  1878   10     8.610
  1878   11    10.788
  1878   12    13.412
  1879   01    15.251
  1879   02    16.961
  1879   03    17.658
  1879   04    17.404
  1879   05    15.889
  1879   06    13.487
  1879   07    11.144
  1879   08     9.462
  1879   09     8.825
  1879   10    10.124
  1879   11    11.679
  1879   12    14.281
  1880   01    15.661
  1880   02    16.825
  1880   03    17.325
  1880   04    17.249
  1880   05    15.815
  1880   06    13.090
  1880   07    10.497
  1880   08     8.422
  1880   09     8.268
  1880   10     9.631
  1880   11    11.247
  1880   12    13.256
  1881   01    14.859
  1881   02    15.988
  1881   03    16.806
  1881   04    16.814
  1881   05    15.430
  1881   06    13.187
  1881   07    11.186
  1881   08     8.653
  1881   09     7.647
  1881   10     9.593
  1881   11    11.391
  1881   12    13.569
  1882   01    15.036
  1882   02    16.740
  1882   03    17.301
  1882   04    17.149
  1882   05    15.995
  1882   06    12.515
  1882   07    10.237
  1882   08     8.053
  1882   09     7.734
  1882   10     9.160
  1882   11    11.096
  1882   12    13.218
  1883   01    14.923
  1883   02    16.133
  1883   03    16.922
  1883   04    16.534
  1883   05    15.317
  1883   06    13.382
  1883   07    11.054
  1883   08     9.070
  1883   09     8.616
  1883   10    10.015
  1883   11    11.524
  1883   12    13.565
  1884   01    15.464
  1884   02    16.859
  1884   03    17.362
  1884   04    17.169
  1884   05    15.695
  1884   06    13.310
  1884   07    10.967
  1884   08     8.940
  1884   09     8.295
  1884   10     9.741
  1884   11    11.631
  1884   12    13.957
  1885   01    15.701
  1885   02    16.801
  1885   03    17.442
  1885   04    17.151
  1885   05    15.907
  1885   06    13.864
  1885   07    11.687
  1885   08     9.854
  1885   09     9.175
  1885   10    10.037
  1885   11    11.925
  1885   12    14.128
  1886   01    15.630
  1886   02    16.727
  1886   03    17.439
  1886   04    17.167
  1886   05    15.360
  1886   06    13.045
  1886   07    10.934
  1886   08     9.054
  1886   09     8.649
  1886   10     9.892
  1886   11    11.829
  1886   12    13.672
  1887   01    15.195
  1887   02    16.416
  1887   03    17.585
  1887   04    17.381
  1887   05    16.352
  1887   06    13.708
  1887   07    11.256
  1887   08     9.692
  1887   09     9.113
  1887   10    10.283
  1887   11    12.079
  1887   12    14.022
  1888   01    15.452
  1888   02    16.651
  1888   03    17.372
  1888   04    16.800
  1888   05    15.313
  1888   06    12.882
  1888   07    10.956
  1888   08     9.185
  1888   09     8.556
  1888   10     9.877
  1888   11    11.140
  1888   12    13.365
  1889   01    15.234
  1889   02    16.230
  1889   03    16.940
  1889   04    16.547
  1889   05    15.290
  1889   06    12.665
  1889   07    11.054
  1889   08     9.044
  1889   09     8.776
  1889   10    10.162
  1889   11    11.430
  1889   12    13.543
  1890   01    14.702
  1890   02    16.064
  1890   03    16.837
  1890   04    16.650
  1890   05    15.235
  1890   06    12.931
  1890   07    10.888
  1890   08     9.086
  1890   09     8.618
  1890   10     9.696
  1890   11    11.202
  1890   12    13.420
  1891   01    14.950
  1891   02    16.830
  1891   03    17.377
  1891   04    16.922
  1891   05    15.019
  1891   06    12.404
  1891   07    10.286
  1891   08     8.626
  1891   09     8.213
  1891   10     9.122
  1891   11    10.872
  1891   12    13.083
  1892   01    14.598
  1892   02    16.148
  1892   03    16.843
  1892   04    16.536
  1892   05    14.968
  1892   06    12.742
  1892   07    10.918
  1892   08     8.949
  1892   09     8.449
  1892   10     9.885
  1892   11    11.298
  1892   12    13.441
  1893   01    15.016
  1893   02    16.642
  1893   03    17.579
  1893   04    17.239
  1893   05    15.669
  1893   06    13.258
  1893   07    10.692
  1893   08     8.845
  1893   09     7.972
  1893   10     9.233
  1893   11    10.946
  1893   12    13.008
  1894   01    15.087
  1894   02    16.367
  1894   03    17.044
  1894   04    16.514
  1894   05    15.336
  1894   06    12.849
  1894   07    10.277
  1894   08     8.416
  1894   09     8.075
  1894   10     9.490
  1894   11    11.125
  1894   12    13.104
  1895   01    14.967
  1895   02    16.214
  1895   03    16.821
  1895   04    16.191
  1895   05    14.956
  1895   06    13.059
  1895   07    10.872
  1895   08     9.342
  1895   09     8.927
  1895   10     9.859
  1895   11    11.236
  1895   12    13.161
  1896   01    14.980
  1896   02    16.192
  1896   03    16.847
  1896   04    16.534
  1896   05    15.176
  1896   06    13.110
  1896   07    10.167
  1896   08     8.469
  1896   09     8.123
  1896   10     9.395
  1896   11    11.104
  1896   12    13.480
  1897   01    15.297
  1897   02    16.656
  1897   03    17.141
  1897   04    16.776
  1897   05    15.328
  1897   06    13.000
  1897   07    10.365
  1897   08     8.527
  1897   09     8.132
  1897   10     9.327
  1897   11    11.082
  1897   12    13.440
  1898   01    14.844
  1898   02    15.652
  1898   03    16.395
  1898   04    16.135
  1898   05    14.899
  1898   06    12.427
  1898   07    10.090
  1898   08     8.780
  1898   09     8.362
  1898   10     9.473
  1898   11    11.016
  1898   12    13.161
  1899   01    14.377
  1899   02    15.567
  1899   03    15.812
  1899   04    15.382
  1899   05    13.779
  1899   06    12.245
  1899   07    11.004
  1899   08     9.339
  1899   09     8.594
  1899   10     9.782
  1899   11    11.237
  1899   12    13.154
  1900   01    14.664
  1900   02    16.201
  1900   03    16.702
  1900   04    16.848
  1900   05    15.546
  1900   06    13.455
  1900   07    11.172
  1900   08     9.584
  1900   09     8.889
  1900   10    10.081
  1900   11    11.781
  1900   12    13.742
  1901   01    15.255
  1901   02    16.112
  1901   03    16.767
  1901   04    16.596
  1901   05    15.046
  1901   06    12.796
  1901   07    10.980
  1901   08     8.898
  1901   09     8.623
  1901   10     9.853
  1901   11    11.235
  1901   12    13.099
  1902   01    14.498
  1902   02    15.553
  1902   03    16.234
  1902   04    16.027
  1902   05    14.188
  1902   06    11.971
  1902   07     9.459
  1902   08     8.147
  1902   09     7.788
  1902   10     8.802
  1902   11    10.803
  1902   12    12.621
  1903   01    14.086
  1903   02    14.941
  1903   03    15.652
  1903   04    15.299
  1903   05    14.077
  1903   06    12.231
  1903   07    10.269
  1903   08     9.037
  1903   09     9.098
  1903   10    10.036
  1903   11    11.154
  1903   12    13.370
  1904   01    14.984
  1904   02    15.942
  1904   03    16.519
  1904   04    16.318
  1904   05    14.875
  1904   06    13.340
  1904   07    11.195
  1904   08     9.473
  1904   09     9.033
  1904   10    10.269
  1904   11    12.016
  1904   12    13.732
  1905   01    15.103
  1905   02    16.043
  1905   03    16.405
  1905   04    16.208
  1905   05    14.627
  1905   06    12.567
  1905   07    10.971
  1905   08     9.399
  1905   09     8.866
  1905   10    10.428
  1905   11    11.731
  1905   12    13.610
  1906   01    14.495
  1906   02    15.527
  1906   03    16.535
  1906   04    16.307
  1906   05    14.695
  1906   06    12.415
  1906   07    10.592
  1906   08     8.721
  1906   09     8.195
  1906   10     9.536
  1906   11    11.235
  1906   12    13.078
  1907   01    14.597
  1907   02    15.712
  1907   03    16.405
  1907   04    15.850
  1907   05    14.393
  1907   06    12.316
  1907   07    10.369
  1907   08     8.968
  1907   09     8.332
  1907   10     9.618
  1907   11    11.358
  1907   12    13.567
  1908   01    14.935
  1908   02    16.126
  1908   03    16.499
  1908   04    16.439
  1908   05    15.302
  1908   06    13.152
  1908   07    10.770
  1908   08     8.883
  1908   09     8.460
  1908   10     9.630
  1908   11    11.082
  1908   12    13.453
  1909   01    15.291
  1909   02    16.029
  1909   03    16.874
  1909   04    16.356
  1909   05    14.907
  1909   06    12.570
  1909   07    10.169
  1909   08     8.265
  1909   09     7.854
  1909   10     9.357
  1909   11    11.264
  1909   12    13.370
  1910   01    15.146
  1910   02    16.504
  1910   03    16.969
  1910   04    16.673
  1910   05    15.062
  1910   06    13.231
  1910   07    10.855
  1910   08     8.438
  1910   09     7.721
  1910   10     9.374
  1910   11    11.234
  1910   12    13.685
  1911   01    14.932
  1911   02    16.286
  1911   03    16.644
  1911   04    16.413
  1911   05    15.008
  1911   06    12.704
  1911   07    10.328
  1911   08     8.418
  1911   09     7.764
  1911   10     8.649
  1911   11    10.381
  1911   12    12.608
  1912   01    14.321
  1912   02    15.653
  1912   03    16.320
  1912   04    15.916
  1912   05    14.540
  1912   06    12.716
  1912   07    10.401
  1912   08     8.620
  1912   09     8.008
  1912   10     9.494
  1912   11    10.976
  1912   12    13.158
  1913   01    14.766
  1913   02    15.804
  1913   03    16.752
  1913   04    16.597
  1913   05    15.011
  1913   06    12.648
  1913   07    10.219
  1913   08     8.430
  1913   09     7.815
  1913   10     9.256
  1913   11    11.204
  1913   12    13.333
  1914   01    15.126
  1914   02    16.165
  1914   03    16.847
  1914   04    16.622
  1914   05    15.143
  1914   06    12.271
  1914   07    10.345
  1914   08     8.640
  1914   09     8.086
  1914   10     9.387
  1914   11    10.846
  1914   12    13.227
  1915   01    14.978
  1915   02    16.166
  1915   03    16.598
  1915   04    16.374
  1915   05    15.196
  1915   06    12.587
  1915   07    10.108
  1915   08     8.492
  1915   09     7.706
  1915   10     9.427
  1915   11    11.043
  1915   12    13.118
  1916   01    14.705
  1916   02    15.669
  1916   03    16.406
  1916   04    16.140
  1916   05    14.432
  1916   06    12.681
  1916   07    10.358
  1916   08     8.566
  1916   09     8.068
  1916   10     9.552
  1916   11    11.421
  1916   12    13.357
  1917   01    14.649
  1917   02    15.578
  1917   03    16.497
  1917   04    16.278
  1917   05    14.937
  1917   06    12.684
  1917   07    10.401
  1917   08     8.764
  1917   09     8.314
  1917   10     9.314
  1917   11    10.850
  1917   12    12.865
  1918   01    14.035
  1918   02    14.884
  1918   03    15.284
  1918   04    15.122
  1918   05    14.089
  1918   06    11.827
  1918   07     9.811
  1918   08     8.151
  1918   09     7.723
  1918   10     8.752
  1918   11    10.770
  1918   12    12.676
  1919   01    14.265
  1919   02    15.437
  1919   03    16.227
  1919   04    15.679
  1919   05    14.454
  1919   06    12.189
  1919   07     9.946
  1919   08     8.280
  1919   09     7.971
  1919   10     9.217
  1919   11    10.716
  1919   12    12.795
  1920   01    14.485
  1920   02    16.030
  1920   03    16.953
  1920   04    16.180
  1920   05    14.163
  1920   06    12.457
  1920   07    10.063
  1920   08     8.100
  1920   09     7.585
  1920   10     8.837
  1920   11    10.812
  1920   12    12.842
  1921   01    14.300
  1921   02    15.309
  1921   03    16.130
  1921   04    15.877
  1921   05    14.827
  1921   06    12.907
  1921   07    10.588
  1921   08     7.824
  1921   09     6.796
  1921   10     8.888
  1921   11    10.851
  1921   12    13.313
  1922   01    14.890
  1922   02    16.116
  1922   03    16.375
  1922   04    15.888
  1922   05    14.181
  1922   06    11.667
  1922   07     9.899
  1922   08     8.141
  1922   09     7.845
  1922   10     8.680
  1922   11    10.553
  1922   12    12.881
  1923   01    14.239
  1923   02    15.361
  1923   03    15.574
  1923   04    14.982
  1923   05    13.689
  1923   06    12.161
  1923   07    10.466
  1923   08     8.411
  1923   09     7.783
  1923   10     9.102
  1923   11    10.372
  1923   12    12.291
  1924   01    13.863
  1924   02    14.838
  1924   03    15.582
  1924   04    15.410
  1924   05    14.104
  1924   06    12.438
  1924   07    10.074
  1924   08     8.280
  1924   09     8.049
  1924   10     8.968
  1924   11    10.480
  1924   12    12.587
  1925   01    14.161
  1925   02    15.183
  1925   03    16.021
  1925   04    15.664
  1925   05    14.813
  1925   06    12.385
  1925   07    10.046
  1925   08     7.988
  1925   09     7.671
  1925   10     9.109
  1925   11    10.726
  1925   12    12.753
  1926   01    14.635
  1926   02    15.508
  1926   03    16.319
  1926   04    15.841
  1926   05    14.124
  1926   06    12.084
  1926   07    10.376
  1926   08     8.466
  1926   09     7.817
  1926   10     9.166
  1926   11    11.153
  1926   12    13.177
  1927   01    14.888
  1927   02    15.845
  1927   03    16.438
  1927   04    16.289
  1927   05    15.210
  1927   06    12.228
  1927   07     9.858
  1927   08     8.143
  1927   09     7.684
  1927   10     9.604
  1927   11    11.595
  1927   12    13.564
  1928   01    15.020
  1928   02    16.501
  1928   03    16.852
  1928   04    16.330
  1928   05    15.010
  1928   06    12.964
  1928   07    10.231
  1928   08     7.974
  1928   09     7.472
  1928   10     8.744
  1928   11    10.613
  1928   12    12.650
  1929   01    14.305
  1929   02    15.348
  1929   03    16.088
  1929   04    15.790
  1929   05    14.604
  1929   06    12.319
  1929   07    10.150
  1929   08     8.382
  1929   09     7.388
  1929   10     9.288
  1929   11    10.633
  1929   12    12.449
  1930   01    14.457
  1930   02    15.658
  1930   03    16.077
  1930   04    15.868
  1930   05    14.473
  1930   06    12.581
  1930   07     9.823
  1930   08     8.071
  1930   09     7.657
  1930   10     9.009
  1930   11    10.599
  1930   12    13.128
  1931   01    14.628
  1931   02    16.078
  1931   03    16.906
  1931   04    16.816
  1931   05    14.695
  1931   06    12.236
  1931   07     9.669
  1931   08     8.022
  1931   09     7.509
  1931   10     8.474
  1931   11    10.595
  1931   12    12.677
  1932   01    14.507
  1932   02    15.870
  1932   03    16.242
  1932   04    15.917
  1932   05    14.348
  1932   06    12.459
  1932   07     9.608
  1932   08     7.973
  1932   09     7.467
  1932   10     8.526
  1932   11    11.097
  1932   12    12.839
  1933   01    14.974
  1933   02    16.391
  1933   03    17.284
  1933   04    16.950
  1933   05    15.320
  1933   06    12.882
  1933   07    10.553
  1933   08     8.698
  1933   09     8.503
  1933   10     9.328
  1933   11    10.900
  1933   12    12.986
  1934   01    14.292
  1934   02    15.780
  1934   03    16.801
  1934   04    16.380
  1934   05    14.616
  1934   06    11.976
  1934   07     9.089
  1934   08     6.871
  1934   09     6.364
  1934   10     7.914
  1934   11    10.164
  1934   12    12.436
  1935   01    14.407
  1935   02    15.760
  1935   03    16.460
  1935   04    16.318
  1935   05    14.960
  1935   06    12.820
  1935   07    10.284
  1935   08     8.068
  1935   09     7.175
  1935   10     8.593
  1935   11    10.842
  1935   12    13.227
  1936   01    15.280
  1936   02    16.180
  1936   03    17.144
  1936   04    16.811
  1936   05    15.614
  1936   06    12.882
  1936   07    10.282
  1936   08     7.966
  1936   09     7.235
  1936   10     8.594
  1936   11    10.510
  1936   12    13.157
  1937   01    14.664
  1937   02    16.371
  1937   03    17.081
  1937   04    16.774
  1937   05    14.913
  1937   06    12.106
  1937   07     9.797
  1937   08     7.839
  1937   09     7.386
  1937   10     8.445
  1937   11    10.136
  1937   12    12.450
  1938   01    13.923
  1938   02    14.686
  1938   03    14.665
  1938   04    15.186
  1938   05    13.837
  1938   06    11.715
  1938   07     9.515
  1938   08     8.259
  1938   09     7.724
  1938   10     9.186
  1938   11    10.642
  1938   12    12.952
  1939   01    14.087
  1939   02    15.499
  1939   03    16.373
  1939   04    15.860
  1939   05    14.745
  1939   06    12.954
  1939   07    10.166
  1939   08     8.329
  1939   09     7.823
  1939   10     9.179
  1939   11    11.008
  1939   12    13.198
  1940   01    14.704
  1940   02    16.005
  1940   03    16.473
  1940   04    16.098
  1940   05    14.404
  1940   06    12.706
  1940   07    10.848
  1940   08     9.260
  1940   09     8.887
  1940   10     9.655
  1940   11    11.241
  1940   12    13.378
  1941   01    14.789
  1941   02    15.817
  1941   03    16.283
  1941   04    16.219
  1941   05    14.998
  1941   06    12.424
  1941   07    10.395
  1941   08     8.570
  1941   09     8.163
  1941   10     9.667
  1941   11    11.060
  1941   12    13.057
  1942   01    14.891
  1942   02    16.015
  1942   03    16.689
  1942   04    16.325
  1942   05    14.262
  1942   06    12.310
  1942   07     9.933
  1942   08     8.395
  1942   09     7.839
  1942   10     9.095
  1942   11    10.547
  1942   12    12.856
  1943   01    14.468
  1943   02    15.478
  1943   03    16.073
  1943   04    15.755
  1943   05    14.713
  1943   06    12.269
  1943   07    10.035
  1943   08     8.775
  1943   09     7.944
  1943   10     9.298
  1943   11    11.011
  1943   12    13.378
  1944   01    14.767
  1944   02    15.998
  1944   03    16.486
  1944   04    16.145
  1944   05    14.418
  1944   06    12.210
  1944   07    10.428
  1944   08     8.870
  1944   09     8.536
  1944   10     9.706
  1944   11    11.456
  1944   12    13.250
  1945   01    14.199
  1945   02    15.110
  1945   03    15.612
  1945   04    15.420
  1945   05    14.502
  1945   06    12.610
  1945   07    11.069
  1945   08     9.344
  1945   09     8.846
  1945   10     9.997
  1945   11    11.155
  1945   12    13.277
  1946   01    14.780
  1946   02    15.990
  1946   03    16.671
  1946   04    16.305
  1946   05    15.029
  1946   06    12.714
  1946   07    10.454
  1946   08     9.048
  1946   09     8.466
  1946   10     9.435
  1946   11    10.618
  1946   12    13.070
  1947   01    14.654
  1947   02    15.666
  1947   03    16.080
  1947   04    15.313
  1947   05    14.310
  1947   06    12.448
  1947   07    10.793
  1947   08     8.957
  1947   09     8.539
  1947   10     9.408
  1947   11    11.166
  1947   12    12.963
  1948   01    15.074
  1948   02    15.760
  1948   03    16.374
  1948   04    16.529
  1948   05    15.160
  1948   06    12.944
  1948   07    10.540
  1948   08     8.638
  1948   09     8.417
  1948   10     9.822
  1948   11    11.197
  1948   12    13.339
  1949   01    14.912
  1949   02    15.947
  1949   03    16.174
  1949   04    15.708
  1949   05    14.436
  1949   06    12.655
  1949   07    10.077
  1949   08     8.103
  1949   09     7.434
  1949   10     8.875
  1949   11    10.746
  1949   12    12.907
  1950   01    14.363
  1950   02    15.257
  1950   03    16.215
  1950   04    16.247
  1950   05    15.382
  1950   06    13.408
  1950   07    10.784
  1950   08     8.198
  1950   09     7.935
  1950   10     9.343
  1950   11    11.629
  1950   12    14.059
  1951   01    15.901
  1951   02    16.821
  1951   03    17.693
  1951   04    17.561
  1951   05    15.623
  1951   06    13.139
  1951   07    10.725
  1951   08     8.180
  1951   09     7.895
  1951   10     8.683
  1951   11    10.306
  1951   12    12.522
  1952   01    14.226
  1952   02    15.851
  1952   03    16.540
  1952   04    16.530
  1952   05    15.303
  1952   06    12.608
  1952   07     9.979
  1952   08     8.529
  1952   09     8.203
  1952   10     9.142
  1952   11    10.831
  1952   12    12.984
  1953   01    14.726
  1953   02    15.531
  1953   03    16.139
  1953   04    16.155
  1953   05    14.935
  1953   06    12.849
  1953   07    10.590
  1953   08     8.769
  1953   09     8.341
  1953   10     9.695
  1953   11    11.350
  1953   12    13.828
  1954   01    15.232
  1954   02    16.234
  1954   03    16.650
  1954   04    16.086
  1954   05    14.746
  1954   06    12.437
  1954   07    10.398
  1954   08     8.918
  1954   09     8.558
  1954   10     9.298
  1954   11    11.194
  1954   12    13.478
  1955   01    14.607
  1955   02    15.548
  1955   03    16.137
  1955   04    16.077
  1955   05    14.501
  1955   06    12.190
  1955   07    10.253
  1955   08     8.507
  1955   09     7.878
  1955   10     9.093
  1955   11    10.831
  1955   12    13.016
  1956   01    14.472
  1956   02    15.691
  1956   03    16.278
  1956   04    15.905
  1956   05    14.234
  1956   06    11.765
  1956   07     9.282
  1956   08     7.149
  1956   09     6.624
  1956   10     8.053
  1956   11    10.188
  1956   12    12.279
  1957   01    13.891
  1957   02    15.297
  1957   03    15.195
  1957   04    14.808
  1957   05    13.530
  1957   06    12.088
  1957   07    10.353
  1957   08     8.845
  1957   09     8.402
  1957   10     9.385
  1957   11    10.437
  1957   12    12.525
  1958   01    13.938
  1958   02    15.066
  1958   03    15.875
  1958   04    15.473
  1958   05    13.958
  1958   06    11.944
  1958   07    10.258
  1958   08     8.605
  1958   09     8.056
  1958   10     9.183
  1958   11    10.758
  1958   12    12.884
  1959   01    14.273
  1959   02    15.692
  1959   03    16.247
  1959   04    15.677
  1959   05    13.840
  1959   06    12.039
  1959   07    10.221
  1959   08     8.362
  1959   09     7.738
  1959   10     8.906
  1959   11    10.613
  1959   12    13.013
  1960   01    14.378
  1960   02    15.998
  1960   03    16.630
  1960   04    16.507
  1960   05    15.117
  1960   06    12.268
  1960   07    10.248
  1960   08     8.794
  1960   09     8.189
  1960   10     9.558
  1960   11    10.864
  1960   12    12.611
  1961   01    14.232
  1961   02    15.867
  1961   03    16.435
  1961   04    16.188
  1961   05    14.617
  1961   06    12.283
  1961   07     9.992
  1961   08     7.812
  1961   09     7.662
  1961   10     9.116
  1961   11    10.830
  1961   12    13.232
  1962   01    14.687
  1962   02    15.667
  1962   03    16.277
  1962   04    16.061
  1962   05    14.968
  1962   06    13.091
  1962   07    10.396
  1962   08     8.667
  1962   09     8.054
  1962   10     9.222
  1962   11    10.777
  1962   12    12.868
  1963   01    14.193
  1963   02    15.297
  1963   03    15.768
  1963   04    15.410
  1963   05    14.498
  1963   06    12.603
  1963   07     9.996
  1963   08     8.060
  1963   09     7.786
  1963   10     8.873
  1963   11    10.358
  1963   12    12.546
  1964   01    14.331
  1964   02    15.680
  1964   03    16.138
  1964   04    15.751
  1964   05    13.851
  1964   06    11.950
  1964   07     9.368
  1964   08     7.557
  1964   09     7.177
  1964   10     8.198
  1964   11     9.839
  1964   12    12.232
  1965   01    14.116
  1965   02    15.573
  1965   03    16.443
  1965   04    16.086
  1965   05    15.067
  1965   06    12.438
  1965   07    10.106
  1965   08     8.228
  1965   09     7.211
  1965   10     8.599
  1965   11    10.483
  1965   12    12.976
  1966   01    14.866
  1966   02    16.186
  1966   03    16.881
  1966   04    16.360
  1966   05    15.203
  1966   06    12.587
  1966   07    10.636
  1966   08     8.564
  1966   09     8.174
  1966   10     9.572
  1966   11    10.854
  1966   12    13.145
  1967   01    14.695
  1967   02    16.016
  1967   03    16.750
  1967   04    16.615
  1967   05    15.040
  1967   06    12.092
  1967   07     9.797
  1967   08     8.710
  1967   09     7.862
  1967   10     8.821
  1967   11    10.687
  1967   12    12.706
  1968   01    14.296
  1968   02    15.501
  1968   03    16.159
  1968   04    15.926
  1968   05    14.418
  1968   06    12.363
  1968   07    10.304
  1968   08     8.035
  1968   09     7.484
  1968   10     9.082
  1968   11    10.974
  1968   12    13.012
  1969   01    14.834
  1969   02    16.391
  1969   03    17.159
  1969   04    17.277
  1969   05    14.768
  1969   06    12.903
  1969   07    10.752
  1969   08     8.235
  1969   09     7.925
  1969   10     9.481
  1969   11    11.151
  1969   12    13.521
  1970   01    15.174
  1970   02    16.715
  1970   03    17.214
  1970   04    17.015
  1970   05    15.896
  1970   06    12.901
  1970   07    10.251
  1970   08     8.992
  1970   09     8.437
  1970   10     9.198
  1970   11    11.383
  1970   12    13.422
  1971   01    15.180
  1971   02    16.533
  1971   03    17.385
  1971   04    16.468
  1971   05    14.523
  1971   06    12.141
  1971   07    10.507
  1971   08     8.961
  1971   09     8.259
  1971   10     9.432
  1971   11    11.110
  1971   12    13.052
  1972   01    14.635
  1972   02    15.939
  1972   03    16.354
  1972   04    16.244
  1972   05    14.867
  1972   06    12.673
  1972   07    10.393
  1972   08     8.242
  1972   09     7.673
  1972   10     9.633
  1972   11    10.669
  1972   12    12.720
  1973   01    14.664
  1973   02    15.538
  1973   03    15.839
  1973   04    15.538
  1973   05    13.732
  1973   06    11.522
  1973   07    10.110
  1973   08     8.562
  1973   09     7.452
  1973   10     8.815
  1973   11    10.703
  1973   12    12.551
  1974   01    13.935
  1974   02    15.216
  1974   03    15.883
  1974   04    15.062
  1974   05    14.248
  1974   06    12.540
  1974   07    10.194
  1974   08     8.191
  1974   09     7.829
  1974   10     9.206
  1974   11    11.102
  1974   12    13.278
  1975   01    14.730
  1975   02    16.069
  1975   03    16.656
  1975   04    16.329
  1975   05    14.859
  1975   06    12.582
  1975   07    10.116
  1975   08     8.192
  1975   09     7.766
  1975   10     9.293
  1975   11    10.765
  1975   12    12.747
  1976   01    14.224
  1976   02    15.406
  1976   03    16.113
  1976   04    16.033
  1976   05    14.344
  1976   06    12.452
  1976   07    10.210
  1976   08     8.590
  1976   09     8.272
  1976   10     8.818
  1976   11    10.962
  1976   12    12.710
  1977   01    14.033
  1977   02    15.030
  1977   03    15.321
  1977   04    14.813
  1977   05    13.941
  1977   06    12.013
  1977   07    10.096
  1977   08     7.986
  1977   09     7.594
  1977   10     8.386
  1977   11    10.042
  1977   12    12.751
  1978   01    14.166
  1978   02    15.372
  1978   03    15.962
  1978   04    15.808
  1978   05    14.322
  1978   06    12.482
  1978   07    10.616
  1978   08     7.990
  1978   09     7.540
  1978   10     9.381
  1978   11    11.229
  1978   12    13.381
  1979   01    14.631
  1979   02    15.864
  1979   03    16.748
  1979   04    16.648
  1979   05    15.120
  1979   06    12.940
  1979   07    10.571
  1979   08     8.511
  1979   09     7.771
  1979   10     8.750
  1979   11    10.508
  1979   12    12.881
  1980   01    14.744
  1980   02    15.782
  1980   03    16.501
  1980   04    16.354
  1980   05    14.776
  1980   06    12.511
  1980   07     9.654
  1980   08     7.938
  1980   09     7.629
  1980   10     8.477
  1980   11    10.378
  1980   12    12.736
  1981   01    14.897
  1981   02    16.455
  1981   03    17.108
  1981   04    16.763
  1981   05    15.187
  1981   06    12.944
  1981   07    10.158
  1981   08     8.024
  1981   09     7.449
  1981   10     9.305
  1981   11    11.025
  1981   12    13.208
  1982   01    14.631
  1982   02    15.753
  1982   03    16.155
  1982   04    15.709
  1982   05    14.181
  1982   06    12.056
  1982   07     9.691
  1982   08     8.121
  1982   09     7.470
  1982   10     8.773
  1982   11    10.304
  1982   12    12.546
  1983   01    14.198
  1983   02    15.205
  1983   03    15.925
  1983   04    15.581
  1983   05    14.155
  1983   06    12.110
  1983   07    10.154
  1983   08     8.022
  1983   09     7.630
  1983   10     8.929
  1983   11    10.876
  1983   12    13.098
  1984   01    14.203
  1984   02    15.332
  1984   03    16.021
  1984   04    15.666
  1984   05    13.647
  1984   06    11.206
  1984   07     8.953
  1984   08     7.118
  1984   09     6.958
  1984   10     8.344
  1984   11    10.112
  1984   12    12.847
  1985   01    14.511
  1985   02    16.012
  1985   03    16.697
  1985   04    16.669
  1985   05    15.151
  1985   06    12.403
  1985   07    10.178
  1985   08     7.969
  1985   09     6.965
  1985   10     8.512
  1985   11    10.876
  1985   12    13.254
  1986   01    15.365
  1986   02    16.528
  1986   03    17.420
  1986   04    17.351
  1986   05    16.086
  1986   06    13.637
  1986   07    10.551
  1986   08     8.370
  1986   09     7.897
  1986   10     9.377
  1986   11    11.386
  1986   12    13.669
  1987   01    15.601
  1987   02    16.706
  1987   03    17.336
  1987   04    17.161
  1987   05    15.251
  1987   06    12.796
  1987   07    10.540
  1987   08     8.819
  1987   09     8.219
  1987   10     9.680
  1987   11    11.347
  1987   12    13.573
  1988   01    15.127
  1988   02    16.056
  1988   03    16.488
  1988   04    16.104
  1988   05    14.911
  1988   06    12.395
  1988   07    10.358
  1988   08     8.658
  1988   09     7.842
  1988   10     8.995
  1988   11    10.801
  1988   12    12.671
  1989   01    14.209
  1989   02    14.904
  1989   03    15.524
  1989   04    15.255
  1989   05    14.090
  1989   06    11.942
  1989   07     9.578
  1989   08     7.410
  1989   09     6.870
  1989   10     8.092
  1989   11    10.388
  1989   12    12.310
  1990   01    13.742
  1990   02    14.832
  1990   03    15.847
  1990   04    15.384
  1990   05    14.100
  1990   06    12.421
  1990   07    10.492
  1990   08     8.656
  1990   09     7.869
  1990   10     9.313
  1990   11    10.684
  1990   12    12.747
  1991   01    14.486
  1991   02    15.872
  1991   03    16.333
  1991   04    16.244
  1991   05    14.858
  1991   06    12.170
  1991   07     9.600
  1991   08     8.234
  1991   09     7.737
  1991   10     8.565
  1991   11    10.329
  1991   12    12.800
  1992   01    14.671
  1992   02    15.602
  1992   03    16.298
  1992   04    15.811
  1992   05    14.054
  1992   06    11.783
  1992   07     9.293
  1992   08     8.095
  1992   09     7.722
  1992   10     8.681
  1992   11    10.661
  1992   12    12.715
  1993   01    14.273
  1993   02    15.487
  1993   03    15.905
  1993   04    15.455
  1993   05    14.057
  1993   06    11.862
  1993   07     9.962
  1993   08     8.652
  1993   09     8.309
  1993   10     8.718
  1993   11    10.271
  1993   12    13.270
  1994   01    14.577
  1994   02    15.817
  1994   03    16.319
  1994   04    16.376
  1994   05    14.778
  1994   06    12.461
  1994   07    10.637
  1994   08     8.476
  1994   09     7.633
  1994   10     9.056
  1994   11    10.526
  1994   12    12.819
  1995   01    14.457
  1995   02    15.712
  1995   03    16.505
  1995   04    16.009
  1995   05    14.763
  1995   06    12.168
  1995   07    10.023
  1995   08     8.186
  1995   09     7.724
  1995   10     9.000
  1995   11    10.755
  1995   12    13.226
  1996   01    14.553
  1996   02    15.801
  1996   03    16.289
  1996   04    16.004
  1996   05    14.558
  1996   06    12.239
  1996   07    10.032
  1996   08     7.906
  1996   09     7.401
  1996   10     8.877
  1996   11    10.912
  1996   12    12.851
  1997   01    14.419
  1997   02    15.439
  1997   03    16.100
  1997   04    16.009
  1997   05    14.845
  1997   06    12.646
  1997   07    10.614
  1997   08     8.897
  1997   09     8.026
  1997   10     9.545
  1997   11    11.261
  1997   12    13.093
  1998   01    14.724
  1998   02    15.510
  1998   03    15.966
  1998   04    15.892
  1998   05    14.370
  1998   06    12.158
  1998   07     9.838
  1998   08     8.659
  1998   09     8.474
  1998   10     9.082
  1998   11    10.497
  1998   12    12.230
  1999   01    13.660
  1999   02    14.535
  1999   03    15.195
  1999   04    14.811
  1999   05    13.544
  1999   06    11.474
  1999   07     9.562
  1999   08     8.087
  1999   09     7.291
  1999   10     8.397
  1999   11     9.933
  1999   12    11.956
  2000   01    13.783
  2000   02    15.033
  2000   03    15.568
  2000   04    15.249
  2000   05    13.812
  2000   06    11.842
  2000   07     9.938
  2000   08     8.278
  2000   09     7.658
  2000   10     8.760
  2000   11    10.387
  2000   12    12.504
  2001   01    13.985
  2001   02    15.110
  2001   03    15.752
  2001   04    15.190
  2001   05    13.888
  2001   06    11.682
  2001   07     8.899
  2001   08     7.292
  2001   09     6.603
  2001   10     7.714
  2001   11     9.501
  2001   12    11.669
  2002   01    13.123
  2002   02    14.010
  2002   03    14.705
  2002   04    14.319
  2002   05    12.390
  2002   06    10.863
  2002   07     9.187
  2002   08     6.971
  2002   09     6.436
  2002   10     7.607
  2002   11     9.862
  2002   12    11.965
  2003   01    13.518
  2003   02    14.146
  2003   03    14.942
  2003   04    14.565
  2003   05    13.341
  2003   06    11.876
  2003   07     9.849
  2003   08     7.002
  2003   09     6.433
  2003   10     7.945
  2003   11     9.563
  2003   12    12.116
  2004   01    13.164
  2004   02    14.404
  2004   03    14.798
  2004   04    14.228
  2004   05    13.062
  2004   06    11.501
  2004   07     9.769
  2004   08     7.994
  2004   09     7.350
  2004   10     8.414
  2004   11    10.578
  2004   12    11.944
  2005   01    14.166
  2005   02    15.112
  2005   03    15.521
  2005   04    15.371
  2005   05    14.071
  2005   06    11.925
  2005   07     9.066
  2005   08     7.577
  2005   09     7.098
  2005   10     8.307
  2005   11    10.145
  2005   12    12.447
  2006   01    13.774
  2006   02    14.977
  2006   03    15.276
  2006   04    14.906
  2006   05    13.907
  2006   06    11.931
  2006   07     9.517
  2006   08     7.793
  2006   09     7.387
  2006   10     8.309
  2006   11    10.343
  2006   12    12.249
  2007   01    13.522
  2007   02    14.719
  2007   03    15.118
  2007   04    15.015
  2007   05    13.580
  2007   06    11.835
  2007   07     9.608
  2007   08     7.337
  2007   09     6.483
  2007   10     7.868
  2007   11    10.475
  2007   12    12.310
  2008   01    13.546
  2008   02    14.700
  2008   03    15.133
  2008   04    15.048
  2008   05    13.557
  2008   06    11.596
  2008   07     9.072
  2008   08     6.417
  2008   09     5.923
  2008   10     7.490
  2008   11     9.914
  2008   12    12.241
  2009   01    13.650
  2009   02    14.717
  2009   03    14.944
  2009   04    14.061
  2009   05    12.622
  2009   06    11.171
  2009   07     8.934
  2009   08     6.821
  2009   09     6.495
  2009   10     7.918
  2009   11     9.775
  2009   12    11.852
  2010   01    13.462
  2010   02    14.536
  2010   03    14.920
  2010   04    14.649
  2010   05    13.411
  2010   06    11.852
  2010   07    10.170
  2010   08     7.267
  2010   09     6.438
  2010   10     8.713
  2010   11    10.672
  2010   12    12.422
  2011   01    14.070
  2011   02    15.050
  2011   03    15.694
  2011   04    15.114
  2011   05    13.657
  2011   06    12.050
  2011   07     9.733
  2011   08     7.503
  2011   09     7.256
  2011   10     8.914
  2011   11    10.579
  2011   12    12.292
  2012   01    14.216
  2012   02    15.391
  2012   03    15.240
  2012   04    14.927
  2012   05    13.727
  2012   06    12.089
  2012   07     9.503
  2012   08     7.720
  2012   09     7.183
  2012   10     8.750
  2012   11    10.516
  2012   12    12.248
  2013   01    14.105
  2013   02    14.902
  2013   03    15.635
  2013   04    15.314
  2013   05    13.521
  2013   06    11.680
  2013   07     9.686
  2013   08     7.554
  2013   09     6.537
  2013   10     7.542
  2013   11     9.878
  2013   12    11.721
  2014   01    13.098
  2014   02    14.575
  2014   03    15.020
  2014   04    14.703
  2014   05    12.995
  2014   06    11.214
  2014   07     9.017
  2014   08     6.861
  2014   09     6.221
  2014   10     7.309
  2014   11     9.054
  2014   12    11.583
  2015   01    13.130
  2015   02    14.094
  2015   03    14.703
  2015   04    14.601
  2015   05    13.044
  2015   06    11.020
  2015   07     8.755
  2015   08     7.003
  2015   09     6.672
  2015   10     7.753
  2015   11     9.404
  2015   12    11.717
  2016   01    13.026
  2016   02    14.169
  2016   03    15.068
  2016   04    14.904
  2016   05    13.458
  2016   06    11.333
  2016   07     8.997
  2016   08     6.693
  2016   09     6.040
  2016   10     7.335
  2016   11    10.086
  2016   12    12.084
  2017   01    13.829
  2017   02    14.913
  2017   03    15.405
  2017   04    14.818
  2017   05    13.583
  2017   06    12.026
  2017   07     9.628
  2017   08     7.183
  2017   09     6.760
  2017   10     8.133
  2017   11    10.497
  2017   12    12.385
  2018   01    13.951
  2018   02    15.128
  2018   03    15.895
  2018   04    15.030
  2018   05    13.817
  2018   06    12.120
  2018   07    10.017
  2018   08     7.802
  2018   09     7.346
  2018   10     8.420
  2018   11     9.968
  2018   12    11.947
  2019   01    13.623
  2019   02    14.972
  2019   03    15.312
  2019   04    14.737
  2019   05    13.266
  2019   06    10.911
  2019   07     8.372
  2019   08     6.478
  2019   09     6.178
  2019   10     7.542
  2019   11     9.681
  2019   12    11.438
  2020   01    12.956
  2020   02    13.996
  2020   03    14.368
  2020   04    14.185
  2020   05    12.661
  2020   06    10.494
  2020   07     7.376
  2020   08     5.314
  2020   09     4.834
  2020   10     5.998
  2020   11     8.962
  2020   12    11.139
  2021   01    12.499
  2021   02    13.582
  2021   03    14.071
  2021   04    13.672
  2021   05    12.444
  2021   06    10.714
  2021   07     7.249
  2021   08     4.487
  2021   09     3.999
  2021   10     4.822
  2021   11     7.842
  2021   12    10.977
  2022   01    12.796
  2022   02    13.766
  2022   03    14.364
  2022   04    13.921
  2022   05    12.538
  2022   06    10.419
  2022   07     7.952
  2022   08     6.312
  2022   09     5.727
  2022   10     6.753
  2022   11     8.747
  2022   12    11.378
  2023   01    12.868
  2023   02    13.727
  2023   03    14.029
  2023   04    13.564
  2023   05    12.304
  2023   06    10.782
  2023   07     8.210
  2023   08     6.387
  2023   09     5.938
  2023   10     6.724
  2023   11     8.652
  2023   12    11.099
  2024   01    12.649
  2024   02    13.471
  2024   03    13.947
  2024   04    13.838
  2024   05    12.527
  2024   06    10.533
  2024   07     8.555
  2024   08     6.438
  2024   09     5.870
  2024   10     7.128
  2024   11     9.415
  2024   12    12.010
  2025   01    12.962
  2025   02    13.625
  2025   03    14.504
  2025   04    14.313
  2025   05    12.889
  2025   06    10.888
  2025   07     8.150
  2025   08     6.354
  2025   09     5.899
  2025   10     6.964
  2025   11     9.051
  2025   12    11.596
  2026   01    13.068
  2026   02    13.750
  2026   03    14.477
  2026   04    14.021
  2026   05    12.397
  2026   06    10.686
  2026   07     8.261
  2026   08     6.242
  2026   09     5.969
  2026   10     7.010
  2026   11     8.756
  2026   12    10.884
  2027   01    12.299
  2027   02    12.830
  2027   03    13.122
  2027   04    12.616
  2027   05    11.638
  2027   06     9.593
  2027   07     7.385
  2027   08     5.692
  2027   09     5.507
  2027   10     6.549
  2027   11     8.480
  2027   12    10.319
  2028   01    11.779
  2028   02    12.710
  2028   03    13.108
  2028   04    12.957
  2028   05    12.153
  2028   06    10.567
  2028   07     7.754
  2028   08     6.087
  2028   09     5.415
  2028   10     6.124
  2028   11     8.725
  2028   12    10.850
  2029   01    12.258
  2029   02    13.193
  2029   03    13.762
  2029   04    13.615
  2029   05    12.432
  2029   06    10.378
  2029   07     7.668
  2029   08     5.228
  2029   09     4.796
  2029   10     5.882
  2029   11     8.464
  2029   12    10.578
  2030   01    12.622
  2030   02    13.550
  2030   03    13.648
  2030   04    13.570
  2030   05    12.507
  2030   06    10.560
  2030   07     7.865
  2030   08     6.000
  2030   09     5.455
  2030   10     6.671
  2030   11     8.385
  2030   12    10.566
  2031   01    12.492
  2031   02    12.936
  2031   03    13.362
  2031   04    12.852
  2031   05    11.768
  2031   06    10.222
  2031   07     7.715
  2031   08     6.446
  2031   09     5.825
  2031   10     6.873
  2031   11     8.721
  2031   12    11.146
  2032   01    12.478
  2032   02    13.419
  2032   03    13.800
  2032   04    13.609
  2032   05    12.258
  2032   06    10.451
  2032   07     8.378
  2032   08     6.577
  2032   09     5.974
  2032   10     7.172
  2032   11     9.037
  2032   12    10.789
  2033   01    12.569
  2033   02    13.459
  2033   03    14.064
  2033   04    13.818
  2033   05    12.831
  2033   06    10.876
  2033   07     8.115
  2033   08     5.524
  2033   09     5.053
  2033   10     5.976
  2033   11     9.004
  2033   12    10.967
  2034   01    12.846
  2034   02    13.628
  2034   03    13.723
  2034   04    13.447
  2034   05    12.005
  2034   06    10.206
  2034   07     7.332
  2034   08     4.927
  2034   09     4.467
  2034   10     5.451
  2034   11     8.475
  2034   12    10.649
  2035   01    12.146
  2035   02    13.013
  2035   03    13.203
  2035   04    12.642
  2035   05    11.758
  2035   06    10.090
  2035   07     7.510
  2035   08     5.580
  2035   09     5.373
  2035   10     6.536
  2035   11     8.267
  2035   12    10.529
  2036   01    12.524
  2036   02    13.278
  2036   03    13.591
  2036   04    13.207
  2036   05    12.216
  2036   06    10.759
  2036   07     8.439
  2036   08     6.099
  2036   09     5.202
  2036   10     6.553
  2036   11     9.050
  2036   12    10.941
  2037   01    12.467
  2037   02    13.049
  2037   03    13.367
  2037   04    12.868
  2037   05    11.945
  2037   06     9.772
  2037   07     7.015
  2037   08     5.122
  2037   09     4.403
  2037   10     5.325
  2037   11     8.033
  2037   12    10.341
  2038   01    12.316
  2038   02    13.448
  2038   03    13.587
  2038   04    13.252
  2038   05    12.175
  2038   06    10.653
  2038   07     8.692
  2038   08     6.363
  2038   09     5.964
  2038   10     7.485
  2038   11     9.645
  2038   12    11.259
  2039   01    13.185
  2039   02    14.267
  2039   03    14.418
  2039   04    13.989
  2039   05    12.812
  2039   06    10.869
  2039   07     7.886
  2039   08     6.231
  2039   09     6.057
  2039   10     7.011
  2039   11     9.094
  2039   12    10.817
  2040   01    12.650
  2040   02    13.543
  2040   03    13.867
  2040   04    13.865
  2040   05    12.840
  2040   06    11.103
  2040   07     8.726
  2040   08     6.502
  2040   09     5.693
  2040   10     7.043
  2040   11     9.088
  2040   12    11.165
  2041   01    13.049
  2041   02    13.895
  2041   03    14.482
  2041   04    14.027
  2041   05    12.586
  2041   06    10.447
  2041   07     7.956
  2041   08     6.655
  2041   09     5.905
  2041   10     7.304
  2041   11     9.281
  2041   12    10.925
  2042   01    12.776
  2042   02    13.484
  2042   03    14.054
  2042   04    13.980
  2042   05    13.167
  2042   06    11.342
  2042   07     8.686
  2042   08     6.718
  2042   09     6.044
  2042   10     7.225
  2042   11     9.570
  2042   12    11.359
  2043   01    12.845
  2043   02    13.225
  2043   03    13.855
  2043   04    13.606
  2043   05    12.802
  2043   06    11.009
  2043   07     8.191
  2043   08     6.120
  2043   09     5.472
  2043   10     6.382
  2043   11     9.020
  2043   12    11.045
  2044   01    12.821
  2044   02    13.740
  2044   03    14.122
  2044   04    13.790
  2044   05    12.842
  2044   06    11.189
  2044   07     8.588
  2044   08     6.139
  2044   09     5.100
  2044   10     6.318
  2044   11     9.379
  2044   12    11.344
  2045   01    13.096
  2045   02    13.710
  2045   03    14.133
  2045   04    13.684
  2045   05    12.361
  2045   06    10.913
  2045   07     8.969
  2045   08     6.977
  2045   09     5.938
  2045   10     7.479
  2045   11     9.329
  2045   12    11.302
  2046   01    12.956
  2046   02    13.706
  2046   03    14.042
  2046   04    13.984
  2046   05    12.780
  2046   06    10.760
  2046   07     8.510
  2046   08     6.811
  2046   09     5.959
  2046   10     7.425
  2046   11     9.335
  2046   12    11.152
  2047   01    12.799
  2047   02    13.715
  2047   03    14.040
  2047   04    13.830
  2047   05    12.818
  2047   06    10.991
  2047   07     8.582
  2047   08     7.110
  2047   09     6.523
  2047   10     7.850
  2047   11     9.620
  2047   12    11.364
  2048   01    13.184
  2048   02    13.860
  2048   03    14.422
  2048   04    14.065
  2048   05    12.832
  2048   06    10.788
  2048   07     8.424
  2048   08     6.192
  2048   09     5.426
  2048   10     6.629
  2048   11     9.241
  2048   12    10.352
  2049   01    12.302
  2049   02    13.341
  2049   03    13.651
  2049   04    13.243
  2049   05    12.114
  2049   06    10.407
  2049   07     7.947
  2049   08     6.046
  2049   09     5.496
  2049   10     6.717
  2049   11     8.492
  2049   12    10.473
  2050   01    12.052
  2050   02    12.872
  2050   03    13.138
  2050   04    12.977
  2050   05    11.629
  2050   06     9.472
  2050   07     7.399
  2050   08     6.037
  2050   09     5.695
  2050   10     6.560
  2050   11     8.592
  2050   12    10.262
  2051   01    12.268
  2051   02    13.881
  2051   03    14.334
  2051   04    13.989
  2051   05    12.804
  2051   06    10.839
  2051   07     8.253
  2051   08     5.671
  2051   09     5.160
  2051   10     5.879
  2051   11     8.454
  2051   12    10.692
  2052   01    12.947
  2052   02    14.364
  2052   03    14.393
  2052   04    14.154
  2052   05    13.290
  2052   06    10.404
  2052   07     8.179
  2052   08     6.707
  2052   09     6.118
  2052   10     6.798
  2052   11     9.348
  2052   12    11.278
  2053   01    12.539
  2053   02    13.887
  2053   03    14.335
  2053   04    14.029
  2053   05    12.961
  2053   06    11.127
  2053   07     8.484
  2053   08     6.265
  2053   09     5.979
  2053   10     6.921
  2053   11     9.386
  2053   12    11.292
  2054   01    12.746
  2054   02    13.734
  2054   03    14.414
  2054   04    14.099
  2054   05    12.682
  2054   06    10.840
  2054   07     8.880
  2054   08     7.011
  2054   09     6.885
  2054   10     7.929
  2054   11     9.484
  2054   12    11.507
  2055   01    13.047
  2055   02    13.672
  2055   03    14.035
  2055   04    14.074
  2055   05    13.154
  2055   06    10.963
  2055   07     9.238
  2055   08     7.756
  2055   09     6.740
  2055   10     8.147
  2055   11     9.945
  2055   12    11.848
  2056   01    12.978
  2056   02    14.114
  2056   03    14.801
  2056   04    14.326
  2056   05    13.242
  2056   06    11.121
  2056   07     8.336
  2056   08     6.691
  2056   09     5.839
  2056   10     6.799
  2056   11     9.815
  2056   12    11.534
  2057   01    13.164
  2057   02    13.806
  2057   03    14.104
  2057   04    13.828
  2057   05    12.723
  2057   06    10.578
  2057   07     7.849
  2057   08     5.889
  2057   09     5.480
  2057   10     6.648
  2057   11     9.040
  2057   12    11.501
  2058   01    13.261
  2058   02    13.902
  2058   03    14.861
  2058   04    15.006
  2058   05    13.468
  2058   06    11.386
  2058   07     8.838
  2058   08     5.918
  2058   09     5.421
  2058   10     6.493
  2058   11     8.940
  2058   12    11.067
  2059   01    12.610
  2059   02    13.633
  2059   03    14.016
  2059   04    13.941
  2059   05    12.384
  2059   06    10.333
  2059   07     8.017
  2059   08     5.355
  2059   09     4.543
  2059   10     5.676
  2059   11     8.620
  2059   12    10.569
  2060   01    11.889
  2060   02    13.050
  2060   03    13.878
  2060   04    13.581
  2060   05    12.422
  2060   06    10.053
  2060   07     7.652
  2060   08     6.297
  2060   09     5.823
  2060   10     7.242
  2060   11     8.866
  2060   12    11.013
  2061   01    12.862
  2061   02    13.519
  2061   03    13.480
  2061   04    13.279
  2061   05    12.151
  2061   06    10.386
  2061   07     7.375
  2061   08     5.922
  2061   09     5.324
  2061   10     6.187
  2061   11     8.777
  2061   12    10.418
  2062   01    11.987
  2062   02    13.015
  2062   03    13.280
  2062   04    13.053
  2062   05    12.037
  2062   06     9.710
  2062   07     7.430
  2062   08     5.866
  2062   09     5.211
  2062   10     6.264
  2062   11     8.219
  2062   12    10.199
  2063   01    12.456
  2063   02    13.985
  2063   03    14.142
  2063   04    13.779
  2063   05    12.576
  2063   06    10.407
  2063   07     7.247
  2063   08     5.248
  2063   09     4.616
  2063   10     5.590
  2063   11     8.385
  2063   12    10.941
  2064   01    12.686
  2064   02    13.802
  2064   03    14.168
  2064   04    13.843
  2064   05    12.201
  2064   06    10.598
  2064   07     7.089
  2064   08     4.862
  2064   09     4.423
  2064   10     5.404
  2064   11     8.210
  2064   12    10.251
  2065   01    12.091
  2065   02    13.241
  2065   03    13.707
  2065   04    13.504
  2065   05    12.099
  2065   06     9.483
  2065   07     7.295
  2065   08     5.540
  2065   09     5.081
  2065   10     6.335
  2065   11     8.102
  2065   12    10.294
  2066   01    12.052
  2066   02    13.271
  2066   03    13.555
  2066   04    13.215
  2066   05    12.118
  2066   06    10.216
  2066   07     7.850
  2066   08     5.666
  2066   09     4.820
  2066   10     5.750
  2066   11     8.609
  2066   12    10.335
  2067   01    12.147
  2067   02    12.950
  2067   03    13.547
  2067   04    13.127
  2067   05    11.640
  2067   06     9.755
  2067   07     7.463
  2067   08     4.830
  2067   09     4.266
  2067   10     5.052
  2067   11     7.633
  2067   12    10.024
  2068   01    12.108
  2068   02    12.991
  2068   03    13.676
  2068   04    13.139
  2068   05    12.210
  2068   06    10.103
  2068   07     7.558
  2068   08     5.620
  2068   09     5.179
  2068   10     6.482
  2068   11     8.476
  2068   12    10.380
  2069   01    12.359
  2069   02    13.372
  2069   03    13.818
  2069   04    13.884
  2069   05    12.834
  2069   06    10.437
  2069   07     7.980
  2069   08     6.411
  2069   09     5.287
  2069   10     6.599
  2069   11     8.575
  2069   12    10.938
  2070   01    12.680
  2070   02    14.013
  2070   03    14.398
  2070   04    14.310
  2070   05    12.941
  2070   06    10.589
  2070   07     8.212
  2070   08     6.929
  2070   09     6.465
  2070   10     7.524
  2070   11     9.395
  2070   12    11.536
  2071   01    13.163
  2071   02    14.031
  2071   03    14.431
  2071   04    13.952
  2071   05    12.993
  2071   06    11.182
  2071   07     8.546
  2071   08     5.808
  2071   09     5.183
  2071   10     6.445
  2071   11     9.495
  2071   12    11.724
  2072   01    13.158
  2072   02    13.921
  2072   03    13.965
  2072   04    13.172
  2072   05    12.524
  2072   06    10.616
  2072   07     8.082
  2072   08     6.152
  2072   09     5.676
  2072   10     7.141
  2072   11     9.052
  2072   12    10.925
  2073   01    12.492
  2073   02    13.295
  2073   03    14.069
  2073   04    13.527
  2073   05    11.970
  2073   06    10.415
  2073   07     8.232
  2073   08     6.608
  2073   09     6.369
  2073   10     7.207
  2073   11     8.820
  2073   12    10.860
  2074   01    12.444
  2074   02    13.077
  2074   03    13.657
  2074   04    13.126
  2074   05    11.771
  2074   06    10.255
  2074   07     7.989
  2074   08     5.629
  2074   09     5.033
  2074   10     6.478
  2074   11     8.633
  2074   12    10.238
  2075   01    12.249
  2075   02    13.165
  2075   03    13.521
  2075   04    13.641
  2075   05    12.225
  2075   06    10.201
  2075   07     7.324
  2075   08     5.740
  2075   09     5.223
  2075   10     6.382
  2075   11     7.997
  2075   12    10.384
  2076   01    12.093
  2076   02    13.160
  2076   03    13.800
  2076   04    13.747
  2076   05    12.411
  2076   06    10.746
  2076   07     8.045
  2076   08     5.774
  2076   09     5.183
  2076   10     6.065
  2076   11     8.915
  2076   12    10.671
  2077   01    12.151
  2077   02    13.041
  2077   03    13.223
  2077   04    13.055
  2077   05    12.423
  2077   06    11.085
  2077   07     8.430
  2077   08     6.365
  2077   09     5.796
  2077   10     6.726
  2077   11     8.885
  2077   12    11.252
  2078   01    12.572
  2078   02    13.639
  2078   03    13.822
  2078   04    13.498
  2078   05    12.420
  2078   06    11.010
  2078   07     8.594
  2078   08     6.879
  2078   09     6.344
  2078   10     7.758
  2078   11     9.697
  2078   12    11.413
  2079   01    13.189
  2079   02    14.092
  2079   03    14.532
  2079   04    14.082
  2079   05    12.711
  2079   06    10.674
  2079   07     8.231
  2079   08     6.513
  2079   09     5.596
  2079   10     6.535
  2079   11     9.053
  2079   12    11.238
  2080   01    12.876
  2080   02    13.425
  2080   03    14.087
  2080   04    13.902
  2080   05    12.992
  2080   06    10.729
  2080   07     7.885
  2080   08     6.347
  2080   09     6.114
  2080   10     7.318
  2080   11     9.373
  2080   12    10.895
  2081   01    12.974
  2081   02    13.849
  2081   03    14.054
  2081   04    14.124
  2081   05    12.753
  2081   06    10.608
  2081   07     8.149
  2081   08     6.447
  2081   09     5.929
  2081   10     7.006
  2081   11     9.120
  2081   12    11.327
  2082   01    12.659
  2082   02    13.575
  2082   03    13.881
  2082   04    13.871
  2082   05    12.440
  2082   06    10.694
  2082   07     8.429
  2082   08     6.986
  2082   09     6.052
  2082   10     7.331
  2082   11     9.194
  2082   12    10.747
  2083   01    12.981
  2083   02    14.141
  2083   03    14.703
  2083   04    14.231
  2083   05    12.977
  2083   06    10.661
  2083   07     8.208
  2083   08     6.061
  2083   09     5.666
  2083   10     6.805
  2083   11     9.162
  2083   12    11.033
  2084   01    12.716
  2084   02    13.349
  2084   03    13.874
  2084   04    13.528
  2084   05    12.421
  2084   06    10.156
  2084   07     7.602
  2084   08     5.674
  2084   09     5.412
  2084   10     6.471
  2084   11     9.039
  2084   12    10.694
  2085   01    12.550
  2085   02    13.680
  2085   03    14.014
  2085   04    13.777
  2085   05    12.656
  2085   06    11.087
  2085   07     8.985
  2085   08     6.945
  2085   09     6.232
  2085   10     7.072
  2085   11     9.033
  2085   12    11.058
  2086   01    12.503
  2086   02    13.115
  2086   03    13.797
  2086   04    13.694
  2086   05    12.600
  2086   06    10.694
  2086   07     8.117
  2086   08     6.625
  2086   09     5.812
  2086   10     6.991
  2086   11     9.275
  2086   12    10.864
  2087   01    12.569
  2087   02    13.364
  2087   03    13.903
  2087   04    13.708
  2087   05    12.414
  2087   06    10.348
  2087   07     7.608
  2087   08     5.465
  2087   09     5.109
  2087   10     5.540
  2087   11     8.403
  2087   12    10.803
  2088   01    12.672
  2088   02    13.538
  2088   03    13.934
  2088   04    13.667
  2088   05    12.776
  2088   06    10.584
  2088   07     8.363
  2088   08     6.633
  2088   09     6.113
  2088   10     7.399
  2088   11     9.442
  2088   12    10.890
  2089   01    13.068
  2089   02    13.933
  2089   03    14.011
  2089   04    13.571
  2089   05    11.951
  2089   06    10.138
  2089   07     8.082
  2089   08     6.537
  2089   09     5.533
  2089   10     6.837
  2089   11     8.577
  2089   12    10.918
  2090   01    12.602
  2090   02    13.333
  2090   03    13.616
  2090   04    13.520
  2090   05    12.724
  2090   06    10.888
  2090   07     8.116
  2090   08     6.295
  2090   09     5.235
  2090   10     6.508
  2090   11     9.366
  2090   12    11.283
  2091   01    12.916
  2091   02    13.746
  2091   03    13.857
  2091   04    13.898
  2091   05    12.661
  2091   06    10.645
  2091   07     8.822
  2091   08     7.070
  2091   09     6.670
  2091   10     8.209
  2091   11     9.773
  2091   12    11.583
  2092   01    13.143
  2092   02    13.884
  2092   03    14.408
  2092   04    14.220
  2092   05    13.160
  2092   06    11.613
  2092   07     8.685
  2092   08     6.653
  2092   09     6.506
  2092   10     7.927
  2092   11    10.206
  2092   12    11.639
  2093   01    13.563
  2093   02    14.518
  2093   03    14.778
  2093   04    14.320
  2093   05    13.230
  2093   06    11.075
  2093   07     8.757
  2093   08     6.875
  2093   09     6.401
  2093   10     7.717
  2093   11     9.279
  2093   12    11.229
  2094   01    13.105
  2094   02    14.028
  2094   03    14.369
  2094   04    14.048
  2094   05    13.099
  2094   06    11.142
  2094   07     8.550
  2094   08     7.213
  2094   09     6.747
  2094   10     7.665
  2094   11     9.624
  2094   12    11.594
  2095   01    13.553
  2095   02    13.931
  2095   03    14.437
  2095   04    14.440
  2095   05    13.166
  2095   06    11.221
  2095   07     8.991
  2095   08     7.656
  2095   09     7.161
  2095   10     8.351
  2095   11     9.695
  2095   12    11.919
  2096   01    13.740
  2096   02    14.650
  2096   03    14.769
  2096   04    14.592
  2096   05    13.651
  2096   06    11.362
  2096   07     9.501
  2096   08     7.279
  2096   09     6.705
  2096   10     7.764
  2096   11    10.227
  2096   12    11.636
  2097   01    13.436
  2097   02    14.097
  2097   03    14.580
  2097   04    14.506
  2097   05    13.674
  2097   06    11.547
  2097   07     8.850
  2097   08     6.222
  2097   09     5.556
  2097   10     6.887
  2097   11     9.556
  2097   12    11.875
  2098   01    13.229
  2098   02    13.998
  2098   03    14.338
  2098   04    14.100
  2098   05    13.096
  2098   06    11.252
  2098   07     8.886
  2098   08     6.039
  2098   09     5.457
  2098   10     6.412
  2098   11     8.966
  2098   12    11.168
  2099   01    12.824
  2099   02    13.476
  2099   03    14.053
  2099   04    14.005
  2099   05    12.775
  2099   06    10.398
  2099   07     7.918
  2099   08     6.318
  2099   09     5.493
  2099   10     6.302
  2099   11     9.055
  2099   12    10.408
  2100   01    12.544
  2100   02    13.587
  2100   03    13.934
  2100   04    13.864
  2100   05    12.490
  2100   06    10.788
  2100   07     8.216
  2100   08     6.354
  2100   09     5.937
  2100   10     7.334
  2100   11     9.564
  2100   12    11.453
