  1850   01    13.449
  1850   02    14.473
  1850   03    14.789
  1850   04    14.555
  1850   05    13.217
  1850   06    10.873
  1850   07     8.317
  1850   08     6.785
  1850   09     7.200
  1850   10     9.091
  1850   11    10.702
  1850   12    12.413
  1851   01    14.149
  1851   02    14.953
  1851   03    15.036
  1851   04    14.730
  1851   05    13.412
  1851   06    10.551
  1851   07     7.995
  1851   08     6.399
  1851   09     7.052
  1851   10     8.906
  1851   11    10.263
  1851   12    11.827
  1852   01    13.271
  1852   02    13.874
  1852   03    13.933
  1852   04    13.578
  1852   05    12.359
  1852   06     9.939
  1852   07     7.570
  1852   08     5.983
  1852   09     6.572
  1852   10     8.614
  1852   11    10.190
  1852   12    11.956
  1853   01    13.324
  1853   02    13.830
  1853   03    13.959
  1853   04    13.644
  1853   05    12.800
  1853   06    10.675
  1853   07     8.102
  1853   08     6.297
  1853   09     6.945
  1853   10     8.982
  1853   11    10.286
  1853   12    11.470
  1854   01    13.125
  1854   02    13.542
  1854   03    13.765
  1854   04    13.562
  1854   05    12.431
  1854   06    10.110
  1854   07     8.030
  1854   08     6.519
  1854   09     7.260
  1854   10     8.915
  1854   11    10.270
  1854   12    11.864
  1855   01    13.175
  1855   02    13.889
  1855   03    14.359
  1855   04    14.027
  1855   05    12.662
  1855   06     9.814
  1855   07     7.509
  1855   08     5.704
  1855   09     6.229
  1855   10     8.456
  1855   11    10.053
  1855   12    11.615
  1856   01    13.302
  1856   02    14.058
  1856   03    14.438
  1856   04    13.980
  1856   05    12.413
  1856   06     9.802
  1856   07     7.674
  1856   08     6.088
  1856   09     6.306
  1856   10     8.422
  1856   11     9.943
  1856   12    11.223
  1857   01    12.943
  1857   02    13.500
  1857   03    13.575
  1857   04    13.252
  1857   05    12.224
  1857   06    10.264
  1857   07     7.584
  1857   08     5.802
  1857   09     6.294
  1857   10     8.652
  1857   11    10.343
  1857   12    11.872
  1858   01    13.017
  1858   02    13.624
  1858   03    14.029
  1858   04    13.726
  1858   05    12.502
  1858   06    10.542
  1858   07     7.934
  1858   08     6.249
  1858   09     7.022
  1858   10     8.932
  1858   11    10.558
  1858   12    11.993
  1859   01    13.260
  1859   02    13.798
  1859   03    14.002
  1859   04    13.653
  1859   05    12.407
  1859   06    10.662
  1859   07     8.091
  1859   08     6.081
  1859   09     6.575
  1859   10     9.233
  1859   11    10.556
  1859   12    11.911
  1860   01    12.969
  1860   02    13.568
  1860   03    13.952
  1860   04    13.809
  1860   05    12.897
  1860   06    10.623
  1860   07     7.768
  1860   08     5.991
  1860   09     6.651
  1860   10     8.709
  1860   11    10.163
  1860   12    11.646
  1861   01    13.162
  1861   02    14.015
  1861   03    13.996
  1861   04    13.486
  1861   05    12.385
  1861   06    10.122
  1861   07     7.701
  1861   08     5.571
  1861   09     6.154
  1861   10     8.789
  1861   11    10.080
  1861   12    11.342
  1862   01    12.762
  1862   02    13.098
  1862   03    13.192
  1862   04    12.949
  1862   05    12.157
  1862   06     9.797
  1862   07     7.530
  1862   08     5.341
  1862   09     5.700
  1862   10     8.350
  1862   11    10.040
  1862   12    11.411
  1863   01    12.786
  1863   02    13.102
  1863   03    13.436
  1863   04    13.151
  1863   05    12.193
  1863   06     9.896
  1863   07     7.974
  1863   08     5.973
  1863   09     6.609
  1863   10     8.854
  1863   11     9.995
  1863   12    11.139
  1864   01    12.503
  1864   02    13.070
  1864   03    13.398
  1864   04    13.171
  1864   05    12.051
  1864   06     9.389
  1864   07     7.351
  1864   08     6.047
  1864   09     6.085
  1864   10     8.232
  1864   11     9.750
  1864   12    10.958
  1865   01    12.559
  1865   02    13.123
  1865   03    13.293
  1865   04    13.000
  1865   05    12.229
  1865   06     9.556
  1865   07     7.865
  1865   08     5.771
  1865   09     6.393
  1865   10     8.486
  1865   11     9.886
  1865   12    11.591
  1866   01    12.804
  1866   02    13.445
  1866   03    13.730
  1866   04    13.425
  1866   05    12.072
  1866   06    10.101
  1866   07     7.370
  1866   08     5.498
  1866   09     6.216
  1866   10     8.956
  1866   11    10.040
  1866   12    11.521
  1867   01    12.738
  1867   02    13.059
  1867   03    13.289
  1867   04    13.054
  1867   05    12.129
  1867   06    10.094
  1867   07     7.603
  1867   08     5.472
  1867   09     6.122
  1867   10     8.700
  1867   11    10.008
  1867   12    11.322
  1868   01    12.711
  1868   02    13.196
  1868   03    13.469
  1868   04    13.363
  1868   05    12.369
  1868   06    10.234
  1868   07     7.508
  1868   08     5.855
  1868   09     6.169
  1868   10     8.462
  1868   11     9.835
  1868   12    11.602
  1869   01    13.018
  1869   02    13.645
  1869   03    13.833
  1869   04    13.488
  1869   05    12.512
  1869   06     9.562
  1869   07     7.054
  1869   08     5.042
  1869   09     5.513
  1869   10     8.022
  1869   11     9.918
  1869   12    11.649
  1870   01    12.865
  1870   02    13.505
  1870   03    13.905
  1870   04    13.601
  1870   05    12.427
  1870   06     9.548
  1870   07     7.215
  1870   08     5.343
  1870   09     5.746
  1870   10     8.304
  1870   11     9.804
  1870   12    11.133
  1871   01    12.599
  1871   02    13.176
  1871   03    13.479
  1871   04    13.280
  1871   05    12.168
  1871   06     9.709
  1871   07     7.119
  1871   08     5.340
  1871   09     5.779
  1871   10     7.639
  1871   11     9.704
  1871   12    11.474
  1872   01    12.762
  1872   02    13.565
  1872   03    13.753
  1872   04    13.423
  1872   05    11.937
  1872   06     9.484
  1872   07     7.003
  1872   08     5.136
  1872   09     5.228
  1872   10     7.580
  1872   11     9.537
  1872   12    11.139
  1873   01    12.619
  1873   02    13.183
  1873   03    13.331
  1873   04    13.155
  1873   05    12.264
  1873   06     9.680
  1873   07     7.611
  1873   08     5.677
  1873   09     6.134
  1873   10     8.602
  1873   11    10.140
  1873   12    11.446
  1874   01    12.890
  1874   02    13.433
  1874   03    13.624
  1874   04    13.262
  1874   05    12.230
  1874   06     9.705
  1874   07     7.615
  1874   08     5.749
  1874   09     6.155
  1874   10     8.683
  1874   11     9.936
  1874   12    11.251
  1875   01    12.757
  1875   02    13.335
  1875   03    13.590
  1875   04    13.096
  1875   05    11.909
  1875   06     9.530
  1875   07     7.739
  1875   08     5.561
  1875   09     6.296
  1875   10     8.391
  1875   11     9.769
  1875   12    11.115
  1876   01    12.636
  1876   02    13.279
  1876   03    13.536
  1876   04    13.373
  1876   05    12.130
  1876   06     9.426
  1876   07     7.133
  1876   08     5.445
  1876   09     5.939
  1876   10     8.058
  1876   11     9.601
  1876   12    11.303
  1877   01    12.298
  1877   02    12.932
  1877   03    13.294
  1877   04    12.944
  1877   05    11.922
  1877   06     9.464
  1877   07     7.128
  1877   08     5.412
  1877   09     5.974
  1877   10     8.278
  1877   11     9.707
  1877   12    11.471
  1878   01    12.797
  1878   02    13.458
  1878   03    13.632
  1878   04    13.145
  1878   05    12.121
  1878   06     9.885
  1878   07     7.242
  1878   08     5.274
  1878   09     5.501
  1878   10     8.222
  1878   11     9.874
  1878   12    11.505
  1879   01    12.764
  1879   02    13.381
  1879   03    13.578
  1879   04    13.311
  1879   05    12.260
  1879   06     9.858
  1879   07     7.003
  1879   08     5.281
  1879   09     5.884
  1879   10     8.260
  1879   11     9.806
  1879   12    11.158
  1880   01    12.857
  1880   02    13.683
  1880   03    13.880
  1880   04    13.631
  1880   05    12.152
  1880   06     9.929
  1880   07     7.720
  1880   08     6.298
  1880   09     6.675
  1880   10     8.499
  1880   11     9.549
  1880   12    11.003
  1881   01    12.790
  1881   02    13.431
  1881   03    13.765
  1881   04    13.535
  1881   05    12.219
  1881   06    10.134
  1881   07     7.390
  1881   08     5.833
  1881   09     6.424
  1881   10     8.702
  1881   11     9.964
  1881   12    11.852
  1882   01    12.844
  1882   02    13.493
  1882   03    13.836
  1882   04    13.482
  1882   05    12.593
  1882   06     9.869
  1882   07     7.473
  1882   08     5.418
  1882   09     5.881
  1882   10     8.374
  1882   11     9.933
  1882   12    11.653
  1883   01    12.736
  1883   02    13.369
  1883   03    13.639
  1883   04    13.322
  1883   05    12.478
  1883   06    10.168
  1883   07     7.474
  1883   08     5.859
  1883   09     6.462
  1883   10     8.674
  1883   11     9.980
  1883   12    11.689
  1884   01    13.031
  1884   02    13.773
  1884   03    14.081
  1884   04    13.535
  1884   05    12.213
  1884   06    10.480
  1884   07     7.996
  1884   08     5.986
  1884   09     7.015
  1884   10     8.925
  1884   11    10.067
  1884   12    11.435
  1885   01    13.099
  1885   02    13.950
  1885   03    14.291
  1885   04    13.904
  1885   05    12.864
  1885   06    10.679
  1885   07     8.131
  1885   08     6.410
  1885   09     7.356
  1885   10     9.270
  1885   11    10.429
  1885   12    11.647
  1886   01    13.148
  1886   02    13.843
  1886   03    14.140
  1886   04    13.770
  1886   05    12.793
  1886   06    10.721
  1886   07     8.370
  1886   08     6.787
  1886   09     7.283
  1886   10     9.024
  1886   11    10.383
  1886   12    11.705
  1887   01    13.414
  1887   02    13.940
  1887   03    14.075
  1887   04    13.899
  1887   05    12.798
  1887   06    10.639
  1887   07     8.438
  1887   08     6.956
  1887   09     7.272
  1887   10     9.062
  1887   11    10.775
  1887   12    12.437
  1888   01    13.846
  1888   02    14.374
  1888   03    14.400
  1888   04    13.966
  1888   05    12.878
  1888   06    10.932
  1888   07     8.702
  1888   08     6.930
  1888   09     7.371
  1888   10     9.287
  1888   11    10.431
  1888   12    12.096
  1889   01    13.495
  1889   02    14.184
  1889   03    14.322
  1889   04    13.838
  1889   05    12.898
  1889   06    11.180
  1889   07     9.026
  1889   08     7.125
  1889   09     7.867
  1889   10     9.892
  1889   11    10.880
  1889   12    11.966
  1890   01    13.267
  1890   02    13.818
  1890   03    14.033
  1890   04    13.879
  1890   05    12.896
  1890   06    10.941
  1890   07     9.067
  1890   08     7.156
  1890   09     7.923
  1890   10     9.841
  1890   11    10.837
  1890   12    12.141
  1891   01    13.607
  1891   02    14.341
  1891   03    14.366
  1891   04    14.030
  1891   05    12.863
  1891   06    10.870
  1891   07     8.866
  1891   08     7.230
  1891   09     7.842
  1891   10     9.150
  1891   11    10.634
  1891   12    12.113
  1892   01    13.664
  1892   02    14.631
  1892   03    14.702
  1892   04    14.346
  1892   05    13.148
  1892   06    10.496
  1892   07     8.358
  1892   08     7.003
  1892   09     7.353
  1892   10     9.238
  1892   11    10.634
  1892   12    12.754
  1893   01    13.745
  1893   02    14.476
  1893   03    14.746
  1893   04    14.117
  1893   05    13.016
  1893   06    10.505
  1893   07     8.112
  1893   08     6.769
  1893   09     7.411
  1893   10     9.050
  1893   11    10.531
  1893   12    11.926
  1894   01    13.309
  1894   02    13.948
  1894   03    14.251
  1894   04    13.674
  1894   05    12.654
  1894   06    10.418
  1894   07     8.080
  1894   08     6.659
  1894   09     7.075
  1894   10     8.644
  1894   11     9.996
  1894   12    11.878
  1895   01    13.295
  1895   02    13.886
  1895   03    13.936
  1895   04    13.613
  1895   05    12.771
  1895   06    10.484
  1895   07     8.161
  1895   08     6.264
  1895   09     7.148
  1895   10     9.116
  1895   11    10.300
  1895   12    11.670
  1896   01    13.048
  1896   02    13.699
  1896   03    14.050
  1896   04    13.643
  1896   05    12.823
  1896   06    10.298
  1896   07     8.413
  1896   08     6.631
  1896   09     7.283
  1896   10     8.924
  1896   11    10.399
  1896   12    11.924
  1897   01    13.311
  1897   02    13.788
  1897   03    13.991
  1897   04    13.876
  1897   05    12.795
  1897   06    10.445
  1897   07     7.944
  1897   08     6.461
  1897   09     6.991
  1897   10     8.977
  1897   11    10.600
  1897   12    11.758
  1898   01    13.266
  1898   02    14.151
  1898   03    14.440
  1898   04    14.091
  1898   05    12.958
  1898   06    10.309
  1898   07     8.021
  1898   08     6.077
  1898   09     6.445
  1898   10     8.793
  1898   11    10.201
  1898   12    11.489
  1899   01    12.799
  1899   02    13.448
  1899   03    13.747
  1899   04    13.534
  1899   05    12.804
  1899   06     9.824
  1899   07     7.931
  1899   08     6.003
  1899   09     6.673
  1899   10     8.702
  1899   11    10.311
  1899   12    11.852
  1900   01    13.221
  1900   02    13.611
  1900   03    13.897
  1900   04    13.485
  1900   05    12.205
  1900   06    10.164
  1900   07     8.065
  1900   08     6.509
  1900   09     7.582
  1900   10     9.141
  1900   11    10.429
  1900   12    11.457
  1901   01    13.061
  1901   02    13.863
  1901   03    13.907
  1901   04    13.273
  1901   05    12.300
  1901   06    10.530
  1901   07     8.258
  1901   08     6.664
  1901   09     7.557
  1901   10     9.055
  1901   11    10.446
  1901   12    12.112
  1902   01    12.978
  1902   02    13.632
  1902   03    13.770
  1902   04    13.532
  1902   05    12.643
  1902   06    10.484
  1902   07     7.868
  1902   08     6.051
  1902   09     6.277
  1902   10     8.932
  1902   11    10.648
  1902   12    12.269
  1903   01    13.212
  1903   02    13.771
  1903   03    14.161
  1903   04    13.804
  1903   05    12.630
  1903   06    10.631
  1903   07     7.887
  1903   08     6.197
  1903   09     6.662
  1903   10     9.153
  1903   11    10.647
  1903   12    12.012
  1904   01    13.276
  1904   02    13.912
  1904   03    14.255
  1904   04    13.932
  1904   05    12.544
  1904   06    10.328
  1904   07     7.965
  1904   08     6.359
  1904   09     7.078
  1904   10     8.949
  1904   11    10.231
  1904   12    11.700
  1905   01    13.007
  1905   02    13.594
  1905   03    13.855
  1905   04    13.438
  1905   05    12.610
  1905   06    10.046
  1905   07     7.766
  1905   08     6.166
  1905   09     6.793
  1905   10     8.853
  1905   11    10.650
  1905   12    12.162
  1906   01    13.414
  1906   02    13.948
  1906   03    13.959
  1906   04    13.490
  1906   05    12.432
  1906   06    10.488
  1906   07     8.220
  1906   08     6.355
  1906   09     6.896
  1906   10     8.856
  1906   11    10.145
  1906   12    11.396
  1907   01    12.942
  1907   02    13.366
  1907   03    13.648
  1907   04    13.303
  1907   05    12.174
  1907   06    10.327
  1907   07     7.935
  1907   08     6.209
  1907   09     6.882
  1907   10     8.834
  1907   11     9.987
  1907   12    11.340
  1908   01    12.907
  1908   02    13.661
  1908   03    13.877
  1908   04    13.745
  1908   05    12.363
  1908   06     9.854
  1908   07     7.719
  1908   08     5.961
  1908   09     6.409
  1908   10     8.643
  1908   11    10.213
  1908   12    11.645
  1909   01    13.003
  1909   02    13.640
  1909   03    13.908
  1909   04    13.711
  1909   05    12.590
  1909   06    10.569
  1909   07     8.255
  1909   08     6.556
  1909   09     7.268
  1909   10     9.139
  1909   11    10.540
  1909   12    11.764
  1910   01    13.403
  1910   02    13.814
  1910   03    13.930
  1910   04    13.770
  1910   05    12.837
  1910   06    10.942
  1910   07     8.455
  1910   08     6.850
  1910   09     7.675
  1910   10     9.229
  1910   11    10.666
  1910   12    12.124
  1911   01    13.447
  1911   02    14.033
  1911   03    14.123
  1911   04    13.872
  1911   05    12.593
  1911   06    10.726
  1911   07     8.377
  1911   08     6.196
  1911   09     7.077
  1911   10     9.049
  1911   11    10.412
  1911   12    11.945
  1912   01    13.380
  1912   02    14.095
  1912   03    14.212
  1912   04    13.950
  1912   05    12.991
  1912   06    10.345
  1912   07     7.896
  1912   08     6.308
  1912   09     6.717
  1912   10     9.040
  1912   11    10.474
  1912   12    11.872
  1913   01    13.283
  1913   02    13.971
  1913   03    14.213
  1913   04    13.854
  1913   05    12.853
  1913   06    10.714
  1913   07     8.160
  1913   08     6.483
  1913   09     7.117
  1913   10     9.212
  1913   11    10.505
  1913   12    11.788
  1914   01    13.131
  1914   02    13.783
  1914   03    13.990
  1914   04    13.770
  1914   05    12.827
  1914   06    10.008
  1914   07     7.358
  1914   08     5.964
  1914   09     6.611
  1914   10     8.795
  1914   11    10.514
  1914   12    11.782
  1915   01    13.187
  1915   02    13.589
  1915   03    13.792
  1915   04    13.367
  1915   05    12.269
  1915   06    10.134
  1915   07     7.882
  1915   08     6.213
  1915   09     6.740
  1915   10     8.648
  1915   11     9.869
  1915   12    11.146
  1916   01    12.913
  1916   02    13.419
  1916   03    13.842
  1916   04    13.872
  1916   05    12.722
  1916   06    10.119
  1916   07     7.629
  1916   08     5.827
  1916   09     6.432
  1916   10     8.509
  1916   11     9.962
  1916   12    11.819
  1917   01    13.169
  1917   02    13.793
  1917   03    13.945
  1917   04    13.729
  1917   05    12.251
  1917   06     9.269
  1917   07     7.307
  1917   08     5.606
  1917   09     6.401
  1917   10     8.245
  1917   11     9.865
  1917   12    11.379
  1918   01    12.926
  1918   02    13.343
  1918   03    13.564
  1918   04    13.307
  1918   05    12.338
  1918   06    10.254
  1918   07     8.278
  1918   08     6.721
  1918   09     7.278
  1918   10     8.755
  1918   11    10.188
  1918   12    11.400
  1919   01    12.946
  1919   02    13.653
  1919   03    13.946
  1919   04    13.524
  1919   05    12.198
  1919   06    10.105
  1919   07     8.160
  1919   08     6.410
  1919   09     7.051
  1919   10     8.738
  1919   11    10.403
  1919   12    11.652
  1920   01    13.132
  1920   02    13.629
  1920   03    13.983
  1920   04    13.449
  1920   05    12.598
  1920   06    10.759
  1920   07     8.528
  1920   08     6.843
  1920   09     7.355
  1920   10     9.359
  1920   11    10.622
  1920   12    11.678
  1921   01    12.973
  1921   02    13.692
  1921   03    13.796
  1921   04    13.567
  1921   05    12.376
  1921   06    10.356
  1921   07     8.254
  1921   08     6.633
  1921   09     7.257
  1921   10     8.840
  1921   11    10.390
  1921   12    11.813
  1922   01    13.274
  1922   02    13.734
  1922   03    14.120
  1922   04    13.668
  1922   05    12.614
  1922   06    10.785
  1922   07     8.535
  1922   08     6.666
  1922   09     7.423
  1922   10     8.988
  1922   11    10.590
  1922   12    11.938
  1923   01    13.353
  1923   02    13.788
  1923   03    13.923
  1923   04    13.628
  1923   05    12.655
  1923   06    10.338
  1923   07     7.928
  1923   08     6.391
  1923   09     6.993
  1923   10     9.222
  1923   11    10.432
  1923   12    12.105
  1924   01    13.454
  1924   02    13.949
  1924   03    13.957
  1924   04    13.746
  1924   05    12.804
  1924   06    10.916
  1924   07     8.714
  1924   08     6.592
  1924   09     7.188
  1924   10     9.315
  1924   11    10.430
  1924   12    11.700
  1925   01    13.283
  1925   02    13.864
  1925   03    14.208
  1925   04    13.976
  1925   05    12.708
  1925   06    10.108
  1925   07     8.310
  1925   08     6.807
  1925   09     7.463
  1925   10     9.157
  1925   11    10.884
  1925   12    12.178
  1926   01    13.619
  1926   02    14.182
  1926   03    14.600
  1926   04    14.272
  1926   05    12.996
  1926   06    10.828
  1926   07     8.236
  1926   08     6.770
  1926   09     7.092
  1926   10     9.089
  1926   11    10.807
  1926   12    12.655
  1927   01    14.039
  1927   02    14.649
  1927   03    14.926
  1927   04    14.384
  1927   05    12.899
  1927   06    10.361
  1927   07     8.006
  1927   08     5.997
  1927   09     6.575
  1927   10     8.812
  1927   11    10.301
  1927   12    12.211
  1928   01    13.309
  1928   02    13.982
  1928   03    14.435
  1928   04    14.003
  1928   05    12.810
  1928   06    10.804
  1928   07     8.466
  1928   08     6.614
  1928   09     7.189
  1928   10     8.864
  1928   11    10.245
  1928   12    12.260
  1929   01    13.222
  1929   02    14.023
  1929   03    14.241
  1929   04    13.590
  1929   05    12.753
  1929   06    10.427
  1929   07     7.629
  1929   08     5.942
  1929   09     6.641
  1929   10     8.739
  1929   11    10.391
  1929   12    11.628
  1930   01    12.824
  1930   02    13.306
  1930   03    13.606
  1930   04    13.252
  1930   05    12.374
  1930   06    10.101
  1930   07     8.024
  1930   08     6.279
  1930   09     6.955
  1930   10     8.953
  1930   11    10.183
  1930   12    11.272
  1931   01    12.686
  1931   02    13.361
  1931   03    13.749
  1931   04    13.303
  1931   05    11.915
  1931   06     9.921
  1931   07     7.654
  1931   08     6.101
  1931   09     6.606
  1931   10     8.762
  1931   11    10.024
  1931   12    11.374
  1932   01    12.632
  1932   02    13.260
  1932   03    13.432
  1932   04    13.085
  1932   05    11.983
  1932   06     9.558
  1932   07     7.614
  1932   08     5.743
  1932   09     6.292
  1932   10     8.547
  1932   11     9.565
  1932   12    10.874
  1933   01    12.508
  1933   02    13.035
  1933   03    13.169
  1933   04    12.894
  1933   05    12.019
  1933   06     9.461
  1933   07     6.974
  1933   08     5.297
  1933   09     6.097
  1933   10     8.225
  1933   11     9.876
  1933   12    11.142
  1934   01    12.678
  1934   02    13.260
  1934   03    13.412
  1934   04    13.145
  1934   05    12.030
  1934   06     9.615
  1934   07     7.286
  1934   08     5.619
  1934   09     5.845
  1934   10     8.369
  1934   11    10.041
  1934   12    11.711
  1935   01    12.784
  1935   02    13.504
  1935   03    14.008
  1935   04    13.366
  1935   05    12.121
  1935   06     9.663
  1935   07     7.902
  1935   08     5.640
  1935   09     6.085
  1935   10     8.407
  1935   11     9.896
  1935   12    11.104
  1936   01    12.790
  1936   02    13.574
  1936   03    13.777
  1936   04    13.352
  1936   05    12.404
  1936   06     9.735
  1936   07     7.461
  1936   08     5.744
  1936   09     5.867
  1936   10     8.404
  1936   11     9.823
  1936   12    11.167
  1937   01    12.695
  1937   02    13.462
  1937   03    13.835
  1937   04    13.636
  1937   05    12.259
  1937   06     9.656
  1937   07     7.578
  1937   08     5.778
  1937   09     6.312
  1937   10     8.509
  1937   11     9.586
  1937   12    11.036
  1938   01    12.472
  1938   02    13.271
  1938   03    13.498
  1938   04    13.314
  1938   05    12.220
  1938   06     9.876
  1938   07     7.485
  1938   08     5.437
  1938   09     6.095
  1938   10     8.561
  1938   11     9.851
  1938   12    11.335
  1939   01    12.432
  1939   02    13.134
  1939   03    13.548
  1939   04    13.198
  1939   05    11.849
  1939   06     9.751
  1939   07     7.198
  1939   08     5.120
  1939   09     5.736
  1939   10     8.293
  1939   11     9.434
  1939   12    10.769
  1940   01    12.322
  1940   02    13.059
  1940   03    13.271
  1940   04    12.999
  1940   05    12.021
  1940   06     9.876
  1940   07     7.603
  1940   08     5.668
  1940   09     5.893
  1940   10     8.523
  1940   11    10.002
  1940   12    11.901
  1941   01    12.842
  1941   02    13.388
  1941   03    13.598
  1941   04    13.316
  1941   05    12.080
  1941   06    10.215
  1941   07     7.686
  1941   08     5.772
  1941   09     6.677
  1941   10     8.461
  1941   11     9.578
  1941   12    11.161
  1942   01    12.734
  1942   02    12.980
  1942   03    13.179
  1942   04    13.061
  1942   05    11.983
  1942   06    10.195
  1942   07     7.936
  1942   08     5.701
  1942   09     6.287
  1942   10     8.487
  1942   11    10.273
  1942   12    11.642
  1943   01    12.952
  1943   02    13.530
  1943   03    13.660
  1943   04    13.435
  1943   05    12.331
  1943   06    10.290
  1943   07     8.168
  1943   08     6.248
  1943   09     6.947
  1943   10     9.122
  1943   11    10.359
  1943   12    11.994
  1944   01    13.331
  1944   02    13.964
  1944   03    14.278
  1944   04    13.853
  1944   05    12.676
  1944   06    10.691
  1944   07     7.939
  1944   08     6.050
  1944   09     6.326
  1944   10     8.631
  1944   11    10.520
  1944   12    11.747
  1945   01    13.389
  1945   02    14.029
  1945   03    14.090
  1945   04    13.459
  1945   05    12.442
  1945   06    10.103
  1945   07     8.304
  1945   08     6.553
  1945   09     7.083
  1945   10     8.714
  1945   11    10.462
  1945   12    12.128
  1946   01    13.515
  1946   02    14.178
  1946   03    14.322
  1946   04    14.011
  1946   05    12.924
  1946   06    10.511
  1946   07     7.431
  1946   08     5.428
  1946   09     5.993
  1946   10     7.990
  1946   11    10.521
  1946   12    11.868
  1947   01    13.411
  1947   02    13.922
  1947   03    14.042
  1947   04    13.849
  1947   05    13.236
  1947   06    10.598
  1947   07     7.875
  1947   08     5.979
  1947   09     6.486
  1947   10     9.061
  1947   11    10.543
  1947   12    11.920
  1948   01    13.228
  1948   02    13.825
  1948   03    14.083
  1948   04    13.638
  1948   05    12.828
  1948   06    10.421
  1948   07     8.123
  1948   08     5.966
  1948   09     6.223
  1948   10     8.647
  1948   11    10.643
  1948   12    11.945
  1949   01    13.226
  1949   02    13.873
  1949   03    14.189
  1949   04    14.026
  1949   05    12.505
  1949   06    10.210
  1949   07     7.383
  1949   08     5.598
  1949   09     6.175
  1949   10     8.470
  1949   11    10.240
  1949   12    11.740
  1950   01    13.262
  1950   02    14.127
  1950   03    14.475
  1950   04    14.028
  1950   05    12.568
  1950   06     9.876
  1950   07     7.079
  1950   08     5.062
  1950   09     5.433
  1950   10     7.847
  1950   11     9.962
  1950   12    11.809
  1951   01    12.905
  1951   02    13.363
  1951   03    13.571
  1951   04    13.222
  1951   05    12.093
  1951   06    10.050
  1951   07     7.457
  1951   08     5.493
  1951   09     5.817
  1951   10     8.363
  1951   11    10.073
  1951   12    11.239
  1952   01    12.845
  1952   02    13.462
  1952   03    13.739
  1952   04    13.174
  1952   05    12.118
  1952   06    10.055
  1952   07     7.495
  1952   08     5.542
  1952   09     6.200
  1952   10     8.494
  1952   11    10.092
  1952   12    11.347
  1953   01    12.773
  1953   02    13.420
  1953   03    13.632
  1953   04    13.129
  1953   05    12.073
  1953   06     9.487
  1953   07     7.547
  1953   08     5.911
  1953   09     6.772
  1953   10     8.355
  1953   11     9.842
  1953   12    10.943
  1954   01    12.382
  1954   02    12.927
  1954   03    13.134
  1954   04    12.831
  1954   05    11.809
  1954   06    10.044
  1954   07     7.556
  1954   08     5.696
  1954   09     5.931
  1954   10     8.491
  1954   11     9.999
  1954   12    11.106
  1955   01    12.690
  1955   02    13.160
  1955   03    13.321
  1955   04    13.002
  1955   05    12.355
  1955   06    10.234
  1955   07     7.485
  1955   08     6.195
  1955   09     6.640
  1955   10     8.414
  1955   11     9.989
  1955   12    11.497
  1956   01    12.866
  1956   02    13.254
  1956   03    13.607
  1956   04    13.139
  1956   05    11.994
  1956   06     9.574
  1956   07     7.463
  1956   08     5.827
  1956   09     6.277
  1956   10     8.330
  1956   11    10.059
  1956   12    11.256
  1957   01    12.867
  1957   02    13.515
  1957   03    13.866
  1957   04    13.554
  1957   05    12.536
  1957   06    10.141
  1957   07     8.071
  1957   08     5.977
  1957   09     6.677
  1957   10     8.873
  1957   11     9.988
  1957   12    11.251
  1958   01    12.693
  1958   02    13.414
  1958   03    13.522
  1958   04    13.221
  1958   05    12.463
  1958   06     9.995
  1958   07     7.897
  1958   08     6.201
  1958   09     7.066
  1958   10     8.880
  1958   11    10.170
  1958   12    11.589
  1959   01    12.841
  1959   02    13.370
  1959   03    13.587
  1959   04    13.345
  1959   05    12.468
  1959   06    10.404
  1959   07     8.126
  1959   08     6.207
  1959   09     6.998
  1959   10     8.830
  1959   11    10.323
  1959   12    11.827
  1960   01    13.082
  1960   02    13.619
  1960   03    13.944
  1960   04    13.390
  1960   05    12.441
  1960   06    10.309
  1960   07     7.640
  1960   08     5.937
  1960   09     6.414
  1960   10     8.687
  1960   11     9.948
  1960   12    11.860
  1961   01    13.080
  1961   02    13.824
  1961   03    14.173
  1961   04    13.748
  1961   05    12.731
  1961   06    10.493
  1961   07     7.525
  1961   08     5.919
  1961   09     6.073
  1961   10     8.416
  1961   11    10.367
  1961   12    11.705
  1962   01    13.097
  1962   02    13.776
  1962   03    13.899
  1962   04    13.392
  1962   05    12.502
  1962   06    10.290
  1962   07     8.211
  1962   08     5.900
  1962   09     6.359
  1962   10     8.870
  1962   11    10.324
  1962   12    11.676
  1963   01    13.078
  1963   02    13.792
  1963   03    14.005
  1963   04    13.662
  1963   05    12.513
  1963   06    10.728
  1963   07     8.146
  1963   08     6.187
  1963   09     6.989
  1963   10     9.065
  1963   11    10.511
  1963   12    11.748
  1964   01    13.132
  1964   02    13.770
  1964   03    13.996
  1964   04    13.700
  1964   05    12.810
  1964   06    10.651
  1964   07     8.262
  1964   08     6.794
  1964   09     7.189
  1964   10     8.998
  1964   11    10.150
  1964   12    11.847
  1965   01    13.050
  1965   02    13.682
  1965   03    14.235
  1965   04    13.897
  1965   05    12.563
  1965   06    10.560
  1965   07     8.077
  1965   08     6.588
  1965   09     7.351
  1965   10     8.918
  1965   11    10.309
  1965   12    12.123
  1966   01    13.423
  1966   02    14.090
  1966   03    14.513
  1966   04    14.248
  1966   05    13.076
  1966   06    10.607
  1966   07     8.128
  1966   08     6.669
  1966   09     7.104
  1966   10     8.639
  1966   11    10.084
  1966   12    11.608
  1967   01    12.889
  1967   02    13.559
  1967   03    13.689
  1967   04    13.394
  1967   05    12.339
  1967   06    10.269
  1967   07     8.020
  1967   08     6.661
  1967   09     7.401
  1967   10     8.761
  1967   11    10.346
  1967   12    11.867
  1968   01    13.177
  1968   02    13.805
  1968   03    14.070
  1968   04    13.712
  1968   05    12.723
  1968   06    10.527
  1968   07     8.251
  1968   08     6.519
  1968   09     7.255
  1968   10     9.160
  1968   11    10.417
  1968   12    11.672
  1969   01    13.241
  1969   02    13.941
  1969   03    14.353
  1969   04    13.965
  1969   05    12.538
  1969   06    10.644
  1969   07     8.170
  1969   08     6.803
  1969   09     7.085
  1969   10     9.012
  1969   11    10.480
  1969   12    12.042
  1970   01    13.506
  1970   02    14.095
  1970   03    14.511
  1970   04    14.178
  1970   05    13.124
  1970   06    10.708
  1970   07     8.201
  1970   08     6.144
  1970   09     6.638
  1970   10     8.988
  1970   11    10.762
  1970   12    12.070
  1971   01    13.683
  1971   02    14.350
  1971   03    14.406
  1971   04    13.858
  1971   05    12.654
  1971   06    10.118
  1971   07     8.001
  1971   08     6.491
  1971   09     7.038
  1971   10     9.082
  1971   11    10.643
  1971   12    11.913
  1972   01    13.325
  1972   02    14.040
  1972   03    14.237
  1972   04    13.800
  1972   05    12.585
  1972   06    10.398
  1972   07     8.397
  1972   08     6.523
  1972   09     7.283
  1972   10     9.308
  1972   11    10.653
  1972   12    12.065
  1973   01    13.325
  1973   02    14.033
  1973   03    14.242
  1973   04    13.689
  1973   05    12.573
  1973   06    10.492
  1973   07     8.268
  1973   08     6.961
  1973   09     7.217
  1973   10     9.086
  1973   11    10.624
  1973   12    11.730
  1974   01    13.164
  1974   02    13.835
  1974   03    14.017
  1974   04    13.586
  1974   05    12.544
  1974   06    10.341
  1974   07     8.335
  1974   08     6.954
  1974   09     7.348
  1974   10     8.942
  1974   11    10.316
  1974   12    11.678
  1975   01    13.004
  1975   02    13.562
  1975   03    13.990
  1975   04    13.675
  1975   05    12.473
  1975   06    10.317
  1975   07     8.199
  1975   08     6.700
  1975   09     7.139
  1975   10     8.655
  1975   11    10.071
  1975   12    11.982
  1976   01    13.094
  1976   02    13.804
  1976   03    14.130
  1976   04    13.995
  1976   05    12.724
  1976   06    10.390
  1976   07     8.112
  1976   08     6.620
  1976   09     7.379
  1976   10     8.861
  1976   11    10.353
  1976   12    11.720
  1977   01    12.931
  1977   02    13.517
  1977   03    13.700
  1977   04    13.372
  1977   05    12.397
  1977   06    10.168
  1977   07     8.167
  1977   08     6.746
  1977   09     7.590
  1977   10     9.099
  1977   11    10.389
  1977   12    11.793
  1978   01    13.038
  1978   02    13.455
  1978   03    13.632
  1978   04    13.123
  1978   05    12.376
  1978   06    10.422
  1978   07     8.234
  1978   08     6.763
  1978   09     7.404
  1978   10     9.001
  1978   11    10.280
  1978   12    11.401
  1979   01    13.054
  1979   02    13.938
  1979   03    14.242
  1979   04    13.538
  1979   05    12.514
  1979   06    10.666
  1979   07     8.072
  1979   08     6.472
  1979   09     6.893
  1979   10     8.775
  1979   11     9.950
  1979   12    11.643
  1980   01    13.079
  1980   02    13.882
  1980   03    13.959
  1980   04    13.121
  1980   05    12.275
  1980   06    10.255
  1980   07     7.941
  1980   08     6.528
  1980   09     6.612
  1980   10     8.395
  1980   11     9.813
  1980   12    11.229
  1981   01    12.875
  1981   02    13.594
  1981   03    13.893
  1981   04    13.412
  1981   05    12.248
  1981   06     9.828
  1981   07     7.496
  1981   08     6.267
  1981   09     6.833
  1981   10     8.560
  1981   11    10.128
  1981   12    11.303
  1982   01    12.629
  1982   02    13.371
  1982   03    13.399
  1982   04    13.115
  1982   05    12.018
  1982   06     9.715
  1982   07     7.673
  1982   08     5.726
  1982   09     6.443
  1982   10     8.712
  1982   11     9.897
  1982   12    11.557
  1983   01    12.704
  1983   02    13.400
  1983   03    13.535
  1983   04    13.395
  1983   05    12.244
  1983   06     9.872
  1983   07     7.103
  1983   08     5.431
  1983   09     6.069
  1983   10     8.412
  1983   11     9.783
  1983   12    11.551
  1984   01    12.993
  1984   02    13.576
  1984   03    13.829
  1984   04    13.202
  1984   05    12.031
  1984   06     9.936
  1984   07     7.530
  1984   08     5.888
  1984   09     6.583
  1984   10     8.038
  1984   11     9.482
  1984   12    10.973
  1985   01    12.554
  1985   02    13.243
  1985   03    13.683
  1985   04    13.292
  1985   05    11.875
  1985   06     9.181
  1985   07     6.895
  1985   08     5.572
  1985   09     6.139
  1985   10     7.994
  1985   11     9.432
  1985   12    11.231
  1986   01    12.676
  1986   02    13.466
  1986   03    13.917
  1986   04    13.291
  1986   05    12.094
  1986   06     9.699
  1986   07     7.050
  1986   08     5.394
  1986   09     6.094
  1986   10     8.115
  1986   11     9.642
  1986   12    11.322
  1987   01    12.645
  1987   02    13.061
  1987   03    13.251
  1987   04    12.859
  1987   05    12.089
  1987   06     9.850
  1987   07     7.878
  1987   08     6.212
  1987   09     6.250
  1987   10     8.450
  1987   11    10.003
  1987   12    11.270
  1988   01    12.631
  1988   02    13.233
  1988   03    13.461
  1988   04    13.224
  1988   05    12.219
  1988   06     9.905
  1988   07     7.604
  1988   08     5.898
  1988   09     6.468
  1988   10     8.495
  1988   11     9.930
  1988   12    11.504
  1989   01    13.067
  1989   02    13.650
  1989   03    13.797
  1989   04    13.366
  1989   05    12.287
  1989   06     9.545
  1989   07     7.476
  1989   08     5.685
  1989   09     5.989
  1989   10     8.388
  1989   11     9.888
  1989   12    11.649
  1990   01    13.160
  1990   02    13.685
  1990   03    14.040
  1990   04    13.658
  1990   05    12.400
  1990   06     9.930
  1990   07     7.866
  1990   08     5.636
  1990   09     6.439
  1990   10     8.511
  1990   11     9.770
  1990   12    11.606
  1991   01    13.110
  1991   02    13.662
  1991   03    14.044
  1991   04    13.869
  1991   05    12.102
  1991   06     9.165
  1991   07     7.485
  1991   08     5.443
  1991   09     5.888
  1991   10     7.919
  1991   11     9.502
  1991   12    11.355
  1992   01    12.941
  1992   02    13.661
  1992   03    13.599
  1992   04    13.176
  1992   05    12.037
  1992   06     9.337
  1992   07     7.468
  1992   08     5.668
  1992   09     6.184
  1992   10     8.187
  1992   11     9.728
  1992   12    11.330
  1993   01    12.835
  1993   02    13.370
  1993   03    13.764
  1993   04    13.465
  1993   05    11.899
  1993   06     9.823
  1993   07     7.462
  1993   08     5.778
  1993   09     6.469
  1993   10     8.665
  1993   11     9.670
  1993   12    11.180
  1994   01    12.606
  1994   02    13.372
  1994   03    13.705
  1994   04    13.192
  1994   05    12.016
  1994   06    10.074
  1994   07     7.675
  1994   08     5.994
  1994   09     6.395
  1994   10     8.624
  1994   11     9.771
  1994   12    11.641
  1995   01    12.867
  1995   02    13.601
  1995   03    13.741
  1995   04    13.576
  1995   05    12.388
  1995   06    10.238
  1995   07     7.810
  1995   08     5.895
  1995   09     6.415
  1995   10     8.669
  1995   11     9.998
  1995   12    11.484
  1996   01    13.139
  1996   02    13.712
  1996   03    13.990
  1996   04    13.502
  1996   05    12.014
  1996   06     9.291
  1996   07     7.265
  1996   08     5.747
  1996   09     6.235
  1996   10     8.247
  1996   11     9.774
  1996   12    11.179
  1997   01    12.735
  1997   02    13.451
  1997   03    13.812
  1997   04    13.310
  1997   05    11.987
  1997   06     9.592
  1997   07     7.456
  1997   08     5.596
  1997   09     6.339
  1997   10     8.344
  1997   11     9.566
  1997   12    11.146
  1998   01    12.435
  1998   02    13.338
  1998   03    13.921
  1998   04    13.455
  1998   05    12.201
  1998   06     9.263
  1998   07     7.536
  1998   08     6.233
  1998   09     6.914
  1998   10     8.492
  1998   11     9.716
  1998   12    11.508
  1999   01    12.888
  1999   02    13.392
  1999   03    13.656
  1999   04    13.125
  1999   05    11.831
  1999   06     9.541
  1999   07     7.570
  1999   08     5.969
  1999   09     6.858
  1999   10     8.627
  1999   11     9.861
  1999   12    11.123
  2000   01    12.815
  2000   02    13.291
  2000   03    13.523
  2000   04    13.282
  2000   05    12.268
  2000   06     9.730
  2000   07     7.582
  2000   08     6.237
  2000   09     6.726
  2000   10     8.499
  2000   11     9.871
  2000   12    10.791
  2001   01    12.261
  2001   02    13.288
  2001   03    13.583
  2001   04    13.267
  2001   05    12.078
  2001   06     9.503
  2001   07     8.009
  2001   08     6.480
  2001   09     6.986
  2001   10     8.766
  2001   11     9.724
  2001   12    11.090
  2002   01    12.531
  2002   02    13.237
  2002   03    13.215
  2002   04    12.926
  2002   05    11.903
  2002   06     9.853
  2002   07     7.683
  2002   08     5.977
  2002   09     6.788
  2002   10     8.413
  2002   11     9.711
  2002   12    11.054
  2003   01    12.774
  2003   02    13.416
  2003   03    13.547
  2003   04    13.262
  2003   05    12.207
  2003   06     9.912
  2003   07     7.738
  2003   08     6.069
  2003   09     6.837
  2003   10     8.461
  2003   11     9.846
  2003   12    11.566
  2004   01    12.751
  2004   02    13.194
  2004   03    13.523
  2004   04    13.222
  2004   05    12.331
  2004   06    10.019
  2004   07     7.372
  2004   08     5.860
  2004   09     6.145
  2004   10     8.319
  2004   11     9.767
  2004   12    11.034
  2005   01    12.426
  2005   02    12.950
  2005   03    13.352
  2005   04    13.093
  2005   05    11.907
  2005   06     9.399
  2005   07     7.409
  2005   08     5.675
  2005   09     6.065
  2005   10     8.199
  2005   11     9.379
  2005   12    10.960
  2006   01    12.319
  2006   02    12.906
  2006   03    13.114
  2006   04    12.879
  2006   05    11.855
  2006   06     9.555
  2006   07     7.734
  2006   08     6.403
  2006   09     7.195
  2006   10     8.465
  2006   11     9.587
  2006   12    11.091
  2007   01    12.262
  2007   02    12.920
  2007   03    13.226
  2007   04    12.993
  2007   05    12.017
  2007   06     9.660
  2007   07     7.903
  2007   08     6.595
  2007   09     7.153
  2007   10     8.866
  2007   11     9.906
  2007   12    11.407
  2008   01    12.606
  2008   02    13.050
  2008   03    13.258
  2008   04    12.668
  2008   05    11.767
  2008   06     9.263
  2008   07     7.447
  2008   08     5.138
  2008   09     5.675
  2008   10     8.272
  2008   11     9.671
  2008   12    11.180
  2009   01    12.667
  2009   02    13.203
  2009   03    13.441
  2009   04    13.240
  2009   05    11.961
  2009   06     9.776
  2009   07     7.439
  2009   08     5.264
  2009   09     6.035
  2009   10     8.209
  2009   11     9.757
  2009   12    11.142
  2010   01    12.623
  2010   02    13.262
  2010   03    13.487
  2010   04    13.122
  2010   05    12.004
  2010   06     9.255
  2010   07     7.139
  2010   08     5.377
  2010   09     5.685
  2010   10     7.996
  2010   11     9.506
  2010   12    10.731
  2011   01    12.307
  2011   02    12.714
  2011   03    12.879
  2011   04    12.580
  2011   05    11.763
  2011   06     9.716
  2011   07     7.225
  2011   08     5.518
  2011   09     5.986
  2011   10     8.271
  2011   11     9.522
  2011   12    11.180
  2012   01    12.570
  2012   02    12.974
  2012   03    13.024
  2012   04    12.858
  2012   05    12.012
  2012   06    10.013
  2012   07     7.698
  2012   08     5.666
  2012   09     6.242
  2012   10     8.458
  2012   11    10.050
  2012   12    10.931
  2013   01    12.492
  2013   02    13.035
  2013   03    12.994
  2013   04    12.716
  2013   05    11.692
  2013   06     9.287
  2013   07     6.948
  2013   08     4.740
  2013   09     5.328
  2013   10     8.240
  2013   11     9.769
  2013   12    11.223
  2014   01    12.287
  2014   02    13.085
  2014   03    13.275
  2014   04    13.034
  2014   05    11.992
  2014   06     9.373
  2014   07     6.795
  2014   08     4.600
  2014   09     4.674
  2014   10     6.882
  2014   11     9.639
  2014   12    10.971
  2015   01    12.623
  2015   02    13.157
  2015   03    13.580
  2015   04    13.148
  2015   05    11.607
  2015   06     9.214
  2015   07     6.545
  2015   08     4.405
  2015   09     4.778
  2015   10     7.232
  2015   11     9.268
  2015   12    10.563
  2016   01    12.175
  2016   02    13.060
  2016   03    13.327
  2016   04    13.063
  2016   05    11.890
  2016   06     9.195
  2016   07     6.669
  2016   08     4.019
  2016   09     4.696
  2016   10     7.933
  2016   11     9.304
  2016   12    11.004
  2017   01    12.578
  2017   02    13.327
  2017   03    13.629
  2017   04    13.145
  2017   05    11.791
  2017   06     9.287
  2017   07     6.933
  2017   08     4.530
  2017   09     5.042
  2017   10     7.869
  2017   11     9.538
  2017   12    10.828
  2018   01    12.333
  2018   02    13.090
  2018   03    13.265
  2018   04    12.749
  2018   05    11.610
  2018   06     8.929
  2018   07     6.623
  2018   08     4.640
  2018   09     4.721
  2018   10     6.919
  2018   11     9.299
  2018   12    10.696
  2019   01    12.519
  2019   02    13.188
  2019   03    13.559
  2019   04    13.101
  2019   05    11.906
  2019   06     8.842
  2019   07     6.390
  2019   08     4.373
  2019   09     4.561
  2019   10     6.645
  2019   11     9.330
  2019   12    10.650
  2020   01    12.090
  2020   02    12.859
  2020   03    13.120
  2020   04    12.843
  2020   05    11.349
  2020   06     8.593
  2020   07     6.260
  2020   08     3.752
  2020   09     3.936
  2020   10     7.256
  2020   11     9.329
  2020   12    10.718
  2021   01    11.766
  2021   02    12.885
  2021   03    13.300
  2021   04    12.985
  2021   05    11.936
  2021   06     9.377
  2021   07     6.977
  2021   08     4.058
  2021   09     4.677
  2021   10     7.578
  2021   11     9.539
  2021   12    10.822
  2022   01    12.508
  2022   02    13.053
  2022   03    13.359
  2022   04    13.207
  2022   05    12.125
  2022   06     9.091
  2022   07     6.511
  2022   08     4.348
  2022   09     4.303
  2022   10     7.091
  2022   11     9.133
  2022   12    10.672
  2023   01    12.308
  2023   02    13.012
  2023   03    13.287
  2023   04    13.095
  2023   05    11.891
  2023   06     8.986
  2023   07     6.171
  2023   08     4.185
  2023   09     4.249
  2023   10     6.050
  2023   11     9.016
  2023   12    10.492
  2024   01    12.131
  2024   02    12.827
  2024   03    13.184
  2024   04    12.591
  2024   05    11.327
  2024   06     8.449
  2024   07     5.998
  2024   08     4.028
  2024   09     4.096
  2024   10     5.823
  2024   11     8.721
  2024   12    10.172
  2025   01    11.772
  2025   02    12.482
  2025   03    12.684
  2025   04    12.459
  2025   05    11.226
  2025   06     8.715
  2025   07     6.379
  2025   08     4.107
  2025   09     4.411
  2025   10     6.401
  2025   11     8.688
  2025   12    10.285
  2026   01    11.809
  2026   02    12.536
  2026   03    12.840
  2026   04    12.326
  2026   05    11.264
  2026   06     8.694
  2026   07     6.052
  2026   08     3.883
  2026   09     4.062
  2026   10     6.461
  2026   11     9.018
  2026   12    10.043
  2027   01    11.608
  2027   02    12.408
  2027   03    12.596
  2027   04    12.444
  2027   05    11.449
  2027   06     8.675
  2027   07     6.184
  2027   08     4.026
  2027   09     4.034
  2027   10     6.338
  2027   11     8.684
  2027   12    10.296
  2028   01    11.626
  2028   02    12.344
  2028   03    12.690
  2028   04    12.405
  2028   05    11.557
  2028   06     8.935
  2028   07     5.857
  2028   08     3.990
  2028   09     3.990
  2028   10     6.291
  2028   11     8.896
  2028   12    10.073
  2029   01    11.364
  2029   02    12.262
  2029   03    12.539
  2029   04    12.352
  2029   05    11.274
  2029   06     8.617
  2029   07     5.818
  2029   08     3.665
  2029   09     3.822
  2029   10     6.048
  2029   11     8.504
  2029   12    10.073
  2030   01    11.058
  2030   02    12.152
  2030   03    12.598
  2030   04    12.523
  2030   05    10.721
  2030   06     8.363
  2030   07     5.212
  2030   08     3.354
  2030   09     3.325
  2030   10     5.115
  2030   11     8.633
  2030   12     9.940
  2031   01    10.837
  2031   02    11.750
  2031   03    12.254
  2031   04    11.995
  2031   05    10.863
  2031   06     8.623
  2031   07     5.855
  2031   08     3.647
  2031   09     3.752
  2031   10     5.860
  2031   11     9.002
  2031   12     9.853
  2032   01    11.045
  2032   02    12.175
  2032   03    12.382
  2032   04    12.095
  2032   05    10.663
  2032   06     8.289
  2032   07     5.542
  2032   08     3.562
  2032   09     3.687
  2032   10     5.398
  2032   11     8.940
  2032   12     9.747
  2033   01    11.185
  2033   02    12.156
  2033   03    12.503
  2033   04    12.111
  2033   05    11.035
  2033   06     7.841
  2033   07     5.349
  2033   08     3.165
  2033   09     3.301
  2033   10     5.418
  2033   11     8.585
  2033   12    10.035
  2034   01    11.259
  2034   02    12.157
  2034   03    12.527
  2034   04    12.019
  2034   05    10.867
  2034   06     8.117
  2034   07     5.150
  2034   08     3.065
  2034   09     3.326
  2034   10     4.981
  2034   11     8.331
  2034   12     9.827
  2035   01    11.194
  2035   02    12.372
  2035   03    12.680
  2035   04    12.492
  2035   05    10.963
  2035   06     8.379
  2035   07     5.835
  2035   08     3.346
  2035   09     3.515
  2035   10     6.028
  2035   11     8.852
  2035   12    10.369
  2036   01    11.474
  2036   02    12.408
  2036   03    12.782
  2036   04    12.471
  2036   05    11.034
  2036   06     8.275
  2036   07     6.039
  2036   08     4.052
  2036   09     4.235
  2036   10     6.374
  2036   11     9.156
  2036   12    10.342
  2037   01    11.703
  2037   02    12.344
  2037   03    12.706
  2037   04    12.650
  2037   05    11.279
  2037   06     8.464
  2037   07     5.831
  2037   08     3.904
  2037   09     4.159
  2037   10     6.340
  2037   11     8.965
  2037   12    10.149
  2038   01    11.447
  2038   02    12.563
  2038   03    13.002
  2038   04    12.796
  2038   05    11.260
  2038   06     8.444
  2038   07     6.142
  2038   08     4.338
  2038   09     4.135
  2038   10     5.701
  2038   11     8.671
  2038   12    10.260
  2039   01    11.975
  2039   02    13.022
  2039   03    13.444
  2039   04    12.978
  2039   05    11.328
  2039   06     8.204
  2039   07     5.766
  2039   08     3.366
  2039   09     3.621
  2039   10     5.388
  2039   11     8.399
  2039   12     9.800
  2040   01    11.051
  2040   02    12.082
  2040   03    12.757
  2040   04    12.493
  2040   05    10.950
  2040   06     8.213
  2040   07     5.034
  2040   08     3.154
  2040   09     3.300
  2040   10     4.941
  2040   11     8.672
  2040   12    10.105
  2041   01    11.162
  2041   02    12.242
  2041   03    12.765
  2041   04    12.582
  2041   05    11.139
  2041   06     8.352
  2041   07     5.461
  2041   08     3.228
  2041   09     3.329
  2041   10     5.873
  2041   11     8.626
  2041   12     9.789
  2042   01    11.137
  2042   02    12.335
  2042   03    12.621
  2042   04    12.133
  2042   05    10.566
  2042   06     8.189
  2042   07     5.287
  2042   08     3.295
  2042   09     3.414
  2042   10     5.100
  2042   11     8.643
  2042   12    10.011
  2043   01    11.141
  2043   02    12.225
  2043   03    12.641
  2043   04    12.291
  2043   05    10.810
  2043   06     8.173
  2043   07     5.274
  2043   08     2.737
  2043   09     3.245
  2043   10     4.665
  2043   11     8.653
  2043   12    10.161
  2044   01    11.370
  2044   02    12.307
  2044   03    12.722
  2044   04    12.633
  2044   05    11.266
  2044   06     7.905
  2044   07     4.746
  2044   08     2.706
  2044   09     2.980
  2044   10     4.766
  2044   11     7.936
  2044   12     9.756
  2045   01    10.689
  2045   02    11.887
  2045   03    12.399
  2045   04    12.312
  2045   05    10.984
  2045   06     8.662
  2045   07     5.104
  2045   08     2.617
  2045   09     2.611
  2045   10     4.846
  2045   11     8.348
  2045   12     9.649
  2046   01    11.027
  2046   02    12.257
  2046   03    12.713
  2046   04    12.301
  2046   05    11.029
  2046   06     8.290
  2046   07     5.774
  2046   08     3.357
  2046   09     3.294
  2046   10     5.133
  2046   11     8.474
  2046   12    10.081
  2047   01    11.206
  2047   02    12.349
  2047   03    12.774
  2047   04    12.575
  2047   05    11.203
  2047   06     8.320
  2047   07     5.053
  2047   08     2.833
  2047   09     3.115
  2047   10     5.456
  2047   11     7.834
  2047   12    10.104
  2048   01    11.326
  2048   02    12.671
  2048   03    12.986
  2048   04    12.508
  2048   05    11.212
  2048   06     8.071
  2048   07     4.843
  2048   08     2.979
  2048   09     3.204
  2048   10     4.802
  2048   11     8.345
  2048   12     9.850
  2049   01    10.914
  2049   02    12.278
  2049   03    12.605
  2049   04    12.167
  2049   05    10.819
  2049   06     8.031
  2049   07     4.899
  2049   08     3.190
  2049   09     3.336
  2049   10     4.944
  2049   11     8.477
  2049   12     9.651
  2050   01    11.107
  2050   02    12.226
  2050   03    12.692
  2050   04    12.237
  2050   05    10.967
  2050   06     8.244
  2050   07     5.058
  2050   08     3.075
  2050   09     3.089
  2050   10     4.647
  2050   11     8.382
  2050   12     9.777
  2051   01    10.970
  2051   02    12.073
  2051   03    12.465
  2051   04    12.106
  2051   05    11.045
  2051   06     8.016
  2051   07     5.761
  2051   08     3.409
  2051   09     3.714
  2051   10     5.306
  2051   11     8.062
  2051   12     9.458
  2052   01    10.969
  2052   02    12.063
  2052   03    12.324
  2052   04    12.021
  2052   05    10.778
  2052   06     8.512
  2052   07     5.226
  2052   08     3.164
  2052   09     3.849
  2052   10     5.630
  2052   11     8.660
  2052   12     9.747
  2053   01    10.614
  2053   02    11.741
  2053   03    12.214
  2053   04    11.992
  2053   05    10.529
  2053   06     7.627
  2053   07     4.746
  2053   08     2.972
  2053   09     3.278
  2053   10     4.725
  2053   11     7.788
  2053   12     9.637
  2054   01    10.856
  2054   02    11.932
  2054   03    12.243
  2054   04    11.992
  2054   05    10.852
  2054   06     7.983
  2054   07     4.832
  2054   08     2.403
  2054   09     2.343
  2054   10     4.247
  2054   11     7.237
  2054   12     9.539
  2055   01    10.502
  2055   02    11.854
  2055   03    12.120
  2055   04    11.724
  2055   05    10.482
  2055   06     7.510
  2055   07     3.859
  2055   08     1.062
  2055   09     1.513
  2055   10     3.401
  2055   11     7.394
  2055   12     9.402
  2056   01    10.680
  2056   02    11.640
  2056   03    12.292
  2056   04    11.910
  2056   05     9.982
  2056   06     7.447
  2056   07     4.158
  2056   08     1.708
  2056   09     1.503
  2056   10     3.850
  2056   11     7.172
  2056   12     9.160
  2057   01    10.298
  2057   02    11.651
  2057   03    12.094
  2057   04    11.770
  2057   05    10.281
  2057   06     7.652
  2057   07     4.525
  2057   08     1.581
  2057   09     1.213
  2057   10     3.873
  2057   11     7.759
  2057   12     9.521
  2058   01    10.865
  2058   02    11.783
  2058   03    12.126
  2058   04    11.642
  2058   05    10.016
  2058   06     7.246
  2058   07     4.180
  2058   08     1.347
  2058   09     1.798
  2058   10     3.999
  2058   11     7.386
  2058   12     9.466
  2059   01    10.744
  2059   02    11.667
  2059   03    11.971
  2059   04    11.681
  2059   05    10.193
  2059   06     8.129
  2059   07     4.673
  2059   08     2.602
  2059   09     3.122
  2059   10     4.847
  2059   11     8.272
  2059   12     9.382
  2060   01    10.405
  2060   02    11.612
  2060   03    11.911
  2060   04    11.532
  2060   05    10.626
  2060   06     7.229
  2060   07     4.434
  2060   08     2.850
  2060   09     2.814
  2060   10     4.073
  2060   11     7.430
  2060   12     9.731
  2061   01    10.889
  2061   02    11.763
  2061   03    12.200
  2061   04    11.953
  2061   05    10.555
  2061   06     7.713
  2061   07     4.820
  2061   08     2.527
  2061   09     3.060
  2061   10     4.445
  2061   11     8.046
  2061   12     9.555
  2062   01    11.107
  2062   02    11.854
  2062   03    11.983
  2062   04    11.800
  2062   05    10.437
  2062   06     7.799
  2062   07     4.933
  2062   08     2.649
  2062   09     3.002
  2062   10     4.534
  2062   11     8.107
  2062   12     9.470
  2063   01    10.773
  2063   02    12.040
  2063   03    12.461
  2063   04    12.130
  2063   05    10.960
  2063   06     7.880
  2063   07     4.669
  2063   08     2.601
  2063   09     2.574
  2063   10     4.557
  2063   11     8.132
  2063   12     9.535
  2064   01    10.863
  2064   02    12.018
  2064   03    12.511
  2064   04    12.221
  2064   05    10.639
  2064   06     7.636
  2064   07     4.746
  2064   08     2.413
  2064   09     2.406
  2064   10     4.304
  2064   11     7.974
  2064   12     9.634
  2065   01    10.763
  2065   02    11.595
  2065   03    12.187
  2065   04    12.074
  2065   05    10.715
  2065   06     8.203
  2065   07     4.978
  2065   08     2.651
  2065   09     2.948
  2065   10     4.608
  2065   11     8.569
  2065   12     9.794
  2066   01    10.808
  2066   02    11.817
  2066   03    12.272
  2066   04    11.936
  2066   05    11.041
  2066   06     8.396
  2066   07     5.231
  2066   08     3.127
  2066   09     3.494
  2066   10     5.102
  2066   11     8.514
  2066   12     9.896
  2067   01    11.180
  2067   02    12.011
  2067   03    12.209
  2067   04    11.784
  2067   05    10.760
  2067   06     7.884
  2067   07     5.055
  2067   08     2.739
  2067   09     2.511
  2067   10     4.262
  2067   11     8.585
  2067   12     9.723
  2068   01    10.943
  2068   02    11.806
  2068   03    12.234
  2068   04    11.958
  2068   05    10.483
  2068   06     7.909
  2068   07     4.554
  2068   08     2.431
  2068   09     2.184
  2068   10     4.106
  2068   11     8.003
  2068   12     9.626
  2069   01    10.876
  2069   02    11.777
  2069   03    12.354
  2069   04    12.000
  2069   05    10.431
  2069   06     7.963
  2069   07     4.435
  2069   08     2.363
  2069   09     2.478
  2069   10     4.112
  2069   11     7.564
  2069   12     9.562
  2070   01    10.915
  2070   02    11.812
  2070   03    12.381
  2070   04    11.984
  2070   05    10.819
  2070   06     8.196
  2070   07     5.327
  2070   08     3.001
  2070   09     2.776
  2070   10     5.595
  2070   11     8.626
  2070   12    10.028
  2071   01    11.176
  2071   02    12.110
  2071   03    12.086
  2071   04    11.967
  2071   05    10.986
  2071   06     8.194
  2071   07     5.130
  2071   08     2.901
  2071   09     2.773
  2071   10     5.114
  2071   11     8.824
  2071   12    10.172
  2072   01    11.357
  2072   02    12.266
  2072   03    12.523
  2072   04    12.075
  2072   05    10.816
  2072   06     8.055
  2072   07     5.063
  2072   08     2.568
  2072   09     2.695
  2072   10     5.040
  2072   11     8.509
  2072   12     9.565
  2073   01    11.108
  2073   02    12.082
  2073   03    12.450
  2073   04    12.228
  2073   05    10.276
  2073   06     7.715
  2073   07     4.568
  2073   08     2.886
  2073   09     2.984
  2073   10     4.407
  2073   11     7.873
  2073   12     9.485
  2074   01    10.591
  2074   02    12.008
  2074   03    12.377
  2074   04    12.012
  2074   05    10.199
  2074   06     7.416
  2074   07     4.438
  2074   08     2.490
  2074   09     2.504
  2074   10     4.037
  2074   11     7.015
  2074   12     9.324
  2075   01    10.245
  2075   02    11.014
  2075   03    11.551
  2075   04    11.241
  2075   05    10.255
  2075   06     7.683
  2075   07     4.002
  2075   08     1.770
  2075   09     1.819
  2075   10     3.584
  2075   11     7.858
  2075   12     9.365
  2076   01    10.681
  2076   02    11.554
  2076   03    11.769
  2076   04    11.489
  2076   05    10.276
  2076   06     7.263
  2076   07     4.279
  2076   08     2.424
  2076   09     2.464
  2076   10     4.262
  2076   11     8.174
  2076   12     9.657
  2077   01    10.573
  2077   02    11.481
  2077   03    11.918
  2077   04    11.713
  2077   05    10.306
  2077   06     7.443
  2077   07     4.274
  2077   08     2.048
  2077   09     2.149
  2077   10     3.997
  2077   11     8.113
  2077   12     9.601
  2078   01    10.939
  2078   02    11.685
  2078   03    12.129
  2078   04    11.800
  2078   05    10.222
  2078   06     7.664
  2078   07     4.524
  2078   08     2.407
  2078   09     2.725
  2078   10     4.264
  2078   11     8.091
  2078   12     9.490
  2079   01    10.964
  2079   02    11.775
  2079   03    12.017
  2079   04    11.613
  2079   05    10.312
  2079   06     7.674
  2079   07     4.859
  2079   08     2.936
  2079   09     2.973
  2079   10     4.748
  2079   11     8.167
  2079   12     9.606
  2080   01    11.256
  2080   02    12.206
  2080   03    12.263
  2080   04    11.800
  2080   05    10.514
  2080   06     7.675
  2080   07     4.807
  2080   08     2.595
  2080   09     2.744
  2080   10     4.702
  2080   11     7.907
  2080   12     9.438
  2081   01    10.233
  2081   02    11.399
  2081   03    12.132
  2081   04    11.839
  2081   05    10.348
  2081   06     8.255
  2081   07     5.096
  2081   08     3.031
  2081   09     3.055
  2081   10     5.156
  2081   11     8.376
  2081   12     9.603
  2082   01    10.696
  2082   02    11.880
  2082   03    12.026
  2082   04    11.580
  2082   05    10.432
  2082   06     7.828
  2082   07     4.921
  2082   08     2.611
  2082   09     2.597
  2082   10     4.773
  2082   11     8.507
  2082   12     9.821
  2083   01    10.843
  2083   02    11.908
  2083   03    12.472
  2083   04    12.099
  2083   05    10.679
  2083   06     8.260
  2083   07     5.055
  2083   08     2.723
  2083   09     2.608
  2083   10     4.653
  2083   11     8.324
  2083   12    10.108
  2084   01    11.397
  2084   02    12.279
  2084   03    12.546
  2084   04    12.061
  2084   05    10.812
  2084   06     8.134
  2084   07     4.915
  2084   08     2.471
  2084   09     2.363
  2084   10     4.840
  2084   11     8.694
  2084   12     9.916
  2085   01    10.935
  2085   02    12.019
  2085   03    12.229
  2085   04    12.025
  2085   05    10.664
  2085   06     8.000
  2085   07     4.864
  2085   08     2.677
  2085   09     3.302
  2085   10     5.589
  2085   11     8.685
  2085   12    10.108
  2086   01    11.229
  2086   02    12.147
  2086   03    12.431
  2086   04    12.222
  2086   05    11.265
  2086   06     8.666
  2086   07     5.365
  2086   08     3.043
  2086   09     3.508
  2086   10     5.315
  2086   11     8.446
  2086   12     9.915
  2087   01    10.918
  2087   02    12.224
  2087   03    12.433
  2087   04    12.050
  2087   05    10.756
  2087   06     8.096
  2087   07     4.399
  2087   08     1.924
  2087   09     2.255
  2087   10     4.057
  2087   11     8.162
  2087   12     9.701
  2088   01    11.208
  2088   02    12.333
  2088   03    12.810
  2088   04    12.284
  2088   05    10.323
  2088   06     7.757
  2088   07     4.392
  2088   08     2.302
  2088   09     2.215
  2088   10     4.289
  2088   11     8.227
  2088   12     9.859
  2089   01    11.562
  2089   02    12.687
  2089   03    13.015
  2089   04    12.637
  2089   05    11.483
  2089   06     8.279
  2089   07     4.709
  2089   08     2.245
  2089   09     2.298
  2089   10     4.133
  2089   11     8.232
  2089   12     9.789
  2090   01    11.016
  2090   02    12.164
  2090   03    12.286
  2090   04    11.974
  2090   05    10.842
  2090   06     7.468
  2090   07     4.339
  2090   08     1.923
  2090   09     2.244
  2090   10     4.016
  2090   11     7.804
  2090   12     9.781
  2091   01    11.188
  2091   02    12.062
  2091   03    12.591
  2091   04    12.261
  2091   05    10.088
  2091   06     7.465
  2091   07     3.696
  2091   08     1.354
  2091   09     1.776
  2091   10     3.190
  2091   11     7.427
  2091   12     9.488
  2092   01    10.822
  2092   02    11.906
  2092   03    12.613
  2092   04    12.203
  2092   05    10.782
  2092   06     7.437
  2092   07     4.019
  2092   08     1.342
  2092   09     1.794
  2092   10     3.810
  2092   11     7.613
  2092   12     9.328
  2093   01    10.697
  2093   02    11.854
  2093   03    12.375
  2093   04    12.079
  2093   05    10.985
  2093   06     8.085
  2093   07     4.985
  2093   08     2.601
  2093   09     2.552
  2093   10     4.638
  2093   11     7.889
  2093   12     9.599
  2094   01    10.569
  2094   02    11.647
  2094   03    12.113
  2094   04    11.781
  2094   05    10.565
  2094   06     7.771
  2094   07     4.551
  2094   08     2.220
  2094   09     2.859
  2094   10     4.259
  2094   11     8.146
  2094   12     9.563
  2095   01    10.607
  2095   02    11.596
  2095   03    12.194
  2095   04    11.891
  2095   05    10.407
  2095   06     7.766
  2095   07     4.791
  2095   08     2.398
  2095   09     2.650
  2095   10     4.289
  2095   11     8.419
  2095   12     9.847
  2096   01    11.067
  2096   02    12.067
  2096   03    12.581
  2096   04    12.337
  2096   05    10.794
  2096   06     7.647
  2096   07     4.295
  2096   08     2.054
  2096   09     2.009
  2096   10     3.793
  2096   11     7.813
  2096   12     9.561
  2097   01    11.001
  2097   02    12.141
  2097   03    12.406
  2097   04    12.051
  2097   05    10.737
  2097   06     7.914
  2097   07     4.336
  2097   08     1.976
  2097   09     2.542
  2097   10     4.098
  2097   11     7.246
  2097   12     9.736
  2098   01    10.941
  2098   02    12.064
  2098   03    12.535
  2098   04    12.162
  2098   05    10.866
  2098   06     7.443
  2098   07     4.467
  2098   08     1.675
  2098   09     2.312
  2098   10     3.943
  2098   11     7.695
  2098   12     9.851
  2099   01    11.072
  2099   02    12.062
  2099   03    12.563
  2099   04    12.192
  2099   05    10.894
  2099   06     8.483
  2099   07     5.113
  2099   08     2.555
  2099   09     3.008
  2099   10     5.076
  2099   11     8.349
  2099   12     9.720
  2100   01    11.041
  2100   02    12.044
  2100   03    12.431
  2100   04    12.240
  2100   05    10.837
  2100   06     8.056
  2100   07     5.614
  2100   08     2.949
  2100   09     3.290
  2100   10     5.680
  2100   11     8.014
  2100   12     9.517
