  1850   01    14.903
  1850   02    15.679
  1850   03    16.004
  1850   04    15.657
  1850   05    14.996
  1850   06    11.910
  1850   07     9.277
  1850   08     7.120
  1850   09     7.713
  1850   10     9.296
  1850   11    11.430
  1850   12    13.904
  1851   01    15.212
  1851   02    15.976
  1851   03    16.177
  1851   04    15.920
  1851   05    15.147
  1851   06    12.685
  1851   07     9.872
  1851   08     7.641
  1851   09     7.327
  1851   10     9.901
  1851   11    11.696
  1851   12    14.052
  1852   01    15.478
  1852   02    16.107
  1852   03    16.354
  1852   04    15.851
  1852   05    15.007
  1852   06    13.105
  1852   07     9.459
  1852   08     6.906
  1852   09     6.532
  1852   10     9.284
  1852   11    11.974
  1852   12    14.109
  1853   01    15.487
  1853   02    16.168
  1853   03    16.139
  1853   04    15.728
  1853   05    14.776
  1853   06    12.305
  1853   07     8.940
  1853   08     7.294
  1853   09     7.096
  1853   10     9.014
  1853   11    11.016
  1853   12    13.912
  1854   01    15.435
  1854   02    15.777
  1854   03    15.896
  1854   04    15.374
  1854   05    14.046
  1854   06    11.399
  1854   07     8.755
  1854   08     6.478
  1854   09     6.238
  1854   10     8.155
  1854   11    10.325
  1854   12    12.884
  1855   01    14.403
  1855   02    15.361
  1855   03    15.307
  1855   04    14.914
  1855   05    13.723
  1855   06    11.613
  1855   07     8.603
  1855   08     6.975
  1855   09     7.457
  1855   10     8.582
  1855   11    11.390
  1855   12    13.423
  1856   01    14.760
  1856   02    15.232
  1856   03    15.617
  1856   04    15.141
  1856   05    13.966
  1856   06    12.170
  1856   07     9.071
  1856   08     6.319
  1856   09     6.523
  1856   10     9.215
  1856   11    11.459
  1856   12    13.739
  1857   01    15.264
  1857   02    16.048
  1857   03    16.024
  1857   04    15.740
  1857   05    14.785
  1857   06    12.531
  1857   07     9.259
  1857   08     6.540
  1857   09     7.016
  1857   10     9.880
  1857   11    12.209
  1857   12    14.352
  1858   01    15.222
  1858   02    15.951
  1858   03    16.423
  1858   04    16.191
  1858   05    14.521
  1858   06    12.385
  1858   07     9.331
  1858   08     7.117
  1858   09     7.150
  1858   10     9.235
  1858   11    11.569
  1858   12    14.231
  1859   01    15.964
  1859   02    16.806
  1859   03    16.881
  1859   04    16.801
  1859   05    15.574
  1859   06    12.956
  1859   07     9.608
  1859   08     6.839
  1859   09     6.963
  1859   10     9.338
  1859   11    11.971
  1859   12    14.245
  1860   01    15.469
  1860   02    16.675
  1860   03    16.830
  1860   04    16.218
  1860   05    14.929
  1860   06    12.383
  1860   07     9.064
  1860   08     7.328
  1860   09     7.251
  1860   10     9.052
  1860   11    12.089
  1860   12    14.161
  1861   01    15.504
  1861   02    16.425
  1861   03    16.669
  1861   04    16.185
  1861   05    14.496
  1861   06    12.848
  1861   07     9.358
  1861   08     6.733
  1861   09     6.475
  1861   10     9.258
  1861   11    12.229
  1861   12    14.285
  1862   01    15.621
  1862   02    16.389
  1862   03    16.624
  1862   04    16.246
  1862   05    14.847
  1862   06    13.712
  1862   07    10.236
  1862   08     7.685
  1862   09     7.242
  1862   10    10.027
  1862   11    11.985
  1862   12    14.465
  1863   01    15.585
  1863   02    16.284
  1863   03    16.408
  1863   04    16.340
  1863   05    14.986
  1863   06    12.549
  1863   07    10.045
  1863   08     7.497
  1863   09     7.415
  1863   10     9.578
  1863   11    12.381
  1863   12    14.409
  1864   01    15.408
  1864   02    16.335
  1864   03    16.866
  1864   04    16.612
  1864   05    15.343
  1864   06    13.828
  1864   07     9.910
  1864   08     7.936
  1864   09     7.500
  1864   10     9.618
  1864   11    11.482
  1864   12    14.408
  1865   01    15.852
  1865   02    16.489
  1865   03    16.579
  1865   04    16.290
  1865   05    14.551
  1865   06    12.212
  1865   07     8.901
  1865   08     6.343
  1865   09     6.142
  1865   10     8.757
  1865   11    11.350
  1865   12    13.947
  1866   01    15.839
  1866   02    16.843
  1866   03    17.023
  1866   04    16.481
  1866   05    15.058
  1866   06    12.458
  1866   07     9.457
  1866   08     7.436
  1866   09     7.569
  1866   10     9.593
  1866   11    11.544
  1866   12    14.372
  1867   01    16.554
  1867   02    17.194
  1867   03    17.303
  1867   04    16.860
  1867   05    15.122
  1867   06    12.979
  1867   07     9.505
  1867   08     7.737
  1867   09     7.064
  1867   10     9.130
  1867   11    11.502
  1867   12    14.674
  1868   01    16.013
  1868   02    16.651
  1868   03    17.111
  1868   04    16.733
  1868   05    15.038
  1868   06    13.036
  1868   07     9.406
  1868   08     7.539
  1868   09     7.254
  1868   10     9.829
  1868   11    11.739
  1868   12    14.199
  1869   01    15.532
  1869   02    16.560
  1869   03    16.949
  1869   04    16.440
  1869   05    14.803
  1869   06    13.132
  1869   07    10.125
  1869   08     8.174
  1869   09     8.423
  1869   10    10.040
  1869   11    11.743
  1869   12    14.420
  1870   01    15.901
  1870   02    16.666
  1870   03    16.651
  1870   04    16.079
  1870   05    15.136
  1870   06    12.776
  1870   07     9.105
  1870   08     7.751
  1870   09     7.961
  1870   10     9.256
  1870   11    11.491
  1870   12    14.109
  1871   01    15.776
  1871   02    16.558
  1871   03    16.637
  1871   04    16.087
  1871   05    14.615
  1871   06    12.650
  1871   07    10.370
  1871   08     8.095
  1871   09     7.364
  1871   10     9.749
  1871   11    11.327
  1871   12    13.759
  1872   01    15.276
  1872   02    15.964
  1872   03    16.184
  1872   04    15.467
  1872   05    13.887
  1872   06    12.283
  1872   07     9.114
  1872   08     7.210
  1872   09     7.261
  1872   10     8.982
  1872   11    11.820
  1872   12    13.402
  1873   01    14.668
  1873   02    15.163
  1873   03    15.277
  1873   04    15.193
  1873   05    13.750
  1873   06    12.325
  1873   07     8.862
  1873   08     7.485
  1873   09     7.564
  1873   10     8.980
  1873   11    11.357
  1873   12    13.518
  1874   01    14.786
  1874   02    15.458
  1874   03    15.586
  1874   04    15.109
  1874   05    13.777
  1874   06    12.058
  1874   07     9.036
  1874   08     6.295
  1874   09     6.494
  1874   10     8.815
  1874   11    11.290
  1874   12    13.461
  1875   01    14.595
  1875   02    15.138
  1875   03    15.426
  1875   04    15.180
  1875   05    14.019
  1875   06    12.178
  1875   07     9.454
  1875   08     7.211
  1875   09     7.798
  1875   10     9.703
  1875   11    11.512
  1875   12    13.517
  1876   01    14.605
  1876   02    15.150
  1876   03    15.530
  1876   04    15.141
  1876   05    14.154
  1876   06    12.288
  1876   07     9.483
  1876   08     7.568
  1876   09     7.721
  1876   10     9.527
  1876   11    12.189
  1876   12    14.283
  1877   01    15.082
  1877   02    15.693
  1877   03    15.753
  1877   04    15.431
  1877   05    14.222
  1877   06    11.987
  1877   07     9.053
  1877   08     7.929
  1877   09     7.823
  1877   10     9.327
  1877   11    11.778
  1877   12    14.021
  1878   01    15.208
  1878   02    15.833
  1878   03    15.913
  1878   04    15.765
  1878   05    14.234
  1878   06    12.590
  1878   07    10.271
  1878   08     8.560
  1878   09     8.672
  1878   10    10.480
  1878   11    12.179
  1878   12    14.529
  1879   01    15.474
  1879   02    15.872
  1879   03    16.018
  1879   04    15.444
  1879   05    14.445
  1879   06    12.395
  1879   07     9.253
  1879   08     7.407
  1879   09     7.639
  1879   10     9.661
  1879   11    12.069
  1879   12    14.057
  1880   01    15.454
  1880   02    16.135
  1880   03    16.248
  1880   04    15.661
  1880   05    14.690
  1880   06    12.845
  1880   07    10.070
  1880   08     8.266
  1880   09     8.540
  1880   10    10.815
  1880   11    12.585
  1880   12    14.828
  1881   01    15.792
  1881   02    16.096
  1881   03    16.427
  1881   04    16.263
  1881   05    15.146
  1881   06    13.174
  1881   07    10.370
  1881   08     8.452
  1881   09     8.543
  1881   10    10.487
  1881   11    12.719
  1881   12    14.664
  1882   01    15.942
  1882   02    16.391
  1882   03    16.620
  1882   04    16.118
  1882   05    15.035
  1882   06    12.746
  1882   07     9.802
  1882   08     8.384
  1882   09     8.552
  1882   10    10.382
  1882   11    11.913
  1882   12    14.601
  1883   01    15.693
  1883   02    16.360
  1883   03    16.639
  1883   04    16.208
  1883   05    15.263
  1883   06    12.884
  1883   07     9.804
  1883   08     8.363
  1883   09     8.360
  1883   10     9.981
  1883   11    12.117
  1883   12    14.324
  1884   01    15.638
  1884   02    16.238
  1884   03    16.429
  1884   04    15.920
  1884   05    14.204
  1884   06    12.829
  1884   07    10.210
  1884   08     7.408
  1884   09     7.241
  1884   10     9.567
  1884   11    12.006
  1884   12    14.163
  1885   01    15.355
  1885   02    16.279
  1885   03    16.544
  1885   04    15.640
  1885   05    14.651
  1885   06    11.889
  1885   07     9.043
  1885   08     6.916
  1885   09     6.860
  1885   10     9.092
  1885   11    11.382
  1885   12    14.129
  1886   01    15.519
  1886   02    16.149
  1886   03    16.589
  1886   04    16.169
  1886   05    14.364
  1886   06    12.130
  1886   07     9.349
  1886   08     7.063
  1886   09     7.058
  1886   10     9.433
  1886   11    11.877
  1886   12    13.550
  1887   01    14.982
  1887   02    16.043
  1887   03    16.425
  1887   04    16.022
  1887   05    14.753
  1887   06    12.031
  1887   07     8.395
  1887   08     6.884
  1887   09     6.903
  1887   10     9.104
  1887   11    11.776
  1887   12    14.220
  1888   01    15.745
  1888   02    16.428
  1888   03    16.572
  1888   04    16.238
  1888   05    14.892
  1888   06    12.654
  1888   07    10.015
  1888   08     7.845
  1888   09     7.656
  1888   10     9.644
  1888   11    12.246
  1888   12    14.518
  1889   01    15.931
  1889   02    16.521
  1889   03    16.718
  1889   04    16.222
  1889   05    14.918
  1889   06    12.788
  1889   07     9.634
  1889   08     7.745
  1889   09     7.440
  1889   10     9.356
  1889   11    12.084
  1889   12    14.454
  1890   01    15.797
  1890   02    16.420
  1890   03    16.956
  1890   04    16.812
  1890   05    15.247
  1890   06    12.985
  1890   07     9.326
  1890   08     6.838
  1890   09     6.603
  1890   10     8.428
  1890   11    12.296
  1890   12    14.855
  1891   01    16.247
  1891   02    17.105
  1891   03    17.235
  1891   04    16.567
  1891   05    14.876
  1891   06    12.531
  1891   07     9.895
  1891   08     7.211
  1891   09     7.709
  1891   10     9.387
  1891   11    11.746
  1891   12    13.857
  1892   01    15.714
  1892   02    16.493
  1892   03    16.661
  1892   04    15.993
  1892   05    14.822
  1892   06    12.526
  1892   07     9.751
  1892   08     7.916
  1892   09     8.495
  1892   10     9.978
  1892   11    12.031
  1892   12    13.873
  1893   01    15.672
  1893   02    16.195
  1893   03    16.602
  1893   04    16.083
  1893   05    14.905
  1893   06    12.924
  1893   07    10.089
  1893   08     8.965
  1893   09     8.492
  1893   10    10.302
  1893   11    12.110
  1893   12    14.132
  1894   01    15.366
  1894   02    16.223
  1894   03    16.310
  1894   04    15.600
  1894   05    14.220
  1894   06    12.680
  1894   07    10.441
  1894   08     7.440
  1894   09     7.460
  1894   10    10.057
  1894   11    11.681
  1894   12    13.731
  1895   01    14.925
  1895   02    15.711
  1895   03    16.059
  1895   04    15.853
  1895   05    14.919
  1895   06    12.394
  1895   07     9.748
  1895   08     7.728
  1895   09     7.726
  1895   10    10.034
  1895   11    12.140
  1895   12    14.054
  1896   01    15.259
  1896   02    16.218
  1896   03    16.397
  1896   04    15.934
  1896   05    14.567
  1896   06    12.669
  1896   07     9.169
  1896   08     7.523
  1896   09     7.671
  1896   10    10.041
  1896   11    12.036
  1896   12    14.435
  1897   01    15.295
  1897   02    15.766
  1897   03    16.165
  1897   04    15.809
  1897   05    14.422
  1897   06    12.471
  1897   07    10.317
  1897   08     8.385
  1897   09     8.825
  1897   10    10.174
  1897   11    11.845
  1897   12    14.410
  1898   01    15.417
  1898   02    16.015
  1898   03    16.415
  1898   04    16.004
  1898   05    15.008
  1898   06    13.388
  1898   07    10.751
  1898   08     8.282
  1898   09     8.806
  1898   10    11.007
  1898   11    13.243
  1898   12    15.154
  1899   01    16.147
  1899   02    16.912
  1899   03    16.882
  1899   04    16.294
  1899   05    15.007
  1899   06    12.878
  1899   07    10.288
  1899   08     8.299
  1899   09     8.173
  1899   10    10.233
  1899   11    12.146
  1899   12    14.221
  1900   01    15.726
  1900   02    16.212
  1900   03    16.496
  1900   04    16.014
  1900   05    15.300
  1900   06    12.939
  1900   07     9.905
  1900   08     8.129
  1900   09     8.292
  1900   10    10.290
  1900   11    12.010
  1900   12    14.052
  1901   01    15.666
  1901   02    16.474
  1901   03    16.442
  1901   04    16.054
  1901   05    14.619
  1901   06    12.455
  1901   07     9.754
  1901   08     7.588
  1901   09     7.479
  1901   10     9.023
  1901   11    12.331
  1901   12    14.322
  1902   01    15.557
  1902   02    16.187
  1902   03    16.390
  1902   04    16.194
  1902   05    14.881
  1902   06    12.896
  1902   07    10.287
  1902   08     8.336
  1902   09     8.205
  1902   10    10.008
  1902   11    11.834
  1902   12    13.504
  1903   01    15.220
  1903   02    15.866
  1903   03    16.066
  1903   04    15.539
  1903   05    14.319
  1903   06    12.399
  1903   07    10.202
  1903   08     8.480
  1903   09     8.778
  1903   10    10.769
  1903   11    12.685
  1903   12    14.231
  1904   01    15.552
  1904   02    16.260
  1904   03    16.232
  1904   04    15.462
  1904   05    13.989
  1904   06    12.734
  1904   07    10.277
  1904   08     8.031
  1904   09     8.207
  1904   10     9.946
  1904   11    12.021
  1904   12    13.991
  1905   01    15.351
  1905   02    16.057
  1905   03    16.230
  1905   04    15.354
  1905   05    14.528
  1905   06    12.608
  1905   07    10.090
  1905   08     7.853
  1905   09     8.029
  1905   10    10.638
  1905   11    12.229
  1905   12    14.322
  1906   01    15.283
  1906   02    16.129
  1906   03    16.250
  1906   04    15.903
  1906   05    14.654
  1906   06    12.955
  1906   07    10.302
  1906   08     8.166
  1906   09     8.159
  1906   10    10.301
  1906   11    12.208
  1906   12    14.704
  1907   01    16.029
  1907   02    16.456
  1907   03    16.878
  1907   04    16.762
  1907   05    15.478
  1907   06    13.557
  1907   07    11.029
  1907   08    10.182
  1907   09     9.955
  1907   10    11.110
  1907   11    12.444
  1907   12    15.209
  1908   01    16.640
  1908   02    17.537
  1908   03    17.835
  1908   04    17.270
  1908   05    15.821
  1908   06    14.048
  1908   07    11.031
  1908   08     8.259
  1908   09     8.204
  1908   10    11.011
  1908   11    12.905
  1908   12    15.611
  1909   01    16.769
  1909   02    17.657
  1909   03    17.566
  1909   04    16.831
  1909   05    15.406
  1909   06    14.075
  1909   07    11.118
  1909   08     8.605
  1909   09     8.572
  1909   10    10.855
  1909   11    12.825
  1909   12    15.171
  1910   01    16.160
  1910   02    16.498
  1910   03    16.924
  1910   04    16.561
  1910   05    15.463
  1910   06    13.454
  1910   07    10.262
  1910   08     8.710
  1910   09     8.980
  1910   10    10.648
  1910   11    12.378
  1910   12    14.826
  1911   01    15.963
  1911   02    16.843
  1911   03    17.390
  1911   04    16.674
  1911   05    15.307
  1911   06    13.389
  1911   07    10.536
  1911   08     8.345
  1911   09     8.225
  1911   10    10.336
  1911   11    12.704
  1911   12    14.509
  1912   01    16.107
  1912   02    16.848
  1912   03    17.105
  1912   04    16.483
  1912   05    15.238
  1912   06    13.717
  1912   07    10.531
  1912   08     7.812
  1912   09     7.780
  1912   10    10.416
  1912   11    12.690
  1912   12    14.758
  1913   01    15.860
  1913   02    16.674
  1913   03    16.669
  1913   04    16.010
  1913   05    14.736
  1913   06    12.328
  1913   07     9.472
  1913   08     7.831
  1913   09     8.160
  1913   10     9.867
  1913   11    12.291
  1913   12    14.210
  1914   01    15.606
  1914   02    16.161
  1914   03    16.190
  1914   04    15.554
  1914   05    14.866
  1914   06    13.167
  1914   07    10.024
  1914   08     7.504
  1914   09     7.765
  1914   10     9.383
  1914   11    12.457
  1914   12    14.492
  1915   01    15.411
  1915   02    15.860
  1915   03    16.119
  1915   04    15.695
  1915   05    14.657
  1915   06    12.862
  1915   07    10.486
  1915   08     8.941
  1915   09     9.202
  1915   10    10.924
  1915   11    12.050
  1915   12    14.350
  1916   01    15.360
  1916   02    15.676
  1916   03    15.960
  1916   04    15.645
  1916   05    14.825
  1916   06    12.764
  1916   07    10.160
  1916   08     8.914
  1916   09     8.900
  1916   10    10.587
  1916   11    12.430
  1916   12    14.605
  1917   01    15.466
  1917   02    15.908
  1917   03    16.171
  1917   04    15.787
  1917   05    14.735
  1917   06    13.172
  1917   07    10.682
  1917   08     8.796
  1917   09     8.530
  1917   10    10.356
  1917   11    12.299
  1917   12    14.151
  1918   01    15.445
  1918   02    16.256
  1918   03    16.554
  1918   04    16.156
  1918   05    15.193
  1918   06    13.027
  1918   07     9.873
  1918   08     7.297
  1918   09     7.023
  1918   10     8.944
  1918   11    11.656
  1918   12    14.237
  1919   01    15.785
  1919   02    16.366
  1919   03    16.550
  1919   04    16.024
  1919   05    14.995
  1919   06    13.243
  1919   07    10.707
  1919   08     8.454
  1919   09     8.462
  1919   10    10.494
  1919   11    12.401
  1919   12    14.531
  1920   01    15.816
  1920   02    16.334
  1920   03    16.811
  1920   04    16.484
  1920   05    15.162
  1920   06    13.334
  1920   07    11.181
  1920   08     9.543
  1920   09     9.140
  1920   10    11.201
  1920   11    12.895
  1920   12    14.887
  1921   01    15.875
  1921   02    16.385
  1921   03    16.584
  1921   04    16.182
  1921   05    14.802
  1921   06    12.651
  1921   07    10.271
  1921   08     8.732
  1921   09     8.294
  1921   10    10.334
  1921   11    12.400
  1921   12    14.438
  1922   01    15.614
  1922   02    16.268
  1922   03    16.472
  1922   04    16.176
  1922   05    14.804
  1922   06    12.934
  1922   07    10.135
  1922   08     8.533
  1922   09     8.403
  1922   10    10.402
  1922   11    12.724
  1922   12    14.383
  1923   01    15.652
  1923   02    16.533
  1923   03    16.707
  1923   04    16.071
  1923   05    14.835
  1923   06    12.343
  1923   07     9.479
  1923   08     7.647
  1923   09     7.243
  1923   10     9.797
  1923   11    11.431
  1923   12    13.745
  1924   01    14.797
  1924   02    15.870
  1924   03    15.957
  1924   04    15.350
  1924   05    14.170
  1924   06    12.407
  1924   07    10.151
  1924   08     8.051
  1924   09     7.817
  1924   10     9.476
  1924   11    11.497
  1924   12    13.796
  1925   01    14.962
  1925   02    15.751
  1925   03    16.096
  1925   04    15.792
  1925   05    14.253
  1925   06    13.146
  1925   07    10.950
  1925   08     8.460
  1925   09     9.036
  1925   10    11.069
  1925   11    12.503
  1925   12    14.336
  1926   01    15.502
  1926   02    16.137
  1926   03    16.274
  1926   04    15.833
  1926   05    14.693
  1926   06    13.048
  1926   07    10.352
  1926   08     7.796
  1926   09     7.122
  1926   10     9.594
  1926   11    12.080
  1926   12    14.437
  1927   01    15.651
  1927   02    16.219
  1927   03    16.787
  1927   04    15.868
  1927   05    14.985
  1927   06    12.667
  1927   07     9.240
  1927   08     7.003
  1927   09     7.287
  1927   10     8.939
  1927   11    11.527
  1927   12    13.867
  1928   01    15.426
  1928   02    16.221
  1928   03    16.553
  1928   04    16.223
  1928   05    14.772
  1928   06    12.911
  1928   07     9.925
  1928   08     7.647
  1928   09     7.877
  1928   10     9.960
  1928   11    12.782
  1928   12    14.363
  1929   01    16.085
  1929   02    16.600
  1929   03    16.815
  1929   04    16.664
  1929   05    15.046
  1929   06    13.015
  1929   07     9.831
  1929   08     6.963
  1929   09     7.026
  1929   10     9.605
  1929   11    11.540
  1929   12    14.128
  1930   01    15.599
  1930   02    16.281
  1930   03    16.448
  1930   04    16.265
  1930   05    15.011
  1930   06    12.655
  1930   07     9.457
  1930   08     7.063
  1930   09     7.253
  1930   10     9.426
  1930   11    11.614
  1930   12    14.503
  1931   01    15.922
  1931   02    16.388
  1931   03    16.583
  1931   04    16.358
  1931   05    15.020
  1931   06    13.640
  1931   07    10.196
  1931   08     7.094
  1931   09     6.571
  1931   10     9.863
  1931   11    12.689
  1931   12    14.523
  1932   01    16.087
  1932   02    16.672
  1932   03    16.678
  1932   04    15.791
  1932   05    14.473
  1932   06    12.709
  1932   07    10.226
  1932   08     7.535
  1932   09     7.288
  1932   10     9.522
  1932   11    12.357
  1932   12    13.864
  1933   01    15.081
  1933   02    15.876
  1933   03    16.374
  1933   04    16.107
  1933   05    14.905
  1933   06    13.454
  1933   07    10.210
  1933   08     7.408
  1933   09     7.556
  1933   10     9.742
  1933   11    12.120
  1933   12    14.159
  1934   01    15.383
  1934   02    16.128
  1934   03    16.486
  1934   04    16.150
  1934   05    15.232
  1934   06    13.047
  1934   07     9.900
  1934   08     8.246
  1934   09     7.471
  1934   10     9.813
  1934   11    12.593
  1934   12    14.942
  1935   01    16.558
  1935   02    17.134
  1935   03    17.301
  1935   04    16.815
  1935   05    15.337
  1935   06    12.990
  1935   07    10.113
  1935   08     7.252
  1935   09     7.210
  1935   10     8.754
  1935   11    12.035
  1935   12    14.523
  1936   01    15.991
  1936   02    16.377
  1936   03    16.479
  1936   04    15.809
  1936   05    14.761
  1936   06    12.617
  1936   07     9.488
  1936   08     7.265
  1936   09     7.671
  1936   10     9.363
  1936   11    11.849
  1936   12    14.368
  1937   01    15.185
  1937   02    16.245
  1937   03    16.625
  1937   04    16.384
  1937   05    15.427
  1937   06    12.679
  1937   07     9.994
  1937   08     8.621
  1937   09     8.770
  1937   10    10.359
  1937   11    12.380
  1937   12    14.975
  1938   01    16.142
  1938   02    16.947
  1938   03    17.280
  1938   04    16.671
  1938   05    15.067
  1938   06    12.930
  1938   07     9.905
  1938   08     7.940
  1938   09     7.599
  1938   10    10.186
  1938   11    12.113
  1938   12    14.554
  1939   01    16.181
  1939   02    16.732
  1939   03    16.957
  1939   04    16.584
  1939   05    15.261
  1939   06    13.324
  1939   07    10.271
  1939   08     8.153
  1939   09     7.429
  1939   10     9.730
  1939   11    12.975
  1939   12    14.972
  1940   01    16.743
  1940   02    17.651
  1940   03    17.787
  1940   04    16.878
  1940   05    15.082
  1940   06    12.475
  1940   07     9.634
  1940   08     7.417
  1940   09     7.306
  1940   10     9.354
  1940   11    11.926
  1940   12    14.293
  1941   01    15.875
  1941   02    16.570
  1941   03    16.450
  1941   04    15.822
  1941   05    14.633
  1941   06    13.064
  1941   07     9.893
  1941   08     7.259
  1941   09     7.146
  1941   10     9.676
  1941   11    11.686
  1941   12    13.892
  1942   01    15.673
  1942   02    16.836
  1942   03    17.028
  1942   04    16.306
  1942   05    14.999
  1942   06    12.988
  1942   07     9.930
  1942   08     7.817
  1942   09     7.875
  1942   10     9.674
  1942   11    11.991
  1942   12    14.688
  1943   01    15.777
  1943   02    16.255
  1943   03    16.419
  1943   04    15.750
  1943   05    14.480
  1943   06    12.376
  1943   07     9.754
  1943   08     7.183
  1943   09     7.238
  1943   10     9.552
  1943   11    11.504
  1943   12    13.641
  1944   01    15.363
  1944   02    16.080
  1944   03    16.361
  1944   04    16.026
  1944   05    14.440
  1944   06    11.890
  1944   07     9.428
  1944   08     7.102
  1944   09     6.765
  1944   10     8.885
  1944   11    10.869
  1944   12    13.226
  1945   01    14.835
  1945   02    15.913
  1945   03    16.211
  1945   04    15.503
  1945   05    13.743
  1945   06    11.788
  1945   07     8.940
  1945   08     6.892
  1945   09     7.087
  1945   10     8.970
  1945   11    11.432
  1945   12    13.345
  1946   01    14.654
  1946   02    15.376
  1946   03    15.688
  1946   04    15.590
  1946   05    14.348
  1946   06    11.897
  1946   07     9.253
  1946   08     7.554
  1946   09     7.188
  1946   10     8.385
  1946   11    11.016
  1946   12    13.797
  1947   01    15.309
  1947   02    15.869
  1947   03    15.921
  1947   04    15.475
  1947   05    14.120
  1947   06    11.960
  1947   07     9.050
  1947   08     7.261
  1947   09     7.322
  1947   10     8.474
  1947   11    11.047
  1947   12    13.465
  1948   01    14.692
  1948   02    15.568
  1948   03    15.892
  1948   04    15.201
  1948   05    13.718
  1948   06    12.184
  1948   07     8.672
  1948   08     7.009
  1948   09     7.343
  1948   10     9.026
  1948   11    10.955
  1948   12    13.828
  1949   01    14.790
  1949   02    15.452
  1949   03    15.412
  1949   04    15.128
  1949   05    13.937
  1949   06    12.443
  1949   07     9.879
  1949   08     7.566
  1949   09     7.246
  1949   10     9.444
  1949   11    11.727
  1949   12    13.429
  1950   01    14.621
  1950   02    15.291
  1950   03    15.440
  1950   04    15.171
  1950   05    13.994
  1950   06    12.491
  1950   07    10.223
  1950   08     8.908
  1950   09     8.671
  1950   10    10.156
  1950   11    11.863
  1950   12    13.796
  1951   01    15.059
  1951   02    15.353
  1951   03    15.655
  1951   04    15.280
  1951   05    14.449
  1951   06    12.693
  1951   07     9.892
  1951   08     8.372
  1951   09     8.512
  1951   10    10.371
  1951   11    11.864
  1951   12    13.844
  1952   01    15.103
  1952   02    15.942
  1952   03    15.895
  1952   04    15.592
  1952   05    14.419
  1952   06    12.189
  1952   07     9.986
  1952   08     8.482
  1952   09     8.617
  1952   10    10.184
  1952   11    11.955
  1952   12    13.954
  1953   01    14.957
  1953   02    15.683
  1953   03    15.875
  1953   04    15.488
  1953   05    14.626
  1953   06    12.829
  1953   07    10.135
  1953   08     8.398
  1953   09     9.013
  1953   10    10.629
  1953   11    11.777
  1953   12    13.905
  1954   01    15.039
  1954   02    15.649
  1954   03    15.880
  1954   04    15.646
  1954   05    14.497
  1954   06    12.767
  1954   07     9.638
  1954   08     8.423
  1954   09     8.586
  1954   10    10.295
  1954   11    12.145
  1954   12    14.280
  1955   01    15.239
  1955   02    16.054
  1955   03    16.293
  1955   04    16.022
  1955   05    14.866
  1955   06    13.277
  1955   07    10.551
  1955   08     8.884
  1955   09     9.190
  1955   10    11.118
  1955   11    12.771
  1955   12    14.523
  1956   01    16.108
  1956   02    16.813
  1956   03    17.170
  1956   04    16.273
  1956   05    14.902
  1956   06    12.833
  1956   07    10.023
  1956   08     8.738
  1956   09     8.740
  1956   10    10.201
  1956   11    12.461
  1956   12    14.287
  1957   01    15.615
  1957   02    16.161
  1957   03    16.530
  1957   04    16.089
  1957   05    14.410
  1957   06    12.690
  1957   07    10.109
  1957   08     8.845
  1957   09     8.866
  1957   10    10.285
  1957   11    12.123
  1957   12    14.682
  1958   01    15.795
  1958   02    16.730
  1958   03    17.054
  1958   04    16.683
  1958   05    15.466
  1958   06    13.282
  1958   07    11.000
  1958   08     9.170
  1958   09     9.197
  1958   10    10.873
  1958   11    13.103
  1958   12    15.525
  1959   01    16.877
  1959   02    17.729
  1959   03    17.910
  1959   04    17.429
  1959   05    15.793
  1959   06    13.739
  1959   07    11.717
  1959   08     9.184
  1959   09     8.856
  1959   10    11.230
  1959   11    13.608
  1959   12    15.746
  1960   01    17.092
  1960   02    17.678
  1960   03    17.761
  1960   04    17.353
  1960   05    15.743
  1960   06    13.566
  1960   07    10.956
  1960   08     9.333
  1960   09     9.125
  1960   10    11.061
  1960   11    13.081
  1960   12    15.228
  1961   01    16.403
  1961   02    17.048
  1961   03    17.025
  1961   04    16.529
  1961   05    15.605
  1961   06    13.486
  1961   07    10.352
  1961   08     8.782
  1961   09     8.598
  1961   10    10.365
  1961   11    12.525
  1961   12    15.348
  1962   01    16.768
  1962   02    17.506
  1962   03    17.459
  1962   04    16.905
  1962   05    15.943
  1962   06    13.653
  1962   07    11.094
  1962   08     9.393
  1962   09     9.005
  1962   10    10.871
  1962   11    13.085
  1962   12    15.588
  1963   01    16.559
  1963   02    17.115
  1963   03    17.390
  1963   04    16.807
  1963   05    14.753
  1963   06    12.738
  1963   07    10.290
  1963   08     8.261
  1963   09     8.361
  1963   10    10.535
  1963   11    12.574
  1963   12    14.628
  1964   01    15.988
  1964   02    16.984
  1964   03    17.294
  1964   04    16.778
  1964   05    14.890
  1964   06    12.702
  1964   07    10.652
  1964   08     8.081
  1964   09     7.817
  1964   10    10.588
  1964   11    13.082
  1964   12    14.542
  1965   01    16.055
  1965   02    16.860
  1965   03    17.000
  1965   04    16.677
  1965   05    15.169
  1965   06    13.476
  1965   07    10.744
  1965   08     9.008
  1965   09     8.899
  1965   10    10.702
  1965   11    12.877
  1965   12    15.012
  1966   01    16.301
  1966   02    17.057
  1966   03    17.352
  1966   04    17.055
  1966   05    14.954
  1966   06    13.343
  1966   07    10.198
  1966   08     9.120
  1966   09     9.175
  1966   10    10.610
  1966   11    12.423
  1966   12    14.916
  1967   01    16.241
  1967   02    17.033
  1967   03    17.358
  1967   04    16.756
  1967   05    15.706
  1967   06    13.782
  1967   07    11.183
  1967   08     8.952
  1967   09     9.368
  1967   10    11.034
  1967   11    13.028
  1967   12    15.117
  1968   01    16.209
  1968   02    16.906
  1968   03    17.035
  1968   04    16.299
  1968   05    15.557
  1968   06    13.435
  1968   07    11.357
  1968   08     9.629
  1968   09    10.084
  1968   10    11.716
  1968   11    13.593
  1968   12    15.175
  1969   01    16.412
  1969   02    17.239
  1969   03    17.384
  1969   04    16.817
  1969   05    15.838
  1969   06    13.841
  1969   07    11.921
  1969   08     9.210
  1969   09     9.260
  1969   10    11.544
  1969   11    13.976
  1969   12    15.684
  1970   01    16.619
  1970   02    17.224
  1970   03    17.402
  1970   04    17.194
  1970   05    16.090
  1970   06    13.699
  1970   07    11.117
  1970   08     8.129
  1970   09     8.415
  1970   10    10.596
  1970   11    12.794
  1970   12    15.725
  1971   01    16.690
  1971   02    17.250
  1971   03    17.452
  1971   04    16.644
  1971   05    15.391
  1971   06    13.737
  1971   07    10.391
  1971   08     9.296
  1971   09     9.266
  1971   10    10.423
  1971   11    12.932
  1971   12    15.243
  1972   01    16.675
  1972   02    17.200
  1972   03    17.034
  1972   04    16.405
  1972   05    15.447
  1972   06    13.408
  1972   07    10.509
  1972   08     8.450
  1972   09     8.412
  1972   10    10.509
  1972   11    12.971
  1972   12    15.321
  1973   01    16.505
  1973   02    16.700
  1973   03    17.085
  1973   04    16.435
  1973   05    15.371
  1973   06    13.744
  1973   07    11.200
  1973   08     9.533
  1973   09    10.081
  1973   10    11.883
  1973   11    13.578
  1973   12    15.528
  1974   01    16.688
  1974   02    17.269
  1974   03    17.480
  1974   04    16.891
  1974   05    15.612
  1974   06    14.335
  1974   07    11.437
  1974   08     8.657
  1974   09     8.678
  1974   10    11.517
  1974   11    13.504
  1974   12    15.389
  1975   01    16.461
  1975   02    17.038
  1975   03    16.871
  1975   04    16.784
  1975   05    15.490
  1975   06    13.769
  1975   07    11.300
  1975   08     9.234
  1975   09     9.196
  1975   10    11.626
  1975   11    13.282
  1975   12    15.066
  1976   01    16.139
  1976   02    16.999
  1976   03    16.951
  1976   04    16.195
  1976   05    15.000
  1976   06    12.778
  1976   07    10.612
  1976   08     9.617
  1976   09     9.990
  1976   10    11.457
  1976   11    12.828
  1976   12    14.708
  1977   01    16.011
  1977   02    16.785
  1977   03    16.998
  1977   04    16.470
  1977   05    15.065
  1977   06    13.497
  1977   07    11.105
  1977   08     8.883
  1977   09     9.101
  1977   10    11.650
  1977   11    13.142
  1977   12    15.002
  1978   01    16.108
  1978   02    16.782
  1978   03    17.041
  1978   04    16.794
  1978   05    15.265
  1978   06    13.298
  1978   07    11.048
  1978   08     8.828
  1978   09     9.090
  1978   10    10.621
  1978   11    12.634
  1978   12    14.594
  1979   01    15.608
  1979   02    16.210
  1979   03    16.362
  1979   04    15.795
  1979   05    14.301
  1979   06    13.152
  1979   07    10.277
  1979   08     8.666
  1979   09     8.608
  1979   10    10.649
  1979   11    12.480
  1979   12    14.440
  1980   01    15.846
  1980   02    16.581
  1980   03    16.891
  1980   04    16.368
  1980   05    15.050
  1980   06    13.409
  1980   07    10.976
  1980   08     9.240
  1980   09     9.384
  1980   10    10.622
  1980   11    12.319
  1980   12    14.901
  1981   01    16.066
  1981   02    16.595
  1981   03    16.942
  1981   04    16.305
  1981   05    15.051
  1981   06    13.313
  1981   07    10.412
  1981   08     8.862
  1981   09     9.165
  1981   10    10.470
  1981   11    12.784
  1981   12    15.025
  1982   01    15.936
  1982   02    16.279
  1982   03    16.782
  1982   04    16.184
  1982   05    14.693
  1982   06    12.871
  1982   07    10.133
  1982   08     8.140
  1982   09     8.271
  1982   10    10.197
  1982   11    12.464
  1982   12    14.570
  1983   01    15.938
  1983   02    16.609
  1983   03    16.471
  1983   04    16.112
  1983   05    15.247
  1983   06    12.932
  1983   07    10.055
  1983   08     8.590
  1983   09     9.246
  1983   10    11.305
  1983   11    13.031
  1983   12    15.036
  1984   01    16.015
  1984   02    16.565
  1984   03    16.874
  1984   04    16.509
  1984   05    15.464
  1984   06    13.541
  1984   07    10.391
  1984   08     8.986
  1984   09     8.559
  1984   10    10.338
  1984   11    12.604
  1984   12    15.166
  1985   01    16.125
  1985   02    16.738
  1985   03    16.791
  1985   04    16.064
  1985   05    14.742
  1985   06    12.981
  1985   07    10.145
  1985   08     8.326
  1985   09     8.717
  1985   10    10.203
  1985   11    12.087
  1985   12    14.702
  1986   01    15.914
  1986   02    16.560
  1986   03    16.748
  1986   04    16.394
  1986   05    15.572
  1986   06    13.162
  1986   07    10.296
  1986   08     8.869
  1986   09     8.674
  1986   10    10.943
  1986   11    13.134
  1986   12    15.250
  1987   01    16.354
  1987   02    17.180
  1987   03    17.513
  1987   04    16.690
  1987   05    15.793
  1987   06    13.076
  1987   07    10.512
  1987   08     8.486
  1987   09     8.331
  1987   10    10.048
  1987   11    12.373
  1987   12    14.594
  1988   01    16.041
  1988   02    16.579
  1988   03    16.721
  1988   04    16.171
  1988   05    15.136
  1988   06    12.994
  1988   07    11.136
  1988   08     8.907
  1988   09     9.314
  1988   10    11.138
  1988   11    12.898
  1988   12    14.794
  1989   01    16.060
  1989   02    16.570
  1989   03    16.779
  1989   04    16.051
  1989   05    15.214
  1989   06    13.104
  1989   07     9.563
  1989   08     8.207
  1989   09     8.488
  1989   10    10.530
  1989   11    12.538
  1989   12    14.717
  1990   01    15.970
  1990   02    16.610
  1990   03    17.077
  1990   04    16.538
  1990   05    14.967
  1990   06    13.034
  1990   07    10.101
  1990   08     8.790
  1990   09     8.737
  1990   10    10.674
  1990   11    12.219
  1990   12    14.412
  1991   01    15.832
  1991   02    16.513
  1991   03    16.731
  1991   04    15.837
  1991   05    14.195
  1991   06    12.644
  1991   07     9.836
  1991   08     7.362
  1991   09     7.480
  1991   10     9.397
  1991   11    11.937
  1991   12    14.276
  1992   01    15.442
  1992   02    15.953
  1992   03    15.968
  1992   04    15.343
  1992   05    14.197
  1992   06    12.163
  1992   07     9.710
  1992   08     7.122
  1992   09     7.248
  1992   10    10.202
  1992   11    11.775
  1992   12    14.051
  1993   01    15.405
  1993   02    15.709
  1993   03    15.897
  1993   04    15.227
  1993   05    14.103
  1993   06    12.909
  1993   07    10.182
  1993   08     8.405
  1993   09     8.395
  1993   10    10.671
  1993   11    12.708
  1993   12    14.227
  1994   01    15.267
  1994   02    16.022
  1994   03    15.849
  1994   04    15.346
  1994   05    14.374
  1994   06    12.901
  1994   07     9.301
  1994   08     7.746
  1994   09     7.812
  1994   10     9.684
  1994   11    11.942
  1994   12    14.375
  1995   01    15.482
  1995   02    16.000
  1995   03    16.084
  1995   04    15.707
  1995   05    14.503
  1995   06    12.123
  1995   07     9.134
  1995   08     6.976
  1995   09     6.976
  1995   10     9.204
  1995   11    11.827
  1995   12    13.455
  1996   01    15.171
  1996   02    15.867
  1996   03    15.950
  1996   04    15.599
  1996   05    14.262
  1996   06    12.371
  1996   07     9.617
  1996   08     7.852
  1996   09     7.840
  1996   10     9.614
  1996   11    11.868
  1996   12    13.815
  1997   01    14.965
  1997   02    15.768
  1997   03    15.869
  1997   04    15.518
  1997   05    14.342
  1997   06    12.514
  1997   07     9.658
  1997   08     7.337
  1997   09     7.564
  1997   10     9.904
  1997   11    12.163
  1997   12    14.067
  1998   01    15.026
  1998   02    15.665
  1998   03    15.870
  1998   04    15.351
  1998   05    13.832
  1998   06    11.702
  1998   07     9.202
  1998   08     8.448
  1998   09     8.755
  1998   10    10.040
  1998   11    12.050
  1998   12    14.284
  1999   01    15.654
  1999   02    16.309
  1999   03    16.486
  1999   04    16.029
  1999   05    14.655
  1999   06    13.111
  1999   07     9.925
  1999   08     7.902
  1999   09     7.916
  1999   10     9.896
  1999   11    11.897
  1999   12    14.556
  2000   01    15.374
  2000   02    16.077
  2000   03    16.231
  2000   04    15.865
  2000   05    14.301
  2000   06    11.744
  2000   07     8.391
  2000   08     6.270
  2000   09     6.856
  2000   10     7.945
  2000   11    10.601
  2000   12    13.218
  2001   01    14.812
  2001   02    15.574
  2001   03    15.483
  2001   04    15.047
  2001   05    13.897
  2001   06    11.307
  2001   07     8.389
  2001   08     7.176
  2001   09     7.136
  2001   10     8.587
  2001   11    10.695
  2001   12    12.862
  2002   01    14.329
  2002   02    15.097
  2002   03    15.232
  2002   04    14.895
  2002   05    13.990
  2002   06    11.818
  2002   07     8.979
  2002   08     7.536
  2002   09     7.244
  2002   10     9.302
  2002   11    10.825
  2002   12    12.839
  2003   01    14.316
  2003   02    14.889
  2003   03    15.171
  2003   04    14.754
  2003   05    13.622
  2003   06    11.996
  2003   07     9.338
  2003   08     6.945
  2003   09     6.738
  2003   10     9.105
  2003   11    10.914
  2003   12    13.181
  2004   01    14.512
  2004   02    15.223
  2004   03    15.302
  2004   04    14.818
  2004   05    13.728
  2004   06    11.320
  2004   07     8.034
  2004   08     6.158
  2004   09     6.508
  2004   10     8.201
  2004   11    10.776
  2004   12    12.821
  2005   01    14.030
  2005   02    14.684
  2005   03    14.897
  2005   04    14.463
  2005   05    13.015
  2005   06    10.809
  2005   07     8.250
  2005   08     6.477
  2005   09     6.818
  2005   10     8.895
  2005   11    10.446
  2005   12    12.921
  2006   01    13.962
  2006   02    14.409
  2006   03    14.587
  2006   04    13.964
  2006   05    12.629
  2006   06    10.479
  2006   07     8.051
  2006   08     7.019
  2006   09     6.552
  2006   10     8.243
  2006   11    10.200
  2006   12    12.413
  2007   01    13.742
  2007   02    14.392
  2007   03    14.789
  2007   04    14.594
  2007   05    13.550
  2007   06    11.279
  2007   07     7.757
  2007   08     4.861
  2007   09     4.660
  2007   10     7.086
  2007   11     9.845
  2007   12    12.225
  2008   01    13.904
  2008   02    14.514
  2008   03    15.012
  2008   04    14.618
  2008   05    13.488
  2008   06    11.414
  2008   07     8.265
  2008   08     5.802
  2008   09     5.734
  2008   10     7.987
  2008   11    10.280
  2008   12    12.618
  2009   01    14.079
  2009   02    14.647
  2009   03    14.933
  2009   04    14.514
  2009   05    13.205
  2009   06    11.092
  2009   07     7.947
  2009   08     5.834
  2009   09     5.837
  2009   10     8.014
  2009   11    10.572
  2009   12    13.218
  2010   01    14.224
  2010   02    14.702
  2010   03    14.898
  2010   04    14.373
  2010   05    13.168
  2010   06    11.188
  2010   07     8.309
  2010   08     6.419
  2010   09     6.174
  2010   10     8.134
  2010   11    10.892
  2010   12    12.838
  2011   01    14.236
  2011   02    14.817
  2011   03    15.312
  2011   04    14.725
  2011   05    13.473
  2011   06    11.796
  2011   07     8.773
  2011   08     6.390
  2011   09     6.067
  2011   10     7.806
  2011   11    10.796
  2011   12    12.986
  2012   01    14.291
  2012   02    15.122
  2012   03    15.228
  2012   04    14.435
  2012   05    13.353
  2012   06    11.372
  2012   07     7.503
  2012   08     4.764
  2012   09     4.977
  2012   10     6.736
  2012   11    10.265
  2012   12    12.456
  2013   01    13.830
  2013   02    14.599
  2013   03    14.597
  2013   04    13.855
  2013   05    12.823
  2013   06    11.283
  2013   07     8.408
  2013   08     5.997
  2013   09     5.321
  2013   10     7.889
  2013   11    10.066
  2013   12    11.772
  2014   01    13.489
  2014   02    14.323
  2014   03    14.730
  2014   04    14.126
  2014   05    13.035
  2014   06    10.738
  2014   07     7.458
  2014   08     5.322
  2014   09     5.741
  2014   10     7.748
  2014   11     9.941
  2014   12    11.833
  2015   01    13.575
  2015   02    14.248
  2015   03    14.460
  2015   04    13.955
  2015   05    12.597
  2015   06    10.074
  2015   07     6.661
  2015   08     4.406
  2015   09     4.036
  2015   10     6.318
  2015   11     9.098
  2015   12    11.190
  2016   01    12.963
  2016   02    13.707
  2016   03    14.031
  2016   04    14.128
  2016   05    13.035
  2016   06    10.894
  2016   07     7.740
  2016   08     2.927
  2016   09     2.583
  2016   10     6.418
  2016   11     9.310
  2016   12    11.977
  2017   01    13.413
  2017   02    14.066
  2017   03    14.022
  2017   04    13.595
  2017   05    11.954
  2017   06     9.270
  2017   07     5.925
  2017   08     3.173
  2017   09     3.373
  2017   10     5.183
  2017   11     9.042
  2017   12    11.454
  2018   01    13.245
  2018   02    13.781
  2018   03    14.212
  2018   04    13.374
  2018   05    12.009
  2018   06     9.764
  2018   07     5.681
  2018   08     3.073
  2018   09     2.702
  2018   10     4.507
  2018   11     8.402
  2018   12    11.105
  2019   01    12.758
  2019   02    13.683
  2019   03    14.038
  2019   04    13.243
  2019   05    12.159
  2019   06     9.769
  2019   07     5.940
  2019   08     2.624
  2019   09     2.720
  2019   10     5.433
  2019   11     8.778
  2019   12    11.191
  2020   01    12.703
  2020   02    13.611
  2020   03    13.799
  2020   04    13.334
  2020   05    12.307
  2020   06     9.989
  2020   07     6.007
  2020   08     3.139
  2020   09     2.704
  2020   10     5.096
  2020   11     9.070
  2020   12    11.416
  2021   01    12.938
  2021   02    13.735
  2021   03    13.987
  2021   04    13.561
  2021   05    12.082
  2021   06     9.928
  2021   07     6.765
  2021   08     3.835
  2021   09     3.276
  2021   10     6.262
  2021   11     9.444
  2021   12    11.477
  2022   01    13.236
  2022   02    13.700
  2022   03    14.237
  2022   04    13.842
  2022   05    12.739
  2022   06    10.252
  2022   07     6.357
  2022   08     2.178
  2022   09     2.327
  2022   10     5.952
  2022   11     9.309
  2022   12    11.063
  2023   01    13.213
  2023   02    13.941
  2023   03    14.238
  2023   04    13.431
  2023   05    12.025
  2023   06     9.619
  2023   07     7.016
  2023   08     3.478
  2023   09     2.861
  2023   10     5.819
  2023   11     9.105
  2023   12    11.320
  2024   01    12.723
  2024   02    13.506
  2024   03    13.796
  2024   04    13.527
  2024   05    12.366
  2024   06     9.741
  2024   07     6.334
  2024   08     3.613
  2024   09     3.647
  2024   10     5.856
  2024   11     8.968
  2024   12    11.539
  2025   01    12.915
  2025   02    13.582
  2025   03    13.858
  2025   04    13.721
  2025   05    12.839
  2025   06    10.424
  2025   07     7.432
  2025   08     5.277
  2025   09     5.133
  2025   10     6.806
  2025   11     9.533
  2025   12    11.730
  2026   01    13.025
  2026   02    13.557
  2026   03    13.815
  2026   04    13.553
  2026   05    12.365
  2026   06     9.895
  2026   07     6.909
  2026   08     4.495
  2026   09     4.728
  2026   10     6.571
  2026   11     9.826
  2026   12    11.876
  2027   01    13.512
  2027   02    13.973
  2027   03    14.046
  2027   04    13.881
  2027   05    12.789
  2027   06    10.540
  2027   07     7.356
  2027   08     3.895
  2027   09     4.110
  2027   10     6.566
  2027   11     9.791
  2027   12    11.589
  2028   01    13.317
  2028   02    13.750
  2028   03    13.790
  2028   04    13.089
  2028   05    11.999
  2028   06     9.476
  2028   07     6.361
  2028   08     4.426
  2028   09     3.819
  2028   10     6.179
  2028   11     8.642
  2028   12    11.398
  2029   01    12.798
  2029   02    13.554
  2029   03    13.807
  2029   04    13.558
  2029   05    12.532
  2029   06    10.755
  2029   07     6.999
  2029   08     2.817
  2029   09     2.439
  2029   10     5.796
  2029   11    10.149
  2029   12    12.282
  2030   01    12.967
  2030   02    13.706
  2030   03    13.610
  2030   04    13.322
  2030   05    12.254
  2030   06    10.142
  2030   07     7.060
  2030   08     4.068
  2030   09     3.384
  2030   10     5.895
  2030   11     8.805
  2030   12    11.141
  2031   01    12.881
  2031   02    13.675
  2031   03    13.816
  2031   04    13.243
  2031   05    11.742
  2031   06     9.797
  2031   07     6.461
  2031   08     2.932
  2031   09     3.895
  2031   10     6.079
  2031   11     8.948
  2031   12    10.798
  2032   01    12.980
  2032   02    13.785
  2032   03    13.848
  2032   04    13.501
  2032   05    12.359
  2032   06     9.834
  2032   07     6.224
  2032   08     2.795
  2032   09     2.451
  2032   10     5.457
  2032   11     9.678
  2032   12    11.530
  2033   01    13.156
  2033   02    13.961
  2033   03    13.959
  2033   04    13.714
  2033   05    12.217
  2033   06     9.803
  2033   07     6.073
  2033   08     2.264
  2033   09     2.333
  2033   10     4.994
  2033   11     8.892
  2033   12    11.437
  2034   01    13.055
  2034   02    13.688
  2034   03    14.054
  2034   04    13.936
  2034   05    12.349
  2034   06     9.746
  2034   07     7.163
  2034   08     3.919
  2034   09     3.468
  2034   10     6.085
  2034   11     9.768
  2034   12    11.826
  2035   01    13.634
  2035   02    14.162
  2035   03    14.251
  2035   04    13.409
  2035   05    12.439
  2035   06    10.256
  2035   07     6.199
  2035   08     2.570
  2035   09     2.059
  2035   10     4.904
  2035   11     7.896
  2035   12    11.813
  2036   01    13.345
  2036   02    14.195
  2036   03    14.650
  2036   04    13.872
  2036   05    12.606
  2036   06    10.088
  2036   07     5.783
  2036   08     1.873
  2036   09     1.829
  2036   10     3.882
  2036   11     8.833
  2036   12    11.613
  2037   01    13.288
  2037   02    13.989
  2037   03    14.065
  2037   04    13.962
  2037   05    12.647
  2037   06     9.785
  2037   07     6.941
  2037   08     3.450
  2037   09     3.386
  2037   10     6.542
  2037   11     8.857
  2037   12    11.242
  2038   01    13.194
  2038   02    13.927
  2038   03    14.265
  2038   04    13.941
  2038   05    12.907
  2038   06     9.959
  2038   07     6.581
  2038   08     3.363
  2038   09     2.544
  2038   10     5.650
  2038   11     8.772
  2038   12    11.971
  2039   01    13.416
  2039   02    13.940
  2039   03    14.141
  2039   04    13.686
  2039   05    12.702
  2039   06     9.746
  2039   07     5.772
  2039   08     2.543
  2039   09     2.043
  2039   10     4.932
  2039   11     8.951
  2039   12    11.546
  2040   01    13.151
  2040   02    13.800
  2040   03    14.131
  2040   04    13.702
  2040   05    12.144
  2040   06     9.075
  2040   07     5.013
  2040   08     0.612
  2040   09     0.418
  2040   10     3.496
  2040   11     7.548
  2040   12    10.964
  2041   01    12.755
  2041   02    13.498
  2041   03    13.796
  2041   04    13.396
  2041   05    11.843
  2041   06     8.636
  2041   07     5.154
  2041   08     0.333
  2041   09     0.143
  2041   10     3.455
  2041   11     7.421
  2041   12    10.540
  2042   01    12.843
  2042   02    13.593
  2042   03    13.768
  2042   04    13.454
  2042   05    12.016
  2042   06     8.647
  2042   07     4.516
  2042   08     1.184
  2042   09     0.399
  2042   10     3.006
  2042   11     6.067
  2042   12    10.398
  2043   01    12.394
  2043   02    13.424
  2043   03    13.701
  2043   04    13.108
  2043   05    12.059
  2043   06     9.725
  2043   07     5.242
  2043   08     0.918
  2043   09     0.406
  2043   10     3.056
  2043   11     6.161
  2043   12    10.169
  2044   01    12.731
  2044   02    13.530
  2044   03    13.739
  2044   04    13.136
  2044   05    11.585
  2044   06     8.911
  2044   07     5.062
  2044   08     0.985
  2044   09     0.876
  2044   10     3.799
  2044   11     7.902
  2044   12    11.027
  2045   01    12.787
  2045   02    13.587
  2045   03    13.976
  2045   04    13.715
  2045   05    12.378
  2045   06     9.455
  2045   07     5.134
  2045   08     0.245
  2045   09     0.153
  2045   10     2.617
  2045   11     7.832
  2045   12    10.449
  2046   01    12.720
  2046   02    13.502
  2046   03    13.845
  2046   04    13.706
  2046   05    12.374
  2046   06     9.688
  2046   07     5.497
  2046   08     2.199
  2046   09     1.223
  2046   10     3.422
  2046   11     7.865
  2046   12    11.018
  2047   01    13.100
  2047   02    13.584
  2047   03    13.930
  2047   04    13.863
  2047   05    12.702
  2047   06     9.889
  2047   07     5.690
  2047   08     1.912
  2047   09     0.974
  2047   10     3.931
  2047   11     7.764
  2047   12    11.208
  2048   01    13.168
  2048   02    14.090
  2048   03    14.139
  2048   04    13.818
  2048   05    12.334
  2048   06     8.950
  2048   07     4.580
  2048   08     0.237
  2048   09     0.019
  2048   10     3.738
  2048   11     8.006
  2048   12    11.143
  2049   01    13.198
  2049   02    14.095
  2049   03    14.539
  2049   04    14.132
  2049   05    12.867
  2049   06    10.652
  2049   07     6.975
  2049   08     1.986
  2049   09     1.514
  2049   10     5.462
  2049   11     9.204
  2049   12    11.895
  2050   01    13.370
  2050   02    13.801
  2050   03    14.204
  2050   04    13.839
  2050   05    12.854
  2050   06    10.487
  2050   07     6.499
  2050   08     2.901
  2050   09     2.544
  2050   10     5.736
  2050   11     9.816
  2050   12    12.176
  2051   01    13.898
  2051   02    14.570
  2051   03    14.517
  2051   04    14.426
  2051   05    12.691
  2051   06     9.729
  2051   07     5.941
  2051   08     1.118
  2051   09     0.776
  2051   10     3.678
  2051   11     8.594
  2051   12    11.995
  2052   01    13.339
  2052   02    14.118
  2052   03    14.520
  2052   04    14.310
  2052   05    12.847
  2052   06     9.556
  2052   07     5.854
  2052   08     1.644
  2052   09     0.190
  2052   10     4.323
  2052   11     7.757
  2052   12    10.387
  2053   01    12.791
  2053   02    13.639
  2053   03    14.038
  2053   04    13.463
  2053   05    11.964
  2053   06     8.692
  2053   07     4.981
  2053   08     0.466
  2053   09     0.088
  2053   10     2.882
  2053   11     6.660
  2053   12    10.331
  2054   01    12.472
  2054   02    13.322
  2054   03    13.441
  2054   04    12.872
  2054   05    11.898
  2054   06     9.082
  2054   07     4.574
  2054   08     0.933
  2054   09     0.550
  2054   10     2.742
  2054   11     6.817
  2054   12     9.632
  2055   01    11.933
  2055   02    13.013
  2055   03    13.284
  2055   04    12.696
  2055   05    11.834
  2055   06     8.916
  2055   07     4.678
  2055   08     1.099
  2055   09     0.475
  2055   10     2.612
  2055   11     6.626
  2055   12    10.134
  2056   01    12.171
  2056   02    13.184
  2056   03    13.445
  2056   04    12.568
  2056   05    11.640
  2056   06     8.764
  2056   07     5.662
  2056   08     0.338
  2056   09     0.099
  2056   10     1.854
  2056   11     7.137
  2056   12    10.105
  2057   01    12.407
  2057   02    13.184
  2057   03    13.591
  2057   04    13.067
  2057   05    11.858
  2057   06     8.935
  2057   07     4.056
  2057   08     0.033
  2057   09     0.030
  2057   10     1.916
  2057   11     6.071
  2057   12     9.675
  2058   01    12.239
  2058   02    13.183
  2058   03    13.410
  2058   04    13.098
  2058   05    11.911
  2058   06     9.394
  2058   07     5.324
  2058   08     0.886
  2058   09     0.047
  2058   10     2.449
  2058   11     6.771
  2058   12    10.075
  2059   01    12.528
  2059   02    13.426
  2059   03    13.597
  2059   04    13.154
  2059   05    12.295
  2059   06     9.938
  2059   07     5.811
  2059   08     1.262
  2059   09     0.451
  2059   10     2.748
  2059   11     7.476
  2059   12    10.362
  2060   01    12.510
  2060   02    13.467
  2060   03    13.485
  2060   04    12.955
  2060   05    11.843
  2060   06     8.952
  2060   07     4.626
  2060   08     0.347
  2060   09     0.074
  2060   10     2.279
  2060   11     5.929
  2060   12    10.016
  2061   01    12.428
  2061   02    13.296
  2061   03    13.526
  2061   04    13.249
  2061   05    11.706
  2061   06     8.592
  2061   07     5.003
  2061   08     0.056
  2061   09     0.007
  2061   10     2.681
  2061   11     7.485
  2061   12    10.216
  2062   01    11.984
  2062   02    13.200
  2062   03    13.405
  2062   04    12.802
  2062   05    11.089
  2062   06     8.265
  2062   07     4.688
  2062   08     0.158
  2062   09     0.073
  2062   10     2.422
  2062   11     5.945
  2062   12     9.570
  2063   01    11.835
  2063   02    12.482
  2063   03    12.834
  2063   04    12.511
  2063   05    11.485
  2063   06     8.610
  2063   07     3.829
  2063   08     0.012
  2063   09     0.001
  2063   10     0.197
  2063   11     4.347
  2063   12     9.547
  2064   01    11.005
  2064   02    11.973
  2064   03    12.507
  2064   04    11.864
  2064   05    10.997
  2064   06     8.254
  2064   07     3.307
  2064   08     0.057
  2064   09     0.079
  2064   10     0.454
  2064   11     4.450
  2064   12     8.461
  2065   01    10.472
  2065   02    11.625
  2065   03    12.310
  2065   04    12.102
  2065   05    10.037
  2065   06     6.608
  2065   07     3.182
  2065   08     0.025
  2065   09     0.008
  2065   10     0.263
  2065   11     3.829
  2065   12     7.880
  2066   01    10.421
  2066   02    11.503
  2066   03    12.118
  2066   04    11.563
  2066   05    10.122
  2066   06     6.073
  2066   07     1.675
  2066   08     0.004
  2066   09     0.002
  2066   10     0.108
  2066   11     3.639
  2066   12     7.799
  2067   01    10.606
  2067   02    11.978
  2067   03    12.056
  2067   04    11.818
  2067   05    10.658
  2067   06     6.687
  2067   07     2.808
  2067   08     0.033
  2067   09     0.012
  2067   10     0.169
  2067   11     2.890
  2067   12     7.906
  2068   01    10.375
  2068   02    11.470
  2068   03    11.909
  2068   04    11.664
  2068   05    10.544
  2068   06     7.017
  2068   07     2.704
  2068   08     0.001
  2068   09     0.000
  2068   10     0.096
  2068   11     4.027
  2068   12     8.564
  2069   01    10.883
  2069   02    12.150
  2069   03    12.207
  2069   04    11.766
  2069   05     9.651
  2069   06     6.817
  2069   07     2.660
  2069   08     0.003
  2069   09     0.000
  2069   10     0.052
  2069   11     2.834
  2069   12     7.870
  2070   01    10.577
  2070   02    12.154
  2070   03    12.521
  2070   04    12.234
  2070   05    10.319
  2070   06     6.802
  2070   07     1.778
  2070   08     0.005
  2070   09     0.000
  2070   10     0.000
  2070   11     2.808
  2070   12     7.726
  2071   01    10.131
  2071   02    11.724
  2071   03    12.068
  2071   04    11.855
  2071   05    10.632
  2071   06     7.401
  2071   07     2.624
  2071   08     0.004
  2071   09     0.002
  2071   10     0.204
  2071   11     2.099
  2071   12     7.689
  2072   01    10.503
  2072   02    11.900
  2072   03    12.274
  2072   04    11.910
  2072   05     9.878
  2072   06     6.804
  2072   07     0.958
  2072   08     0.011
  2072   09     0.005
  2072   10     0.005
  2072   11     1.093
  2072   12     7.340
  2073   01     9.878
  2073   02    11.621
  2073   03    11.977
  2073   04    11.584
  2073   05    10.324
  2073   06     6.753
  2073   07     2.571
  2073   08     0.005
  2073   09     0.000
  2073   10     0.023
  2073   11     1.543
  2073   12     5.767
  2074   01     8.932
  2074   02    10.965
  2074   03    11.296
  2074   04    10.912
  2074   05     8.880
  2074   06     5.391
  2074   07     0.414
  2074   08     0.005
  2074   09     0.027
  2074   10     0.144
  2074   11     1.008
  2074   12     6.872
  2075   01     9.918
  2075   02    11.308
  2075   03    12.209
  2075   04    12.019
  2075   05    10.464
  2075   06     7.068
  2075   07     1.480
  2075   08     0.005
  2075   09     0.001
  2075   10     0.090
  2075   11     1.657
  2075   12     7.365
  2076   01    10.137
  2076   02    11.638
  2076   03    12.044
  2076   04    11.456
  2076   05     9.757
  2076   06     6.431
  2076   07     0.699
  2076   08     0.000
  2076   09     0.000
  2076   10     0.020
  2076   11     0.392
  2076   12     6.302
  2077   01     9.619
  2077   02    11.161
  2077   03    11.846
  2077   04    11.317
  2077   05     9.983
  2077   06     6.584
  2077   07     0.136
  2077   08     0.000
  2077   09     0.000
  2077   10     0.000
  2077   11     0.137
  2077   12     7.161
  2078   01     9.881
  2078   02    11.057
  2078   03    11.488
  2078   04    11.300
  2078   05    10.102
  2078   06     6.746
  2078   07     0.949
  2078   08     0.009
  2078   09     0.003
  2078   10     0.000
  2078   11     0.226
  2078   12     6.259
  2079   01     9.766
  2079   02    11.278
  2079   03    11.764
  2079   04    11.125
  2079   05     9.463
  2079   06     6.210
  2079   07     0.759
  2079   08     0.004
  2079   09     0.000
  2079   10     0.000
  2079   11     0.714
  2079   12     5.262
  2080   01     8.591
  2080   02    10.530
  2080   03    11.271
  2080   04    11.001
  2080   05     8.910
  2080   06     4.757
  2080   07     0.388
  2080   08     0.005
  2080   09     0.002
  2080   10     0.056
  2080   11     0.554
  2080   12     4.068
  2081   01     8.273
  2081   02    10.830
  2081   03    12.043
  2081   04    11.738
  2081   05     9.610
  2081   06     5.426
  2081   07     0.027
  2081   08     0.000
  2081   09     0.000
  2081   10     0.000
  2081   11     0.174
  2081   12     4.306
  2082   01     9.351
  2082   02    11.128
  2082   03    11.974
  2082   04    11.375
  2082   05     9.610
  2082   06     6.494
  2082   07     0.819
  2082   08     0.001
  2082   09     0.000
  2082   10     0.000
  2082   11     1.080
  2082   12     6.440
  2083   01     9.567
  2083   02    10.975
  2083   03    11.796
  2083   04    11.529
  2083   05    10.413
  2083   06     6.449
  2083   07     1.717
  2083   08     0.002
  2083   09     0.000
  2083   10     0.042
  2083   11     1.786
  2083   12     6.289
  2084   01     9.499
  2084   02    11.025
  2084   03    11.541
  2084   04    11.192
  2084   05     9.942
  2084   06     6.360
  2084   07     0.956
  2084   08     0.012
  2084   09     0.002
  2084   10     0.006
  2084   11     0.784
  2084   12     5.624
  2085   01     9.264
  2085   02    10.895
  2085   03    11.362
  2085   04    11.089
  2085   05     9.504
  2085   06     6.021
  2085   07     0.880
  2085   08     0.004
  2085   09     0.002
  2085   10     0.024
  2085   11     0.489
  2085   12     5.633
  2086   01     9.420
  2086   02    10.770
  2086   03    11.474
  2086   04    10.960
  2086   05     9.628
  2086   06     5.972
  2086   07     1.221
  2086   08     0.000
  2086   09     0.000
  2086   10     0.069
  2086   11     0.622
  2086   12     5.049
  2087   01     8.981
  2087   02    10.389
  2087   03    10.982
  2087   04    10.923
  2087   05    10.024
  2087   06     5.750
  2087   07     0.273
  2087   08     0.001
  2087   09     0.000
  2087   10     0.065
  2087   11     0.571
  2087   12     3.477
  2088   01     8.302
  2088   02    10.566
  2088   03    11.187
  2088   04    10.906
  2088   05     9.098
  2088   06     5.778
  2088   07     0.141
  2088   08     0.000
  2088   09     0.000
  2088   10     0.068
  2088   11     0.402
  2088   12     4.739
  2089   01     8.532
  2089   02    10.358
  2089   03    10.956
  2089   04    10.786
  2089   05     9.469
  2089   06     5.646
  2089   07     0.083
  2089   08     0.001
  2089   09     0.000
  2089   10     0.000
  2089   11     0.180
  2089   12     4.133
  2090   01     7.936
  2090   02     9.296
  2090   03    10.144
  2090   04     9.732
  2090   05     7.651
  2090   06     5.242
  2090   07     0.003
  2090   08     0.000
  2090   09     0.000
  2090   10     0.000
  2090   11     0.016
  2090   12     2.056
  2091   01     6.647
  2091   02     9.224
  2091   03    10.081
  2091   04     9.413
  2091   05     8.031
  2091   06     4.808
  2091   07     0.019
  2091   08     0.000
  2091   09     0.000
  2091   10     0.000
  2091   11     0.073
  2091   12     2.974
  2092   01     7.900
  2092   02     9.238
  2092   03     9.971
  2092   04     9.957
  2092   05     7.936
  2092   06     4.102
  2092   07     0.021
  2092   08     0.000
  2092   09     0.000
  2092   10     0.010
  2092   11     0.216
  2092   12     2.896
  2093   01     6.982
  2093   02     8.697
  2093   03     9.702
  2093   04     9.450
  2093   05     7.602
  2093   06     3.357
  2093   07     0.046
  2093   08     0.004
  2093   09     0.000
  2093   10     0.012
  2093   11     0.352
  2093   12     1.574
  2094   01     5.305
  2094   02     8.126
  2094   03     9.311
  2094   04     9.411
  2094   05     6.819
  2094   06     2.498
  2094   07     0.003
  2094   08     0.000
  2094   09     0.000
  2094   10     0.000
  2094   11     0.042
  2094   12     0.755
  2095   01     5.162
  2095   02     8.656
  2095   03     9.904
  2095   04     9.687
  2095   05     8.130
  2095   06     3.048
  2095   07     0.001
  2095   08     0.000
  2095   09     0.000
  2095   10     0.000
  2095   11     0.112
  2095   12     1.177
  2096   01     5.087
  2096   02     8.448
  2096   03     9.544
  2096   04     9.467
  2096   05     7.949
  2096   06     3.591
  2096   07     0.000
  2096   08     0.000
  2096   09     0.000
  2096   10     0.000
  2096   11     0.000
  2096   12     0.894
  2097   01     5.559
  2097   02     8.084
  2097   03     9.214
  2097   04     8.859
  2097   05     7.675
  2097   06     2.975
  2097   07     0.002
  2097   08     0.000
  2097   09     0.000
  2097   10     0.031
  2097   11     0.221
  2097   12     0.945
  2098   01     6.088
  2098   02     8.812
  2098   03     9.905
  2098   04     9.064
  2098   05     6.997
  2098   06     1.923
  2098   07     0.000
  2098   08     0.000
  2098   09     0.000
  2098   10     0.000
  2098   11     0.000
  2098   12     0.266
  2099   01     3.858
  2099   02     7.620
  2099   03     8.824
  2099   04     8.592
  2099   05     5.964
  2099   06     1.776
  2099   07     0.002
  2099   08     0.000
  2099   09     0.000
  2099   10     0.000
  2099   11     0.076
  2099   12     0.545
  2100   01     4.034
  2100   02     7.130
  2100   03     8.794
  2100   04     8.650
  2100   05     6.983
  2100   06     1.064
  2100   07     0.000
  2100   08     0.000
  2100   09     0.000
  2100   10     0.012
  2100   11     0.184
  2100   12     0.675
