  1850   01    17.847
  1850   02    18.762
  1850   03    19.093
  1850   04    18.151
  1850   05    16.393
  1850   06    14.709
  1850   07    11.461
  1850   08     8.820
  1850   09     8.305
  1850   10    10.146
  1850   11    12.261
  1850   12    15.611
  1851   01    17.569
  1851   02    18.591
  1851   03    18.788
  1851   04    18.157
  1851   05    16.562
  1851   06    14.363
  1851   07    12.004
  1851   08     9.757
  1851   09     8.687
  1851   10    10.512
  1851   11    13.129
  1851   12    16.257
  1852   01    17.844
  1852   02    18.579
  1852   03    18.654
  1852   04    17.977
  1852   05    15.913
  1852   06    13.977
  1852   07    11.388
  1852   08     8.844
  1852   09     7.751
  1852   10     9.794
  1852   11    12.774
  1852   12    15.336
  1853   01    17.248
  1853   02    18.347
  1853   03    18.877
  1853   04    18.172
  1853   05    16.263
  1853   06    14.452
  1853   07    12.019
  1853   08     9.480
  1853   09     8.564
  1853   10    10.745
  1853   11    12.676
  1853   12    15.896
  1854   01    17.974
  1854   02    19.191
  1854   03    19.485
  1854   04    18.502
  1854   05    16.849
  1854   06    14.326
  1854   07    11.982
  1854   08     9.306
  1854   09     8.224
  1854   10    10.096
  1854   11    12.913
  1854   12    15.908
  1855   01    17.719
  1855   02    18.919
  1855   03    19.149
  1855   04    18.359
  1855   05    16.928
  1855   06    14.639
  1855   07    12.022
  1855   08     9.499
  1855   09     8.260
  1855   10    10.616
  1855   11    12.338
  1855   12    16.424
  1856   01    17.460
  1856   02    18.364
  1856   03    18.619
  1856   04    17.977
  1856   05    16.184
  1856   06    14.588
  1856   07    12.565
  1856   08    10.077
  1856   09     9.290
  1856   10    10.920
  1856   11    13.743
  1856   12    16.142
  1857   01    17.694
  1857   02    18.240
  1857   03    18.319
  1857   04    17.944
  1857   05    16.559
  1857   06    14.112
  1857   07    11.626
  1857   08     9.969
  1857   09     9.322
  1857   10    10.907
  1857   11    13.374
  1857   12    15.770
  1858   01    17.435
  1858   02    18.341
  1858   03    18.693
  1858   04    17.818
  1858   05    16.514
  1858   06    14.502
  1858   07    11.875
  1858   08    10.068
  1858   09     9.494
  1858   10    10.888
  1858   11    12.781
  1858   12    16.042
  1859   01    17.899
  1859   02    18.863
  1859   03    19.192
  1859   04    18.629
  1859   05    16.959
  1859   06    14.393
  1859   07    11.681
  1859   08     9.307
  1859   09     8.559
  1859   10    10.449
  1859   11    12.658
  1859   12    15.856
  1860   01    17.960
  1860   02    19.074
  1860   03    19.298
  1860   04    18.324
  1860   05    16.243
  1860   06    14.281
  1860   07    12.196
  1860   08     9.748
  1860   09     8.676
  1860   10    10.553
  1860   11    13.020
  1860   12    15.786
  1861   01    17.632
  1861   02    19.164
  1861   03    19.314
  1861   04    18.217
  1861   05    16.700
  1861   06    14.278
  1861   07    11.889
  1861   08     9.265
  1861   09     8.195
  1861   10    10.353
  1861   11    12.572
  1861   12    15.972
  1862   01    17.921
  1862   02    19.299
  1862   03    19.562
  1862   04    18.792
  1862   05    16.641
  1862   06    14.636
  1862   07    12.778
  1862   08     9.398
  1862   09     8.233
  1862   10    10.230
  1862   11    13.325
  1862   12    16.199
  1863   01    17.977
  1863   02    18.838
  1863   03    18.945
  1863   04    18.472
  1863   05    16.772
  1863   06    14.662
  1863   07    12.171
  1863   08     9.436
  1863   09     8.728
  1863   10    10.063
  1863   11    12.539
  1863   12    15.996
  1864   01    17.597
  1864   02    18.922
  1864   03    19.089
  1864   04    17.926
  1864   05    15.734
  1864   06    14.196
  1864   07    12.027
  1864   08     9.365
  1864   09     8.142
  1864   10    10.312
  1864   11    12.385
  1864   12    15.050
  1865   01    17.075
  1865   02    18.152
  1865   03    18.510
  1865   04    17.611
  1865   05    15.569
  1865   06    13.934
  1865   07    11.844
  1865   08     8.871
  1865   09     7.813
  1865   10    10.264
  1865   11    12.351
  1865   12    15.424
  1866   01    17.355
  1866   02    18.223
  1866   03    18.019
  1866   04    17.573
  1866   05    16.059
  1866   06    14.325
  1866   07    11.895
  1866   08     8.924
  1866   09     8.412
  1866   10    10.225
  1866   11    13.264
  1866   12    15.358
  1867   01    17.323
  1867   02    18.277
  1867   03    18.447
  1867   04    17.638
  1867   05    15.986
  1867   06    13.899
  1867   07    11.599
  1867   08     8.594
  1867   09     7.845
  1867   10     9.587
  1867   11    12.334
  1867   12    15.318
  1868   01    17.243
  1868   02    18.365
  1868   03    18.601
  1868   04    18.062
  1868   05    15.550
  1868   06    13.614
  1868   07    11.348
  1868   08     8.676
  1868   09     7.753
  1868   10     9.739
  1868   11    11.969
  1868   12    15.186
  1869   01    17.522
  1869   02    18.567
  1869   03    18.712
  1869   04    17.888
  1869   05    16.113
  1869   06    13.586
  1869   07    11.148
  1869   08     8.579
  1869   09     8.346
  1869   10    10.031
  1869   11    12.480
  1869   12    15.365
  1870   01    17.424
  1870   02    18.663
  1870   03    18.658
  1870   04    17.588
  1870   05    15.382
  1870   06    13.377
  1870   07    11.562
  1870   08     9.468
  1870   09     8.758
  1870   10    10.411
  1870   11    12.846
  1870   12    15.597
  1871   01    17.364
  1871   02    18.493
  1871   03    18.503
  1871   04    17.677
  1871   05    16.217
  1871   06    14.529
  1871   07    12.742
  1871   08     9.973
  1871   09     8.949
  1871   10    10.934
  1871   11    12.899
  1871   12    15.878
  1872   01    17.767
  1872   02    18.696
  1872   03    19.018
  1872   04    18.615
  1872   05    16.679
  1872   06    14.441
  1872   07    12.052
  1872   08     9.155
  1872   09     8.034
  1872   10    10.509
  1872   11    12.700
  1872   12    15.611
  1873   01    17.189
  1873   02    17.991
  1873   03    18.197
  1873   04    17.538
  1873   05    16.134
  1873   06    14.146
  1873   07    11.787
  1873   08     9.162
  1873   09     8.294
  1873   10    10.348
  1873   11    12.578
  1873   12    15.199
  1874   01    16.682
  1874   02    17.730
  1874   03    17.926
  1874   04    17.328
  1874   05    15.527
  1874   06    13.701
  1874   07    11.464
  1874   08     8.749
  1874   09     7.716
  1874   10     9.868
  1874   11    12.523
  1874   12    15.502
  1875   01    17.133
  1875   02    18.250
  1875   03    18.359
  1875   04    17.640
  1875   05    15.748
  1875   06    13.502
  1875   07    11.613
  1875   08     8.904
  1875   09     7.806
  1875   10    10.013
  1875   11    12.190
  1875   12    14.865
  1876   01    16.432
  1876   02    18.078
  1876   03    18.445
  1876   04    17.630
  1876   05    15.711
  1876   06    13.865
  1876   07    11.679
  1876   08     8.503
  1876   09     7.611
  1876   10     9.817
  1876   11    12.400
  1876   12    16.028
  1877   01    17.266
  1877   02    18.448
  1877   03    18.484
  1877   04    17.740
  1877   05    16.471
  1877   06    14.006
  1877   07    11.153
  1877   08     8.663
  1877   09     7.384
  1877   10     9.608
  1877   11    12.385
  1877   12    15.322
  1878   01    16.882
  1878   02    17.979
  1878   03    18.144
  1878   04    17.838
  1878   05    16.230
  1878   06    14.254
  1878   07    10.991
  1878   08     8.110
  1878   09     7.050
  1878   10     9.352
  1878   11    11.930
  1878   12    14.953
  1879   01    16.923
  1879   02    17.827
  1879   03    18.100
  1879   04    17.228
  1879   05    16.251
  1879   06    14.523
  1879   07    11.855
  1879   08     8.010
  1879   09     7.156
  1879   10     9.953
  1879   11    12.682
  1879   12    15.908
  1880   01    17.430
  1880   02    18.116
  1880   03    18.289
  1880   04    17.440
  1880   05    15.447
  1880   06    13.642
  1880   07    11.689
  1880   08     9.312
  1880   09     8.295
  1880   10    10.183
  1880   11    12.568
  1880   12    14.893
  1881   01    17.086
  1881   02    17.985
  1881   03    18.363
  1881   04    17.605
  1881   05    15.585
  1881   06    13.749
  1881   07    11.542
  1881   08     8.729
  1881   09     7.532
  1881   10     9.786
  1881   11    12.782
  1881   12    15.304
  1882   01    17.378
  1882   02    18.578
  1882   03    18.830
  1882   04    18.210
  1882   05    16.456
  1882   06    13.596
  1882   07    10.799
  1882   08     8.846
  1882   09     7.910
  1882   10     9.864
  1882   11    12.471
  1882   12    16.099
  1883   01    17.844
  1883   02    18.707
  1883   03    18.905
  1883   04    18.234
  1883   05    16.747
  1883   06    14.089
  1883   07    11.770
  1883   08     8.959
  1883   09     8.438
  1883   10    10.075
  1883   11    12.280
  1883   12    14.902
  1884   01    16.918
  1884   02    18.208
  1884   03    18.360
  1884   04    17.943
  1884   05    16.336
  1884   06    14.717
  1884   07    12.313
  1884   08     9.533
  1884   09     8.487
  1884   10    10.544
  1884   11    13.252
  1884   12    16.114
  1885   01    17.603
  1885   02    18.636
  1885   03    18.689
  1885   04    18.031
  1885   05    16.764
  1885   06    14.655
  1885   07    12.601
  1885   08    10.010
  1885   09     8.836
  1885   10    11.053
  1885   11    13.242
  1885   12    16.145
  1886   01    17.458
  1886   02    18.299
  1886   03    18.247
  1886   04    17.688
  1886   05    16.114
  1886   06    13.762
  1886   07    12.209
  1886   08     9.399
  1886   09     8.323
  1886   10    10.257
  1886   11    12.679
  1886   12    15.199
  1887   01    16.744
  1887   02    17.740
  1887   03    17.757
  1887   04    17.068
  1887   05    15.513
  1887   06    13.325
  1887   07    11.412
  1887   08     8.881
  1887   09     8.076
  1887   10     9.729
  1887   11    12.549
  1887   12    15.131
  1888   01    16.367
  1888   02    17.280
  1888   03    17.785
  1888   04    17.308
  1888   05    15.494
  1888   06    13.578
  1888   07    11.570
  1888   08     9.615
  1888   09     8.586
  1888   10    10.237
  1888   11    12.311
  1888   12    15.120
  1889   01    16.610
  1889   02    17.868
  1889   03    18.479
  1889   04    17.420
  1889   05    15.155
  1889   06    13.177
  1889   07    10.966
  1889   08     9.112
  1889   09     8.623
  1889   10    10.051
  1889   11    12.190
  1889   12    15.032
  1890   01    16.712
  1890   02    17.689
  1890   03    18.012
  1890   04    17.223
  1890   05    15.840
  1890   06    13.424
  1890   07    10.818
  1890   08     8.742
  1890   09     8.208
  1890   10     9.719
  1890   11    12.278
  1890   12    15.237
  1891   01    17.022
  1891   02    17.707
  1891   03    18.125
  1891   04    17.422
  1891   05    15.714
  1891   06    14.175
  1891   07    12.022
  1891   08     9.399
  1891   09     8.663
  1891   10    10.342
  1891   11    13.155
  1891   12    15.828
  1892   01    17.433
  1892   02    18.425
  1892   03    18.552
  1892   04    18.086
  1892   05    16.497
  1892   06    14.105
  1892   07    11.333
  1892   08     8.781
  1892   09     8.026
  1892   10    10.036
  1892   11    12.231
  1892   12    15.157
  1893   01    17.193
  1893   02    18.310
  1893   03    18.322
  1893   04    17.521
  1893   05    15.983
  1893   06    14.320
  1893   07    12.115
  1893   08     9.599
  1893   09     8.555
  1893   10    10.830
  1893   11    12.906
  1893   12    15.735
  1894   01    17.549
  1894   02    18.143
  1894   03    18.538
  1894   04    18.003
  1894   05    16.293
  1894   06    13.863
  1894   07    11.453
  1894   08     9.266
  1894   09     8.456
  1894   10     9.799
  1894   11    12.203
  1894   12    14.992
  1895   01    17.458
  1895   02    18.370
  1895   03    18.844
  1895   04    18.217
  1895   05    16.394
  1895   06    14.107
  1895   07    11.345
  1895   08     8.609
  1895   09     8.074
  1895   10    10.564
  1895   11    12.274
  1895   12    15.108
  1896   01    17.606
  1896   02    19.060
  1896   03    19.327
  1896   04    18.442
  1896   05    16.322
  1896   06    13.623
  1896   07    11.288
  1896   08     9.274
  1896   09     8.767
  1896   10    10.378
  1896   11    12.398
  1896   12    15.615
  1897   01    17.691
  1897   02    19.427
  1897   03    19.709
  1897   04    19.047
  1897   05    16.750
  1897   06    14.431
  1897   07    11.394
  1897   08     9.309
  1897   09     7.999
  1897   10    10.097
  1897   11    12.610
  1897   12    15.989
  1898   01    17.674
  1898   02    18.655
  1898   03    18.673
  1898   04    17.689
  1898   05    16.418
  1898   06    14.768
  1898   07    11.976
  1898   08     9.548
  1898   09     8.369
  1898   10    10.343
  1898   11    12.504
  1898   12    15.779
  1899   01    17.402
  1899   02    18.172
  1899   03    18.131
  1899   04    17.181
  1899   05    15.837
  1899   06    14.180
  1899   07    11.655
  1899   08     9.779
  1899   09     9.188
  1899   10    10.634
  1899   11    12.745
  1899   12    15.825
  1900   01    17.706
  1900   02    18.369
  1900   03    18.417
  1900   04    17.564
  1900   05    15.869
  1900   06    13.846
  1900   07    11.158
  1900   08     9.355
  1900   09     8.818
  1900   10    10.178
  1900   11    12.551
  1900   12    15.284
  1901   01    17.403
  1901   02    18.562
  1901   03    18.755
  1901   04    18.221
  1901   05    16.265
  1901   06    13.599
  1901   07    11.420
  1901   08     8.843
  1901   09     8.331
  1901   10     9.547
  1901   11    12.127
  1901   12    15.674
  1902   01    17.896
  1902   02    18.924
  1902   03    18.907
  1902   04    18.422
  1902   05    16.379
  1902   06    14.248
  1902   07    12.092
  1902   08     8.975
  1902   09     8.452
  1902   10    10.308
  1902   11    12.836
  1902   12    16.006
  1903   01    17.723
  1903   02    18.665
  1903   03    18.927
  1903   04    18.107
  1903   05    16.644
  1903   06    14.168
  1903   07    12.097
  1903   08     9.778
  1903   09     8.655
  1903   10    10.379
  1903   11    12.571
  1903   12    16.071
  1904   01    17.643
  1904   02    18.281
  1904   03    18.696
  1904   04    17.885
  1904   05    16.120
  1904   06    14.621
  1904   07    12.197
  1904   08     9.514
  1904   09     8.269
  1904   10    10.242
  1904   11    12.856
  1904   12    15.722
  1905   01    16.934
  1905   02    17.898
  1905   03    18.420
  1905   04    17.655
  1905   05    16.263
  1905   06    13.974
  1905   07    11.283
  1905   08     8.803
  1905   09     7.924
  1905   10    10.030
  1905   11    11.953
  1905   12    15.854
  1906   01    17.319
  1906   02    18.212
  1906   03    18.495
  1906   04    17.728
  1906   05    16.163
  1906   06    13.537
  1906   07    11.102
  1906   08     8.278
  1906   09     7.107
  1906   10     9.805
  1906   11    12.360
  1906   12    15.410
  1907   01    17.413
  1907   02    18.414
  1907   03    18.602
  1907   04    17.699
  1907   05    16.138
  1907   06    14.254
  1907   07    11.123
  1907   08     8.349
  1907   09     7.669
  1907   10    10.165
  1907   11    12.582
  1907   12    15.301
  1908   01    17.272
  1908   02    18.172
  1908   03    18.553
  1908   04    17.691
  1908   05    16.181
  1908   06    13.478
  1908   07    11.323
  1908   08     9.029
  1908   09     8.326
  1908   10    10.210
  1908   11    12.360
  1908   12    15.436
  1909   01    17.414
  1909   02    18.229
  1909   03    18.366
  1909   04    17.912
  1909   05    15.997
  1909   06    13.587
  1909   07    10.894
  1909   08     9.101
  1909   09     8.421
  1909   10     9.970
  1909   11    12.319
  1909   12    15.396
  1910   01    17.223
  1910   02    18.415
  1910   03    18.926
  1910   04    18.241
  1910   05    16.065
  1910   06    13.452
  1910   07    10.806
  1910   08     8.586
  1910   09     7.640
  1910   10     9.615
  1910   11    12.022
  1910   12    15.157
  1911   01    17.124
  1911   02    18.202
  1911   03    18.593
  1911   04    18.127
  1911   05    16.283
  1911   06    13.733
  1911   07    11.658
  1911   08     9.055
  1911   09     8.023
  1911   10    10.232
  1911   11    11.941
  1911   12    15.005
  1912   01    16.796
  1912   02    17.540
  1912   03    17.787
  1912   04    17.287
  1912   05    15.788
  1912   06    13.869
  1912   07    11.845
  1912   08     9.461
  1912   09     8.185
  1912   10    10.620
  1912   11    13.029
  1912   12    15.879
  1913   01    17.140
  1913   02    17.566
  1913   03    17.763
  1913   04    17.320
  1913   05    16.212
  1913   06    14.603
  1913   07    11.358
  1913   08     8.302
  1913   09     7.332
  1913   10     9.947
  1913   11    13.144
  1913   12    16.218
  1914   01    17.744
  1914   02    18.398
  1914   03    18.446
  1914   04    17.671
  1914   05    15.805
  1914   06    13.636
  1914   07    11.755
  1914   08     8.757
  1914   09     7.775
  1914   10     9.940
  1914   11    12.300
  1914   12    15.275
  1915   01    17.021
  1915   02    18.423
  1915   03    18.405
  1915   04    17.457
  1915   05    16.192
  1915   06    13.738
  1915   07    11.656
  1915   08     9.316
  1915   09     8.437
  1915   10     9.851
  1915   11    12.705
  1915   12    15.632
  1916   01    17.179
  1916   02    18.223
  1916   03    18.599
  1916   04    17.664
  1916   05    16.102
  1916   06    13.916
  1916   07    11.564
  1916   08     8.554
  1916   09     7.964
  1916   10    10.024
  1916   11    12.571
  1916   12    15.423
  1917   01    17.483
  1917   02    18.534
  1917   03    18.510
  1917   04    17.388
  1917   05    15.671
  1917   06    14.015
  1917   07    11.471
  1917   08     8.770
  1917   09     7.652
  1917   10     9.942
  1917   11    12.778
  1917   12    15.696
  1918   01    17.667
  1918   02    18.627
  1918   03    18.720
  1918   04    17.175
  1918   05    15.464
  1918   06    13.755
  1918   07    11.958
  1918   08     8.897
  1918   09     7.846
  1918   10    10.241
  1918   11    12.982
  1918   12    15.484
  1919   01    17.343
  1919   02    18.286
  1919   03    18.597
  1919   04    17.855
  1919   05    16.492
  1919   06    14.757
  1919   07    12.174
  1919   08     9.293
  1919   09     8.534
  1919   10    10.707
  1919   11    12.898
  1919   12    15.564
  1920   01    17.338
  1920   02    18.440
  1920   03    18.860
  1920   04    18.128
  1920   05    16.330
  1920   06    14.242
  1920   07    11.648
  1920   08     8.666
  1920   09     7.169
  1920   10     9.778
  1920   11    12.576
  1920   12    15.415
  1921   01    17.261
  1921   02    18.043
  1921   03    18.167
  1921   04    17.292
  1921   05    15.793
  1921   06    14.312
  1921   07    12.038
  1921   08     8.806
  1921   09     7.597
  1921   10     9.674
  1921   11    12.836
  1921   12    15.619
  1922   01    17.283
  1922   02    18.168
  1922   03    18.239
  1922   04    17.044
  1922   05    15.495
  1922   06    14.110
  1922   07    12.027
  1922   08    10.035
  1922   09     8.662
  1922   10    10.611
  1922   11    12.661
  1922   12    15.681
  1923   01    17.774
  1923   02    18.761
  1923   03    18.566
  1923   04    18.096
  1923   05    16.690
  1923   06    14.877
  1923   07    11.940
  1923   08     9.499
  1923   09     8.465
  1923   10    10.519
  1923   11    13.116
  1923   12    15.766
  1924   01    17.520
  1924   02    18.490
  1924   03    18.542
  1924   04    17.746
  1924   05    16.556
  1924   06    14.667
  1924   07    12.397
  1924   08    10.269
  1924   09     9.059
  1924   10    11.113
  1924   11    13.391
  1924   12    16.143
  1925   01    17.985
  1925   02    18.637
  1925   03    18.743
  1925   04    17.955
  1925   05    16.668
  1925   06    14.444
  1925   07    11.960
  1925   08     9.353
  1925   09     8.124
  1925   10     9.833
  1925   11    12.433
  1925   12    15.744
  1926   01    17.593
  1926   02    18.317
  1926   03    18.660
  1926   04    18.265
  1926   05    16.885
  1926   06    14.647
  1926   07    11.548
  1926   08     8.896
  1926   09     8.126
  1926   10    10.286
  1926   11    12.911
  1926   12    15.734
  1927   01    17.368
  1927   02    18.474
  1927   03    18.703
  1927   04    18.045
  1927   05    16.610
  1927   06    14.198
  1927   07    11.547
  1927   08     9.282
  1927   09     7.786
  1927   10    10.100
  1927   11    12.638
  1927   12    15.758
  1928   01    17.339
  1928   02    18.525
  1928   03    18.719
  1928   04    17.744
  1928   05    15.786
  1928   06    13.527
  1928   07    11.172
  1928   08     8.758
  1928   09     7.412
  1928   10     9.291
  1928   11    12.692
  1928   12    15.665
  1929   01    17.562
  1929   02    18.652
  1929   03    19.075
  1929   04    17.997
  1929   05    16.047
  1929   06    13.848
  1929   07    11.129
  1929   08     8.475
  1929   09     7.386
  1929   10     9.161
  1929   11    12.084
  1929   12    15.511
  1930   01    17.164
  1930   02    17.979
  1930   03    18.230
  1930   04    17.447
  1930   05    15.635
  1930   06    13.510
  1930   07    11.792
  1930   08     9.131
  1930   09     7.965
  1930   10     9.767
  1930   11    12.191
  1930   12    14.684
  1931   01    16.025
  1931   02    17.088
  1931   03    17.407
  1931   04    16.596
  1931   05    15.294
  1931   06    13.214
  1931   07    10.842
  1931   08     8.894
  1931   09     7.642
  1931   10     9.779
  1931   11    12.224
  1931   12    15.043
  1932   01    16.372
  1932   02    17.440
  1932   03    17.674
  1932   04    16.997
  1932   05    15.517
  1932   06    13.587
  1932   07    11.122
  1932   08     7.993
  1932   09     6.977
  1932   10     9.676
  1932   11    11.684
  1932   12    14.708
  1933   01    16.821
  1933   02    18.184
  1933   03    18.573
  1933   04    17.989
  1933   05    16.122
  1933   06    14.003
  1933   07    11.109
  1933   08     8.391
  1933   09     7.070
  1933   10     9.474
  1933   11    12.555
  1933   12    15.797
  1934   01    17.402
  1934   02    18.358
  1934   03    18.571
  1934   04    17.998
  1934   05    16.073
  1934   06    13.694
  1934   07    11.586
  1934   08     9.005
  1934   09     7.774
  1934   10     9.674
  1934   11    12.512
  1934   12    15.580
  1935   01    17.119
  1935   02    18.109
  1935   03    18.355
  1935   04    17.776
  1935   05    15.998
  1935   06    13.570
  1935   07    11.011
  1935   08     9.248
  1935   09     8.744
  1935   10    10.054
  1935   11    11.766
  1935   12    14.871
  1936   01    16.680
  1936   02    18.154
  1936   03    18.378
  1936   04    17.501
  1936   05    15.678
  1936   06    13.219
  1936   07    10.978
  1936   08     8.827
  1936   09     7.779
  1936   10     9.766
  1936   11    11.927
  1936   12    15.021
  1937   01    17.327
  1937   02    18.258
  1937   03    18.350
  1937   04    17.790
  1937   05    16.488
  1937   06    13.963
  1937   07    10.893
  1937   08     8.364
  1937   09     7.370
  1937   10     9.691
  1937   11    12.282
  1937   12    15.664
  1938   01    17.888
  1938   02    18.838
  1938   03    19.011
  1938   04    18.200
  1938   05    17.078
  1938   06    14.535
  1938   07    11.521
  1938   08     9.308
  1938   09     8.068
  1938   10    10.360
  1938   11    12.990
  1938   12    15.766
  1939   01    17.488
  1939   02    18.262
  1939   03    18.599
  1939   04    17.747
  1939   05    16.065
  1939   06    14.021
  1939   07    12.004
  1939   08     8.696
  1939   09     7.655
  1939   10     9.988
  1939   11    12.521
  1939   12    15.660
  1940   01    17.384
  1940   02    18.197
  1940   03    18.205
  1940   04    17.700
  1940   05    15.971
  1940   06    13.949
  1940   07    11.297
  1940   08     8.853
  1940   09     8.039
  1940   10     9.779
  1940   11    12.328
  1940   12    15.691
  1941   01    17.358
  1941   02    18.549
  1941   03    18.741
  1941   04    17.831
  1941   05    16.091
  1941   06    13.907
  1941   07    11.462
  1941   08     8.911
  1941   09     8.305
  1941   10    10.326
  1941   11    12.310
  1941   12    15.494
  1942   01    17.026
  1942   02    18.246
  1942   03    18.510
  1942   04    17.663
  1942   05    15.960
  1942   06    14.071
  1942   07    12.147
  1942   08     9.869
  1942   09     8.576
  1942   10    10.415
  1942   11    12.777
  1942   12    15.535
  1943   01    17.121
  1943   02    17.897
  1943   03    18.071
  1943   04    17.566
  1943   05    15.994
  1943   06    13.966
  1943   07    11.226
  1943   08     8.939
  1943   09     7.884
  1943   10     9.635
  1943   11    12.243
  1943   12    15.401
  1944   01    17.266
  1944   02    18.154
  1944   03    18.620
  1944   04    18.136
  1944   05    16.415
  1944   06    13.605
  1944   07    11.425
  1944   08     9.019
  1944   09     7.998
  1944   10    10.011
  1944   11    12.857
  1944   12    14.704
  1945   01    16.572
  1945   02    17.985
  1945   03    18.829
  1945   04    18.344
  1945   05    16.496
  1945   06    14.324
  1945   07    12.191
  1945   08     9.538
  1945   09     8.439
  1945   10    10.656
  1945   11    12.953
  1945   12    15.929
  1946   01    18.009
  1946   02    19.134
  1946   03    19.409
  1946   04    18.075
  1946   05    16.485
  1946   06    14.744
  1946   07    12.175
  1946   08     9.332
  1946   09     8.124
  1946   10     9.808
  1946   11    13.202
  1946   12    15.712
  1947   01    17.481
  1947   02    18.539
  1947   03    19.101
  1947   04    18.066
  1947   05    16.584
  1947   06    14.916
  1947   07    11.611
  1947   08     8.597
  1947   09     8.088
  1947   10     9.690
  1947   11    12.625
  1947   12    15.738
  1948   01    17.221
  1948   02    18.443
  1948   03    19.088
  1948   04    17.839
  1948   05    15.729
  1948   06    14.224
  1948   07    11.610
  1948   08     9.439
  1948   09     8.798
  1948   10    10.075
  1948   11    11.924
  1948   12    15.834
  1949   01    17.545
  1949   02    18.308
  1949   03    18.228
  1949   04    17.786
  1949   05    16.244
  1949   06    13.123
  1949   07    10.776
  1949   08     8.974
  1949   09     8.407
  1949   10     9.699
  1949   11    11.755
  1949   12    14.870
  1950   01    17.420
  1950   02    18.502
  1950   03    18.601
  1950   04    17.938
  1950   05    15.920
  1950   06    13.366
  1950   07    10.824
  1950   08     8.386
  1950   09     7.593
  1950   10     9.598
  1950   11    12.030
  1950   12    15.061
  1951   01    17.462
  1951   02    18.443
  1951   03    18.701
  1951   04    17.430
  1951   05    15.492
  1951   06    13.740
  1951   07    11.649
  1951   08     9.365
  1951   09     8.291
  1951   10     9.876
  1951   11    12.020
  1951   12    15.118
  1952   01    17.449
  1952   02    18.648
  1952   03    19.007
  1952   04    18.022
  1952   05    15.772
  1952   06    12.924
  1952   07    11.004
  1952   08     8.419
  1952   09     7.791
  1952   10     9.443
  1952   11    11.341
  1952   12    14.876
  1953   01    17.413
  1953   02    18.598
  1953   03    18.803
  1953   04    18.012
  1953   05    15.664
  1953   06    13.501
  1953   07    10.333
  1953   08     8.029
  1953   09     7.370
  1953   10     8.946
  1953   11    11.985
  1953   12    14.990
  1954   01    16.804
  1954   02    18.039
  1954   03    18.477
  1954   04    17.653
  1954   05    15.385
  1954   06    13.784
  1954   07    11.411
  1954   08     8.604
  1954   09     7.417
  1954   10     9.543
  1954   11    12.116
  1954   12    14.961
  1955   01    16.193
  1955   02    17.567
  1955   03    18.014
  1955   04    17.444
  1955   05    15.350
  1955   06    13.327
  1955   07    11.464
  1955   08     9.341
  1955   09     8.881
  1955   10    10.049
  1955   11    11.883
  1955   12    14.699
  1956   01    16.842
  1956   02    18.045
  1956   03    18.181
  1956   04    17.582
  1956   05    15.782
  1956   06    13.562
  1956   07    10.961
  1956   08     8.740
  1956   09     8.128
  1956   10    10.354
  1956   11    12.032
  1956   12    14.945
  1957   01    17.032
  1957   02    17.913
  1957   03    18.097
  1957   04    17.403
  1957   05    15.961
  1957   06    13.834
  1957   07    10.976
  1957   08     8.515
  1957   09     7.089
  1957   10     9.385
  1957   11    12.386
  1957   12    14.544
  1958   01    16.557
  1958   02    17.828
  1958   03    18.116
  1958   04    17.455
  1958   05    15.961
  1958   06    13.322
  1958   07    11.602
  1958   08     8.831
  1958   09     7.962
  1958   10     9.570
  1958   11    12.225
  1958   12    14.835
  1959   01    16.635
  1959   02    17.630
  1959   03    17.701
  1959   04    16.826
  1959   05    15.303
  1959   06    13.216
  1959   07    10.928
  1959   08     8.937
  1959   09     7.785
  1959   10     9.894
  1959   11    12.602
  1959   12    14.791
  1960   01    16.740
  1960   02    17.376
  1960   03    17.851
  1960   04    16.924
  1960   05    15.360
  1960   06    13.150
  1960   07    11.112
  1960   08     9.090
  1960   09     8.117
  1960   10     9.683
  1960   11    11.744
  1960   12    14.535
  1961   01    16.337
  1961   02    17.593
  1961   03    17.601
  1961   04    16.835
  1961   05    15.358
  1961   06    13.250
  1961   07    11.224
  1961   08     8.728
  1961   09     7.786
  1961   10     9.697
  1961   11    11.986
  1961   12    14.527
  1962   01    16.602
  1962   02    17.380
  1962   03    18.019
  1962   04    17.460
  1962   05    15.837
  1962   06    13.301
  1962   07    10.963
  1962   08     9.024
  1962   09     8.366
  1962   10     9.854
  1962   11    12.119
  1962   12    15.535
  1963   01    17.574
  1963   02    18.539
  1963   03    18.297
  1963   04    17.323
  1963   05    15.975
  1963   06    13.996
  1963   07    11.256
  1963   08     9.191
  1963   09     8.321
  1963   10    10.025
  1963   11    11.820
  1963   12    15.021
  1964   01    17.012
  1964   02    17.948
  1964   03    18.421
  1964   04    17.603
  1964   05    16.094
  1964   06    13.671
  1964   07    10.426
  1964   08     8.349
  1964   09     7.675
  1964   10     9.540
  1964   11    12.094
  1964   12    15.066
  1965   01    16.956
  1965   02    18.010
  1965   03    18.263
  1965   04    17.502
  1965   05    15.406
  1965   06    13.663
  1965   07    11.116
  1965   08     8.077
  1965   09     6.755
  1965   10     9.625
  1965   11    12.399
  1965   12    15.414
  1966   01    17.226
  1966   02    18.421
  1966   03    18.491
  1966   04    17.870
  1966   05    15.753
  1966   06    13.665
  1966   07    11.669
  1966   08     8.952
  1966   09     8.111
  1966   10     9.934
  1966   11    12.060
  1966   12    15.174
  1967   01    17.411
  1967   02    18.587
  1967   03    18.600
  1967   04    17.809
  1967   05    15.707
  1967   06    13.591
  1967   07    12.229
  1967   08     9.687
  1967   09     8.769
  1967   10    10.182
  1967   11    12.530
  1967   12    15.498
  1968   01    17.456
  1968   02    18.101
  1968   03    18.179
  1968   04    17.650
  1968   05    15.617
  1968   06    13.571
  1968   07    11.524
  1968   08     8.736
  1968   09     7.848
  1968   10    10.355
  1968   11    12.485
  1968   12    15.529
  1969   01    16.862
  1969   02    17.828
  1969   03    18.472
  1969   04    18.012
  1969   05    16.267
  1969   06    14.021
  1969   07    11.452
  1969   08     9.158
  1969   09     7.845
  1969   10     9.975
  1969   11    12.681
  1969   12    15.782
  1970   01    16.864
  1970   02    17.390
  1970   03    17.505
  1970   04    17.068
  1970   05    15.581
  1970   06    13.362
  1970   07    11.048
  1970   08     9.141
  1970   09     7.537
  1970   10     9.495
  1970   11    11.989
  1970   12    15.366
  1971   01    16.894
  1971   02    17.743
  1971   03    17.762
  1971   04    16.808
  1971   05    15.488
  1971   06    13.600
  1971   07    10.715
  1971   08     8.145
  1971   09     7.761
  1971   10     9.401
  1971   11    11.704
  1971   12    14.794
  1972   01    16.512
  1972   02    17.534
  1972   03    17.615
  1972   04    16.586
  1972   05    15.264
  1972   06    13.459
  1972   07    10.696
  1972   08     8.539
  1972   09     7.578
  1972   10     9.840
  1972   11    12.367
  1972   12    14.667
  1973   01    16.199
  1973   02    17.242
  1973   03    17.738
  1973   04    17.330
  1973   05    15.650
  1973   06    13.526
  1973   07    10.847
  1973   08     8.634
  1973   09     7.518
  1973   10     9.357
  1973   11    11.786
  1973   12    14.469
  1974   01    16.470
  1974   02    17.799
  1974   03    18.061
  1974   04    17.100
  1974   05    15.335
  1974   06    12.684
  1974   07     9.976
  1974   08     8.497
  1974   09     7.412
  1974   10     8.789
  1974   11    11.408
  1974   12    14.863
  1975   01    16.665
  1975   02    18.102
  1975   03    18.213
  1975   04    17.724
  1975   05    16.049
  1975   06    13.150
  1975   07    10.195
  1975   08     8.143
  1975   09     7.334
  1975   10     9.580
  1975   11    11.567
  1975   12    14.858
  1976   01    16.748
  1976   02    17.645
  1976   03    18.115
  1976   04    16.984
  1976   05    15.203
  1976   06    13.213
  1976   07    10.949
  1976   08     8.325
  1976   09     7.218
  1976   10     9.194
  1976   11    11.830
  1976   12    14.531
  1977   01    16.201
  1977   02    16.961
  1977   03    17.190
  1977   04    16.768
  1977   05    15.449
  1977   06    13.378
  1977   07    10.368
  1977   08     8.076
  1977   09     7.405
  1977   10     8.939
  1977   11    11.338
  1977   12    14.499
  1978   01    15.980
  1978   02    16.750
  1978   03    17.280
  1978   04    16.968
  1978   05    15.735
  1978   06    13.495
  1978   07    11.175
  1978   08     8.477
  1978   09     8.060
  1978   10     9.950
  1978   11    12.212
  1978   12    15.246
  1979   01    16.763
  1979   02    17.588
  1979   03    17.944
  1979   04    17.267
  1979   05    15.471
  1979   06    13.495
  1979   07    10.673
  1979   08     8.436
  1979   09     7.751
  1979   10     9.145
  1979   11    11.229
  1979   12    14.775
  1980   01    16.600
  1980   02    17.670
  1980   03    17.809
  1980   04    17.184
  1980   05    15.503
  1980   06    13.006
  1980   07    10.607
  1980   08     8.379
  1980   09     7.447
  1980   10     8.875
  1980   11    11.216
  1980   12    15.088
  1981   01    16.611
  1981   02    17.558
  1981   03    17.819
  1981   04    17.275
  1981   05    15.764
  1981   06    13.365
  1981   07    11.426
  1981   08     8.596
  1981   09     7.389
  1981   10     9.071
  1981   11    11.795
  1981   12    14.847
  1982   01    16.987
  1982   02    17.832
  1982   03    17.929
  1982   04    17.454
  1982   05    15.780
  1982   06    13.848
  1982   07    11.623
  1982   08     8.250
  1982   09     7.608
  1982   10     9.487
  1982   11    12.121
  1982   12    14.851
  1983   01    16.965
  1983   02    18.045
  1983   03    18.359
  1983   04    17.727
  1983   05    15.748
  1983   06    13.643
  1983   07    10.792
  1983   08     7.884
  1983   09     6.894
  1983   10     9.555
  1983   11    12.031
  1983   12    15.345
  1984   01    17.201
  1984   02    17.926
  1984   03    18.112
  1984   04    17.173
  1984   05    15.978
  1984   06    13.493
  1984   07    10.705
  1984   08     8.230
  1984   09     6.742
  1984   10     8.831
  1984   11    12.105
  1984   12    14.985
  1985   01    17.276
  1985   02    18.531
  1985   03    18.000
  1985   04    16.983
  1985   05    15.321
  1985   06    13.178
  1985   07    10.784
  1985   08     7.836
  1985   09     6.186
  1985   10     9.250
  1985   11    12.041
  1985   12    14.676
  1986   01    16.485
  1986   02    17.654
  1986   03    17.825
  1986   04    17.469
  1986   05    14.983
  1986   06    12.807
  1986   07    10.289
  1986   08     8.044
  1986   09     7.037
  1986   10     9.037
  1986   11    11.454
  1986   12    14.518
  1987   01    16.530
  1987   02    17.689
  1987   03    18.058
  1987   04    17.477
  1987   05    15.440
  1987   06    12.877
  1987   07     9.890
  1987   08     7.807
  1987   09     6.868
  1987   10     8.341
  1987   11    11.116
  1987   12    13.729
  1988   01    15.687
  1988   02    16.919
  1988   03    17.332
  1988   04    16.650
  1988   05    15.430
  1988   06    12.900
  1988   07    10.237
  1988   08     7.951
  1988   09     7.213
  1988   10     9.263
  1988   11    11.268
  1988   12    14.583
  1989   01    16.397
  1989   02    17.518
  1989   03    17.759
  1989   04    17.294
  1989   05    15.020
  1989   06    12.690
  1989   07    10.366
  1989   08     8.191
  1989   09     6.674
  1989   10     8.865
  1989   11    11.249
  1989   12    14.105
  1990   01    15.787
  1990   02    17.096
  1990   03    17.308
  1990   04    16.229
  1990   05    14.949
  1990   06    12.894
  1990   07    10.013
  1990   08     7.455
  1990   09     6.548
  1990   10     9.288
  1990   11    11.337
  1990   12    14.514
  1991   01    16.271
  1991   02    17.111
  1991   03    17.491
  1991   04    17.191
  1991   05    15.532
  1991   06    13.184
  1991   07    10.393
  1991   08     7.273
  1991   09     5.994
  1991   10     8.799
  1991   11    11.285
  1991   12    13.947
  1992   01    15.934
  1992   02    16.833
  1992   03    17.100
  1992   04    16.553
  1992   05    14.764
  1992   06    12.837
  1992   07     9.978
  1992   08     7.741
  1992   09     6.915
  1992   10     8.740
  1992   11    11.077
  1992   12    14.432
  1993   01    16.037
  1993   02    17.129
  1993   03    17.621
  1993   04    16.548
  1993   05    14.341
  1993   06    13.028
  1993   07    10.474
  1993   08     7.600
  1993   09     6.485
  1993   10     8.806
  1993   11    10.761
  1993   12    13.756
  1994   01    16.302
  1994   02    17.600
  1994   03    17.830
  1994   04    16.974
  1994   05    14.861
  1994   06    12.389
  1994   07     9.744
  1994   08     7.175
  1994   09     6.091
  1994   10     8.938
  1994   11    11.003
  1994   12    14.032
  1995   01    15.889
  1995   02    16.730
  1995   03    16.996
  1995   04    16.121
  1995   05    14.737
  1995   06    12.579
  1995   07     9.949
  1995   08     7.624
  1995   09     6.589
  1995   10     8.946
  1995   11    11.219
  1995   12    13.915
  1996   01    15.652
  1996   02    16.483
  1996   03    16.884
  1996   04    16.325
  1996   05    14.651
  1996   06    12.584
  1996   07     9.794
  1996   08     7.018
  1996   09     5.955
  1996   10     7.949
  1996   11    10.865
  1996   12    13.363
  1997   01    15.576
  1997   02    16.814
  1997   03    17.009
  1997   04    16.068
  1997   05    14.591
  1997   06    12.195
  1997   07     9.886
  1997   08     7.743
  1997   09     6.646
  1997   10     8.482
  1997   11    10.840
  1997   12    13.766
  1998   01    15.525
  1998   02    16.386
  1998   03    16.770
  1998   04    16.195
  1998   05    14.213
  1998   06    12.169
  1998   07     9.789
  1998   08     7.618
  1998   09     6.462
  1998   10     8.964
  1998   11    10.944
  1998   12    13.466
  1999   01    15.507
  1999   02    16.528
  1999   03    16.776
  1999   04    16.504
  1999   05    14.632
  1999   06    12.630
  1999   07    10.265
  1999   08     7.626
  1999   09     6.082
  1999   10     8.635
  1999   11    11.047
  1999   12    13.671
  2000   01    16.047
  2000   02    17.316
  2000   03    17.526
  2000   04    17.044
  2000   05    15.427
  2000   06    13.245
  2000   07    10.534
  2000   08     8.073
  2000   09     6.245
  2000   10     9.341
  2000   11    11.570
  2000   12    13.968
  2001   01    15.413
  2001   02    16.713
  2001   03    17.136
  2001   04    16.533
  2001   05    14.924
  2001   06    12.753
  2001   07     9.767
  2001   08     7.340
  2001   09     6.249
  2001   10     8.153
  2001   11    11.427
  2001   12    13.977
  2002   01    15.763
  2002   02    16.607
  2002   03    16.700
  2002   04    15.894
  2002   05    14.289
  2002   06    12.800
  2002   07     9.365
  2002   08     6.443
  2002   09     5.169
  2002   10     7.659
  2002   11    10.277
  2002   12    13.643
  2003   01    14.932
  2003   02    16.078
  2003   03    16.101
  2003   04    15.641
  2003   05    14.736
  2003   06    12.765
  2003   07     9.545
  2003   08     6.277
  2003   09     5.473
  2003   10     7.596
  2003   11    10.664
  2003   12    13.451
  2004   01    15.385
  2004   02    16.241
  2004   03    16.410
  2004   04    15.707
  2004   05    14.342
  2004   06    12.616
  2004   07     9.810
  2004   08     6.459
  2004   09     5.048
  2004   10     8.414
  2004   11    10.659
  2004   12    13.467
  2005   01    15.411
  2005   02    16.119
  2005   03    16.179
  2005   04    15.290
  2005   05    13.997
  2005   06    12.416
  2005   07     9.452
  2005   08     5.873
  2005   09     3.963
  2005   10     7.541
  2005   11    10.326
  2005   12    13.705
  2006   01    15.918
  2006   02    16.810
  2006   03    16.991
  2006   04    16.280
  2006   05    14.442
  2006   06    12.282
  2006   07     9.521
  2006   08     6.809
  2006   09     5.278
  2006   10     8.303
  2006   11    11.123
  2006   12    13.550
  2007   01    15.924
  2007   02    17.180
  2007   03    17.405
  2007   04    16.422
  2007   05    14.599
  2007   06    12.696
  2007   07     9.680
  2007   08     6.679
  2007   09     4.729
  2007   10     7.996
  2007   11    10.355
  2007   12    13.140
  2008   01    15.382
  2008   02    16.400
  2008   03    16.537
  2008   04    16.413
  2008   05    14.799
  2008   06    12.298
  2008   07     8.994
  2008   08     7.019
  2008   09     6.125
  2008   10     7.986
  2008   11     9.894
  2008   12    13.008
  2009   01    15.320
  2009   02    16.391
  2009   03    16.743
  2009   04    16.515
  2009   05    14.635
  2009   06    12.691
  2009   07     9.494
  2009   08     6.660
  2009   09     5.799
  2009   10     8.256
  2009   11    10.847
  2009   12    13.844
  2010   01    15.759
  2010   02    16.810
  2010   03    16.899
  2010   04    16.190
  2010   05    14.752
  2010   06    12.765
  2010   07     9.686
  2010   08     7.531
  2010   09     6.214
  2010   10     8.555
  2010   11    10.914
  2010   12    13.627
  2011   01    15.714
  2011   02    16.747
  2011   03    16.721
  2011   04    16.009
  2011   05    14.594
  2011   06    12.840
  2011   07    10.203
  2011   08     7.573
  2011   09     6.031
  2011   10     9.260
  2011   11    11.335
  2011   12    14.346
  2012   01    15.704
  2012   02    16.729
  2012   03    16.718
  2012   04    16.117
  2012   05    14.623
  2012   06    12.925
  2012   07    10.076
  2012   08     7.016
  2012   09     5.852
  2012   10     8.777
  2012   11    10.995
  2012   12    14.112
  2013   01    15.652
  2013   02    16.820
  2013   03    17.132
  2013   04    16.340
  2013   05    14.852
  2013   06    12.942
  2013   07    10.188
  2013   08     7.870
  2013   09     6.476
  2013   10     9.111
  2013   11    11.115
  2013   12    13.672
  2014   01    15.875
  2014   02    16.799
  2014   03    16.942
  2014   04    16.296
  2014   05    14.444
  2014   06    12.576
  2014   07    10.054
  2014   08     6.443
  2014   09     4.164
  2014   10     7.548
  2014   11    10.191
  2014   12    13.757
  2015   01    15.496
  2015   02    16.536
  2015   03    16.834
  2015   04    16.204
  2015   05    14.105
  2015   06    12.362
  2015   07     9.777
  2015   08     5.902
  2015   09     4.064
  2015   10     7.658
  2015   11    10.510
  2015   12    13.090
  2016   01    15.621
  2016   02    16.720
  2016   03    17.076
  2016   04    16.092
  2016   05    14.687
  2016   06    13.110
  2016   07     9.973
  2016   08     6.705
  2016   09     5.089
  2016   10     8.499
  2016   11    11.056
  2016   12    13.978
  2017   01    15.887
  2017   02    16.936
  2017   03    17.337
  2017   04    16.602
  2017   05    15.132
  2017   06    13.042
  2017   07     9.910
  2017   08     6.936
  2017   09     5.913
  2017   10     8.562
  2017   11    10.870
  2017   12    13.864
  2018   01    16.157
  2018   02    17.312
  2018   03    17.216
  2018   04    16.564
  2018   05    14.829
  2018   06    12.268
  2018   07     9.347
  2018   08     5.845
  2018   09     4.496
  2018   10     8.161
  2018   11    10.637
  2018   12    13.783
  2019   01    15.904
  2019   02    16.664
  2019   03    17.185
  2019   04    16.545
  2019   05    14.976
  2019   06    12.668
  2019   07     9.732
  2019   08     6.323
  2019   09     4.613
  2019   10     7.803
  2019   11    10.546
  2019   12    13.421
  2020   01    15.579
  2020   02    16.414
  2020   03    16.931
  2020   04    16.799
  2020   05    14.883
  2020   06    12.672
  2020   07     9.395
  2020   08     6.192
  2020   09     4.486
  2020   10     7.816
  2020   11    10.851
  2020   12    13.361
  2021   01    15.717
  2021   02    16.639
  2021   03    17.055
  2021   04    16.551
  2021   05    15.008
  2021   06    12.229
  2021   07     9.137
  2021   08     6.153
  2021   09     4.853
  2021   10     7.194
  2021   11    10.082
  2021   12    12.875
  2022   01    15.656
  2022   02    16.778
  2022   03    16.875
  2022   04    16.194
  2022   05    14.382
  2022   06    11.916
  2022   07     9.118
  2022   08     6.169
  2022   09     4.949
  2022   10     7.459
  2022   11    10.320
  2022   12    13.359
  2023   01    15.488
  2023   02    16.339
  2023   03    16.780
  2023   04    15.844
  2023   05    14.127
  2023   06    12.052
  2023   07     9.397
  2023   08     6.404
  2023   09     4.259
  2023   10     7.640
  2023   11    10.377
  2023   12    13.056
  2024   01    14.766
  2024   02    15.953
  2024   03    16.433
  2024   04    15.820
  2024   05    14.129
  2024   06    11.578
  2024   07     8.185
  2024   08     4.385
  2024   09     3.049
  2024   10     6.060
  2024   11     9.195
  2024   12    12.371
  2025   01    14.535
  2025   02    15.860
  2025   03    16.226
  2025   04    15.897
  2025   05    14.582
  2025   06    12.112
  2025   07     9.345
  2025   08     5.248
  2025   09     2.731
  2025   10     6.695
  2025   11     9.633
  2025   12    12.589
  2026   01    14.787
  2026   02    16.024
  2026   03    16.360
  2026   04    15.786
  2026   05    14.010
  2026   06    12.016
  2026   07     8.625
  2026   08     5.613
  2026   09     4.199
  2026   10     7.158
  2026   11    10.519
  2026   12    13.103
  2027   01    15.161
  2027   02    16.281
  2027   03    16.469
  2027   04    15.993
  2027   05    14.312
  2027   06    12.635
  2027   07     9.345
  2027   08     5.263
  2027   09     3.560
  2027   10     7.179
  2027   11    10.160
  2027   12    12.272
  2028   01    14.949
  2028   02    16.050
  2028   03    15.920
  2028   04    15.419
  2028   05    14.246
  2028   06    12.165
  2028   07     9.155
  2028   08     5.922
  2028   09     3.821
  2028   10     7.021
  2028   11    10.276
  2028   12    13.385
  2029   01    15.789
  2029   02    16.326
  2029   03    16.683
  2029   04    16.217
  2029   05    14.705
  2029   06    12.589
  2029   07     9.553
  2029   08     7.331
  2029   09     6.113
  2029   10     8.314
  2029   11    11.112
  2029   12    13.685
  2030   01    15.320
  2030   02    16.594
  2030   03    16.961
  2030   04    16.205
  2030   05    14.488
  2030   06    11.882
  2030   07     9.680
  2030   08     6.926
  2030   09     4.889
  2030   10     7.711
  2030   11    10.609
  2030   12    12.928
  2031   01    15.333
  2031   02    16.427
  2031   03    16.889
  2031   04    16.061
  2031   05    14.235
  2031   06    12.505
  2031   07     9.053
  2031   08     6.132
  2031   09     4.211
  2031   10     6.815
  2031   11     9.880
  2031   12    12.786
  2032   01    15.613
  2032   02    16.680
  2032   03    16.935
  2032   04    15.971
  2032   05    14.707
  2032   06    11.592
  2032   07     8.824
  2032   08     4.049
  2032   09     2.243
  2032   10     6.465
  2032   11    10.047
  2032   12    12.852
  2033   01    15.171
  2033   02    16.411
  2033   03    16.703
  2033   04    15.772
  2033   05    13.629
  2033   06    12.065
  2033   07     9.095
  2033   08     5.582
  2033   09     3.683
  2033   10     7.234
  2033   11    10.019
  2033   12    12.920
  2034   01    15.412
  2034   02    16.584
  2034   03    16.869
  2034   04    16.002
  2034   05    14.443
  2034   06    11.676
  2034   07     8.677
  2034   08     4.926
  2034   09     2.108
  2034   10     6.614
  2034   11     8.845
  2034   12    11.365
  2035   01    14.366
  2035   02    15.451
  2035   03    15.747
  2035   04    15.451
  2035   05    13.932
  2035   06    11.259
  2035   07     8.106
  2035   08     5.369
  2035   09     3.776
  2035   10     5.919
  2035   11     8.607
  2035   12    11.418
  2036   01    14.503
  2036   02    15.880
  2036   03    16.137
  2036   04    15.545
  2036   05    13.906
  2036   06    12.008
  2036   07     9.018
  2036   08     4.746
  2036   09     3.012
  2036   10     6.666
  2036   11     9.589
  2036   12    11.832
  2037   01    14.843
  2037   02    15.630
  2037   03    16.191
  2037   04    15.580
  2037   05    14.200
  2037   06    11.752
  2037   07     8.223
  2037   08     3.450
  2037   09     1.445
  2037   10     5.363
  2037   11     8.986
  2037   12    11.949
  2038   01    14.856
  2038   02    15.733
  2038   03    16.188
  2038   04    15.450
  2038   05    14.550
  2038   06    11.750
  2038   07     8.383
  2038   08     5.272
  2038   09     3.567
  2038   10     6.299
  2038   11     8.653
  2038   12    12.019
  2039   01    15.150
  2039   02    16.277
  2039   03    16.584
  2039   04    15.752
  2039   05    14.400
  2039   06    11.244
  2039   07     8.597
  2039   08     5.425
  2039   09     4.154
  2039   10     6.622
  2039   11     9.989
  2039   12    12.973
  2040   01    15.419
  2040   02    16.288
  2040   03    16.446
  2040   04    15.705
  2040   05    14.282
  2040   06    11.596
  2040   07     8.222
  2040   08     5.107
  2040   09     3.579
  2040   10     6.281
  2040   11     9.311
  2040   12    11.636
  2041   01    14.675
  2041   02    16.191
  2041   03    16.399
  2041   04    15.695
  2041   05    14.072
  2041   06    11.226
  2041   07     8.138
  2041   08     3.138
  2041   09     1.747
  2041   10     6.174
  2041   11     9.580
  2041   12    12.191
  2042   01    14.952
  2042   02    16.383
  2042   03    16.644
  2042   04    16.012
  2042   05    14.327
  2042   06    11.747
  2042   07     8.279
  2042   08     4.819
  2042   09     2.437
  2042   10     5.711
  2042   11     9.100
  2042   12    11.953
  2043   01    14.861
  2043   02    16.195
  2043   03    16.562
  2043   04    15.287
  2043   05    13.874
  2043   06    11.041
  2043   07     7.517
  2043   08     2.931
  2043   09     1.140
  2043   10     4.442
  2043   11     8.434
  2043   12    11.142
  2044   01    13.994
  2044   02    15.255
  2044   03    15.569
  2044   04    15.162
  2044   05    13.783
  2044   06    10.938
  2044   07     7.596
  2044   08     3.842
  2044   09     1.749
  2044   10     5.757
  2044   11     8.865
  2044   12    11.557
  2045   01    14.014
  2045   02    15.145
  2045   03    15.732
  2045   04    15.354
  2045   05    13.189
  2045   06    10.961
  2045   07     7.314
  2045   08     3.193
  2045   09     1.005
  2045   10     3.777
  2045   11     7.748
  2045   12    11.084
  2046   01    13.705
  2046   02    15.375
  2046   03    15.710
  2046   04    15.234
  2046   05    13.810
  2046   06    11.232
  2046   07     7.501
  2046   08     2.697
  2046   09     1.031
  2046   10     4.966
  2046   11     8.271
  2046   12    11.369
  2047   01    14.100
  2047   02    15.314
  2047   03    15.714
  2047   04    14.791
  2047   05    13.407
  2047   06    10.895
  2047   07     7.548
  2047   08     3.988
  2047   09     0.653
  2047   10     4.996
  2047   11     8.113
  2047   12    10.703
  2048   01    14.200
  2048   02    15.393
  2048   03    15.713
  2048   04    14.963
  2048   05    13.315
  2048   06    11.282
  2048   07     7.188
  2048   08     2.784
  2048   09     0.854
  2048   10     3.998
  2048   11     7.819
  2048   12    10.838
  2049   01    13.661
  2049   02    14.961
  2049   03    15.704
  2049   04    14.964
  2049   05    13.385
  2049   06    10.697
  2049   07     7.249
  2049   08     2.516
  2049   09     0.528
  2049   10     4.737
  2049   11     8.637
  2049   12    11.038
  2050   01    13.316
  2050   02    14.811
  2050   03    14.907
  2050   04    14.093
  2050   05    12.972
  2050   06    10.926
  2050   07     7.894
  2050   08     2.910
  2050   09     0.971
  2050   10     4.724
  2050   11     8.189
  2050   12    11.194
  2051   01    13.644
  2051   02    14.623
  2051   03    15.000
  2051   04    14.095
  2051   05    13.081
  2051   06    10.967
  2051   07     6.899
  2051   08     3.270
  2051   09     0.747
  2051   10     4.485
  2051   11     7.355
  2051   12    10.849
  2052   01    14.008
  2052   02    15.077
  2052   03    15.138
  2052   04    14.434
  2052   05    12.899
  2052   06    10.497
  2052   07     7.524
  2052   08     3.152
  2052   09     1.048
  2052   10     3.988
  2052   11     7.779
  2052   12    10.541
  2053   01    13.293
  2053   02    14.702
  2053   03    15.027
  2053   04    14.508
  2053   05    12.932
  2053   06    10.565
  2053   07     7.323
  2053   08     1.728
  2053   09     0.642
  2053   10     3.613
  2053   11     7.416
  2053   12    10.623
  2054   01    13.162
  2054   02    14.478
  2054   03    14.846
  2054   04    14.505
  2054   05    13.187
  2054   06    10.742
  2054   07     7.059
  2054   08     2.071
  2054   09     0.306
  2054   10     3.502
  2054   11     8.075
  2054   12    10.485
  2055   01    13.051
  2055   02    14.849
  2055   03    15.171
  2055   04    14.788
  2055   05    12.788
  2055   06    10.622
  2055   07     6.315
  2055   08     1.119
  2055   09     0.282
  2055   10     3.001
  2055   11     7.193
  2055   12    10.433
  2056   01    13.051
  2056   02    14.556
  2056   03    14.976
  2056   04    14.444
  2056   05    12.919
  2056   06     9.932
  2056   07     6.952
  2056   08     3.395
  2056   09     0.913
  2056   10     4.582
  2056   11     7.518
  2056   12    10.898
  2057   01    13.535
  2057   02    14.651
  2057   03    15.102
  2057   04    14.569
  2057   05    13.115
  2057   06    10.614
  2057   07     7.224
  2057   08     2.523
  2057   09     0.473
  2057   10     3.717
  2057   11     7.790
  2057   12    11.083
  2058   01    13.446
  2058   02    14.658
  2058   03    14.974
  2058   04    14.308
  2058   05    12.663
  2058   06    10.374
  2058   07     6.609
  2058   08     2.655
  2058   09     0.986
  2058   10     3.446
  2058   11     7.256
  2058   12    10.558
  2059   01    13.151
  2059   02    14.289
  2059   03    14.490
  2059   04    14.105
  2059   05    12.798
  2059   06    10.139
  2059   07     7.175
  2059   08     2.279
  2059   09     0.729
  2059   10     3.802
  2059   11     7.136
  2059   12    10.802
  2060   01    13.890
  2060   02    14.836
  2060   03    15.127
  2060   04    14.837
  2060   05    12.958
  2060   06    10.285
  2060   07     7.600
  2060   08     1.968
  2060   09     0.587
  2060   10     3.667
  2060   11     7.369
  2060   12    10.363
  2061   01    12.942
  2061   02    14.459
  2061   03    14.936
  2061   04    14.388
  2061   05    12.709
  2061   06     9.984
  2061   07     6.167
  2061   08     1.365
  2061   09     0.542
  2061   10     2.695
  2061   11     6.275
  2061   12    10.097
  2062   01    12.706
  2062   02    14.178
  2062   03    14.991
  2062   04    14.562
  2062   05    12.338
  2062   06     9.814
  2062   07     6.597
  2062   08     1.326
  2062   09     0.475
  2062   10     3.124
  2062   11     7.101
  2062   12     9.830
  2063   01    13.407
  2063   02    14.324
  2063   03    14.823
  2063   04    14.362
  2063   05    12.964
  2063   06     9.691
  2063   07     6.689
  2063   08     2.498
  2063   09     0.454
  2063   10     3.029
  2063   11     6.849
  2063   12    10.347
  2064   01    13.290
  2064   02    14.547
  2064   03    14.691
  2064   04    14.078
  2064   05    12.575
  2064   06     9.910
  2064   07     6.204
  2064   08     1.885
  2064   09     0.629
  2064   10     3.020
  2064   11     6.414
  2064   12     9.790
  2065   01    13.533
  2065   02    14.344
  2065   03    14.734
  2065   04    14.328
  2065   05    12.670
  2065   06     9.350
  2065   07     5.017
  2065   08     0.669
  2065   09     0.109
  2065   10     1.743
  2065   11     6.704
  2065   12    10.196
  2066   01    12.314
  2066   02    14.030
  2066   03    14.443
  2066   04    14.013
  2066   05    12.383
  2066   06     9.961
  2066   07     5.998
  2066   08     1.217
  2066   09     0.340
  2066   10     1.993
  2066   11     6.753
  2066   12     9.948
  2067   01    12.415
  2067   02    14.385
  2067   03    14.952
  2067   04    14.448
  2067   05    12.935
  2067   06    10.456
  2067   07     6.443
  2067   08     0.445
  2067   09     0.128
  2067   10     1.966
  2067   11     6.254
  2067   12    10.366
  2068   01    13.156
  2068   02    14.333
  2068   03    14.585
  2068   04    14.219
  2068   05    12.828
  2068   06     9.478
  2068   07     6.141
  2068   08     0.729
  2068   09     0.136
  2068   10     2.738
  2068   11     6.738
  2068   12     9.770
  2069   01    11.892
  2069   02    13.397
  2069   03    14.316
  2069   04    13.860
  2069   05    12.502
  2069   06     9.766
  2069   07     6.146
  2069   08     0.767
  2069   09     0.260
  2069   10     2.253
  2069   11     5.299
  2069   12     9.047
  2070   01    12.357
  2070   02    14.215
  2070   03    14.689
  2070   04    14.138
  2070   05    12.608
  2070   06     9.802
  2070   07     4.818
  2070   08     0.438
  2070   09     0.202
  2070   10     0.652
  2070   11     4.111
  2070   12     8.097
  2071   01    11.976
  2071   02    13.528
  2071   03    14.042
  2071   04    13.722
  2071   05    11.993
  2071   06     8.768
  2071   07     3.876
  2071   08     0.119
  2071   09     0.020
  2071   10     0.338
  2071   11     3.717
  2071   12     8.030
  2072   01    11.112
  2072   02    12.654
  2072   03    13.498
  2072   04    13.466
  2072   05    11.517
  2072   06     8.387
  2072   07     2.659
  2072   08     0.141
  2072   09     0.033
  2072   10     0.488
  2072   11     2.737
  2072   12     7.643
  2073   01    11.268
  2073   02    13.261
  2073   03    14.165
  2073   04    13.667
  2073   05    11.275
  2073   06     8.604
  2073   07     4.057
  2073   08     0.204
  2073   09     0.050
  2073   10     0.084
  2073   11     4.682
  2073   12     8.472
  2074   01    11.587
  2074   02    13.718
  2074   03    14.304
  2074   04    14.113
  2074   05    12.056
  2074   06     8.425
  2074   07     4.692
  2074   08     0.224
  2074   09     0.066
  2074   10     0.262
  2074   11     4.477
  2074   12     8.560
  2075   01    11.435
  2075   02    13.580
  2075   03    14.240
  2075   04    13.830
  2075   05    12.168
  2075   06     8.365
  2075   07     3.720
  2075   08     0.105
  2075   09     0.021
  2075   10     0.059
  2075   11     3.273
  2075   12     7.881
  2076   01    10.728
  2076   02    12.461
  2076   03    13.521
  2076   04    13.103
  2076   05    11.724
  2076   06     8.778
  2076   07     2.960
  2076   08     0.229
  2076   09     0.010
  2076   10     0.273
  2076   11     3.556
  2076   12     8.575
  2077   01    11.828
  2077   02    13.005
  2077   03    13.677
  2077   04    13.163
  2077   05    11.878
  2077   06     8.363
  2077   07     3.879
  2077   08     0.172
  2077   09     0.000
  2077   10     0.457
  2077   11     4.699
  2077   12     8.847
  2078   01    11.385
  2078   02    13.336
  2078   03    13.720
  2078   04    13.326
  2078   05    11.648
  2078   06     8.296
  2078   07     3.009
  2078   08     0.216
  2078   09     0.063
  2078   10     0.266
  2078   11     2.309
  2078   12     8.329
  2079   01    11.365
  2079   02    13.756
  2079   03    14.245
  2079   04    13.601
  2079   05    11.354
  2079   06     8.408
  2079   07     2.903
  2079   08     0.323
  2079   09     0.097
  2079   10     0.316
  2079   11     2.813
  2079   12     7.751
  2080   01    10.931
  2080   02    13.425
  2080   03    14.036
  2080   04    13.579
  2080   05    11.772
  2080   06     8.761
  2080   07     3.768
  2080   08     0.173
  2080   09     0.079
  2080   10     0.299
  2080   11     2.057
  2080   12     6.892
  2081   01    10.305
  2081   02    12.379
  2081   03    13.491
  2081   04    13.064
  2081   05    11.512
  2081   06     8.262
  2081   07     4.072
  2081   08     0.103
  2081   09     0.012
  2081   10     0.011
  2081   11     4.304
  2081   12     7.968
  2082   01    10.826
  2082   02    12.531
  2082   03    13.351
  2082   04    12.686
  2082   05    10.766
  2082   06     8.248
  2082   07     3.817
  2082   08     0.073
  2082   09     0.011
  2082   10     0.096
  2082   11     4.439
  2082   12     7.751
  2083   01    10.967
  2083   02    12.864
  2083   03    13.717
  2083   04    13.152
  2083   05    11.078
  2083   06     7.740
  2083   07     3.709
  2083   08     0.093
  2083   09     0.005
  2083   10     0.027
  2083   11     3.459
  2083   12     7.291
  2084   01    10.360
  2084   02    11.927
  2084   03    12.720
  2084   04    12.402
  2084   05    10.583
  2084   06     7.707
  2084   07     2.515
  2084   08     0.110
  2084   09     0.014
  2084   10     0.005
  2084   11     3.924
  2084   12     7.715
  2085   01    10.148
  2085   02    11.853
  2085   03    12.995
  2085   04    12.641
  2085   05    10.743
  2085   06     7.976
  2085   07     4.085
  2085   08     0.132
  2085   09     0.037
  2085   10     0.212
  2085   11     3.696
  2085   12     7.715
  2086   01    10.050
  2086   02    12.439
  2086   03    13.501
  2086   04    12.886
  2086   05    11.333
  2086   06     8.339
  2086   07     2.715
  2086   08     0.052
  2086   09     0.021
  2086   10     0.038
  2086   11     1.851
  2086   12     7.996
  2087   01    10.596
  2087   02    12.467
  2087   03    13.252
  2087   04    12.780
  2087   05    11.264
  2087   06     8.135
  2087   07     2.134
  2087   08     0.079
  2087   09     0.000
  2087   10     0.000
  2087   11     2.561
  2087   12     7.323
  2088   01    10.368
  2088   02    12.156
  2088   03    13.250
  2088   04    12.869
  2088   05    11.335
  2088   06     8.558
  2088   07     1.922
  2088   08     0.067
  2088   09     0.016
  2088   10     0.000
  2088   11     2.717
  2088   12     7.478
  2089   01    10.354
  2089   02    12.225
  2089   03    13.107
  2089   04    12.732
  2089   05    10.212
  2089   06     7.775
  2089   07     1.552
  2089   08     0.123
  2089   09     0.005
  2089   10     0.182
  2089   11     2.615
  2089   12     7.048
  2090   01    10.880
  2090   02    12.445
  2090   03    13.030
  2090   04    12.730
  2090   05    10.769
  2090   06     7.508
  2090   07     2.170
  2090   08     0.051
  2090   09     0.000
  2090   10     0.000
  2090   11     2.887
  2090   12     6.409
  2091   01     9.945
  2091   02    12.255
  2091   03    12.918
  2091   04    12.466
  2091   05    10.458
  2091   06     7.341
  2091   07     1.201
  2091   08     0.052
  2091   09     0.011
  2091   10     0.000
  2091   11     1.253
  2091   12     6.092
  2092   01     9.601
  2092   02    11.667
  2092   03    12.471
  2092   04    12.317
  2092   05    10.469
  2092   06     7.445
  2092   07     2.365
  2092   08     0.042
  2092   09     0.000
  2092   10     0.000
  2092   11     0.963
  2092   12     5.175
  2093   01     9.355
  2093   02    11.681
  2093   03    12.088
  2093   04    12.079
  2093   05    10.374
  2093   06     6.581
  2093   07     0.953
  2093   08     0.140
  2093   09     0.010
  2093   10     0.022
  2093   11     0.797
  2093   12     3.893
  2094   01     8.631
  2094   02    10.940
  2094   03    11.909
  2094   04    11.689
  2094   05     9.800
  2094   06     5.731
  2094   07     0.627
  2094   08     0.069
  2094   09     0.005
  2094   10     0.011
  2094   11     0.760
  2094   12     3.774
  2095   01     9.187
  2095   02    11.424
  2095   03    12.214
  2095   04    11.643
  2095   05     9.807
  2095   06     6.074
  2095   07     0.264
  2095   08     0.027
  2095   09     0.000
  2095   10     0.000
  2095   11     0.413
  2095   12     5.925
  2096   01     9.553
  2096   02    11.822
  2096   03    12.842
  2096   04    12.546
  2096   05    10.669
  2096   06     7.121
  2096   07     0.622
  2096   08     0.032
  2096   09     0.000
  2096   10     0.005
  2096   11     0.828
  2096   12     5.493
  2097   01     9.654
  2097   02    11.541
  2097   03    12.310
  2097   04    11.902
  2097   05    10.334
  2097   06     6.648
  2097   07     0.780
  2097   08     0.000
  2097   09     0.000
  2097   10     0.000
  2097   11     0.234
  2097   12     5.817
  2098   01     9.564
  2098   02    11.489
  2098   03    12.353
  2098   04    12.160
  2098   05    10.343
  2098   06     6.743
  2098   07     1.470
  2098   08     0.047
  2098   09     0.005
  2098   10     0.000
  2098   11     1.141
  2098   12     3.909
  2099   01     8.337
  2099   02    11.234
  2099   03    12.702
  2099   04    12.639
  2099   05    10.915
  2099   06     6.913
  2099   07     1.074
  2099   08     0.005
  2099   09     0.000
  2099   10     0.000
  2099   11     0.571
  2099   12     4.266
  2100   01     9.487
  2100   02    11.669
  2100   03    12.198
  2100   04    11.799
  2100   05     9.764
  2100   06     6.083
  2100   07     0.644
  2100   08     0.024
  2100   09     0.000
  2100   10     0.006
  2100   11     0.599
  2100   12     5.126
