  1850   01    16.758
  1850   02    18.018
  1850   03    18.082
  1850   04    17.276
  1850   05    14.758
  1850   06    12.464
  1850   07    10.909
  1850   08     8.710
  1850   09     7.909
  1850   10     9.734
  1850   11    12.379
  1850   12    14.701
  1851   01    16.720
  1851   02    17.791
  1851   03    17.504
  1851   04    16.479
  1851   05    14.782
  1851   06    12.358
  1851   07     9.571
  1851   08     7.382
  1851   09     6.468
  1851   10     8.735
  1851   11    11.453
  1851   12    13.951
  1852   01    15.914
  1852   02    17.432
  1852   03    17.379
  1852   04    16.910
  1852   05    14.458
  1852   06    11.961
  1852   07    10.026
  1852   08     8.063
  1852   09     7.675
  1852   10     8.930
  1852   11    11.301
  1852   12    13.701
  1853   01    15.325
  1853   02    16.718
  1853   03    16.886
  1853   04    16.300
  1853   05    14.158
  1853   06    11.965
  1853   07     9.439
  1853   08     7.055
  1853   09     6.838
  1853   10     8.912
  1853   11    10.992
  1853   12    13.147
  1854   01    15.068
  1854   02    16.367
  1854   03    16.279
  1854   04    15.225
  1854   05    13.843
  1854   06    11.746
  1854   07     9.324
  1854   08     7.213
  1854   09     6.798
  1854   10     8.754
  1854   11    10.896
  1854   12    13.423
  1855   01    15.307
  1855   02    16.491
  1855   03    17.157
  1855   04    16.043
  1855   05    14.015
  1855   06    11.547
  1855   07     9.480
  1855   08     7.811
  1855   09     7.213
  1855   10     8.825
  1855   11    11.306
  1855   12    13.966
  1856   01    15.414
  1856   02    16.296
  1856   03    16.797
  1856   04    15.991
  1856   05    14.003
  1856   06    11.380
  1856   07     9.270
  1856   08     7.638
  1856   09     7.500
  1856   10     8.926
  1856   11    11.639
  1856   12    13.938
  1857   01    15.950
  1857   02    17.030
  1857   03    16.906
  1857   04    15.899
  1857   05    14.121
  1857   06    12.417
  1857   07    10.390
  1857   08     7.519
  1857   09     7.571
  1857   10     9.523
  1857   11    11.866
  1857   12    14.033
  1858   01    15.970
  1858   02    17.183
  1858   03    17.231
  1858   04    15.958
  1858   05    13.958
  1858   06    11.966
  1858   07     9.590
  1858   08     7.584
  1858   09     7.401
  1858   10     9.200
  1858   11    11.980
  1858   12    14.353
  1859   01    15.677
  1859   02    16.683
  1859   03    17.071
  1859   04    15.976
  1859   05    14.054
  1859   06    11.725
  1859   07     8.773
  1859   08     6.443
  1859   09     6.669
  1859   10     8.365
  1859   11    11.175
  1859   12    13.719
  1860   01    15.683
  1860   02    17.041
  1860   03    17.104
  1860   04    16.305
  1860   05    13.984
  1860   06    12.070
  1860   07     9.972
  1860   08     8.321
  1860   09     7.442
  1860   10     9.693
  1860   11    12.190
  1860   12    14.374
  1861   01    16.101
  1861   02    17.262
  1861   03    17.490
  1861   04    16.019
  1861   05    13.561
  1861   06    11.216
  1861   07     8.442
  1861   08     6.498
  1861   09     6.124
  1861   10     7.566
  1861   11    11.459
  1861   12    13.562
  1862   01    14.801
  1862   02    16.446
  1862   03    16.861
  1862   04    16.309
  1862   05    14.472
  1862   06    11.930
  1862   07     9.549
  1862   08     7.167
  1862   09     7.147
  1862   10     8.812
  1862   11    11.544
  1862   12    14.235
  1863   01    15.908
  1863   02    17.392
  1863   03    17.302
  1863   04    16.223
  1863   05    13.861
  1863   06    11.265
  1863   07     9.649
  1863   08     8.487
  1863   09     7.967
  1863   10     9.519
  1863   11    11.486
  1863   12    13.541
  1864   01    15.224
  1864   02    16.333
  1864   03    16.603
  1864   04    15.917
  1864   05    14.143
  1864   06    11.797
  1864   07     9.526
  1864   08     7.564
  1864   09     7.342
  1864   10     8.978
  1864   11    11.022
  1864   12    13.435
  1865   01    15.552
  1865   02    16.547
  1865   03    16.356
  1865   04    15.474
  1865   05    13.576
  1865   06    11.958
  1865   07     9.889
  1865   08     7.737
  1865   09     6.994
  1865   10     9.466
  1865   11    11.543
  1865   12    13.967
  1866   01    15.478
  1866   02    16.604
  1866   03    17.209
  1866   04    16.044
  1866   05    14.268
  1866   06    12.445
  1866   07     9.487
  1866   08     6.969
  1866   09     6.930
  1866   10     9.208
  1866   11    12.104
  1866   12    13.967
  1867   01    15.871
  1867   02    16.647
  1867   03    16.613
  1867   04    16.218
  1867   05    14.428
  1867   06    12.175
  1867   07    10.272
  1867   08     8.248
  1867   09     7.757
  1867   10     9.990
  1867   11    11.568
  1867   12    14.522
  1868   01    16.409
  1868   02    17.861
  1868   03    17.776
  1868   04    16.600
  1868   05    14.778
  1868   06    12.076
  1868   07     9.671
  1868   08     8.329
  1868   09     8.069
  1868   10     9.734
  1868   11    11.730
  1868   12    15.064
  1869   01    16.598
  1869   02    17.427
  1869   03    17.546
  1869   04    16.510
  1869   05    14.513
  1869   06    12.343
  1869   07    10.176
  1869   08     7.862
  1869   09     7.094
  1869   10     9.140
  1869   11    11.500
  1869   12    14.128
  1870   01    16.350
  1870   02    17.257
  1870   03    17.393
  1870   04    16.160
  1870   05    13.865
  1870   06    11.859
  1870   07     9.538
  1870   08     7.682
  1870   09     7.253
  1870   10     8.890
  1870   11    11.439
  1870   12    14.087
  1871   01    15.778
  1871   02    16.472
  1871   03    16.828
  1871   04    15.638
  1871   05    13.784
  1871   06    11.574
  1871   07     9.514
  1871   08     7.890
  1871   09     7.365
  1871   10     9.437
  1871   11    11.586
  1871   12    14.172
  1872   01    15.687
  1872   02    16.759
  1872   03    17.168
  1872   04    15.990
  1872   05    14.466
  1872   06    12.074
  1872   07     9.995
  1872   08     8.024
  1872   09     7.392
  1872   10     8.975
  1872   11    11.743
  1872   12    14.232
  1873   01    15.745
  1873   02    16.899
  1873   03    16.947
  1873   04    15.834
  1873   05    14.460
  1873   06    11.817
  1873   07     9.754
  1873   08     7.624
  1873   09     6.855
  1873   10     9.426
  1873   11    12.017
  1873   12    14.489
  1874   01    16.258
  1874   02    17.586
  1874   03    18.004
  1874   04    16.920
  1874   05    15.666
  1874   06    11.952
  1874   07     9.767
  1874   08     7.851
  1874   09     7.583
  1874   10     8.994
  1874   11    11.321
  1874   12    14.665
  1875   01    16.050
  1875   02    17.074
  1875   03    17.415
  1875   04    16.251
  1875   05    14.872
  1875   06    11.754
  1875   07     9.922
  1875   08     8.707
  1875   09     7.778
  1875   10     9.540
  1875   11    11.747
  1875   12    14.189
  1876   01    16.174
  1876   02    17.490
  1876   03    17.880
  1876   04    16.896
  1876   05    14.542
  1876   06    11.715
  1876   07     9.613
  1876   08     7.698
  1876   09     7.334
  1876   10     8.658
  1876   11    11.090
  1876   12    14.343
  1877   01    16.311
  1877   02    17.229
  1877   03    17.745
  1877   04    16.452
  1877   05    14.430
  1877   06    12.226
  1877   07     9.634
  1877   08     7.921
  1877   09     7.560
  1877   10     9.488
  1877   11    11.879
  1877   12    14.228
  1878   01    16.269
  1878   02    17.673
  1878   03    17.987
  1878   04    16.774
  1878   05    15.101
  1878   06    12.461
  1878   07    10.508
  1878   08     7.991
  1878   09     7.226
  1878   10     9.146
  1878   11    12.116
  1878   12    14.345
  1879   01    16.363
  1879   02    17.609
  1879   03    17.957
  1879   04    16.383
  1879   05    14.274
  1879   06    12.426
  1879   07     9.627
  1879   08     6.944
  1879   09     6.150
  1879   10     8.179
  1879   11    11.687
  1879   12    14.241
  1880   01    15.897
  1880   02    17.195
  1880   03    17.794
  1880   04    16.523
  1880   05    14.691
  1880   06    12.706
  1880   07    10.411
  1880   08     8.018
  1880   09     7.724
  1880   10     9.551
  1880   11    11.952
  1880   12    14.776
  1881   01    16.956
  1881   02    18.070
  1881   03    18.634
  1881   04    17.398
  1881   05    15.200
  1881   06    12.055
  1881   07    10.664
  1881   08     7.710
  1881   09     6.891
  1881   10     9.630
  1881   11    12.201
  1881   12    14.331
  1882   01    16.385
  1882   02    17.229
  1882   03    17.784
  1882   04    16.998
  1882   05    15.066
  1882   06    12.404
  1882   07    10.186
  1882   08     7.749
  1882   09     7.477
  1882   10     9.322
  1882   11    11.402
  1882   12    14.880
  1883   01    17.062
  1883   02    18.296
  1883   03    18.097
  1883   04    16.753
  1883   05    14.625
  1883   06    12.579
  1883   07     9.842
  1883   08     8.511
  1883   09     8.753
  1883   10     9.911
  1883   11    12.385
  1883   12    15.128
  1884   01    16.915
  1884   02    18.555
  1884   03    18.463
  1884   04    17.051
  1884   05    14.663
  1884   06    12.012
  1884   07    10.256
  1884   08     8.536
  1884   09     8.566
  1884   10    10.318
  1884   11    12.261
  1884   12    15.187
  1885   01    16.943
  1885   02    18.317
  1885   03    18.671
  1885   04    17.771
  1885   05    15.290
  1885   06    12.975
  1885   07    10.554
  1885   08     8.306
  1885   09     7.955
  1885   10     9.966
  1885   11    12.427
  1885   12    15.007
  1886   01    16.733
  1886   02    18.253
  1886   03    18.813
  1886   04    17.339
  1886   05    15.444
  1886   06    12.782
  1886   07    10.449
  1886   08     8.615
  1886   09     8.563
  1886   10    10.358
  1886   11    11.928
  1886   12    14.881
  1887   01    16.398
  1887   02    18.151
  1887   03    18.331
  1887   04    16.986
  1887   05    14.652
  1887   06    12.037
  1887   07    10.059
  1887   08     8.988
  1887   09     8.692
  1887   10     9.840
  1887   11    12.006
  1887   12    15.050
  1888   01    17.264
  1888   02    18.489
  1888   03    19.056
  1888   04    18.205
  1888   05    15.169
  1888   06    12.932
  1888   07    10.336
  1888   08     7.814
  1888   09     7.479
  1888   10     9.438
  1888   11    12.341
  1888   12    15.265
  1889   01    16.960
  1889   02    17.941
  1889   03    18.310
  1889   04    17.644
  1889   05    15.681
  1889   06    13.035
  1889   07    10.934
  1889   08     9.173
  1889   09     9.033
  1889   10    10.531
  1889   11    12.731
  1889   12    15.183
  1890   01    17.075
  1890   02    18.243
  1890   03    18.642
  1890   04    17.464
  1890   05    14.858
  1890   06    12.216
  1890   07     9.886
  1890   08     8.083
  1890   09     8.013
  1890   10     9.820
  1890   11    11.529
  1890   12    14.191
  1891   01    16.438
  1891   02    17.738
  1891   03    17.851
  1891   04    16.806
  1891   05    14.848
  1891   06    12.401
  1891   07    10.307
  1891   08     8.181
  1891   09     8.264
  1891   10     9.775
  1891   11    11.903
  1891   12    14.731
  1892   01    16.884
  1892   02    18.127
  1892   03    18.242
  1892   04    16.875
  1892   05    15.019
  1892   06    12.426
  1892   07    10.157
  1892   08     8.291
  1892   09     8.143
  1892   10     9.700
  1892   11    11.961
  1892   12    14.428
  1893   01    16.631
  1893   02    18.186
  1893   03    18.627
  1893   04    17.601
  1893   05    15.439
  1893   06    12.793
  1893   07    10.416
  1893   08     7.886
  1893   09     7.431
  1893   10     9.375
  1893   11    12.069
  1893   12    14.079
  1894   01    16.226
  1894   02    17.504
  1894   03    17.884
  1894   04    16.973
  1894   05    14.592
  1894   06    12.612
  1894   07     9.647
  1894   08     7.635
  1894   09     7.147
  1894   10     9.346
  1894   11    11.656
  1894   12    13.902
  1895   01    15.872
  1895   02    17.498
  1895   03    17.892
  1895   04    16.636
  1895   05    14.538
  1895   06    12.527
  1895   07    10.187
  1895   08     7.981
  1895   09     6.761
  1895   10     9.290
  1895   11    11.735
  1895   12    14.254
  1896   01    16.183
  1896   02    17.474
  1896   03    17.886
  1896   04    16.263
  1896   05    14.305
  1896   06    12.097
  1896   07     9.255
  1896   08     7.367
  1896   09     7.289
  1896   10     9.324
  1896   11    11.862
  1896   12    14.001
  1897   01    16.308
  1897   02    17.678
  1897   03    17.830
  1897   04    16.933
  1897   05    14.800
  1897   06    12.311
  1897   07     9.945
  1897   08     7.459
  1897   09     7.097
  1897   10     8.826
  1897   11    11.677
  1897   12    14.456
  1898   01    16.417
  1898   02    17.530
  1898   03    17.834
  1898   04    16.505
  1898   05    14.604
  1898   06    12.296
  1898   07    10.002
  1898   08     7.613
  1898   09     7.220
  1898   10     9.467
  1898   11    11.458
  1898   12    14.196
  1899   01    16.182
  1899   02    17.627
  1899   03    17.806
  1899   04    16.652
  1899   05    14.844
  1899   06    12.609
  1899   07    10.195
  1899   08     7.982
  1899   09     7.804
  1899   10     9.289
  1899   11    12.085
  1899   12    14.283
  1900   01    16.244
  1900   02    17.510
  1900   03    17.591
  1900   04    16.143
  1900   05    14.546
  1900   06    12.555
  1900   07    10.465
  1900   08     7.853
  1900   09     7.534
  1900   10     9.808
  1900   11    11.618
  1900   12    14.380
  1901   01    16.241
  1901   02    17.486
  1901   03    17.941
  1901   04    16.797
  1901   05    14.929
  1901   06    12.385
  1901   07    10.059
  1901   08     8.298
  1901   09     7.981
  1901   10    10.161
  1901   11    12.359
  1901   12    14.851
  1902   01    16.376
  1902   02    17.475
  1902   03    17.825
  1902   04    17.136
  1902   05    15.208
  1902   06    12.015
  1902   07     9.773
  1902   08     7.901
  1902   09     7.549
  1902   10     9.202
  1902   11    11.367
  1902   12    14.264
  1903   01    16.856
  1903   02    18.244
  1903   03    18.705
  1903   04    17.778
  1903   05    15.081
  1903   06    12.319
  1903   07     9.799
  1903   08     7.859
  1903   09     7.527
  1903   10     9.396
  1903   11    12.358
  1903   12    14.672
  1904   01    16.497
  1904   02    18.417
  1904   03    18.672
  1904   04    17.652
  1904   05    14.988
  1904   06    12.476
  1904   07     9.809
  1904   08     7.535
  1904   09     7.286
  1904   10     9.730
  1904   11    12.249
  1904   12    14.749
  1905   01    16.632
  1905   02    18.286
  1905   03    18.411
  1905   04    17.829
  1905   05    15.006
  1905   06    12.363
  1905   07    10.350
  1905   08     8.349
  1905   09     8.097
  1905   10     9.939
  1905   11    12.149
  1905   12    14.811
  1906   01    16.369
  1906   02    17.744
  1906   03    18.029
  1906   04    16.765
  1906   05    14.500
  1906   06    12.075
  1906   07    10.009
  1906   08     8.491
  1906   09     8.136
  1906   10     9.452
  1906   11    11.341
  1906   12    14.418
  1907   01    16.508
  1907   02    17.649
  1907   03    18.046
  1907   04    17.178
  1907   05    15.353
  1907   06    12.473
  1907   07    10.488
  1907   08     7.853
  1907   09     7.583
  1907   10     9.301
  1907   11    11.873
  1907   12    14.615
  1908   01    16.855
  1908   02    17.985
  1908   03    17.982
  1908   04    16.997
  1908   05    14.637
  1908   06    12.061
  1908   07     9.625
  1908   08     7.747
  1908   09     7.188
  1908   10     9.255
  1908   11    11.365
  1908   12    13.959
  1909   01    16.022
  1909   02    17.258
  1909   03    17.371
  1909   04    16.063
  1909   05    13.897
  1909   06    12.081
  1909   07     9.437
  1909   08     7.581
  1909   09     7.225
  1909   10     8.869
  1909   11    11.001
  1909   12    13.923
  1910   01    16.015
  1910   02    17.231
  1910   03    17.476
  1910   04    16.454
  1910   05    13.904
  1910   06    12.004
  1910   07     9.562
  1910   08     7.458
  1910   09     7.059
  1910   10     8.898
  1910   11    11.317
  1910   12    13.978
  1911   01    16.014
  1911   02    17.326
  1911   03    17.741
  1911   04    16.545
  1911   05    14.671
  1911   06    12.123
  1911   07    10.221
  1911   08     7.895
  1911   09     7.608
  1911   10     9.270
  1911   11    11.758
  1911   12    14.179
  1912   01    15.864
  1912   02    16.685
  1912   03    17.380
  1912   04    16.489
  1912   05    14.581
  1912   06    12.181
  1912   07     9.809
  1912   08     8.419
  1912   09     8.392
  1912   10    10.330
  1912   11    12.127
  1912   12    15.038
  1913   01    16.653
  1913   02    18.045
  1913   03    18.231
  1913   04    17.438
  1913   05    15.425
  1913   06    12.563
  1913   07    10.574
  1913   08     8.608
  1913   09     8.604
  1913   10     9.759
  1913   11    12.404
  1913   12    14.584
  1914   01    16.907
  1914   02    18.450
  1914   03    18.795
  1914   04    18.149
  1914   05    14.919
  1914   06    12.657
  1914   07     9.997
  1914   08     7.835
  1914   09     7.593
  1914   10     9.829
  1914   11    12.052
  1914   12    14.219
  1915   01    16.716
  1915   02    18.154
  1915   03    18.274
  1915   04    17.603
  1915   05    15.461
  1915   06    12.961
  1915   07    10.716
  1915   08     8.086
  1915   09     7.748
  1915   10    10.022
  1915   11    12.508
  1915   12    14.553
  1916   01    16.557
  1916   02    17.488
  1916   03    17.496
  1916   04    16.274
  1916   05    14.550
  1916   06    12.910
  1916   07    10.347
  1916   08     8.251
  1916   09     7.994
  1916   10     9.944
  1916   11    12.150
  1916   12    14.442
  1917   01    16.831
  1917   02    18.132
  1917   03    18.277
  1917   04    17.509
  1917   05    15.675
  1917   06    12.936
  1917   07    10.178
  1917   08     8.574
  1917   09     7.938
  1917   10     9.948
  1917   11    12.241
  1917   12    14.827
  1918   01    16.897
  1918   02    18.081
  1918   03    18.111
  1918   04    17.390
  1918   05    15.408
  1918   06    13.200
  1918   07     9.976
  1918   08     8.473
  1918   09     7.844
  1918   10     9.373
  1918   11    11.779
  1918   12    14.738
  1919   01    16.666
  1919   02    17.878
  1919   03    18.398
  1919   04    17.509
  1919   05    15.593
  1919   06    12.641
  1919   07    10.342
  1919   08     8.080
  1919   09     8.335
  1919   10     9.653
  1919   11    11.645
  1919   12    14.634
  1920   01    16.745
  1920   02    17.551
  1920   03    17.824
  1920   04    16.454
  1920   05    14.242
  1920   06    12.230
  1920   07     9.985
  1920   08     7.784
  1920   09     7.454
  1920   10     8.793
  1920   11    10.953
  1920   12    13.862
  1921   01    15.270
  1921   02    16.423
  1921   03    16.500
  1921   04    15.495
  1921   05    13.649
  1921   06    11.613
  1921   07     8.780
  1921   08     7.147
  1921   09     6.860
  1921   10     8.369
  1921   11    11.198
  1921   12    13.798
  1922   01    15.825
  1922   02    17.216
  1922   03    17.845
  1922   04    16.949
  1922   05    14.695
  1922   06    12.218
  1922   07    10.517
  1922   08     8.312
  1922   09     7.879
  1922   10     9.638
  1922   11    11.529
  1922   12    14.122
  1923   01    16.406
  1923   02    17.832
  1923   03    18.247
  1923   04    17.657
  1923   05    15.288
  1923   06    12.405
  1923   07    10.113
  1923   08     8.319
  1923   09     7.764
  1923   10     9.566
  1923   11    12.133
  1923   12    14.739
  1924   01    16.588
  1924   02    18.017
  1924   03    18.413
  1924   04    17.493
  1924   05    14.998
  1924   06    12.373
  1924   07     9.638
  1924   08     8.376
  1924   09     7.657
  1924   10     9.695
  1924   11    12.192
  1924   12    14.676
  1925   01    16.963
  1925   02    17.990
  1925   03    18.417
  1925   04    17.543
  1925   05    15.239
  1925   06    12.162
  1925   07     9.609
  1925   08     7.388
  1925   09     7.130
  1925   10     8.839
  1925   11    11.129
  1925   12    14.719
  1926   01    17.081
  1926   02    18.229
  1926   03    18.909
  1926   04    17.606
  1926   05    15.244
  1926   06    12.474
  1926   07     9.062
  1926   08     7.259
  1926   09     6.610
  1926   10     8.418
  1926   11    11.720
  1926   12    14.741
  1927   01    17.367
  1927   02    19.128
  1927   03    19.543
  1927   04    18.562
  1927   05    15.896
  1927   06    12.032
  1927   07     9.024
  1927   08     6.644
  1927   09     6.096
  1927   10     7.961
  1927   11    11.360
  1927   12    13.724
  1928   01    16.082
  1928   02    17.648
  1928   03    18.254
  1928   04    17.226
  1928   05    15.260
  1928   06    12.174
  1928   07     9.755
  1928   08     7.645
  1928   09     7.638
  1928   10     9.334
  1928   11    12.011
  1928   12    14.546
  1929   01    16.779
  1929   02    18.091
  1929   03    17.980
  1929   04    17.017
  1929   05    15.130
  1929   06    12.682
  1929   07     9.773
  1929   08     7.657
  1929   09     6.959
  1929   10     9.238
  1929   11    11.299
  1929   12    14.778
  1930   01    16.614
  1930   02    17.854
  1930   03    17.935
  1930   04    16.403
  1930   05    14.434
  1930   06    12.156
  1930   07     9.369
  1930   08     6.970
  1930   09     6.942
  1930   10     8.332
  1930   11    12.368
  1930   12    14.570
  1931   01    16.743
  1931   02    17.854
  1931   03    18.174
  1931   04    17.832
  1931   05    14.590
  1931   06    12.426
  1931   07     8.998
  1931   08     6.909
  1931   09     6.298
  1931   10     8.756
  1931   11    11.855
  1931   12    14.393
  1932   01    16.612
  1932   02    17.730
  1932   03    17.959
  1932   04    17.249
  1932   05    14.528
  1932   06    11.901
  1932   07     9.841
  1932   08     7.484
  1932   09     6.690
  1932   10     8.076
  1932   11    12.058
  1932   12    14.611
  1933   01    17.001
  1933   02    17.780
  1933   03    17.654
  1933   04    16.545
  1933   05    14.241
  1933   06    11.766
  1933   07     9.617
  1933   08     7.707
  1933   09     7.584
  1933   10     9.352
  1933   11    12.166
  1933   12    14.066
  1934   01    16.343
  1934   02    17.365
  1934   03    17.533
  1934   04    16.449
  1934   05    14.930
  1934   06    12.786
  1934   07    10.025
  1934   08     7.687
  1934   09     6.695
  1934   10     9.260
  1934   11    12.084
  1934   12    14.577
  1935   01    16.538
  1935   02    17.636
  1935   03    17.591
  1935   04    16.381
  1935   05    14.774
  1935   06    11.973
  1935   07     9.339
  1935   08     7.592
  1935   09     7.358
  1935   10     8.673
  1935   11    11.385
  1935   12    14.098
  1936   01    16.344
  1936   02    17.350
  1936   03    17.413
  1936   04    15.846
  1936   05    13.576
  1936   06    11.314
  1936   07     9.285
  1936   08     7.320
  1936   09     7.115
  1936   10     8.433
  1936   11    11.060
  1936   12    14.100
  1937   01    15.792
  1937   02    16.994
  1937   03    17.214
  1937   04    16.530
  1937   05    14.142
  1937   06    11.772
  1937   07     9.335
  1937   08     6.230
  1937   09     5.337
  1937   10     7.384
  1937   11    11.317
  1937   12    14.153
  1938   01    15.903
  1938   02    16.805
  1938   03    17.204
  1938   04    15.972
  1938   05    14.361
  1938   06    11.763
  1938   07     9.126
  1938   08     6.196
  1938   09     6.103
  1938   10     7.723
  1938   11    11.818
  1938   12    14.281
  1939   01    16.211
  1939   02    17.301
  1939   03    17.334
  1939   04    16.406
  1939   05    14.716
  1939   06    12.422
  1939   07    10.134
  1939   08     7.730
  1939   09     7.385
  1939   10     9.104
  1939   11    12.347
  1939   12    14.250
  1940   01    16.079
  1940   02    17.115
  1940   03    17.304
  1940   04    16.467
  1940   05    14.645
  1940   06    12.389
  1940   07    10.093
  1940   08     7.814
  1940   09     7.321
  1940   10     9.602
  1940   11    12.119
  1940   12    14.662
  1941   01    16.742
  1941   02    17.567
  1941   03    17.442
  1941   04    16.642
  1941   05    14.994
  1941   06    12.704
  1941   07    10.934
  1941   08     8.118
  1941   09     7.719
  1941   10     9.654
  1941   11    11.807
  1941   12    14.346
  1942   01    16.291
  1942   02    17.078
  1942   03    16.767
  1942   04    16.177
  1942   05    14.605
  1942   06    12.333
  1942   07     9.971
  1942   08     8.171
  1942   09     7.729
  1942   10     9.680
  1942   11    11.656
  1942   12    13.916
  1943   01    15.628
  1943   02    16.543
  1943   03    16.843
  1943   04    15.942
  1943   05    14.175
  1943   06    12.193
  1943   07     9.424
  1943   08     6.797
  1943   09     6.695
  1943   10     8.631
  1943   11    11.424
  1943   12    13.815
  1944   01    15.894
  1944   02    17.030
  1944   03    17.089
  1944   04    16.215
  1944   05    14.272
  1944   06    11.545
  1944   07     9.489
  1944   08     8.232
  1944   09     7.715
  1944   10     9.061
  1944   11    11.113
  1944   12    13.724
  1945   01    15.287
  1945   02    16.286
  1945   03    16.451
  1945   04    15.490
  1945   05    13.658
  1945   06    11.811
  1945   07     9.921
  1945   08     8.055
  1945   09     6.995
  1945   10     9.322
  1945   11    12.188
  1945   12    13.698
  1946   01    15.693
  1946   02    16.551
  1946   03    16.723
  1946   04    15.854
  1946   05    13.734
  1946   06    12.171
  1946   07     9.904
  1946   08     7.794
  1946   09     7.502
  1946   10     9.645
  1946   11    11.961
  1946   12    14.342
  1947   01    15.601
  1947   02    16.681
  1947   03    16.874
  1947   04    16.107
  1947   05    14.224
  1947   06    12.104
  1947   07    10.086
  1947   08     7.607
  1947   09     6.758
  1947   10     8.958
  1947   11    11.849
  1947   12    14.212
  1948   01    16.022
  1948   02    17.285
  1948   03    17.514
  1948   04    16.731
  1948   05    14.331
  1948   06    11.889
  1948   07     9.778
  1948   08     7.038
  1948   09     6.769
  1948   10     8.474
  1948   11    11.615
  1948   12    14.069
  1949   01    15.982
  1949   02    17.240
  1949   03    17.371
  1949   04    16.208
  1949   05    14.150
  1949   06    11.793
  1949   07     9.207
  1949   08     6.402
  1949   09     5.773
  1949   10     7.730
  1949   11    11.094
  1949   12    13.870
  1950   01    15.546
  1950   02    16.379
  1950   03    16.934
  1950   04    16.126
  1950   05    13.898
  1950   06    11.806
  1950   07     9.457
  1950   08     7.170
  1950   09     6.256
  1950   10     8.512
  1950   11    11.041
  1950   12    13.499
  1951   01    15.484
  1951   02    16.654
  1951   03    16.851
  1951   04    15.909
  1951   05    13.840
  1951   06    11.874
  1951   07     9.713
  1951   08     6.285
  1951   09     5.447
  1951   10     7.594
  1951   11    10.583
  1951   12    13.611
  1952   01    15.153
  1952   02    15.962
  1952   03    16.128
  1952   04    15.001
  1952   05    13.631
  1952   06    12.276
  1952   07     9.449
  1952   08     6.952
  1952   09     6.360
  1952   10     8.554
  1952   11    11.560
  1952   12    13.770
  1953   01    15.447
  1953   02    16.359
  1953   03    16.440
  1953   04    15.546
  1953   05    13.700
  1953   06    11.776
  1953   07     9.320
  1953   08     6.514
  1953   09     6.144
  1953   10     8.188
  1953   11    10.852
  1953   12    13.387
  1954   01    15.108
  1954   02    15.798
  1954   03    16.050
  1954   04    15.257
  1954   05    13.514
  1954   06    11.581
  1954   07     8.594
  1954   08     6.518
  1954   09     6.069
  1954   10     7.572
  1954   11    11.168
  1954   12    13.377
  1955   01    15.111
  1955   02    15.962
  1955   03    16.085
  1955   04    15.627
  1955   05    13.855
  1955   06    11.360
  1955   07     9.157
  1955   08     6.969
  1955   09     6.521
  1955   10     8.753
  1955   11    11.686
  1955   12    13.715
  1956   01    15.374
  1956   02    16.545
  1956   03    16.705
  1956   04    15.602
  1956   05    13.959
  1956   06    12.152
  1956   07     9.730
  1956   08     6.897
  1956   09     6.257
  1956   10     8.848
  1956   11    11.678
  1956   12    13.671
  1957   01    15.535
  1957   02    16.492
  1957   03    16.733
  1957   04    15.760
  1957   05    14.288
  1957   06    12.015
  1957   07     9.715
  1957   08     7.480
  1957   09     6.739
  1957   10     8.711
  1957   11    10.961
  1957   12    13.834
  1958   01    15.280
  1958   02    16.259
  1958   03    16.400
  1958   04    15.181
  1958   05    13.618
  1958   06    11.793
  1958   07     8.982
  1958   08     6.917
  1958   09     6.396
  1958   10     9.089
  1958   11    11.387
  1958   12    13.601
  1959   01    15.370
  1959   02    16.304
  1959   03    16.887
  1959   04    15.552
  1959   05    13.923
  1959   06    12.153
  1959   07     9.802
  1959   08     6.791
  1959   09     5.591
  1959   10     8.200
  1959   11    11.151
  1959   12    13.933
  1960   01    15.663
  1960   02    16.713
  1960   03    17.040
  1960   04    15.904
  1960   05    14.299
  1960   06    11.734
  1960   07     9.361
  1960   08     6.477
  1960   09     5.963
  1960   10     7.706
  1960   11    11.245
  1960   12    13.171
  1961   01    15.288
  1961   02    16.548
  1961   03    16.656
  1961   04    15.649
  1961   05    13.883
  1961   06    11.091
  1961   07     9.203
  1961   08     7.594
  1961   09     6.739
  1961   10     8.257
  1961   11    10.846
  1961   12    13.658
  1962   01    15.048
  1962   02    15.795
  1962   03    15.970
  1962   04    14.827
  1962   05    13.247
  1962   06    11.552
  1962   07     8.352
  1962   08     5.975
  1962   09     5.368
  1962   10     7.346
  1962   11    10.932
  1962   12    13.387
  1963   01    15.182
  1963   02    16.154
  1963   03    16.075
  1963   04    15.172
  1963   05    13.347
  1963   06    11.459
  1963   07     8.882
  1963   08     6.174
  1963   09     5.877
  1963   10     7.561
  1963   11    11.191
  1963   12    13.127
  1964   01    14.991
  1964   02    15.967
  1964   03    15.688
  1964   04    14.706
  1964   05    13.565
  1964   06    11.115
  1964   07     8.660
  1964   08     6.637
  1964   09     6.546
  1964   10     7.503
  1964   11    10.454
  1964   12    12.846
  1965   01    14.822
  1965   02    15.614
  1965   03    15.611
  1965   04    14.953
  1965   05    13.338
  1965   06    11.555
  1965   07     8.793
  1965   08     6.546
  1965   09     6.298
  1965   10     8.210
  1965   11    10.407
  1965   12    13.197
  1966   01    15.118
  1966   02    16.184
  1966   03    16.329
  1966   04    15.250
  1966   05    13.672
  1966   06    11.461
  1966   07     8.601
  1966   08     6.056
  1966   09     5.532
  1966   10     7.070
  1966   11    11.506
  1966   12    13.484
  1967   01    15.103
  1967   02    15.813
  1967   03    15.840
  1967   04    14.825
  1967   05    13.613
  1967   06    11.561
  1967   07     8.897
  1967   08     6.396
  1967   09     6.293
  1967   10     7.872
  1967   11    10.345
  1967   12    12.899
  1968   01    14.450
  1968   02    15.678
  1968   03    15.732
  1968   04    15.187
  1968   05    13.360
  1968   06    11.071
  1968   07     9.172
  1968   08     6.735
  1968   09     5.962
  1968   10     7.812
  1968   11    10.403
  1968   12    13.107
  1969   01    15.031
  1969   02    15.898
  1969   03    15.645
  1969   04    14.718
  1969   05    12.918
  1969   06    11.459
  1969   07     8.880
  1969   08     6.623
  1969   09     6.653
  1969   10     8.188
  1969   11    10.177
  1969   12    13.025
  1970   01    14.850
  1970   02    16.036
  1970   03    16.009
  1970   04    15.186
  1970   05    13.740
  1970   06    11.803
  1970   07     9.689
  1970   08     7.634
  1970   09     6.954
  1970   10     9.303
  1970   11    11.710
  1970   12    13.889
  1971   01    15.464
  1971   02    16.481
  1971   03    16.658
  1971   04    15.705
  1971   05    13.996
  1971   06    11.789
  1971   07     9.762
  1971   08     7.296
  1971   09     6.613
  1971   10     8.435
  1971   11    11.607
  1971   12    13.781
  1972   01    15.138
  1972   02    16.183
  1972   03    16.263
  1972   04    15.659
  1972   05    14.108
  1972   06    12.410
  1972   07    10.268
  1972   08     7.627
  1972   09     7.113
  1972   10     9.875
  1972   11    11.673
  1972   12    13.807
  1973   01    15.445
  1973   02    16.220
  1973   03    16.180
  1973   04    15.692
  1973   05    13.868
  1973   06    11.879
  1973   07     8.747
  1973   08     6.012
  1973   09     5.667
  1973   10     7.376
  1973   11    11.232
  1973   12    13.810
  1974   01    15.521
  1974   02    16.168
  1974   03    16.349
  1974   04    15.019
  1974   05    13.155
  1974   06    11.506
  1974   07     8.950
  1974   08     6.817
  1974   09     7.003
  1974   10     8.624
  1974   11    11.207
  1974   12    14.027
  1975   01    15.719
  1975   02    16.558
  1975   03    16.902
  1975   04    16.160
  1975   05    14.596
  1975   06    12.126
  1975   07    10.188
  1975   08     7.422
  1975   09     6.949
  1975   10     8.671
  1975   11    11.013
  1975   12    13.642
  1976   01    15.850
  1976   02    17.119
  1976   03    17.172
  1976   04    16.137
  1976   05    13.821
  1976   06    12.079
  1976   07     9.157
  1976   08     6.650
  1976   09     5.906
  1976   10     8.584
  1976   11    11.512
  1976   12    13.887
  1977   01    15.725
  1977   02    16.583
  1977   03    16.726
  1977   04    15.920
  1977   05    14.299
  1977   06    11.985
  1977   07     9.174
  1977   08     6.363
  1977   09     5.676
  1977   10     7.434
  1977   11    11.031
  1977   12    13.492
  1978   01    15.611
  1978   02    16.258
  1978   03    16.538
  1978   04    15.826
  1978   05    13.478
  1978   06    11.705
  1978   07     9.756
  1978   08     7.094
  1978   09     6.962
  1978   10     8.619
  1978   11    10.469
  1978   12    12.896
  1979   01    14.886
  1979   02    15.767
  1979   03    15.701
  1979   04    14.725
  1979   05    13.227
  1979   06    10.867
  1979   07     8.434
  1979   08     6.638
  1979   09     6.467
  1979   10     8.232
  1979   11    11.727
  1979   12    12.952
  1980   01    14.790
  1980   02    15.770
  1980   03    15.889
  1980   04    15.066
  1980   05    12.872
  1980   06    11.447
  1980   07     8.902
  1980   08     5.939
  1980   09     5.278
  1980   10     7.162
  1980   11    10.952
  1980   12    12.863
  1981   01    14.477
  1981   02    15.461
  1981   03    15.131
  1981   04    14.403
  1981   05    12.723
  1981   06    11.096
  1981   07     8.410
  1981   08     7.103
  1981   09     6.757
  1981   10     8.271
  1981   11    10.484
  1981   12    13.009
  1982   01    15.039
  1982   02    16.058
  1982   03    15.894
  1982   04    15.002
  1982   05    12.931
  1982   06    11.088
  1982   07     9.041
  1982   08     6.645
  1982   09     5.788
  1982   10     7.753
  1982   11    10.191
  1982   12    12.959
  1983   01    14.705
  1983   02    15.832
  1983   03    15.881
  1983   04    15.117
  1983   05    13.515
  1983   06    11.559
  1983   07     8.941
  1983   08     6.822
  1983   09     6.380
  1983   10     8.625
  1983   11    11.624
  1983   12    13.628
  1984   01    15.286
  1984   02    15.989
  1984   03    16.195
  1984   04    15.353
  1984   05    13.562
  1984   06    11.470
  1984   07     9.353
  1984   08     6.930
  1984   09     6.076
  1984   10     8.060
  1984   11    11.488
  1984   12    13.262
  1985   01    14.937
  1985   02    16.254
  1985   03    16.300
  1985   04    14.973
  1985   05    13.321
  1985   06    11.309
  1985   07     8.941
  1985   08     6.847
  1985   09     6.260
  1985   10     8.039
  1985   11    10.891
  1985   12    13.461
  1986   01    15.448
  1986   02    16.343
  1986   03    16.674
  1986   04    15.485
  1986   05    13.543
  1986   06    11.231
  1986   07     8.199
  1986   08     6.470
  1986   09     5.805
  1986   10     7.365
  1986   11    10.598
  1986   12    13.543
  1987   01    15.546
  1987   02    16.094
  1987   03    16.196
  1987   04    15.302
  1987   05    13.397
  1987   06    11.178
  1987   07     8.247
  1987   08     5.654
  1987   09     5.435
  1987   10     6.829
  1987   11    10.144
  1987   12    12.824
  1988   01    14.462
  1988   02    15.522
  1988   03    15.852
  1988   04    14.986
  1988   05    12.943
  1988   06    11.250
  1988   07     8.939
  1988   08     6.472
  1988   09     5.440
  1988   10     7.527
  1988   11    10.492
  1988   12    12.880
  1989   01    14.767
  1989   02    15.288
  1989   03    15.572
  1989   04    14.351
  1989   05    12.623
  1989   06    11.037
  1989   07     8.156
  1989   08     5.691
  1989   09     5.271
  1989   10     6.835
  1989   11     9.818
  1989   12    12.861
  1990   01    14.516
  1990   02    15.391
  1990   03    15.502
  1990   04    15.068
  1990   05    13.456
  1990   06    11.246
  1990   07     7.752
  1990   08     5.359
  1990   09     4.756
  1990   10     6.270
  1990   11    10.731
  1990   12    12.945
  1991   01    14.892
  1991   02    15.993
  1991   03    15.756
  1991   04    14.653
  1991   05    13.047
  1991   06    10.797
  1991   07     8.560
  1991   08     6.656
  1991   09     6.137
  1991   10     7.758
  1991   11     9.604
  1991   12    12.510
  1992   01    14.277
  1992   02    15.619
  1992   03    15.804
  1992   04    14.691
  1992   05    12.929
  1992   06    10.893
  1992   07     8.702
  1992   08     6.178
  1992   09     5.486
  1992   10     7.698
  1992   11    11.142
  1992   12    12.701
  1993   01    14.920
  1993   02    15.963
  1993   03    15.869
  1993   04    15.060
  1993   05    13.488
  1993   06    11.031
  1993   07     8.870
  1993   08     6.025
  1993   09     4.949
  1993   10     6.861
  1993   11    10.682
  1993   12    13.053
  1994   01    14.398
  1994   02    15.591
  1994   03    15.737
  1994   04    15.109
  1994   05    13.290
  1994   06    10.603
  1994   07     8.401
  1994   08     6.119
  1994   09     5.265
  1994   10     6.721
  1994   11     9.729
  1994   12    12.788
  1995   01    14.743
  1995   02    15.897
  1995   03    15.653
  1995   04    14.774
  1995   05    13.027
  1995   06    10.684
  1995   07     8.235
  1995   08     5.768
  1995   09     5.095
  1995   10     6.388
  1995   11     9.639
  1995   12    12.780
  1996   01    14.673
  1996   02    15.511
  1996   03    15.796
  1996   04    14.804
  1996   05    13.020
  1996   06    10.767
  1996   07     7.456
  1996   08     4.641
  1996   09     4.438
  1996   10     6.740
  1996   11    10.121
  1996   12    12.622
  1997   01    14.516
  1997   02    15.614
  1997   03    15.586
  1997   04    14.813
  1997   05    12.687
  1997   06    10.732
  1997   07     7.851
  1997   08     4.851
  1997   09     3.759
  1997   10     6.079
  1997   11     9.658
  1997   12    12.513
  1998   01    14.484
  1998   02    15.301
  1998   03    15.549
  1998   04    14.797
  1998   05    13.117
  1998   06    11.336
  1998   07     8.108
  1998   08     5.159
  1998   09     3.852
  1998   10     7.369
  1998   11    10.526
  1998   12    12.749
  1999   01    14.500
  1999   02    15.300
  1999   03    15.670
  1999   04    15.217
  1999   05    13.451
  1999   06    11.258
  1999   07     8.628
  1999   08     5.212
  1999   09     4.039
  1999   10     6.619
  1999   11    10.053
  1999   12    12.777
  2000   01    15.010
  2000   02    15.934
  2000   03    16.128
  2000   04    15.191
  2000   05    13.664
  2000   06    11.144
  2000   07     8.756
  2000   08     6.973
  2000   09     5.415
  2000   10     8.000
  2000   11    10.446
  2000   12    13.087
  2001   01    14.873
  2001   02    16.229
  2001   03    15.920
  2001   04    14.980
  2001   05    13.100
  2001   06    11.386
  2001   07     8.063
  2001   08     5.500
  2001   09     4.259
  2001   10     6.241
  2001   11    10.625
  2001   12    13.037
  2002   01    14.771
  2002   02    15.866
  2002   03    15.893
  2002   04    14.929
  2002   05    13.137
  2002   06    11.166
  2002   07     8.739
  2002   08     5.393
  2002   09     4.948
  2002   10     6.557
  2002   11    10.388
  2002   12    13.025
  2003   01    15.211
  2003   02    16.141
  2003   03    16.377
  2003   04    15.367
  2003   05    13.476
  2003   06    11.585
  2003   07     8.848
  2003   08     5.424
  2003   09     3.900
  2003   10     7.093
  2003   11    10.987
  2003   12    12.806
  2004   01    14.632
  2004   02    15.733
  2004   03    15.776
  2004   04    14.824
  2004   05    13.409
  2004   06    11.474
  2004   07     8.201
  2004   08     6.135
  2004   09     5.230
  2004   10     7.080
  2004   11     9.915
  2004   12    12.277
  2005   01    14.535
  2005   02    15.637
  2005   03    15.835
  2005   04    14.979
  2005   05    13.091
  2005   06    11.515
  2005   07     7.976
  2005   08     4.224
  2005   09     3.237
  2005   10     5.035
  2005   11     8.958
  2005   12    12.402
  2006   01    14.028
  2006   02    15.103
  2006   03    15.156
  2006   04    14.314
  2006   05    12.608
  2006   06    10.401
  2006   07     7.114
  2006   08     4.865
  2006   09     4.292
  2006   10     6.167
  2006   11     8.560
  2006   12    11.972
  2007   01    14.163
  2007   02    15.424
  2007   03    15.676
  2007   04    14.837
  2007   05    12.718
  2007   06    10.887
  2007   07     7.515
  2007   08     4.263
  2007   09     3.673
  2007   10     5.802
  2007   11     9.433
  2007   12    12.385
  2008   01    14.623
  2008   02    15.577
  2008   03    15.941
  2008   04    15.137
  2008   05    12.868
  2008   06    10.074
  2008   07     7.278
  2008   08     4.524
  2008   09     3.308
  2008   10     5.393
  2008   11     9.041
  2008   12    12.332
  2009   01    13.647
  2009   02    14.520
  2009   03    14.693
  2009   04    14.012
  2009   05    12.163
  2009   06    10.161
  2009   07     7.664
  2009   08     5.265
  2009   09     4.445
  2009   10     5.838
  2009   11     8.923
  2009   12    12.077
  2010   01    13.916
  2010   02    14.889
  2010   03    14.928
  2010   04    14.008
  2010   05    12.586
  2010   06    10.909
  2010   07     7.578
  2010   08     5.377
  2010   09     4.565
  2010   10     6.410
  2010   11     9.579
  2010   12    12.380
  2011   01    13.971
  2011   02    15.167
  2011   03    15.595
  2011   04    14.683
  2011   05    13.018
  2011   06    11.540
  2011   07     8.535
  2011   08     5.791
  2011   09     4.508
  2011   10     7.663
  2011   11    10.540
  2011   12    12.577
  2012   01    14.218
  2012   02    15.628
  2012   03    15.727
  2012   04    14.967
  2012   05    13.037
  2012   06    11.069
  2012   07     8.136
  2012   08     4.750
  2012   09     3.785
  2012   10     5.353
  2012   11     9.090
  2012   12    12.444
  2013   01    14.182
  2013   02    15.258
  2013   03    15.420
  2013   04    14.539
  2013   05    12.924
  2013   06    11.018
  2013   07     7.742
  2013   08     5.225
  2013   09     4.491
  2013   10     6.188
  2013   11    10.212
  2013   12    12.426
  2014   01    13.844
  2014   02    14.961
  2014   03    15.443
  2014   04    14.627
  2014   05    12.899
  2014   06    10.256
  2014   07     7.678
  2014   08     5.879
  2014   09     4.935
  2014   10     5.855
  2014   11     8.731
  2014   12    11.750
  2015   01    14.327
  2015   02    15.362
  2015   03    15.685
  2015   04    15.049
  2015   05    13.385
  2015   06    10.621
  2015   07     7.195
  2015   08     4.880
  2015   09     3.524
  2015   10     4.911
  2015   11     6.640
  2015   12    11.283
  2016   01    13.862
  2016   02    15.287
  2016   03    15.358
  2016   04    14.656
  2016   05    12.724
  2016   06    10.359
  2016   07     7.029
  2016   08     3.115
  2016   09     2.774
  2016   10     5.683
  2016   11     8.892
  2016   12    11.938
  2017   01    14.075
  2017   02    14.724
  2017   03    15.152
  2017   04    14.134
  2017   05    12.466
  2017   06    10.535
  2017   07     7.087
  2017   08     3.876
  2017   09     2.592
  2017   10     4.540
  2017   11     8.206
  2017   12    11.804
  2018   01    13.868
  2018   02    15.028
  2018   03    15.189
  2018   04    14.030
  2018   05    12.351
  2018   06     9.613
  2018   07     6.202
  2018   08     4.249
  2018   09     3.589
  2018   10     5.320
  2018   11     8.108
  2018   12    11.943
  2019   01    13.935
  2019   02    14.874
  2019   03    15.211
  2019   04    14.416
  2019   05    12.722
  2019   06    10.581
  2019   07     7.432
  2019   08     4.883
  2019   09     3.663
  2019   10     5.108
  2019   11     8.523
  2019   12    11.368
  2020   01    14.057
  2020   02    15.265
  2020   03    15.164
  2020   04    14.415
  2020   05    12.836
  2020   06    10.789
  2020   07     7.863
  2020   08     4.931
  2020   09     3.888
  2020   10     5.799
  2020   11    10.090
  2020   12    12.167
  2021   01    14.018
  2021   02    15.063
  2021   03    15.340
  2021   04    13.945
  2021   05    12.316
  2021   06    10.563
  2021   07     6.765
  2021   08     2.924
  2021   09     2.160
  2021   10     3.422
  2021   11     6.518
  2021   12    11.461
  2022   01    13.687
  2022   02    14.951
  2022   03    15.389
  2022   04    14.519
  2022   05    12.724
  2022   06    10.935
  2022   07     8.004
  2022   08     3.446
  2022   09     2.485
  2022   10     4.824
  2022   11     9.651
  2022   12    12.076
  2023   01    14.057
  2023   02    15.238
  2023   03    15.430
  2023   04    14.948
  2023   05    13.160
  2023   06    11.108
  2023   07     7.476
  2023   08     3.436
  2023   09     2.268
  2023   10     4.148
  2023   11     8.195
  2023   12    12.124
  2024   01    14.109
  2024   02    15.318
  2024   03    15.636
  2024   04    15.002
  2024   05    12.852
  2024   06    10.274
  2024   07     7.122
  2024   08     3.650
  2024   09     2.467
  2024   10     4.601
  2024   11     8.613
  2024   12    12.497
  2025   01    14.497
  2025   02    15.839
  2025   03    15.961
  2025   04    14.819
  2025   05    13.120
  2025   06    11.407
  2025   07     8.082
  2025   08     3.422
  2025   09     2.249
  2025   10     4.971
  2025   11     9.575
  2025   12    12.187
  2026   01    13.872
  2026   02    14.881
  2026   03    14.969
  2026   04    14.134
  2026   05    12.854
  2026   06    10.246
  2026   07     7.796
  2026   08     4.105
  2026   09     2.280
  2026   10     5.008
  2026   11     8.858
  2026   12    11.771
  2027   01    13.709
  2027   02    14.606
  2027   03    14.917
  2027   04    14.066
  2027   05    12.499
  2027   06    10.468
  2027   07     6.994
  2027   08     3.537
  2027   09     2.755
  2027   10     4.660
  2027   11     8.105
  2027   12    11.738
  2028   01    13.516
  2028   02    14.594
  2028   03    14.498
  2028   04    13.626
  2028   05    12.514
  2028   06    10.130
  2028   07     6.525
  2028   08     2.794
  2028   09     1.823
  2028   10     3.307
  2028   11     7.494
  2028   12    11.519
  2029   01    13.843
  2029   02    14.978
  2029   03    15.334
  2029   04    14.432
  2029   05    12.566
  2029   06    10.238
  2029   07     7.089
  2029   08     2.511
  2029   09     0.899
  2029   10     3.061
  2029   11     6.843
  2029   12    11.234
  2030   01    13.349
  2030   02    14.637
  2030   03    14.586
  2030   04    13.875
  2030   05    12.050
  2030   06     9.856
  2030   07     6.769
  2030   08     2.603
  2030   09     1.092
  2030   10     3.040
  2030   11     7.568
  2030   12    10.885
  2031   01    13.584
  2031   02    14.928
  2031   03    14.771
  2031   04    14.023
  2031   05    12.843
  2031   06    10.642
  2031   07     7.281
  2031   08     2.729
  2031   09     1.169
  2031   10     3.974
  2031   11     8.869
  2031   12    11.996
  2032   01    13.824
  2032   02    15.061
  2032   03    15.204
  2032   04    14.762
  2032   05    13.090
  2032   06    11.208
  2032   07     8.462
  2032   08     3.835
  2032   09     2.216
  2032   10     4.533
  2032   11     9.217
  2032   12    12.356
  2033   01    14.167
  2033   02    15.428
  2033   03    15.380
  2033   04    14.861
  2033   05    13.529
  2033   06    11.091
  2033   07     7.726
  2033   08     2.868
  2033   09     1.434
  2033   10     3.914
  2033   11     9.244
  2033   12    12.116
  2034   01    14.435
  2034   02    15.671
  2034   03    15.828
  2034   04    15.200
  2034   05    13.234
  2034   06    10.734
  2034   07     7.315
  2034   08     2.881
  2034   09     1.769
  2034   10     3.255
  2034   11     8.069
  2034   12    11.330
  2035   01    13.664
  2035   02    15.127
  2035   03    15.320
  2035   04    14.792
  2035   05    13.098
  2035   06    11.037
  2035   07     7.502
  2035   08     3.487
  2035   09     2.705
  2035   10     4.069
  2035   11     9.170
  2035   12    12.787
  2036   01    14.328
  2036   02    15.225
  2036   03    15.483
  2036   04    15.022
  2036   05    13.452
  2036   06    10.703
  2036   07     6.937
  2036   08     3.830
  2036   09     2.707
  2036   10     4.516
  2036   11     8.448
  2036   12    11.541
  2037   01    13.327
  2037   02    14.347
  2037   03    14.590
  2037   04    14.046
  2037   05    12.612
  2037   06    10.521
  2037   07     7.238
  2037   08     3.985
  2037   09     2.509
  2037   10     4.752
  2037   11     8.061
  2037   12    11.846
  2038   01    13.572
  2038   02    14.657
  2038   03    14.554
  2038   04    13.803
  2038   05    12.401
  2038   06    10.013
  2038   07     6.999
  2038   08     2.706
  2038   09     2.008
  2038   10     3.613
  2038   11     7.278
  2038   12    11.478
  2039   01    13.539
  2039   02    14.376
  2039   03    14.457
  2039   04    13.929
  2039   05    11.948
  2039   06     9.730
  2039   07     6.775
  2039   08     3.092
  2039   09     1.974
  2039   10     3.621
  2039   11     8.159
  2039   12    11.247
  2040   01    12.828
  2040   02    14.046
  2040   03    14.583
  2040   04    14.058
  2040   05    12.476
  2040   06    10.258
  2040   07     6.318
  2040   08     3.262
  2040   09     1.872
  2040   10     3.524
  2040   11     6.279
  2040   12    10.575
  2041   01    12.756
  2041   02    13.775
  2041   03    13.921
  2041   04    13.076
  2041   05    11.214
  2041   06     9.416
  2041   07     5.824
  2041   08     1.874
  2041   09     1.288
  2041   10     2.129
  2041   11     5.136
  2041   12     9.658
  2042   01    12.228
  2042   02    13.318
  2042   03    13.285
  2042   04    12.599
  2042   05    11.333
  2042   06     9.033
  2042   07     5.661
  2042   08     1.155
  2042   09     0.235
  2042   10     1.411
  2042   11     5.295
  2042   12     9.818
  2043   01    12.230
  2043   02    13.257
  2043   03    13.532
  2043   04    12.849
  2043   05    11.251
  2043   06     8.631
  2043   07     5.245
  2043   08     0.874
  2043   09     0.394
  2043   10     1.809
  2043   11     5.199
  2043   12     9.416
  2044   01    11.696
  2044   02    12.678
  2044   03    12.887
  2044   04    12.334
  2044   05    11.045
  2044   06     8.725
  2044   07     3.872
  2044   08     0.491
  2044   09     0.243
  2044   10     0.754
  2044   11     2.700
  2044   12     8.425
  2045   01    11.813
  2045   02    13.018
  2045   03    13.304
  2045   04    12.565
  2045   05    10.352
  2045   06     8.216
  2045   07     3.215
  2045   08     0.160
  2045   09     0.011
  2045   10     0.414
  2045   11     2.795
  2045   12     8.482
  2046   01    11.504
  2046   02    12.636
  2046   03    13.329
  2046   04    12.851
  2046   05    11.329
  2046   06     8.903
  2046   07     3.443
  2046   08     0.415
  2046   09     0.241
  2046   10     1.083
  2046   11     3.385
  2046   12     7.300
  2047   01    11.602
  2047   02    12.495
  2047   03    12.802
  2047   04    12.172
  2047   05    11.558
  2047   06     8.725
  2047   07     3.197
  2047   08     0.507
  2047   09     0.291
  2047   10     0.952
  2047   11     2.959
  2047   12     6.605
  2048   01    11.473
  2048   02    12.740
  2048   03    13.050
  2048   04    12.286
  2048   05    11.344
  2048   06     8.846
  2048   07     3.187
  2048   08     0.385
  2048   09     0.219
  2048   10     0.805
  2048   11     2.981
  2048   12     9.474
  2049   01    11.733
  2049   02    12.812
  2049   03    13.074
  2049   04    12.369
  2049   05    11.382
  2049   06     8.888
  2049   07     2.823
  2049   08     0.267
  2049   09     0.173
  2049   10     0.622
  2049   11     2.978
  2049   12     8.984
  2050   01    11.595
  2050   02    12.788
  2050   03    12.863
  2050   04    12.196
  2050   05    10.581
  2050   06     7.867
  2050   07     3.671
  2050   08     0.473
  2050   09     0.176
  2050   10     1.198
  2050   11     3.460
  2050   12     7.098
  2051   01    11.245
  2051   02    12.673
  2051   03    13.032
  2051   04    12.393
  2051   05    10.920
  2051   06     8.368
  2051   07     3.881
  2051   08     0.360
  2051   09     0.247
  2051   10     0.569
  2051   11     2.097
  2051   12     6.588
  2052   01    10.513
  2052   02    12.151
  2052   03    12.726
  2052   04    12.110
  2052   05    10.561
  2052   06     7.773
  2052   07     3.500
  2052   08     0.632
  2052   09     0.486
  2052   10     0.742
  2052   11     3.199
  2052   12     7.557
  2053   01    10.785
  2053   02    12.050
  2053   03    12.271
  2053   04    11.772
  2053   05    10.182
  2053   06     7.959
  2053   07     3.431
  2053   08     0.009
  2053   09     0.000
  2053   10     0.088
  2053   11     1.430
  2053   12     7.100
  2054   01    10.424
  2054   02    11.849
  2054   03    12.127
  2054   04    11.454
  2054   05    10.175
  2054   06     7.747
  2054   07     2.995
  2054   08     0.034
  2054   09     0.000
  2054   10     0.570
  2054   11     2.971
  2054   12     7.543
  2055   01    10.951
  2055   02    12.116
  2055   03    12.553
  2055   04    11.978
  2055   05    10.662
  2055   06     8.030
  2055   07     1.633
  2055   08     0.142
  2055   09     0.044
  2055   10     0.273
  2055   11     1.644
  2055   12     5.576
  2056   01    10.534
  2056   02    12.166
  2056   03    12.505
  2056   04    12.092
  2056   05    10.746
  2056   06     8.034
  2056   07     1.329
  2056   08     0.006
  2056   09     0.000
  2056   10     0.220
  2056   11     1.135
  2056   12     4.758
  2057   01    10.640
  2057   02    12.222
  2057   03    12.553
  2057   04    11.667
  2057   05    10.534
  2057   06     7.966
  2057   07     2.866
  2057   08     0.151
  2057   09     0.037
  2057   10     0.288
  2057   11     1.926
  2057   12     6.797
  2058   01    10.774
  2058   02    12.035
  2058   03    12.441
  2058   04    11.678
  2058   05    10.115
  2058   06     7.959
  2058   07     3.039
  2058   08     0.262
  2058   09     0.117
  2058   10     0.723
  2058   11     2.377
  2058   12     7.145
  2059   01    10.674
  2059   02    12.212
  2059   03    12.570
  2059   04    12.136
  2059   05    10.942
  2059   06     8.241
  2059   07     3.323
  2059   08     0.269
  2059   09     0.083
  2059   10     0.561
  2059   11     1.766
  2059   12     7.614
  2060   01    10.948
  2060   02    12.528
  2060   03    12.552
  2060   04    12.120
  2060   05    10.813
  2060   06     8.363
  2060   07     2.521
  2060   08     0.014
  2060   09     0.000
  2060   10     0.127
  2060   11     1.814
  2060   12     6.896
  2061   01    11.782
  2061   02    12.162
  2061   03    12.440
  2061   04    11.729
  2061   05    10.390
  2061   06     8.137
  2061   07     1.339
  2061   08     0.020
  2061   09     0.002
  2061   10     0.147
  2061   11     1.112
  2061   12     4.583
  2062   01     9.782
  2062   02    11.543
  2062   03    11.963
  2062   04    11.516
  2062   05    10.380
  2062   06     8.312
  2062   07     1.822
  2062   08     0.085
  2062   09     0.013
  2062   10     0.103
  2062   11     1.149
  2062   12     4.707
  2063   01    10.754
  2063   02    12.129
  2063   03    12.352
  2063   04    11.989
  2063   05    10.757
  2063   06     7.390
  2063   07     1.266
  2063   08     0.001
  2063   09     0.000
  2063   10     0.127
  2063   11     1.198
  2063   12     3.759
  2064   01     9.990
  2064   02    12.463
  2064   03    13.018
  2064   04    12.346
  2064   05    11.230
  2064   06     8.205
  2064   07     1.405
  2064   08     0.014
  2064   09     0.003
  2064   10     0.029
  2064   11     1.185
  2064   12     5.928
  2065   01    11.149
  2065   02    12.338
  2065   03    12.214
  2065   04    11.642
  2065   05    10.501
  2065   06     7.366
  2065   07     1.625
  2065   08     0.039
  2065   09     0.004
  2065   10     0.092
  2065   11     1.002
  2065   12     6.090
  2066   01    10.333
  2066   02    11.696
  2066   03    12.421
  2066   04    11.679
  2066   05    10.438
  2066   06     7.227
  2066   07     0.599
  2066   08     0.001
  2066   09     0.000
  2066   10     0.093
  2066   11     1.230
  2066   12     3.806
  2067   01     9.184
  2067   02    11.021
  2067   03    11.924
  2067   04    11.621
  2067   05    10.063
  2067   06     6.931
  2067   07     1.131
  2067   08     0.049
  2067   09     0.002
  2067   10     0.012
  2067   11     0.671
  2067   12     4.309
  2068   01     9.844
  2068   02    11.186
  2068   03    11.669
  2068   04    11.370
  2068   05     9.917
  2068   06     6.883
  2068   07     0.688
  2068   08     0.038
  2068   09     0.011
  2068   10     0.006
  2068   11     0.187
  2068   12     2.738
  2069   01     8.620
  2069   02    10.505
  2069   03    11.432
  2069   04    10.802
  2069   05     8.992
  2069   06     6.417
  2069   07     0.996
  2069   08     0.084
  2069   09     0.003
  2069   10     0.131
  2069   11     1.232
  2069   12     3.387
  2070   01     6.717
  2070   02     9.511
  2070   03    10.497
  2070   04    10.177
  2070   05     8.900
  2070   06     5.449
  2070   07     0.290
  2070   08     0.000
  2070   09     0.000
  2070   10     0.009
  2070   11     0.479
  2070   12     3.158
  2071   01     6.513
  2071   02     9.931
  2071   03    11.161
  2071   04    10.629
  2071   05     9.103
  2071   06     4.149
  2071   07     0.123
  2071   08     0.002
  2071   09     0.000
  2071   10     0.000
  2071   11     0.115
  2071   12     1.977
  2072   01     5.392
  2072   02     8.789
  2072   03    10.054
  2072   04     9.625
  2072   05     8.339
  2072   06     3.198
  2072   07     0.110
  2072   08     0.009
  2072   09     0.000
  2072   10     0.017
  2072   11     0.399
  2072   12     1.922
  2073   01     5.324
  2073   02     9.833
  2073   03    10.792
  2073   04    10.524
  2073   05     9.009
  2073   06     4.687
  2073   07     0.335
  2073   08     0.000
  2073   09     0.000
  2073   10     0.058
  2073   11     0.578
  2073   12     2.206
  2074   01     5.076
  2074   02     8.887
  2074   03     9.715
  2074   04    10.079
  2074   05     8.535
  2074   06     3.945
  2074   07     0.045
  2074   08     0.003
  2074   09     0.000
  2074   10     0.000
  2074   11     0.311
  2074   12     1.965
  2075   01     5.333
  2075   02     8.982
  2075   03    10.990
  2075   04    10.659
  2075   05     8.852
  2075   06     4.334
  2075   07     0.344
  2075   08     0.028
  2075   09     0.003
  2075   10     0.006
  2075   11     0.071
  2075   12     1.399
  2076   01     4.980
  2076   02     9.302
  2076   03    11.328
  2076   04    11.186
  2076   05     9.603
  2076   06     5.302
  2076   07     0.471
  2076   08     0.000
  2076   09     0.000
  2076   10     0.004
  2076   11     0.263
  2076   12     1.915
  2077   01     5.217
  2077   02     9.206
  2077   03    10.947
  2077   04    10.861
  2077   05     9.154
  2077   06     4.530
  2077   07     0.049
  2077   08     0.000
  2077   09     0.000
  2077   10     0.000
  2077   11     0.135
  2077   12     2.321
  2078   01     6.014
  2078   02     9.489
  2078   03    10.951
  2078   04    10.624
  2078   05     8.947
  2078   06     5.780
  2078   07     0.132
  2078   08     0.002
  2078   09     0.000
  2078   10     0.015
  2078   11     0.175
  2078   12     1.262
  2079   01     6.436
  2079   02     9.660
  2079   03    11.094
  2079   04    10.785
  2079   05     8.669
  2079   06     4.404
  2079   07     0.155
  2079   08     0.000
  2079   09     0.000
  2079   10     0.008
  2079   11     0.234
  2079   12     1.328
  2080   01     3.427
  2080   02     6.401
  2080   03     9.122
  2080   04     9.458
  2080   05     7.768
  2080   06     3.145
  2080   07     0.079
  2080   08     0.001
  2080   09     0.000
  2080   10     0.000
  2080   11     0.015
  2080   12     0.678
  2081   01     3.318
  2081   02     6.700
  2081   03     8.623
  2081   04     8.190
  2081   05     6.659
  2081   06     2.348
  2081   07     0.001
  2081   08     0.000
  2081   09     0.000
  2081   10     0.000
  2081   11     0.006
  2081   12     0.788
  2082   01     3.007
  2082   02     6.574
  2082   03     8.900
  2082   04     8.722
  2082   05     6.969
  2082   06     2.506
  2082   07     0.000
  2082   08     0.000
  2082   09     0.000
  2082   10     0.000
  2082   11     0.042
  2082   12     1.152
  2083   01     4.055
  2083   02     8.959
  2083   03     9.986
  2083   04     9.568
  2083   05     7.408
  2083   06     3.166
  2083   07     0.010
  2083   08     0.000
  2083   09     0.000
  2083   10     0.000
  2083   11     0.068
  2083   12     1.702
  2084   01     3.760
  2084   02     6.740
  2084   03     8.794
  2084   04     8.795
  2084   05     7.389
  2084   06     2.463
  2084   07     0.004
  2084   08     0.000
  2084   09     0.000
  2084   10     0.000
  2084   11     0.086
  2084   12     1.064
  2085   01     3.416
  2085   02     6.829
  2085   03     9.453
  2085   04     9.308
  2085   05     7.725
  2085   06     1.513
  2085   07     0.005
  2085   08     0.000
  2085   09     0.000
  2085   10     0.000
  2085   11     0.046
  2085   12     0.731
  2086   01     3.867
  2086   02     6.524
  2086   03     9.161
  2086   04     8.499
  2086   05     6.731
  2086   06     2.165
  2086   07     0.007
  2086   08     0.000
  2086   09     0.000
  2086   10     0.000
  2086   11     0.014
  2086   12     0.642
  2087   01     3.128
  2087   02     5.919
  2087   03     7.939
  2087   04     8.002
  2087   05     4.900
  2087   06     0.776
  2087   07     0.003
  2087   08     0.000
  2087   09     0.000
  2087   10     0.000
  2087   11     0.016
  2087   12     0.635
  2088   01     2.176
  2088   02     5.003
  2088   03     7.179
  2088   04     7.245
  2088   05     5.138
  2088   06     0.411
  2088   07     0.002
  2088   08     0.000
  2088   09     0.000
  2088   10     0.000
  2088   11     0.018
  2088   12     0.170
  2089   01     1.893
  2089   02     4.456
  2089   03     6.117
  2089   04     6.187
  2089   05     3.299
  2089   06     0.282
  2089   07     0.000
  2089   08     0.000
  2089   09     0.000
  2089   10     0.000
  2089   11     0.000
  2089   12     0.020
  2090   01     0.814
  2090   02     2.500
  2090   03     4.087
  2090   04     3.482
  2090   05     1.983
  2090   06     0.034
  2090   07     0.002
  2090   08     0.000
  2090   09     0.000
  2090   10     0.000
  2090   11     0.000
  2090   12     0.041
  2091   01     1.068
  2091   02     3.041
  2091   03     5.111
  2091   04     5.233
  2091   05     3.495
  2091   06     0.163
  2091   07     0.000
  2091   08     0.000
  2091   09     0.000
  2091   10     0.000
  2091   11     0.017
  2091   12     0.250
  2092   01     1.825
  2092   02     3.445
  2092   03     5.026
  2092   04     4.758
  2092   05     2.768
  2092   06     0.101
  2092   07     0.000
  2092   08     0.000
  2092   09     0.000
  2092   10     0.000
  2092   11     0.000
  2092   12     0.128
  2093   01     1.371
  2093   02     3.585
  2093   03     5.156
  2093   04     4.807
  2093   05     2.396
  2093   06     0.018
  2093   07     0.000
  2093   08     0.000
  2093   09     0.000
  2093   10     0.000
  2093   11     0.000
  2093   12     0.163
  2094   01     1.604
  2094   02     3.605
  2094   03     4.889
  2094   04     4.097
  2094   05     2.063
  2094   06     0.011
  2094   07     0.000
  2094   08     0.000
  2094   09     0.000
  2094   10     0.000
  2094   11     0.000
  2094   12     0.040
  2095   01     1.008
  2095   02     2.433
  2095   03     3.303
  2095   04     2.781
  2095   05     1.299
  2095   06     0.020
  2095   07     0.000
  2095   08     0.000
  2095   09     0.000
  2095   10     0.000
  2095   11     0.002
  2095   12     0.046
  2096   01     0.524
  2096   02     2.040
  2096   03     3.315
  2096   04     2.651
  2096   05     1.221
  2096   06     0.000
  2096   07     0.000
  2096   08     0.000
  2096   09     0.000
  2096   10     0.000
  2096   11     0.002
  2096   12     0.123
  2097   01     1.068
  2097   02     2.726
  2097   03     3.730
  2097   04     3.044
  2097   05     1.280
  2097   06     0.000
  2097   07     0.000
  2097   08     0.000
  2097   09     0.000
  2097   10     0.000
  2097   11     0.000
  2097   12     0.006
  2098   01     0.898
  2098   02     2.669
  2098   03     3.555
  2098   04     3.475
  2098   05     1.294
  2098   06     0.000
  2098   07     0.000
  2098   08     0.000
  2098   09     0.000
  2098   10     0.000
  2098   11     0.000
  2098   12     0.014
  2099   01     0.564
  2099   02     2.507
  2099   03     3.340
  2099   04     2.817
  2099   05     1.164
  2099   06     0.000
  2099   07     0.000
  2099   08     0.000
  2099   09     0.000
  2099   10     0.000
  2099   11     0.000
  2099   12     0.011
  2100   01     0.400
  2100   02     1.823
  2100   03     2.534
  2100   04     2.262
  2100   05     0.573
  2100   06     0.065
  2100   07     0.000
  2100   08     0.000
  2100   09     0.000
  2100   10     0.000
  2100   11     0.000
  2100   12     0.032
