  1850   01    15.202
  1850   02    15.644
  1850   03    16.042
  1850   04    15.700
  1850   05    14.463
  1850   06    12.574
  1850   07     9.464
  1850   08     7.447
  1850   09     7.193
  1850   10     8.727
  1850   11    11.203
  1850   12    13.426
  1851   01    15.094
  1851   02    16.006
  1851   03    16.087
  1851   04    15.367
  1851   05    14.390
  1851   06    13.007
  1851   07    10.138
  1851   08     8.072
  1851   09     7.664
  1851   10     9.255
  1851   11    11.448
  1851   12    13.731
  1852   01    14.845
  1852   02    15.700
  1852   03    16.164
  1852   04    15.840
  1852   05    14.804
  1852   06    12.687
  1852   07     9.636
  1852   08     7.927
  1852   09     7.895
  1852   10     9.308
  1852   11    11.668
  1852   12    13.809
  1853   01    15.520
  1853   02    16.415
  1853   03    17.020
  1853   04    16.348
  1853   05    15.391
  1853   06    12.920
  1853   07     9.985
  1853   08     7.217
  1853   09     6.966
  1853   10     8.700
  1853   11    11.058
  1853   12    13.691
  1854   01    15.643
  1854   02    16.693
  1854   03    17.020
  1854   04    16.388
  1854   05    15.186
  1854   06    12.494
  1854   07     9.201
  1854   08     6.816
  1854   09     6.421
  1854   10     8.395
  1854   11    11.111
  1854   12    13.561
  1855   01    15.143
  1855   02    15.973
  1855   03    15.946
  1855   04    15.429
  1855   05    14.227
  1855   06    12.631
  1855   07     9.773
  1855   08     7.671
  1855   09     7.394
  1855   10     8.984
  1855   11    11.061
  1855   12    13.750
  1856   01    15.430
  1856   02    16.415
  1856   03    16.772
  1856   04    16.363
  1856   05    15.175
  1856   06    13.354
  1856   07     9.745
  1856   08     7.947
  1856   09     7.536
  1856   10     9.432
  1856   11    11.807
  1856   12    14.048
  1857   01    15.757
  1857   02    16.922
  1857   03    17.631
  1857   04    16.787
  1857   05    14.907
  1857   06    13.073
  1857   07     9.770
  1857   08     7.123
  1857   09     7.078
  1857   10     8.784
  1857   11    11.589
  1857   12    13.755
  1858   01    15.602
  1858   02    16.755
  1858   03    17.028
  1858   04    16.760
  1858   05    15.182
  1858   06    13.264
  1858   07    10.078
  1858   08     8.047
  1858   09     7.702
  1858   10     9.594
  1858   11    11.453
  1858   12    14.059
  1859   01    15.487
  1859   02    16.930
  1859   03    17.140
  1859   04    16.619
  1859   05    15.229
  1859   06    13.288
  1859   07    10.306
  1859   08     8.112
  1859   09     7.726
  1859   10     9.153
  1859   11    11.378
  1859   12    13.509
  1860   01    15.321
  1860   02    16.546
  1860   03    16.561
  1860   04    15.872
  1860   05    14.917
  1860   06    12.859
  1860   07     9.679
  1860   08     8.275
  1860   09     7.951
  1860   10     9.399
  1860   11    11.797
  1860   12    13.556
  1861   01    15.422
  1861   02    16.266
  1861   03    16.357
  1861   04    15.614
  1861   05    14.670
  1861   06    12.619
  1861   07     9.656
  1861   08     7.713
  1861   09     7.689
  1861   10     9.287
  1861   11    11.415
  1861   12    13.528
  1862   01    14.883
  1862   02    15.783
  1862   03    15.621
  1862   04    14.866
  1862   05    14.152
  1862   06    12.504
  1862   07     9.379
  1862   08     7.794
  1862   09     7.822
  1862   10     8.760
  1862   11    10.715
  1862   12    12.877
  1863   01    15.123
  1863   02    16.096
  1863   03    16.202
  1863   04    15.871
  1863   05    15.071
  1863   06    13.180
  1863   07    10.025
  1863   08     7.905
  1863   09     7.877
  1863   10     9.571
  1863   11    11.797
  1863   12    13.889
  1864   01    14.935
  1864   02    15.775
  1864   03    16.215
  1864   04    15.807
  1864   05    14.947
  1864   06    13.536
  1864   07    10.241
  1864   08     8.261
  1864   09     8.122
  1864   10     9.746
  1864   11    11.783
  1864   12    13.962
  1865   01    15.255
  1865   02    16.015
  1865   03    16.211
  1865   04    15.819
  1865   05    14.959
  1865   06    13.031
  1865   07    10.267
  1865   08     8.767
  1865   09     8.455
  1865   10     9.876
  1865   11    11.991
  1865   12    14.387
  1866   01    15.280
  1866   02    16.230
  1866   03    16.792
  1866   04    16.597
  1866   05    15.364
  1866   06    13.604
  1866   07     9.829
  1866   08     8.041
  1866   09     7.981
  1866   10     9.416
  1866   11    11.532
  1866   12    13.923
  1867   01    15.565
  1867   02    16.213
  1867   03    16.587
  1867   04    16.104
  1867   05    15.115
  1867   06    13.363
  1867   07    10.002
  1867   08     7.984
  1867   09     7.878
  1867   10     9.114
  1867   11    11.172
  1867   12    13.902
  1868   01    15.626
  1868   02    16.852
  1868   03    16.905
  1868   04    16.361
  1868   05    14.680
  1868   06    12.980
  1868   07     9.799
  1868   08     7.815
  1868   09     7.561
  1868   10     9.061
  1868   11    11.179
  1868   12    13.791
  1869   01    15.088
  1869   02    15.862
  1869   03    16.283
  1869   04    15.715
  1869   05    14.499
  1869   06    13.004
  1869   07     9.751
  1869   08     7.447
  1869   09     6.997
  1869   10     8.809
  1869   11    11.029
  1869   12    13.634
  1870   01    15.019
  1870   02    15.671
  1870   03    15.630
  1870   04    15.264
  1870   05    14.397
  1870   06    12.839
  1870   07     9.223
  1870   08     7.365
  1870   09     7.241
  1870   10     8.692
  1870   11    11.143
  1870   12    13.313
  1871   01    14.585
  1871   02    15.233
  1871   03    15.588
  1871   04    15.270
  1871   05    14.143
  1871   06    12.019
  1871   07     9.194
  1871   08     7.515
  1871   09     7.464
  1871   10     8.488
  1871   11    10.843
  1871   12    12.863
  1872   01    14.812
  1872   02    15.550
  1872   03    15.695
  1872   04    15.427
  1872   05    14.631
  1872   06    12.688
  1872   07     9.378
  1872   08     7.954
  1872   09     7.952
  1872   10     9.061
  1872   11    11.027
  1872   12    13.195
  1873   01    15.015
  1873   02    16.065
  1873   03    16.196
  1873   04    15.855
  1873   05    14.537
  1873   06    12.729
  1873   07     9.967
  1873   08     8.128
  1873   09     7.973
  1873   10     9.629
  1873   11    11.518
  1873   12    13.832
  1874   01    15.540
  1874   02    16.436
  1874   03    16.985
  1874   04    16.436
  1874   05    14.877
  1874   06    12.361
  1874   07     9.891
  1874   08     8.081
  1874   09     8.008
  1874   10     9.574
  1874   11    11.717
  1874   12    14.044
  1875   01    15.639
  1875   02    16.542
  1875   03    16.904
  1875   04    16.591
  1875   05    15.426
  1875   06    13.292
  1875   07    10.524
  1875   08     8.691
  1875   09     8.371
  1875   10    10.036
  1875   11    12.073
  1875   12    14.154
  1876   01    15.310
  1876   02    16.274
  1876   03    16.707
  1876   04    15.976
  1876   05    14.770
  1876   06    13.710
  1876   07    10.981
  1876   08     9.173
  1876   09     8.941
  1876   10     9.996
  1876   11    11.848
  1876   12    14.129
  1877   01    15.239
  1877   02    16.416
  1877   03    16.872
  1877   04    16.679
  1877   05    15.167
  1877   06    13.507
  1877   07    10.851
  1877   08     9.118
  1877   09     8.964
  1877   10    10.572
  1877   11    12.182
  1877   12    14.138
  1878   01    15.542
  1878   02    16.369
  1878   03    16.755
  1878   04    16.342
  1878   05    15.363
  1878   06    13.527
  1878   07    10.259
  1878   08     8.491
  1878   09     8.427
  1878   10     9.757
  1878   11    11.604
  1878   12    14.062
  1879   01    15.828
  1879   02    16.732
  1879   03    16.904
  1879   04    16.677
  1879   05    15.705
  1879   06    13.375
  1879   07    10.410
  1879   08     9.180
  1879   09     9.031
  1879   10    10.218
  1879   11    11.638
  1879   12    14.489
  1880   01    15.951
  1880   02    16.768
  1880   03    16.992
  1880   04    16.425
  1880   05    15.060
  1880   06    13.395
  1880   07    10.732
  1880   08     9.185
  1880   09     8.971
  1880   10    10.019
  1880   11    11.750
  1880   12    13.704
  1881   01    15.851
  1881   02    16.585
  1881   03    17.037
  1881   04    16.324
  1881   05    15.078
  1881   06    12.365
  1881   07    10.294
  1881   08     9.025
  1881   09     8.867
  1881   10     9.857
  1881   11    11.359
  1881   12    13.577
  1882   01    15.351
  1882   02    16.482
  1882   03    16.918
  1882   04    16.276
  1882   05    14.993
  1882   06    13.403
  1882   07    10.346
  1882   08     8.228
  1882   09     7.803
  1882   10     9.731
  1882   11    11.435
  1882   12    13.312
  1883   01    15.175
  1883   02    16.389
  1883   03    17.206
  1883   04    16.499
  1883   05    14.894
  1883   06    12.898
  1883   07     9.824
  1883   08     7.873
  1883   09     7.700
  1883   10     9.050
  1883   11    11.017
  1883   12    13.716
  1884   01    15.541
  1884   02    16.788
  1884   03    17.225
  1884   04    16.746
  1884   05    15.599
  1884   06    13.508
  1884   07    10.516
  1884   08     8.663
  1884   09     8.383
  1884   10    10.279
  1884   11    12.235
  1884   12    14.469
  1885   01    16.301
  1885   02    17.184
  1885   03    17.554
  1885   04    17.346
  1885   05    16.299
  1885   06    13.169
  1885   07    10.372
  1885   08     8.451
  1885   09     8.273
  1885   10     9.849
  1885   11    11.761
  1885   12    14.595
  1886   01    16.576
  1886   02    17.765
  1886   03    17.915
  1886   04    17.183
  1886   05    15.533
  1886   06    13.785
  1886   07    10.956
  1886   08     8.883
  1886   09     8.554
  1886   10     9.746
  1886   11    11.611
  1886   12    14.348
  1887   01    16.070
  1887   02    16.903
  1887   03    16.972
  1887   04    16.835
  1887   05    15.724
  1887   06    13.532
  1887   07    10.505
  1887   08     8.799
  1887   09     8.394
  1887   10     9.905
  1887   11    11.931
  1887   12    13.814
  1888   01    15.650
  1888   02    16.528
  1888   03    16.739
  1888   04    16.393
  1888   05    15.055
  1888   06    12.421
  1888   07     9.380
  1888   08     8.082
  1888   09     7.986
  1888   10     9.207
  1888   11    11.291
  1888   12    13.459
  1889   01    15.353
  1889   02    16.639
  1889   03    17.540
  1889   04    17.219
  1889   05    15.676
  1889   06    12.605
  1889   07     9.957
  1889   08     8.050
  1889   09     7.945
  1889   10     9.293
  1889   11    11.175
  1889   12    13.398
  1890   01    14.953
  1890   02    16.064
  1890   03    16.563
  1890   04    15.972
  1890   05    14.865
  1890   06    12.768
  1890   07     9.245
  1890   08     7.858
  1890   09     7.589
  1890   10     9.210
  1890   11    11.029
  1890   12    13.368
  1891   01    15.229
  1891   02    16.178
  1891   03    16.625
  1891   04    16.445
  1891   05    15.220
  1891   06    13.261
  1891   07    10.189
  1891   08     8.141
  1891   09     8.112
  1891   10     9.634
  1891   11    11.033
  1891   12    13.488
  1892   01    15.738
  1892   02    16.799
  1892   03    17.315
  1892   04    16.746
  1892   05    15.165
  1892   06    12.871
  1892   07    10.016
  1892   08     7.537
  1892   09     7.195
  1892   10     9.048
  1892   11    11.293
  1892   12    13.559
  1893   01    15.320
  1893   02    16.193
  1893   03    16.428
  1893   04    16.055
  1893   05    14.939
  1893   06    12.629
  1893   07     9.765
  1893   08     7.883
  1893   09     7.819
  1893   10     9.282
  1893   11    11.672
  1893   12    13.649
  1894   01    15.041
  1894   02    16.261
  1894   03    16.618
  1894   04    16.043
  1894   05    14.896
  1894   06    13.273
  1894   07    10.249
  1894   08     7.978
  1894   09     7.848
  1894   10     9.204
  1894   11    11.257
  1894   12    13.794
  1895   01    15.402
  1895   02    16.457
  1895   03    16.780
  1895   04    16.237
  1895   05    14.896
  1895   06    12.987
  1895   07     9.417
  1895   08     7.527
  1895   09     7.468
  1895   10     9.012
  1895   11    11.141
  1895   12    13.596
  1896   01    15.402
  1896   02    16.226
  1896   03    16.376
  1896   04    15.968
  1896   05    14.694
  1896   06    13.043
  1896   07     9.916
  1896   08     8.310
  1896   09     8.123
  1896   10     9.473
  1896   11    11.218
  1896   12    13.353
  1897   01    15.344
  1897   02    15.979
  1897   03    16.203
  1897   04    16.012
  1897   05    14.948
  1897   06    13.051
  1897   07     9.546
  1897   08     8.042
  1897   09     7.857
  1897   10     9.281
  1897   11    11.580
  1897   12    13.803
  1898   01    15.121
  1898   02    16.182
  1898   03    16.565
  1898   04    16.303
  1898   05    15.324
  1898   06    13.592
  1898   07    10.113
  1898   08     8.008
  1898   09     7.724
  1898   10     9.086
  1898   11    11.630
  1898   12    14.062
  1899   01    15.198
  1899   02    16.167
  1899   03    15.975
  1899   04    15.396
  1899   05    14.286
  1899   06    13.088
  1899   07     9.655
  1899   08     7.742
  1899   09     7.317
  1899   10     9.162
  1899   11    11.188
  1899   12    13.839
  1900   01    15.280
  1900   02    16.001
  1900   03    16.352
  1900   04    16.164
  1900   05    14.947
  1900   06    13.542
  1900   07     9.747
  1900   08     7.608
  1900   09     7.206
  1900   10     8.970
  1900   11    11.310
  1900   12    13.899
  1901   01    14.748
  1901   02    15.862
  1901   03    16.113
  1901   04    15.540
  1901   05    14.265
  1901   06    12.996
  1901   07     9.703
  1901   08     7.665
  1901   09     7.345
  1901   10     8.716
  1901   11    11.183
  1901   12    13.667
  1902   01    15.341
  1902   02    16.195
  1902   03    16.890
  1902   04    16.775
  1902   05    15.371
  1902   06    12.930
  1902   07     9.753
  1902   08     7.609
  1902   09     7.456
  1902   10     8.293
  1902   11    10.991
  1902   12    13.289
  1903   01    15.139
  1903   02    16.337
  1903   03    16.718
  1903   04    16.033
  1903   05    15.230
  1903   06    13.316
  1903   07    10.813
  1903   08     8.854
  1903   09     8.396
  1903   10     9.728
  1903   11    11.663
  1903   12    13.993
  1904   01    15.385
  1904   02    16.584
  1904   03    17.060
  1904   04    16.468
  1904   05    15.478
  1904   06    13.894
  1904   07    10.299
  1904   08     7.964
  1904   09     7.839
  1904   10     9.612
  1904   11    11.580
  1904   12    13.971
  1905   01    15.680
  1905   02    16.709
  1905   03    17.295
  1905   04    16.869
  1905   05    15.374
  1905   06    12.537
  1905   07     9.717
  1905   08     7.829
  1905   09     7.556
  1905   10     9.132
  1905   11    11.121
  1905   12    13.728
  1906   01    15.223
  1906   02    16.394
  1906   03    16.858
  1906   04    17.069
  1906   05    15.744
  1906   06    12.354
  1906   07     9.950
  1906   08     8.219
  1906   09     7.629
  1906   10     9.257
  1906   11    11.222
  1906   12    13.628
  1907   01    15.680
  1907   02    16.487
  1907   03    16.879
  1907   04    16.272
  1907   05    15.165
  1907   06    13.554
  1907   07    10.994
  1907   08     8.823
  1907   09     8.492
  1907   10     9.761
  1907   11    11.594
  1907   12    13.886
  1908   01    15.557
  1908   02    16.467
  1908   03    16.647
  1908   04    15.883
  1908   05    14.995
  1908   06    13.623
  1908   07    10.702
  1908   08     8.566
  1908   09     7.964
  1908   10    10.243
  1908   11    12.140
  1908   12    14.344
  1909   01    15.722
  1909   02    16.386
  1909   03    17.021
  1909   04    16.522
  1909   05    15.613
  1909   06    14.003
  1909   07    10.614
  1909   08     8.449
  1909   09     8.101
  1909   10     9.738
  1909   11    11.764
  1909   12    14.220
  1910   01    15.577
  1910   02    16.346
  1910   03    16.655
  1910   04    16.467
  1910   05    15.438
  1910   06    13.320
  1910   07    10.023
  1910   08     7.709
  1910   09     7.714
  1910   10     9.708
  1910   11    11.667
  1910   12    14.078
  1911   01    15.406
  1911   02    16.135
  1911   03    16.588
  1911   04    16.224
  1911   05    14.607
  1911   06    13.259
  1911   07    10.473
  1911   08     8.743
  1911   09     8.460
  1911   10     9.773
  1911   11    11.488
  1911   12    13.879
  1912   01    15.216
  1912   02    15.951
  1912   03    16.225
  1912   04    15.900
  1912   05    14.712
  1912   06    13.102
  1912   07    10.252
  1912   08     8.327
  1912   09     7.835
  1912   10     9.516
  1912   11    11.791
  1912   12    13.875
  1913   01    15.418
  1913   02    16.159
  1913   03    16.217
  1913   04    15.917
  1913   05    14.779
  1913   06    13.064
  1913   07     9.754
  1913   08     8.123
  1913   09     7.736
  1913   10     9.098
  1913   11    10.855
  1913   12    13.304
  1914   01    15.133
  1914   02    16.007
  1914   03    16.243
  1914   04    15.636
  1914   05    14.441
  1914   06    12.539
  1914   07     9.243
  1914   08     7.091
  1914   09     7.020
  1914   10     8.293
  1914   11    10.742
  1914   12    13.266
  1915   01    14.725
  1915   02    15.611
  1915   03    16.093
  1915   04    15.886
  1915   05    14.686
  1915   06    12.595
  1915   07     8.968
  1915   08     7.357
  1915   09     7.121
  1915   10     8.154
  1915   11    11.281
  1915   12    13.696
  1916   01    14.580
  1916   02    15.909
  1916   03    16.518
  1916   04    16.071
  1916   05    15.206
  1916   06    12.667
  1916   07    10.032
  1916   08     7.875
  1916   09     7.688
  1916   10     9.298
  1916   11    11.286
  1916   12    13.430
  1917   01    15.414
  1917   02    15.900
  1917   03    16.281
  1917   04    15.860
  1917   05    14.846
  1917   06    13.093
  1917   07     9.445
  1917   08     7.622
  1917   09     7.321
  1917   10     8.812
  1917   11    11.053
  1917   12    13.126
  1918   01    15.077
  1918   02    15.788
  1918   03    16.437
  1918   04    16.139
  1918   05    14.878
  1918   06    12.830
  1918   07     9.748
  1918   08     8.036
  1918   09     7.675
  1918   10     9.115
  1918   11    10.774
  1918   12    12.781
  1919   01    15.053
  1919   02    16.325
  1919   03    16.951
  1919   04    16.316
  1919   05    14.780
  1919   06    13.109
  1919   07    10.089
  1919   08     8.172
  1919   09     7.948
  1919   10     9.473
  1919   11    11.115
  1919   12    13.394
  1920   01    15.704
  1920   02    16.638
  1920   03    16.910
  1920   04    16.556
  1920   05    15.246
  1920   06    13.140
  1920   07     9.430
  1920   08     7.310
  1920   09     7.239
  1920   10     8.653
  1920   11    10.959
  1920   12    13.230
  1921   01    15.318
  1921   02    16.263
  1921   03    16.548
  1921   04    15.805
  1921   05    14.603
  1921   06    12.871
  1921   07    10.178
  1921   08     8.460
  1921   09     8.275
  1921   10     9.322
  1921   11    11.378
  1921   12    13.158
  1922   01    14.848
  1922   02    15.629
  1922   03    15.740
  1922   04    15.424
  1922   05    14.330
  1922   06    13.200
  1922   07     9.725
  1922   08     7.911
  1922   09     7.600
  1922   10     8.819
  1922   11    10.578
  1922   12    13.172
  1923   01    14.811
  1923   02    15.170
  1923   03    15.318
  1923   04    14.843
  1923   05    13.849
  1923   06    12.815
  1923   07     9.346
  1923   08     7.638
  1923   09     7.471
  1923   10     8.673
  1923   11    10.983
  1923   12    12.754
  1924   01    14.441
  1924   02    15.124
  1924   03    15.609
  1924   04    15.095
  1924   05    14.249
  1924   06    12.132
  1924   07     8.846
  1924   08     7.291
  1924   09     7.121
  1924   10     8.329
  1924   11    10.490
  1924   12    12.647
  1925   01    14.495
  1925   02    15.387
  1925   03    15.577
  1925   04    15.128
  1925   05    14.007
  1925   06    12.253
  1925   07     9.063
  1925   08     7.314
  1925   09     7.141
  1925   10     8.377
  1925   11    10.764
  1925   12    12.810
  1926   01    14.644
  1926   02    15.455
  1926   03    15.463
  1926   04    14.950
  1926   05    13.860
  1926   06    12.136
  1926   07     9.253
  1926   08     7.623
  1926   09     7.240
  1926   10     8.203
  1926   11    10.455
  1926   12    12.700
  1927   01    14.314
  1927   02    14.991
  1927   03    15.582
  1927   04    15.418
  1927   05    14.043
  1927   06    12.015
  1927   07     8.818
  1927   08     7.221
  1927   09     7.144
  1927   10     8.462
  1927   11    10.236
  1927   12    12.732
  1928   01    14.853
  1928   02    15.663
  1928   03    15.828
  1928   04    15.458
  1928   05    14.313
  1928   06    12.827
  1928   07     9.402
  1928   08     7.835
  1928   09     7.459
  1928   10     8.556
  1928   11    10.798
  1928   12    12.969
  1929   01    14.509
  1929   02    15.632
  1929   03    16.002
  1929   04    15.517
  1929   05    14.565
  1929   06    12.644
  1929   07     8.954
  1929   08     7.535
  1929   09     7.527
  1929   10     8.465
  1929   11    10.792
  1929   12    12.687
  1930   01    14.459
  1930   02    15.453
  1930   03    15.793
  1930   04    15.318
  1930   05    14.168
  1930   06    12.326
  1930   07     9.019
  1930   08     7.214
  1930   09     6.681
  1930   10     8.345
  1930   11    10.236
  1930   12    12.478
  1931   01    14.531
  1931   02    15.254
  1931   03    15.566
  1931   04    15.302
  1931   05    14.233
  1931   06    13.051
  1931   07     9.218
  1931   08     7.040
  1931   09     6.787
  1931   10     8.143
  1931   11    10.972
  1931   12    13.508
  1932   01    14.582
  1932   02    15.800
  1932   03    16.499
  1932   04    16.329
  1932   05    15.033
  1932   06    12.888
  1932   07     9.375
  1932   08     6.947
  1932   09     6.603
  1932   10     8.685
  1932   11    10.842
  1932   12    13.374
  1933   01    14.890
  1933   02    15.732
  1933   03    15.961
  1933   04    15.595
  1933   05    14.501
  1933   06    12.669
  1933   07     9.090
  1933   08     7.400
  1933   09     7.116
  1933   10     8.550
  1933   11    10.545
  1933   12    12.840
  1934   01    14.625
  1934   02    15.384
  1934   03    15.797
  1934   04    15.064
  1934   05    13.802
  1934   06    12.129
  1934   07     9.272
  1934   08     7.228
  1934   09     6.943
  1934   10     8.669
  1934   11    10.447
  1934   12    12.451
  1935   01    14.867
  1935   02    15.611
  1935   03    15.850
  1935   04    15.533
  1935   05    14.510
  1935   06    12.142
  1935   07     9.160
  1935   08     6.968
  1935   09     6.652
  1935   10     8.488
  1935   11    10.619
  1935   12    13.215
  1936   01    14.945
  1936   02    15.447
  1936   03    15.831
  1936   04    15.644
  1936   05    14.148
  1936   06    11.973
  1936   07     9.099
  1936   08     7.458
  1936   09     7.298
  1936   10     8.293
  1936   11    10.093
  1936   12    12.450
  1937   01    14.579
  1937   02    15.384
  1937   03    15.858
  1937   04    15.297
  1937   05    14.242
  1937   06    12.702
  1937   07     9.567
  1937   08     7.490
  1937   09     7.334
  1937   10     8.900
  1937   11    10.773
  1937   12    13.217
  1938   01    15.154
  1938   02    16.039
  1938   03    16.317
  1938   04    16.098
  1938   05    14.877
  1938   06    13.038
  1938   07     9.190
  1938   08     7.163
  1938   09     6.962
  1938   10     7.875
  1938   11    10.757
  1938   12    13.298
  1939   01    15.819
  1939   02    16.615
  1939   03    17.068
  1939   04    16.567
  1939   05    15.516
  1939   06    13.557
  1939   07    10.697
  1939   08     8.294
  1939   09     7.387
  1939   10     9.214
  1939   11    11.381
  1939   12    13.893
  1940   01    15.872
  1940   02    16.661
  1940   03    17.023
  1940   04    16.832
  1940   05    15.899
  1940   06    13.908
  1940   07     9.412
  1940   08     7.267
  1940   09     6.864
  1940   10     8.234
  1940   11    10.986
  1940   12    13.590
  1941   01    15.655
  1941   02    16.936
  1941   03    17.254
  1941   04    16.509
  1941   05    14.957
  1941   06    13.301
  1941   07     9.629
  1941   08     7.178
  1941   09     6.699
  1941   10     7.965
  1941   11    11.023
  1941   12    13.443
  1942   01    15.108
  1942   02    16.083
  1942   03    16.897
  1942   04    17.009
  1942   05    15.170
  1942   06    13.793
  1942   07     9.967
  1942   08     7.269
  1942   09     6.805
  1942   10     8.510
  1942   11    11.394
  1942   12    13.668
  1943   01    14.966
  1943   02    15.728
  1943   03    16.315
  1943   04    15.423
  1943   05    14.633
  1943   06    13.411
  1943   07    10.006
  1943   08     8.038
  1943   09     7.816
  1943   10     9.473
  1943   11    11.475
  1943   12    13.447
  1944   01    15.073
  1944   02    16.022
  1944   03    16.330
  1944   04    15.849
  1944   05    14.619
  1944   06    12.961
  1944   07     9.639
  1944   08     7.819
  1944   09     7.627
  1944   10     9.245
  1944   11    11.336
  1944   12    13.570
  1945   01    15.031
  1945   02    15.913
  1945   03    16.195
  1945   04    16.028
  1945   05    14.565
  1945   06    12.178
  1945   07     9.884
  1945   08     8.050
  1945   09     7.742
  1945   10     9.236
  1945   11    11.107
  1945   12    13.333
  1946   01    15.043
  1946   02    16.071
  1946   03    16.561
  1946   04    16.182
  1946   05    15.368
  1946   06    13.396
  1946   07    10.528
  1946   08     8.137
  1946   09     7.695
  1946   10     9.490
  1946   11    11.539
  1946   12    13.891
  1947   01    15.514
  1947   02    16.337
  1947   03    16.704
  1947   04    16.281
  1947   05    14.818
  1947   06    12.614
  1947   07     9.305
  1947   08     7.729
  1947   09     7.187
  1947   10     8.757
  1947   11    10.801
  1947   12    13.039
  1948   01    14.877
  1948   02    15.916
  1948   03    16.364
  1948   04    15.752
  1948   05    14.414
  1948   06    12.474
  1948   07     9.146
  1948   08     7.519
  1948   09     7.455
  1948   10     8.801
  1948   11    11.078
  1948   12    13.627
  1949   01    15.110
  1949   02    16.183
  1949   03    16.273
  1949   04    15.726
  1949   05    14.430
  1949   06    12.526
  1949   07     9.481
  1949   08     7.515
  1949   09     7.136
  1949   10     9.060
  1949   11    11.258
  1949   12    13.466
  1950   01    15.092
  1950   02    16.364
  1950   03    16.710
  1950   04    16.237
  1950   05    14.793
  1950   06    12.725
  1950   07     9.268
  1950   08     7.666
  1950   09     7.186
  1950   10     8.784
  1950   11    10.972
  1950   12    13.029
  1951   01    14.865
  1951   02    16.044
  1951   03    16.216
  1951   04    15.945
  1951   05    14.885
  1951   06    12.869
  1951   07     9.678
  1951   08     7.451
  1951   09     7.094
  1951   10     8.824
  1951   11    10.808
  1951   12    12.691
  1952   01    14.780
  1952   02    15.998
  1952   03    16.140
  1952   04    15.995
  1952   05    14.743
  1952   06    12.719
  1952   07     9.471
  1952   08     8.013
  1952   09     7.757
  1952   10     8.868
  1952   11    11.114
  1952   12    13.491
  1953   01    15.352
  1953   02    16.443
  1953   03    16.386
  1953   04    15.763
  1953   05    14.358
  1953   06    12.461
  1953   07     9.403
  1953   08     7.678
  1953   09     7.346
  1953   10     8.914
  1953   11    10.735
  1953   12    13.138
  1954   01    15.601
  1954   02    16.627
  1954   03    17.028
  1954   04    16.666
  1954   05    15.000
  1954   06    13.021
  1954   07     9.436
  1954   08     7.759
  1954   09     7.360
  1954   10     8.471
  1954   11    11.436
  1954   12    13.445
  1955   01    15.074
  1955   02    15.867
  1955   03    16.397
  1955   04    16.183
  1955   05    14.708
  1955   06    12.775
  1955   07     9.376
  1955   08     8.156
  1955   09     7.847
  1955   10     8.501
  1955   11    10.452
  1955   12    12.732
  1956   01    15.239
  1956   02    16.097
  1956   03    16.582
  1956   04    15.831
  1956   05    14.624
  1956   06    12.204
  1956   07     8.906
  1956   08     7.222
  1956   09     6.872
  1956   10     8.095
  1956   11    10.588
  1956   12    12.650
  1957   01    14.341
  1957   02    15.175
  1957   03    15.648
  1957   04    15.011
  1957   05    14.010
  1957   06    12.368
  1957   07     9.202
  1957   08     7.461
  1957   09     7.438
  1957   10     8.874
  1957   11    10.720
  1957   12    13.231
  1958   01    14.338
  1958   02    15.388
  1958   03    15.466
  1958   04    15.075
  1958   05    14.147
  1958   06    12.427
  1958   07     9.144
  1958   08     7.697
  1958   09     7.511
  1958   10     8.866
  1958   11    10.786
  1958   12    13.276
  1959   01    14.849
  1959   02    15.784
  1959   03    16.130
  1959   04    15.780
  1959   05    14.524
  1959   06    13.035
  1959   07     9.260
  1959   08     7.419
  1959   09     7.272
  1959   10     8.592
  1959   11    11.193
  1959   12    13.816
  1960   01    15.564
  1960   02    16.813
  1960   03    17.160
  1960   04    16.771
  1960   05    15.777
  1960   06    13.259
  1960   07    10.278
  1960   08     7.953
  1960   09     7.548
  1960   10     8.775
  1960   11    11.200
  1960   12    13.751
  1961   01    15.337
  1961   02    15.965
  1961   03    16.646
  1961   04    16.100
  1961   05    14.463
  1961   06    12.624
  1961   07     9.391
  1961   08     7.758
  1961   09     7.375
  1961   10     8.306
  1961   11    10.427
  1961   12    12.780
  1962   01    15.153
  1962   02    16.061
  1962   03    16.356
  1962   04    15.761
  1962   05    14.663
  1962   06    12.441
  1962   07     9.557
  1962   08     7.714
  1962   09     7.559
  1962   10     9.147
  1962   11    10.842
  1962   12    13.271
  1963   01    14.918
  1963   02    15.897
  1963   03    16.377
  1963   04    15.871
  1963   05    14.717
  1963   06    12.824
  1963   07     9.541
  1963   08     7.264
  1963   09     7.021
  1963   10     8.738
  1963   11    10.521
  1963   12    12.557
  1964   01    15.151
  1964   02    16.089
  1964   03    16.541
  1964   04    16.120
  1964   05    14.994
  1964   06    12.818
  1964   07     9.371
  1964   08     7.645
  1964   09     7.613
  1964   10     8.813
  1964   11    11.070
  1964   12    13.688
  1965   01    15.524
  1965   02    16.252
  1965   03    16.687
  1965   04    16.389
  1965   05    15.329
  1965   06    12.506
  1965   07     9.307
  1965   08     8.153
  1965   09     7.831
  1965   10     9.179
  1965   11    10.897
  1965   12    13.463
  1966   01    15.198
  1966   02    16.196
  1966   03    16.610
  1966   04    16.391
  1966   05    14.710
  1966   06    12.573
  1966   07     9.454
  1966   08     7.839
  1966   09     7.672
  1966   10     9.069
  1966   11    10.605
  1966   12    12.495
  1967   01    15.342
  1967   02    16.163
  1967   03    16.816
  1967   04    16.239
  1967   05    15.100
  1967   06    12.786
  1967   07     9.461
  1967   08     7.630
  1967   09     7.756
  1967   10     9.302
  1967   11    10.778
  1967   12    13.317
  1968   01    14.851
  1968   02    15.966
  1968   03    16.663
  1968   04    16.298
  1968   05    14.984
  1968   06    12.925
  1968   07     9.216
  1968   08     7.717
  1968   09     7.607
  1968   10     8.752
  1968   11    10.851
  1968   12    13.508
  1969   01    14.943
  1969   02    15.837
  1969   03    15.656
  1969   04    15.144
  1969   05    14.272
  1969   06    12.817
  1969   07     9.582
  1969   08     7.971
  1969   09     7.811
  1969   10     8.962
  1969   11    10.676
  1969   12    12.769
  1970   01    14.519
  1970   02    15.358
  1970   03    15.752
  1970   04    15.351
  1970   05    14.071
  1970   06    12.051
  1970   07     9.528
  1970   08     7.856
  1970   09     7.648
  1970   10     8.830
  1970   11    10.452
  1970   12    12.574
  1971   01    14.347
  1971   02    15.165
  1971   03    15.488
  1971   04    15.155
  1971   05    13.974
  1971   06    12.018
  1971   07     9.029
  1971   08     7.175
  1971   09     6.738
  1971   10     8.695
  1971   11    10.884
  1971   12    12.736
  1972   01    15.094
  1972   02    16.002
  1972   03    16.125
  1972   04    15.692
  1972   05    14.313
  1972   06    12.077
  1972   07     9.134
  1972   08     6.677
  1972   09     6.241
  1972   10     7.947
  1972   11    10.669
  1972   12    13.199
  1973   01    14.600
  1973   02    15.207
  1973   03    15.793
  1973   04    15.084
  1973   05    13.796
  1973   06    11.756
  1973   07     8.224
  1973   08     6.721
  1973   09     6.675
  1973   10     7.874
  1973   11    10.051
  1973   12    12.353
  1974   01    14.267
  1974   02    15.093
  1974   03    15.242
  1974   04    15.116
  1974   05    13.857
  1974   06    12.082
  1974   07     8.710
  1974   08     7.044
  1974   09     6.929
  1974   10     8.383
  1974   11    10.394
  1974   12    12.294
  1975   01    14.015
  1975   02    14.613
  1975   03    15.272
  1975   04    14.831
  1975   05    13.866
  1975   06    12.497
  1975   07     8.940
  1975   08     6.883
  1975   09     6.655
  1975   10     7.923
  1975   11    10.683
  1975   12    13.000
  1976   01    14.243
  1976   02    14.902
  1976   03    15.092
  1976   04    14.521
  1976   05    13.324
  1976   06    11.902
  1976   07     8.715
  1976   08     7.119
  1976   09     7.067
  1976   10     8.015
  1976   11    10.487
  1976   12    13.054
  1977   01    14.489
  1977   02    15.452
  1977   03    15.628
  1977   04    15.188
  1977   05    14.037
  1977   06    12.435
  1977   07     9.429
  1977   08     7.677
  1977   09     7.443
  1977   10     9.076
  1977   11    10.790
  1977   12    13.130
  1978   01    15.278
  1978   02    16.002
  1978   03    16.671
  1978   04    16.371
  1978   05    14.939
  1978   06    12.511
  1978   07     9.432
  1978   08     7.488
  1978   09     7.127
  1978   10     8.763
  1978   11    10.943
  1978   12    13.106
  1979   01    14.547
  1979   02    15.730
  1979   03    16.240
  1979   04    15.681
  1979   05    14.795
  1979   06    12.858
  1979   07     9.121
  1979   08     6.587
  1979   09     6.119
  1979   10     7.381
  1979   11    10.991
  1979   12    12.814
  1980   01    14.883
  1980   02    16.177
  1980   03    16.760
  1980   04    16.302
  1980   05    14.887
  1980   06    11.594
  1980   07     9.118
  1980   08     6.755
  1980   09     6.398
  1980   10     8.213
  1980   11    10.134
  1980   12    12.194
  1981   01    14.283
  1981   02    15.247
  1981   03    15.630
  1981   04    14.964
  1981   05    13.956
  1981   06    12.057
  1981   07     9.473
  1981   08     7.796
  1981   09     7.150
  1981   10     8.496
  1981   11    10.427
  1981   12    12.256
  1982   01    14.057
  1982   02    15.182
  1982   03    15.776
  1982   04    15.227
  1982   05    13.907
  1982   06    12.292
  1982   07     9.112
  1982   08     7.446
  1982   09     7.072
  1982   10     8.468
  1982   11    10.527
  1982   12    12.739
  1983   01    14.225
  1983   02    15.263
  1983   03    15.289
  1983   04    15.099
  1983   05    14.272
  1983   06    12.739
  1983   07     8.930
  1983   08     6.390
  1983   09     6.141
  1983   10     8.229
  1983   11    10.475
  1983   12    12.686
  1984   01    14.412
  1984   02    15.289
  1984   03    15.939
  1984   04    15.676
  1984   05    14.510
  1984   06    12.564
  1984   07     9.055
  1984   08     6.931
  1984   09     6.534
  1984   10     8.042
  1984   11    10.194
  1984   12    12.472
  1985   01    14.753
  1985   02    15.884
  1985   03    16.479
  1985   04    15.666
  1985   05    14.674
  1985   06    12.418
  1985   07     8.709
  1985   08     6.462
  1985   09     6.419
  1985   10     8.052
  1985   11    10.921
  1985   12    13.182
  1986   01    15.133
  1986   02    15.985
  1986   03    16.220
  1986   04    15.810
  1986   05    14.908
  1986   06    13.198
  1986   07     9.477
  1986   08     7.404
  1986   09     6.974
  1986   10     8.385
  1986   11    11.067
  1986   12    13.906
  1987   01    15.752
  1987   02    16.670
  1987   03    17.471
  1987   04    16.913
  1987   05    15.537
  1987   06    12.506
  1987   07     9.187
  1987   08     6.712
  1987   09     6.348
  1987   10     7.923
  1987   11    10.188
  1987   12    12.597
  1988   01    15.058
  1988   02    16.247
  1988   03    16.688
  1988   04    16.224
  1988   05    15.075
  1988   06    11.958
  1988   07     8.997
  1988   08     6.757
  1988   09     6.576
  1988   10     8.255
  1988   11    11.098
  1988   12    13.289
  1989   01    15.103
  1989   02    15.989
  1989   03    16.731
  1989   04    16.087
  1989   05    14.608
  1989   06    12.926
  1989   07     9.402
  1989   08     7.606
  1989   09     7.419
  1989   10     9.127
  1989   11    11.000
  1989   12    13.407
  1990   01    15.143
  1990   02    15.868
  1990   03    16.213
  1990   04    15.589
  1990   05    14.644
  1990   06    12.305
  1990   07     8.583
  1990   08     6.767
  1990   09     6.439
  1990   10     8.411
  1990   11    10.941
  1990   12    13.132
  1991   01    14.910
  1991   02    15.642
  1991   03    15.764
  1991   04    14.896
  1991   05    13.569
  1991   06    12.327
  1991   07     8.764
  1991   08     7.085
  1991   09     6.676
  1991   10     8.087
  1991   11    10.081
  1991   12    12.507
  1992   01    14.314
  1992   02    15.303
  1992   03    15.340
  1992   04    14.912
  1992   05    13.944
  1992   06    11.904
  1992   07     8.981
  1992   08     7.363
  1992   09     6.960
  1992   10     8.612
  1992   11    10.718
  1992   12    13.215
  1993   01    14.814
  1993   02    15.723
  1993   03    16.120
  1993   04    15.730
  1993   05    14.468
  1993   06    12.608
  1993   07     8.904
  1993   08     7.342
  1993   09     7.238
  1993   10     8.546
  1993   11    10.451
  1993   12    12.719
  1994   01    14.446
  1994   02    15.422
  1994   03    16.063
  1994   04    15.940
  1994   05    14.830
  1994   06    12.923
  1994   07     9.442
  1994   08     7.344
  1994   09     7.392
  1994   10     8.269
  1994   11    10.325
  1994   12    12.756
  1995   01    15.018
  1995   02    16.463
  1995   03    17.280
  1995   04    16.574
  1995   05    14.573
  1995   06    12.636
  1995   07     9.302
  1995   08     6.929
  1995   09     6.534
  1995   10     8.046
  1995   11    10.468
  1995   12    13.107
  1996   01    15.376
  1996   02    16.369
  1996   03    16.869
  1996   04    16.452
  1996   05    15.099
  1996   06    12.360
  1996   07     9.805
  1996   08     8.102
  1996   09     7.768
  1996   10     9.218
  1996   11    11.015
  1996   12    12.963
  1997   01    15.015
  1997   02    15.838
  1997   03    16.166
  1997   04    15.909
  1997   05    14.553
  1997   06    12.543
  1997   07     9.424
  1997   08     7.456
  1997   09     7.133
  1997   10     8.680
  1997   11    10.818
  1997   12    12.953
  1998   01    14.975
  1998   02    15.804
  1998   03    16.071
  1998   04    15.543
  1998   05    14.268
  1998   06    13.158
  1998   07    10.013
  1998   08     7.549
  1998   09     7.120
  1998   10     8.743
  1998   11    11.496
  1998   12    13.213
  1999   01    14.967
  1999   02    15.774
  1999   03    16.103
  1999   04    15.520
  1999   05    14.267
  1999   06    12.820
  1999   07     9.588
  1999   08     7.349
  1999   09     6.901
  1999   10     8.011
  1999   11    10.646
  1999   12    12.843
  2000   01    14.631
  2000   02    15.322
  2000   03    15.861
  2000   04    15.456
  2000   05    14.441
  2000   06    12.501
  2000   07     9.085
  2000   08     7.120
  2000   09     6.847
  2000   10     8.465
  2000   11    10.638
  2000   12    12.945
  2001   01    14.889
  2001   02    15.815
  2001   03    15.950
  2001   04    15.484
  2001   05    14.109
  2001   06    12.707
  2001   07     9.264
  2001   08     6.639
  2001   09     6.457
  2001   10     7.509
  2001   11    10.382
  2001   12    12.668
  2002   01    14.571
  2002   02    15.408
  2002   03    15.730
  2002   04    15.579
  2002   05    14.337
  2002   06    11.871
  2002   07     9.097
  2002   08     7.023
  2002   09     6.577
  2002   10     8.341
  2002   11    10.820
  2002   12    13.044
  2003   01    14.936
  2003   02    15.377
  2003   03    15.596
  2003   04    15.133
  2003   05    13.830
  2003   06    12.032
  2003   07     9.136
  2003   08     7.007
  2003   09     6.194
  2003   10     7.926
  2003   11    10.321
  2003   12    12.902
  2004   01    14.496
  2004   02    15.380
  2004   03    15.931
  2004   04    15.115
  2004   05    13.884
  2004   06    11.904
  2004   07     8.400
  2004   08     5.773
  2004   09     5.438
  2004   10     6.695
  2004   11    10.094
  2004   12    12.114
  2005   01    13.835
  2005   02    14.549
  2005   03    14.858
  2005   04    14.200
  2005   05    13.088
  2005   06    11.669
  2005   07     7.782
  2005   08     5.583
  2005   09     5.264
  2005   10     6.414
  2005   11     9.598
  2005   12    12.219
  2006   01    13.937
  2006   02    14.613
  2006   03    15.058
  2006   04    14.704
  2006   05    13.282
  2006   06    11.100
  2006   07     7.447
  2006   08     5.205
  2006   09     4.803
  2006   10     6.530
  2006   11     9.211
  2006   12    11.584
  2007   01    13.591
  2007   02    14.510
  2007   03    15.066
  2007   04    14.847
  2007   05    13.604
  2007   06    11.530
  2007   07     8.111
  2007   08     5.375
  2007   09     4.962
  2007   10     6.429
  2007   11     9.672
  2007   12    12.116
  2008   01    13.770
  2008   02    14.537
  2008   03    14.894
  2008   04    14.651
  2008   05    13.425
  2008   06    11.106
  2008   07     8.133
  2008   08     5.909
  2008   09     5.261
  2008   10     6.647
  2008   11     9.734
  2008   12    11.552
  2009   01    13.790
  2009   02    14.547
  2009   03    14.881
  2009   04    14.667
  2009   05    13.594
  2009   06    11.156
  2009   07     8.042
  2009   08     5.838
  2009   09     4.893
  2009   10     6.805
  2009   11     9.976
  2009   12    11.635
  2010   01    14.066
  2010   02    14.804
  2010   03    15.135
  2010   04    14.935
  2010   05    13.942
  2010   06    11.679
  2010   07     8.315
  2010   08     5.381
  2010   09     5.012
  2010   10     7.307
  2010   11    10.128
  2010   12    12.085
  2011   01    13.963
  2011   02    14.751
  2011   03    15.100
  2011   04    14.746
  2011   05    13.922
  2011   06    11.571
  2011   07     8.338
  2011   08     5.805
  2011   09     4.979
  2011   10     6.322
  2011   11     9.747
  2011   12    12.045
  2012   01    13.768
  2012   02    14.427
  2012   03    14.980
  2012   04    14.394
  2012   05    13.201
  2012   06    11.486
  2012   07     8.270
  2012   08     5.966
  2012   09     5.283
  2012   10     6.539
  2012   11     9.867
  2012   12    12.270
  2013   01    14.400
  2013   02    14.943
  2013   03    15.372
  2013   04    14.828
  2013   05    13.603
  2013   06    10.441
  2013   07     7.480
  2013   08     5.417
  2013   09     5.199
  2013   10     6.372
  2013   11     8.727
  2013   12    11.498
  2014   01    13.193
  2014   02    14.171
  2014   03    14.534
  2014   04    14.091
  2014   05    13.142
  2014   06    10.883
  2014   07     8.184
  2014   08     5.866
  2014   09     5.219
  2014   10     6.655
  2014   11     9.659
  2014   12    11.718
  2015   01    13.336
  2015   02    14.157
  2015   03    14.599
  2015   04    14.055
  2015   05    13.186
  2015   06    11.272
  2015   07     7.073
  2015   08     4.958
  2015   09     4.546
  2015   10     5.832
  2015   11     9.133
  2015   12    11.437
  2016   01    13.654
  2016   02    14.388
  2016   03    14.691
  2016   04    14.256
  2016   05    13.035
  2016   06    10.789
  2016   07     7.637
  2016   08     5.376
  2016   09     5.085
  2016   10     6.643
  2016   11     9.872
  2016   12    12.408
  2017   01    13.737
  2017   02    14.493
  2017   03    14.811
  2017   04    14.367
  2017   05    13.299
  2017   06    11.476
  2017   07     7.249
  2017   08     4.550
  2017   09     4.446
  2017   10     6.240
  2017   11     9.533
  2017   12    11.358
  2018   01    13.592
  2018   02    14.333
  2018   03    14.664
  2018   04    14.342
  2018   05    13.273
  2018   06    11.387
  2018   07     6.890
  2018   08     4.260
  2018   09     3.406
  2018   10     5.361
  2018   11     8.402
  2018   12    11.383
  2019   01    13.537
  2019   02    14.376
  2019   03    14.912
  2019   04    14.427
  2019   05    13.439
  2019   06    10.952
  2019   07     7.372
  2019   08     4.154
  2019   09     3.433
  2019   10     5.650
  2019   11     8.605
  2019   12    11.413
  2020   01    13.614
  2020   02    14.560
  2020   03    14.751
  2020   04    14.207
  2020   05    13.245
  2020   06    11.282
  2020   07     6.498
  2020   08     3.307
  2020   09     2.787
  2020   10     4.674
  2020   11     8.632
  2020   12    12.015
  2021   01    13.597
  2021   02    14.449
  2021   03    14.773
  2021   04    14.623
  2021   05    13.782
  2021   06    11.196
  2021   07     7.706
  2021   08     3.951
  2021   09     3.041
  2021   10     4.723
  2021   11     8.270
  2021   12    10.908
  2022   01    13.488
  2022   02    14.249
  2022   03    14.799
  2022   04    14.376
  2022   05    13.259
  2022   06    10.786
  2022   07     6.098
  2022   08     3.794
  2022   09     3.420
  2022   10     5.151
  2022   11     8.296
  2022   12    11.225
  2023   01    13.411
  2023   02    14.299
  2023   03    14.753
  2023   04    14.655
  2023   05    13.008
  2023   06    10.765
  2023   07     7.657
  2023   08     4.681
  2023   09     4.140
  2023   10     6.130
  2023   11     8.662
  2023   12    11.387
  2024   01    13.629
  2024   02    14.673
  2024   03    14.990
  2024   04    14.777
  2024   05    13.627
  2024   06    11.567
  2024   07     8.083
  2024   08     5.162
  2024   09     4.582
  2024   10     6.948
  2024   11    10.067
  2024   12    11.857
  2025   01    13.971
  2025   02    14.623
  2025   03    14.726
  2025   04    14.374
  2025   05    13.309
  2025   06    11.319
  2025   07     7.388
  2025   08     4.712
  2025   09     4.303
  2025   10     6.254
  2025   11     9.333
  2025   12    11.616
  2026   01    13.264
  2026   02    14.150
  2026   03    14.598
  2026   04    14.092
  2026   05    13.152
  2026   06    11.023
  2026   07     7.670
  2026   08     4.007
  2026   09     3.498
  2026   10     5.708
  2026   11     9.380
  2026   12    11.500
  2027   01    13.457
  2027   02    14.241
  2027   03    14.693
  2027   04    14.448
  2027   05    13.625
  2027   06    11.001
  2027   07     7.354
  2027   08     4.225
  2027   09     3.398
  2027   10     5.769
  2027   11     8.577
  2027   12    11.531
  2028   01    13.614
  2028   02    14.877
  2028   03    15.190
  2028   04    14.790
  2028   05    13.606
  2028   06    11.129
  2028   07     7.972
  2028   08     4.272
  2028   09     3.498
  2028   10     6.314
  2028   11     9.395
  2028   12    12.001
  2029   01    14.168
  2029   02    15.047
  2029   03    15.286
  2029   04    14.887
  2029   05    13.764
  2029   06    11.222
  2029   07     8.027
  2029   08     4.731
  2029   09     3.961
  2029   10     5.895
  2029   11     9.090
  2029   12    11.489
  2030   01    13.728
  2030   02    14.261
  2030   03    14.568
  2030   04    14.392
  2030   05    13.064
  2030   06    11.303
  2030   07     7.102
  2030   08     4.654
  2030   09     3.989
  2030   10     5.318
  2030   11     8.930
  2030   12    11.249
  2031   01    13.507
  2031   02    14.172
  2031   03    14.519
  2031   04    14.115
  2031   05    12.977
  2031   06    10.649
  2031   07     6.552
  2031   08     3.612
  2031   09     3.058
  2031   10     4.528
  2031   11     8.647
  2031   12    10.832
  2032   01    12.713
  2032   02    13.926
  2032   03    14.349
  2032   04    13.869
  2032   05    12.890
  2032   06    10.755
  2032   07     7.982
  2032   08     4.345
  2032   09     3.006
  2032   10     5.464
  2032   11     8.812
  2032   12    11.431
  2033   01    13.189
  2033   02    14.293
  2033   03    14.400
  2033   04    13.844
  2033   05    12.375
  2033   06     9.708
  2033   07     6.759
  2033   08     4.407
  2033   09     3.718
  2033   10     5.318
  2033   11     7.969
  2033   12    10.372
  2034   01    12.929
  2034   02    14.130
  2034   03    14.458
  2034   04    14.207
  2034   05    12.855
  2034   06    10.257
  2034   07     6.595
  2034   08     3.331
  2034   09     2.941
  2034   10     4.515
  2034   11     7.806
  2034   12    11.182
  2035   01    13.320
  2035   02    13.896
  2035   03    14.083
  2035   04    13.872
  2035   05    12.893
  2035   06    10.658
  2035   07     6.949
  2035   08     4.014
  2035   09     3.065
  2035   10     5.166
  2035   11     8.153
  2035   12    11.029
  2036   01    13.071
  2036   02    13.996
  2036   03    14.273
  2036   04    14.027
  2036   05    12.905
  2036   06    11.024
  2036   07     6.961
  2036   08     3.719
  2036   09     3.264
  2036   10     5.015
  2036   11     8.282
  2036   12    11.379
  2037   01    13.166
  2037   02    13.677
  2037   03    13.872
  2037   04    13.823
  2037   05    12.926
  2037   06    10.898
  2037   07     6.184
  2037   08     3.259
  2037   09     2.879
  2037   10     5.012
  2037   11     7.786
  2037   12    10.919
  2038   01    12.555
  2038   02    13.721
  2038   03    14.121
  2038   04    13.702
  2038   05    12.718
  2038   06    10.716
  2038   07     6.928
  2038   08     3.818
  2038   09     3.055
  2038   10     4.651
  2038   11     7.892
  2038   12    10.542
  2039   01    12.363
  2039   02    13.627
  2039   03    13.938
  2039   04    13.731
  2039   05    12.690
  2039   06    10.623
  2039   07     6.885
  2039   08     4.474
  2039   09     3.997
  2039   10     5.570
  2039   11     7.931
  2039   12    11.019
  2040   01    13.094
  2040   02    14.155
  2040   03    14.410
  2040   04    13.735
  2040   05    12.464
  2040   06    10.225
  2040   07     6.198
  2040   08     3.127
  2040   09     2.955
  2040   10     4.213
  2040   11     7.263
  2040   12    10.012
  2041   01    12.155
  2041   02    13.834
  2041   03    14.149
  2041   04    13.752
  2041   05    12.966
  2041   06    10.506
  2041   07     6.330
  2041   08     3.251
  2041   09     2.747
  2041   10     4.575
  2041   11     8.261
  2041   12    10.811
  2042   01    12.933
  2042   02    13.743
  2042   03    13.965
  2042   04    13.421
  2042   05    12.700
  2042   06    10.330
  2042   07     6.131
  2042   08     2.639
  2042   09     2.043
  2042   10     4.318
  2042   11     7.389
  2042   12    10.715
  2043   01    12.936
  2043   02    13.850
  2043   03    14.367
  2043   04    13.728
  2043   05    12.828
  2043   06    10.025
  2043   07     5.806
  2043   08     3.535
  2043   09     2.733
  2043   10     4.103
  2043   11     7.190
  2043   12    10.737
  2044   01    13.026
  2044   02    13.815
  2044   03    14.108
  2044   04    13.635
  2044   05    12.774
  2044   06    10.366
  2044   07     6.265
  2044   08     3.772
  2044   09     2.258
  2044   10     4.336
  2044   11     7.542
  2044   12    10.682
  2045   01    12.719
  2045   02    13.599
  2045   03    13.901
  2045   04    13.777
  2045   05    13.009
  2045   06    10.707
  2045   07     6.719
  2045   08     2.765
  2045   09     2.501
  2045   10     4.739
  2045   11     8.243
  2045   12    10.936
  2046   01    12.997
  2046   02    13.685
  2046   03    13.868
  2046   04    13.403
  2046   05    12.233
  2046   06     9.922
  2046   07     6.620
  2046   08     3.644
  2046   09     2.902
  2046   10     4.040
  2046   11     7.005
  2046   12    10.182
  2047   01    12.721
  2047   02    13.329
  2047   03    13.616
  2047   04    13.203
  2047   05    12.096
  2047   06     9.736
  2047   07     6.731
  2047   08     3.842
  2047   09     2.926
  2047   10     4.484
  2047   11     7.555
  2047   12    10.737
  2048   01    12.524
  2048   02    13.110
  2048   03    13.387
  2048   04    13.207
  2048   05    12.423
  2048   06    10.288
  2048   07     4.514
  2048   08     0.418
  2048   09     0.000
  2048   10     1.753
  2048   11     5.575
  2048   12    10.142
  2049   01    12.790
  2049   02    13.612
  2049   03    13.869
  2049   04    13.313
  2049   05    12.460
  2049   06    10.234
  2049   07     5.189
  2049   08     0.492
  2049   09     0.093
  2049   10     2.149
  2049   11     6.591
  2049   12    10.236
  2050   01    12.706
  2050   02    13.524
  2050   03    13.861
  2050   04    13.380
  2050   05    12.424
  2050   06     9.470
  2050   07     5.248
  2050   08     1.893
  2050   09     1.341
  2050   10     2.830
  2050   11     6.372
  2050   12    10.062
  2051   01    11.903
  2051   02    13.255
  2051   03    13.629
  2051   04    13.596
  2051   05    12.861
  2051   06     9.835
  2051   07     5.463
  2051   08     1.751
  2051   09     1.625
  2051   10     3.765
  2051   11     6.753
  2051   12     9.788
  2052   01    12.016
  2052   02    13.642
  2052   03    13.799
  2052   04    13.180
  2052   05    11.963
  2052   06     8.950
  2052   07     4.834
  2052   08     0.443
  2052   09     0.191
  2052   10     2.338
  2052   11     5.733
  2052   12     8.294
  2053   01    11.317
  2053   02    12.541
  2053   03    13.368
  2053   04    13.151
  2053   05    12.153
  2053   06     8.992
  2053   07     5.447
  2053   08     0.582
  2053   09     0.000
  2053   10     1.862
  2053   11     5.986
  2053   12     9.430
  2054   01    11.938
  2054   02    12.898
  2054   03    13.232
  2054   04    13.000
  2054   05    12.113
  2054   06     9.684
  2054   07     5.581
  2054   08     2.297
  2054   09     0.839
  2054   10     3.246
  2054   11     6.582
  2054   12     9.825
  2055   01    11.948
  2055   02    12.867
  2055   03    13.181
  2055   04    12.798
  2055   05    12.258
  2055   06     9.860
  2055   07     6.180
  2055   08     1.713
  2055   09     1.132
  2055   10     3.322
  2055   11     6.847
  2055   12     9.458
  2056   01    11.628
  2056   02    12.956
  2056   03    13.341
  2056   04    12.886
  2056   05    12.094
  2056   06     9.314
  2056   07     4.274
  2056   08     0.144
  2056   09     0.006
  2056   10     0.612
  2056   11     4.804
  2056   12     8.668
  2057   01    11.468
  2057   02    12.604
  2057   03    12.874
  2057   04    12.645
  2057   05    11.901
  2057   06     9.125
  2057   07     4.912
  2057   08     1.257
  2057   09     0.182
  2057   10     2.284
  2057   11     6.192
  2057   12     9.696
  2058   01    12.151
  2058   02    12.901
  2058   03    13.599
  2058   04    13.220
  2058   05    12.106
  2058   06     9.245
  2058   07     5.445
  2058   08     1.405
  2058   09     0.533
  2058   10     2.720
  2058   11     6.306
  2058   12     9.043
  2059   01    11.364
  2059   02    12.895
  2059   03    13.408
  2059   04    13.207
  2059   05    11.955
  2059   06     9.665
  2059   07     5.141
  2059   08     0.567
  2059   09     0.185
  2059   10     1.540
  2059   11     6.079
  2059   12     9.064
  2060   01    11.929
  2060   02    13.168
  2060   03    13.621
  2060   04    12.996
  2060   05    12.396
  2060   06     9.978
  2060   07     5.664
  2060   08     1.864
  2060   09     0.120
  2060   10     3.063
  2060   11     7.321
  2060   12    10.398
  2061   01    12.244
  2061   02    13.581
  2061   03    14.025
  2061   04    13.809
  2061   05    12.874
  2061   06    10.196
  2061   07     6.309
  2061   08     1.999
  2061   09     1.329
  2061   10     3.200
  2061   11     6.383
  2061   12     9.453
  2062   01    12.331
  2062   02    13.317
  2062   03    13.608
  2062   04    13.213
  2062   05    12.607
  2062   06    10.759
  2062   07     5.225
  2062   08     0.603
  2062   09     0.021
  2062   10     1.291
  2062   11     6.028
  2062   12    10.025
  2063   01    11.961
  2063   02    13.450
  2063   03    13.834
  2063   04    13.356
  2063   05    12.178
  2063   06     9.572
  2063   07     5.222
  2063   08     0.562
  2063   09     0.034
  2063   10     2.002
  2063   11     6.367
  2063   12     9.697
  2064   01    11.600
  2064   02    12.890
  2064   03    13.336
  2064   04    12.916
  2064   05    12.052
  2064   06     9.325
  2064   07     5.530
  2064   08     2.081
  2064   09     1.506
  2064   10     3.706
  2064   11     7.085
  2064   12    10.228
  2065   01    11.680
  2065   02    12.819
  2065   03    13.125
  2065   04    12.827
  2065   05    12.118
  2065   06     9.180
  2065   07     5.016
  2065   08     2.249
  2065   09     1.400
  2065   10     3.564
  2065   11     5.957
  2065   12     9.363
  2066   01    11.912
  2066   02    12.799
  2066   03    12.848
  2066   04    12.482
  2066   05    11.552
  2066   06     9.483
  2066   07     4.957
  2066   08     2.139
  2066   09     1.513
  2066   10     3.065
  2066   11     5.734
  2066   12     9.520
  2067   01    11.611
  2067   02    12.816
  2067   03    13.084
  2067   04    12.783
  2067   05    11.936
  2067   06     9.426
  2067   07     4.907
  2067   08     1.196
  2067   09     0.089
  2067   10     1.684
  2067   11     6.353
  2067   12     9.628
  2068   01    11.457
  2068   02    13.044
  2068   03    13.471
  2068   04    13.115
  2068   05    12.073
  2068   06     9.013
  2068   07     4.805
  2068   08     0.286
  2068   09     0.000
  2068   10     0.944
  2068   11     4.754
  2068   12     8.695
  2069   01    11.241
  2069   02    12.645
  2069   03    13.109
  2069   04    12.827
  2069   05    11.747
  2069   06     8.785
  2069   07     5.257
  2069   08     0.907
  2069   09     0.108
  2069   10     2.025
  2069   11     5.754
  2069   12     8.175
  2070   01    11.317
  2070   02    12.804
  2070   03    13.096
  2070   04    12.773
  2070   05    11.710
  2070   06     8.957
  2070   07     5.027
  2070   08     0.114
  2070   09     0.000
  2070   10     0.509
  2070   11     5.341
  2070   12     8.997
  2071   01    11.730
  2071   02    13.042
  2071   03    13.046
  2071   04    12.750
  2071   05    11.894
  2071   06     9.441
  2071   07     4.152
  2071   08     0.000
  2071   09     0.000
  2071   10     0.022
  2071   11     2.546
  2071   12     7.638
  2072   01    11.313
  2072   02    12.841
  2072   03    13.058
  2072   04    12.956
  2072   05    12.113
  2072   06     9.292
  2072   07     3.920
  2072   08     0.000
  2072   09     0.000
  2072   10     0.962
  2072   11     4.764
  2072   12     8.581
  2073   01    11.252
  2073   02    12.700
  2073   03    13.116
  2073   04    12.771
  2073   05    11.892
  2073   06     8.508
  2073   07     4.356
  2073   08     0.313
  2073   09     0.000
  2073   10     0.421
  2073   11     3.659
  2073   12     7.985
  2074   01    10.546
  2074   02    12.084
  2074   03    12.733
  2074   04    12.474
  2074   05    11.670
  2074   06     8.830
  2074   07     2.869
  2074   08     0.000
  2074   09     0.000
  2074   10     0.025
  2074   11     3.048
  2074   12     7.492
  2075   01    10.608
  2075   02    12.495
  2075   03    12.969
  2075   04    12.792
  2075   05    12.079
  2075   06     9.227
  2075   07     2.257
  2075   08     0.000
  2075   09     0.000
  2075   10     0.079
  2075   11     3.494
  2075   12     8.822
  2076   01    11.506
  2076   02    12.777
  2076   03    13.194
  2076   04    12.740
  2076   05    11.835
  2076   06     9.201
  2076   07     3.648
  2076   08     0.088
  2076   09     0.000
  2076   10     1.063
  2076   11     4.153
  2076   12     8.080
  2077   01    10.804
  2077   02    12.426
  2077   03    12.911
  2077   04    12.779
  2077   05    11.942
  2077   06     9.534
  2077   07     3.071
  2077   08     0.097
  2077   09     0.000
  2077   10     0.636
  2077   11     5.517
  2077   12     9.995
  2078   01    12.223
  2078   02    13.236
  2078   03    13.684
  2078   04    13.310
  2078   05    12.613
  2078   06     9.858
  2078   07     3.996
  2078   08     0.060
  2078   09     0.000
  2078   10     0.892
  2078   11     4.910
  2078   12     9.165
  2079   01    11.341
  2079   02    12.836
  2079   03    13.459
  2079   04    13.128
  2079   05    12.365
  2079   06     9.748
  2079   07     4.463
  2079   08     0.390
  2079   09     0.000
  2079   10     1.948
  2079   11     4.556
  2079   12     8.473
  2080   01    11.697
  2080   02    13.314
  2080   03    13.603
  2080   04    13.480
  2080   05    12.415
  2080   06     9.363
  2080   07     4.807
  2080   08     0.553
  2080   09     0.012
  2080   10     2.227
  2080   11     5.945
  2080   12     9.675
  2081   01    11.539
  2081   02    13.111
  2081   03    13.538
  2081   04    13.410
  2081   05    12.632
  2081   06     9.886
  2081   07     4.803
  2081   08     0.603
  2081   09     0.000
  2081   10     0.970
  2081   11     5.629
  2081   12     8.948
  2082   01    11.170
  2082   02    12.928
  2082   03    13.564
  2082   04    13.186
  2082   05    12.463
  2082   06     9.695
  2082   07     4.901
  2082   08     0.762
  2082   09     0.000
  2082   10     1.354
  2082   11     4.357
  2082   12     8.964
  2083   01    11.267
  2083   02    12.639
  2083   03    13.088
  2083   04    12.846
  2083   05    12.063
  2083   06     9.685
  2083   07     4.764
  2083   08     0.020
  2083   09     0.000
  2083   10     0.012
  2083   11     4.699
  2083   12     9.047
  2084   01    11.645
  2084   02    13.090
  2084   03    13.341
  2084   04    12.966
  2084   05    11.783
  2084   06     9.085
  2084   07     2.795
  2084   08     0.051
  2084   09     0.005
  2084   10     0.020
  2084   11     1.318
  2084   12     7.563
  2085   01    10.602
  2085   02    12.357
  2085   03    12.643
  2085   04    12.416
  2085   05    11.431
  2085   06     8.576
  2085   07     3.027
  2085   08     0.000
  2085   09     0.000
  2085   10     0.018
  2085   11     3.114
  2085   12     8.064
  2086   01    10.249
  2086   02    12.053
  2086   03    12.523
  2086   04    12.165
  2086   05    11.102
  2086   06     8.842
  2086   07     4.337
  2086   08     0.388
  2086   09     0.000
  2086   10     1.208
  2086   11     4.698
  2086   12     8.270
  2087   01    10.712
  2087   02    12.239
  2087   03    12.707
  2087   04    12.370
  2087   05    11.560
  2087   06     9.078
  2087   07     4.946
  2087   08     0.001
  2087   09     0.000
  2087   10     0.001
  2087   11     4.198
  2087   12     8.384
  2088   01    10.710
  2088   02    12.079
  2088   03    12.226
  2088   04    11.948
  2088   05    11.050
  2088   06     7.136
  2088   07     1.480
  2088   08     0.000
  2088   09     0.000
  2088   10     0.000
  2088   11     0.292
  2088   12     5.880
  2089   01     9.472
  2089   02    11.156
  2089   03    11.744
  2089   04    11.520
  2089   05    10.126
  2089   06     6.439
  2089   07     0.556
  2089   08     0.000
  2089   09     0.000
  2089   10     0.001
  2089   11     0.545
  2089   12     5.799
  2090   01     9.525
  2090   02    11.380
  2090   03    12.164
  2090   04    11.863
  2090   05    10.576
  2090   06     8.364
  2090   07     1.611
  2090   08     0.000
  2090   09     0.000
  2090   10     0.000
  2090   11     2.068
  2090   12     6.443
  2091   01    10.048
  2091   02    11.496
  2091   03    12.310
  2091   04    11.710
  2091   05    10.758
  2091   06     8.228
  2091   07     1.878
  2091   08     0.000
  2091   09     0.000
  2091   10     0.000
  2091   11     1.630
  2091   12     5.918
  2092   01     9.530
  2092   02    11.652
  2092   03    12.097
  2092   04    12.064
  2092   05    11.342
  2092   06     7.986
  2092   07     2.519
  2092   08     0.000
  2092   09     0.000
  2092   10     0.095
  2092   11     2.568
  2092   12     8.326
  2093   01    10.509
  2093   02    11.811
  2093   03    12.399
  2093   04    11.976
  2093   05    11.315
  2093   06     7.476
  2093   07     1.791
  2093   08     0.000
  2093   09     0.000
  2093   10     0.001
  2093   11     1.780
  2093   12     6.227
  2094   01     9.334
  2094   02    11.275
  2094   03    11.731
  2094   04    11.782
  2094   05    11.066
  2094   06     7.362
  2094   07     1.467
  2094   08     0.000
  2094   09     0.000
  2094   10     0.013
  2094   11     1.142
  2094   12     6.150
  2095   01     9.888
  2095   02    11.572
  2095   03    12.311
  2095   04    12.138
  2095   05    11.023
  2095   06     8.711
  2095   07     3.646
  2095   08     0.000
  2095   09     0.000
  2095   10     0.058
  2095   11     3.375
  2095   12     7.449
  2096   01    10.047
  2096   02    11.733
  2096   03    12.173
  2096   04    12.044
  2096   05    11.205
  2096   06     8.117
  2096   07     2.941
  2096   08     0.014
  2096   09     0.000
  2096   10     0.000
  2096   11     2.008
  2096   12     6.618
  2097   01     9.417
  2097   02    11.337
  2097   03    12.155
  2097   04    11.613
  2097   05    10.693
  2097   06     8.019
  2097   07     3.351
  2097   08     0.000
  2097   09     0.000
  2097   10     0.001
  2097   11     1.271
  2097   12     5.790
  2098   01     8.891
  2098   02    10.770
  2098   03    11.406
  2098   04    11.303
  2098   05    10.077
  2098   06     7.724
  2098   07     2.196
  2098   08     0.031
  2098   09     0.000
  2098   10     0.072
  2098   11     1.633
  2098   12     4.917
  2099   01     8.396
  2099   02    10.397
  2099   03    11.444
  2099   04    11.097
  2099   05     9.930
  2099   06     6.532
  2099   07     0.295
  2099   08     0.000
  2099   09     0.000
  2099   10     0.000
  2099   11     0.149
  2099   12     5.974
  2100   01     9.301
  2100   02    11.192
  2100   03    11.940
  2100   04    11.754
  2100   05    11.014
  2100   06     7.145
  2100   07     0.179
  2100   08     0.000
  2100   09     0.000
  2100   10     0.000
  2100   11     0.046
  2100   12     4.485
