  1850   01    16.954
  1850   02    18.052
  1850   03    18.414
  1850   04    17.947
  1850   05    16.428
  1850   06    13.821
  1850   07    10.899
  1850   08     8.248
  1850   09     7.412
  1850   10     9.909
  1850   11    12.586
  1850   12    15.508
  1851   01    16.974
  1851   02    17.774
  1851   03    18.082
  1851   04    17.209
  1851   05    16.020
  1851   06    14.023
  1851   07    12.005
  1851   08     8.768
  1851   09     8.487
  1851   10    11.084
  1851   11    12.860
  1851   12    15.745
  1852   01    17.223
  1852   02    17.854
  1852   03    18.106
  1852   04    17.352
  1852   05    15.716
  1852   06    13.576
  1852   07    11.516
  1852   08     9.439
  1852   09     8.364
  1852   10    10.665
  1852   11    12.400
  1852   12    15.296
  1853   01    16.378
  1853   02    16.873
  1853   03    17.123
  1853   04    16.379
  1853   05    15.310
  1853   06    13.729
  1853   07    10.709
  1853   08     8.501
  1853   09     8.419
  1853   10    10.546
  1853   11    12.619
  1853   12    14.995
  1854   01    16.336
  1854   02    17.212
  1854   03    17.469
  1854   04    16.931
  1854   05    15.367
  1854   06    13.101
  1854   07    10.814
  1854   08     8.416
  1854   09     7.964
  1854   10    10.529
  1854   11    12.581
  1854   12    15.491
  1855   01    17.122
  1855   02    18.136
  1855   03    18.330
  1855   04    17.770
  1855   05    15.638
  1855   06    13.855
  1855   07    11.497
  1855   08     8.229
  1855   09     7.767
  1855   10    10.174
  1855   11    13.081
  1855   12    15.501
  1856   01    17.160
  1856   02    18.376
  1856   03    18.907
  1856   04    18.195
  1856   05    16.446
  1856   06    13.828
  1856   07    11.338
  1856   08     8.331
  1856   09     7.878
  1856   10    10.534
  1856   11    13.268
  1856   12    15.987
  1857   01    17.845
  1857   02    18.861
  1857   03    18.836
  1857   04    18.380
  1857   05    16.510
  1857   06    13.572
  1857   07    11.054
  1857   08     8.904
  1857   09     8.678
  1857   10    10.587
  1857   11    12.699
  1857   12    16.133
  1858   01    17.713
  1858   02    18.504
  1858   03    18.793
  1858   04    18.059
  1858   05    16.811
  1858   06    14.031
  1858   07    11.069
  1858   08     8.493
  1858   09     8.096
  1858   10    10.896
  1858   11    13.025
  1858   12    15.476
  1859   01    17.232
  1859   02    17.895
  1859   03    18.471
  1859   04    17.810
  1859   05    16.219
  1859   06    13.966
  1859   07    11.155
  1859   08     8.590
  1859   09     7.945
  1859   10    10.321
  1859   11    13.012
  1859   12    15.892
  1860   01    16.897
  1860   02    17.689
  1860   03    17.984
  1860   04    17.390
  1860   05    15.549
  1860   06    13.749
  1860   07    11.592
  1860   08     8.702
  1860   09     7.976
  1860   10    10.789
  1860   11    12.876
  1860   12    15.374
  1861   01    16.916
  1861   02    17.804
  1861   03    18.224
  1861   04    17.706
  1861   05    15.940
  1861   06    14.033
  1861   07    11.373
  1861   08     8.068
  1861   09     7.960
  1861   10    10.312
  1861   11    12.779
  1861   12    15.555
  1862   01    17.171
  1862   02    17.784
  1862   03    17.892
  1862   04    17.456
  1862   05    15.943
  1862   06    13.778
  1862   07    11.515
  1862   08     8.718
  1862   09     8.510
  1862   10    10.898
  1862   11    13.094
  1862   12    15.015
  1863   01    16.328
  1863   02    17.146
  1863   03    17.382
  1863   04    17.230
  1863   05    16.193
  1863   06    13.597
  1863   07    11.965
  1863   08     9.101
  1863   09     8.604
  1863   10    11.239
  1863   11    13.456
  1863   12    15.702
  1864   01    16.879
  1864   02    17.780
  1864   03    18.117
  1864   04    17.558
  1864   05    16.051
  1864   06    13.720
  1864   07    11.685
  1864   08     9.145
  1864   09     8.389
  1864   10    10.724
  1864   11    12.633
  1864   12    15.229
  1865   01    16.777
  1865   02    17.810
  1865   03    18.046
  1865   04    17.046
  1865   05    15.530
  1865   06    13.762
  1865   07    10.964
  1865   08     7.977
  1865   09     7.461
  1865   10     9.595
  1865   11    12.511
  1865   12    15.335
  1866   01    16.801
  1866   02    17.660
  1866   03    18.151
  1866   04    17.525
  1866   05    15.643
  1866   06    13.690
  1866   07    11.084
  1866   08     8.165
  1866   09     7.981
  1866   10    10.189
  1866   11    12.416
  1866   12    15.620
  1867   01    17.274
  1867   02    17.940
  1867   03    18.242
  1867   04    17.215
  1867   05    15.880
  1867   06    13.316
  1867   07    10.572
  1867   08     7.245
  1867   09     7.081
  1867   10     9.225
  1867   11    11.762
  1867   12    14.701
  1868   01    16.181
  1868   02    17.426
  1868   03    17.668
  1868   04    17.016
  1868   05    15.521
  1868   06    13.105
  1868   07    10.547
  1868   08     7.648
  1868   09     7.165
  1868   10     9.648
  1868   11    12.641
  1868   12    15.076
  1869   01    16.757
  1869   02    17.517
  1869   03    17.738
  1869   04    17.157
  1869   05    15.518
  1869   06    13.054
  1869   07    10.227
  1869   08     7.323
  1869   09     7.043
  1869   10     9.561
  1869   11    12.402
  1869   12    14.880
  1870   01    16.643
  1870   02    17.433
  1870   03    17.652
  1870   04    16.900
  1870   05    15.771
  1870   06    13.906
  1870   07    11.384
  1870   08     8.899
  1870   09     8.167
  1870   10    10.986
  1870   11    13.128
  1870   12    15.144
  1871   01    16.645
  1871   02    17.693
  1871   03    18.002
  1871   04    17.134
  1871   05    15.666
  1871   06    13.773
  1871   07    11.251
  1871   08     8.255
  1871   09     7.703
  1871   10    10.528
  1871   11    12.965
  1871   12    15.597
  1872   01    17.018
  1872   02    17.848
  1872   03    18.000
  1872   04    17.521
  1872   05    15.821
  1872   06    13.815
  1872   07    10.958
  1872   08     7.560
  1872   09     7.093
  1872   10    10.146
  1872   11    12.866
  1872   12    15.037
  1873   01    16.821
  1873   02    17.612
  1873   03    18.033
  1873   04    17.560
  1873   05    16.155
  1873   06    13.928
  1873   07    11.434
  1873   08     8.491
  1873   09     7.676
  1873   10    10.386
  1873   11    12.747
  1873   12    15.553
  1874   01    17.597
  1874   02    18.213
  1874   03    18.591
  1874   04    17.955
  1874   05    15.848
  1874   06    13.997
  1874   07    10.978
  1874   08     8.222
  1874   09     7.820
  1874   10    10.767
  1874   11    13.203
  1874   12    15.465
  1875   01    16.970
  1875   02    17.787
  1875   03    18.085
  1875   04    17.523
  1875   05    15.884
  1875   06    13.985
  1875   07    11.675
  1875   08     8.826
  1875   09     8.272
  1875   10    10.941
  1875   11    13.210
  1875   12    15.642
  1876   01    16.688
  1876   02    17.418
  1876   03    17.554
  1876   04    16.944
  1876   05    15.480
  1876   06    13.615
  1876   07    11.024
  1876   08     7.992
  1876   09     8.066
  1876   10    10.311
  1876   11    12.697
  1876   12    15.411
  1877   01    16.693
  1877   02    17.347
  1877   03    17.564
  1877   04    17.309
  1877   05    15.972
  1877   06    13.638
  1877   07    11.536
  1877   08     9.421
  1877   09     8.916
  1877   10    11.001
  1877   11    12.822
  1877   12    15.180
  1878   01    16.451
  1878   02    17.431
  1878   03    17.451
  1878   04    16.722
  1878   05    15.438
  1878   06    13.460
  1878   07    11.246
  1878   08     7.994
  1878   09     7.838
  1878   10     9.550
  1878   11    12.537
  1878   12    15.331
  1879   01    16.878
  1879   02    17.748
  1879   03    17.849
  1879   04    17.518
  1879   05    16.366
  1879   06    13.607
  1879   07    10.272
  1879   08     7.771
  1879   09     7.626
  1879   10     9.860
  1879   11    12.696
  1879   12    15.918
  1880   01    17.273
  1880   02    17.958
  1880   03    18.439
  1880   04    18.061
  1880   05    15.697
  1880   06    13.761
  1880   07    11.287
  1880   08     9.262
  1880   09     8.615
  1880   10    11.049
  1880   11    13.323
  1880   12    15.727
  1881   01    17.639
  1881   02    18.057
  1881   03    18.099
  1881   04    17.510
  1881   05    15.640
  1881   06    13.854
  1881   07    11.699
  1881   08     8.017
  1881   09     7.687
  1881   10    10.647
  1881   11    13.137
  1881   12    15.430
  1882   01    17.002
  1882   02    17.697
  1882   03    17.752
  1882   04    17.366
  1882   05    15.845
  1882   06    13.653
  1882   07    11.154
  1882   08     8.458
  1882   09     7.909
  1882   10    10.220
  1882   11    13.003
  1882   12    14.978
  1883   01    16.824
  1883   02    18.111
  1883   03    18.418
  1883   04    17.940
  1883   05    16.329
  1883   06    13.667
  1883   07    10.760
  1883   08     7.535
  1883   09     7.431
  1883   10     9.883
  1883   11    13.088
  1883   12    15.673
  1884   01    17.063
  1884   02    17.621
  1884   03    18.075
  1884   04    17.842
  1884   05    16.323
  1884   06    14.033
  1884   07    12.214
  1884   08     8.883
  1884   09     8.811
  1884   10    11.164
  1884   11    13.213
  1884   12    15.512
  1885   01    17.010
  1885   02    17.939
  1885   03    18.138
  1885   04    17.697
  1885   05    15.822
  1885   06    13.684
  1885   07    11.791
  1885   08     9.345
  1885   09     9.106
  1885   10    11.270
  1885   11    13.430
  1885   12    16.099
  1886   01    17.318
  1886   02    18.025
  1886   03    17.829
  1886   04    17.419
  1886   05    16.048
  1886   06    13.626
  1886   07    11.518
  1886   08     9.047
  1886   09     8.956
  1886   10    11.016
  1886   11    13.308
  1886   12    15.938
  1887   01    17.084
  1887   02    17.909
  1887   03    17.890
  1887   04    17.274
  1887   05    15.746
  1887   06    14.120
  1887   07    11.299
  1887   08     7.832
  1887   09     7.626
  1887   10    10.137
  1887   11    13.100
  1887   12    15.177
  1888   01    16.433
  1888   02    17.123
  1888   03    17.634
  1888   04    17.068
  1888   05    15.370
  1888   06    13.561
  1888   07    10.975
  1888   08     7.802
  1888   09     7.367
  1888   10     9.824
  1888   11    12.437
  1888   12    15.277
  1889   01    16.533
  1889   02    17.600
  1889   03    17.740
  1889   04    17.186
  1889   05    15.782
  1889   06    13.475
  1889   07    11.080
  1889   08     8.441
  1889   09     7.762
  1889   10    10.104
  1889   11    12.283
  1889   12    14.907
  1890   01    16.629
  1890   02    17.630
  1890   03    17.767
  1890   04    17.094
  1890   05    15.967
  1890   06    13.464
  1890   07    11.374
  1890   08     8.214
  1890   09     7.776
  1890   10    10.682
  1890   11    12.901
  1890   12    15.777
  1891   01    17.039
  1891   02    17.880
  1891   03    18.200
  1891   04    17.775
  1891   05    16.156
  1891   06    13.709
  1891   07    11.088
  1891   08     8.390
  1891   09     7.964
  1891   10     9.980
  1891   11    12.826
  1891   12    15.239
  1892   01    17.227
  1892   02    18.013
  1892   03    18.179
  1892   04    17.681
  1892   05    16.310
  1892   06    14.148
  1892   07    11.568
  1892   08     8.819
  1892   09     7.951
  1892   10    10.450
  1892   11    13.342
  1892   12    15.813
  1893   01    17.799
  1893   02    18.399
  1893   03    18.595
  1893   04    18.007
  1893   05    16.240
  1893   06    13.808
  1893   07    11.425
  1893   08     8.961
  1893   09     8.284
  1893   10    10.323
  1893   11    12.985
  1893   12    15.887
  1894   01    17.538
  1894   02    18.472
  1894   03    18.813
  1894   04    18.316
  1894   05    16.306
  1894   06    13.709
  1894   07    11.192
  1894   08     8.566
  1894   09     8.069
  1894   10    10.417
  1894   11    13.077
  1894   12    15.579
  1895   01    17.719
  1895   02    18.955
  1895   03    19.074
  1895   04    18.531
  1895   05    16.294
  1895   06    13.855
  1895   07    11.147
  1895   08     8.581
  1895   09     7.924
  1895   10    10.585
  1895   11    12.888
  1895   12    15.284
  1896   01    17.139
  1896   02    18.210
  1896   03    18.298
  1896   04    17.720
  1896   05    16.354
  1896   06    13.609
  1896   07    11.160
  1896   08     7.582
  1896   09     7.720
  1896   10    10.452
  1896   11    13.033
  1896   12    15.329
  1897   01    16.995
  1897   02    17.883
  1897   03    18.127
  1897   04    17.641
  1897   05    15.803
  1897   06    13.372
  1897   07    11.149
  1897   08     7.779
  1897   09     6.946
  1897   10     9.909
  1897   11    12.822
  1897   12    15.369
  1898   01    17.131
  1898   02    18.285
  1898   03    18.392
  1898   04    17.989
  1898   05    16.361
  1898   06    13.775
  1898   07    10.945
  1898   08     7.279
  1898   09     7.021
  1898   10    10.007
  1898   11    12.591
  1898   12    15.214
  1899   01    16.899
  1899   02    17.776
  1899   03    18.266
  1899   04    17.714
  1899   05    15.941
  1899   06    13.620
  1899   07    11.238
  1899   08     7.517
  1899   09     7.343
  1899   10     9.700
  1899   11    13.095
  1899   12    15.878
  1900   01    17.309
  1900   02    17.941
  1900   03    18.041
  1900   04    17.424
  1900   05    15.720
  1900   06    13.431
  1900   07    11.136
  1900   08     7.847
  1900   09     7.765
  1900   10    10.079
  1900   11    12.423
  1900   12    15.600
  1901   01    16.779
  1901   02    17.371
  1901   03    17.610
  1901   04    16.980
  1901   05    15.635
  1901   06    13.207
  1901   07    10.964
  1901   08     7.859
  1901   09     6.961
  1901   10     9.765
  1901   11    12.409
  1901   12    15.199
  1902   01    16.666
  1902   02    17.651
  1902   03    17.651
  1902   04    17.296
  1902   05    15.694
  1902   06    12.604
  1902   07    10.049
  1902   08     8.385
  1902   09     7.862
  1902   10     9.739
  1902   11    11.860
  1902   12    15.102
  1903   01    16.983
  1903   02    17.948
  1903   03    17.756
  1903   04    17.230
  1903   05    15.786
  1903   06    12.621
  1903   07    10.270
  1903   08     8.661
  1903   09     8.303
  1903   10    10.173
  1903   11    12.619
  1903   12    15.551
  1904   01    17.058
  1904   02    18.252
  1904   03    18.262
  1904   04    17.785
  1904   05    15.800
  1904   06    12.980
  1904   07    10.231
  1904   08     8.353
  1904   09     8.191
  1904   10     9.729
  1904   11    12.207
  1904   12    15.900
  1905   01    17.396
  1905   02    18.352
  1905   03    18.263
  1905   04    17.666
  1905   05    16.150
  1905   06    12.650
  1905   07     9.381
  1905   08     6.910
  1905   09     6.713
  1905   10     9.257
  1905   11    12.045
  1905   12    14.994
  1906   01    17.076
  1906   02    17.689
  1906   03    17.889
  1906   04    17.095
  1906   05    15.516
  1906   06    12.826
  1906   07    10.630
  1906   08     7.891
  1906   09     7.443
  1906   10     9.284
  1906   11    12.556
  1906   12    14.949
  1907   01    16.507
  1907   02    17.576
  1907   03    17.865
  1907   04    17.285
  1907   05    15.705
  1907   06    13.444
  1907   07    10.813
  1907   08     8.796
  1907   09     8.230
  1907   10    10.354
  1907   11    12.592
  1907   12    15.229
  1908   01    16.446
  1908   02    17.219
  1908   03    17.227
  1908   04    16.798
  1908   05    15.402
  1908   06    13.422
  1908   07    10.464
  1908   08     7.755
  1908   09     7.285
  1908   10     9.637
  1908   11    12.235
  1908   12    14.586
  1909   01    15.960
  1909   02    16.814
  1909   03    17.138
  1909   04    17.031
  1909   05    15.845
  1909   06    13.196
  1909   07    10.734
  1909   08     7.619
  1909   09     6.993
  1909   10     9.979
  1909   11    12.643
  1909   12    15.134
  1910   01    16.849
  1910   02    17.514
  1910   03    17.681
  1910   04    17.105
  1910   05    15.585
  1910   06    13.574
  1910   07    10.988
  1910   08     8.565
  1910   09     7.830
  1910   10     9.929
  1910   11    13.076
  1910   12    15.709
  1911   01    16.737
  1911   02    17.576
  1911   03    17.615
  1911   04    17.215
  1911   05    15.326
  1911   06    13.316
  1911   07    11.447
  1911   08     8.566
  1911   09     8.187
  1911   10    10.561
  1911   11    12.485
  1911   12    15.536
  1912   01    17.207
  1912   02    18.213
  1912   03    18.460
  1912   04    17.944
  1912   05    15.949
  1912   06    13.618
  1912   07    11.282
  1912   08     8.340
  1912   09     8.030
  1912   10    10.950
  1912   11    13.295
  1912   12    15.678
  1913   01    17.322
  1913   02    18.254
  1913   03    18.130
  1913   04    17.800
  1913   05    16.075
  1913   06    14.008
  1913   07    11.563
  1913   08     8.809
  1913   09     8.002
  1913   10    10.857
  1913   11    12.926
  1913   12    14.940
  1914   01    16.716
  1914   02    17.664
  1914   03    17.663
  1914   04    17.105
  1914   05    15.132
  1914   06    13.371
  1914   07    10.935
  1914   08     8.897
  1914   09     8.007
  1914   10    10.014
  1914   11    12.683
  1914   12    15.077
  1915   01    17.010
  1915   02    17.902
  1915   03    18.289
  1915   04    17.804
  1915   05    15.830
  1915   06    13.851
  1915   07    11.300
  1915   08     7.528
  1915   09     6.967
  1915   10    10.385
  1915   11    12.507
  1915   12    15.116
  1916   01    16.996
  1916   02    17.811
  1916   03    18.066
  1916   04    17.577
  1916   05    15.963
  1916   06    13.645
  1916   07    10.683
  1916   08     8.253
  1916   09     7.802
  1916   10    10.272
  1916   11    12.774
  1916   12    15.356
  1917   01    16.794
  1917   02    17.366
  1917   03    17.599
  1917   04    16.921
  1917   05    15.287
  1917   06    12.930
  1917   07    10.912
  1917   08     8.211
  1917   09     7.539
  1917   10    10.117
  1917   11    12.464
  1917   12    15.492
  1918   01    16.860
  1918   02    17.382
  1918   03    17.843
  1918   04    17.280
  1918   05    15.694
  1918   06    13.072
  1918   07    10.688
  1918   08     8.416
  1918   09     7.880
  1918   10     9.672
  1918   11    11.811
  1918   12    15.192
  1919   01    16.548
  1919   02    17.402
  1919   03    17.826
  1919   04    16.888
  1919   05    15.241
  1919   06    13.476
  1919   07    11.152
  1919   08     8.763
  1919   09     7.724
  1919   10     9.980
  1919   11    12.371
  1919   12    15.159
  1920   01    16.627
  1920   02    17.543
  1920   03    17.930
  1920   04    17.634
  1920   05    15.532
  1920   06    13.266
  1920   07    10.000
  1920   08     7.811
  1920   09     7.294
  1920   10     9.898
  1920   11    12.265
  1920   12    15.753
  1921   01    17.218
  1921   02    18.115
  1921   03    18.354
  1921   04    17.522
  1921   05    15.923
  1921   06    13.336
  1921   07    10.732
  1921   08     8.061
  1921   09     7.685
  1921   10     9.542
  1921   11    12.139
  1921   12    14.861
  1922   01    16.648
  1922   02    17.463
  1922   03    17.297
  1922   04    16.793
  1922   05    15.343
  1922   06    13.282
  1922   07    10.879
  1922   08     8.488
  1922   09     7.918
  1922   10    10.296
  1922   11    12.521
  1922   12    14.990
  1923   01    16.362
  1923   02    17.063
  1923   03    17.571
  1923   04    16.677
  1923   05    15.615
  1923   06    13.599
  1923   07    10.487
  1923   08     8.000
  1923   09     7.572
  1923   10     9.993
  1923   11    12.476
  1923   12    15.153
  1924   01    16.554
  1924   02    17.358
  1924   03    17.658
  1924   04    17.142
  1924   05    15.705
  1924   06    13.472
  1924   07    10.382
  1924   08     7.895
  1924   09     7.540
  1924   10     9.791
  1924   11    12.367
  1924   12    15.263
  1925   01    16.408
  1925   02    17.382
  1925   03    17.515
  1925   04    17.147
  1925   05    15.721
  1925   06    12.996
  1925   07    11.150
  1925   08     8.539
  1925   09     7.611
  1925   10    10.113
  1925   11    12.456
  1925   12    15.253
  1926   01    16.885
  1926   02    17.996
  1926   03    18.004
  1926   04    17.485
  1926   05    15.873
  1926   06    13.463
  1926   07    10.407
  1926   08     7.855
  1926   09     7.910
  1926   10    10.278
  1926   11    12.972
  1926   12    15.724
  1927   01    17.094
  1927   02    17.802
  1927   03    18.153
  1927   04    17.469
  1927   05    16.172
  1927   06    13.729
  1927   07    11.211
  1927   08     8.737
  1927   09     8.275
  1927   10    10.252
  1927   11    13.027
  1927   12    15.449
  1928   01    17.138
  1928   02    18.031
  1928   03    18.402
  1928   04    18.057
  1928   05    16.044
  1928   06    13.164
  1928   07     9.969
  1928   08     7.597
  1928   09     6.963
  1928   10     8.986
  1928   11    12.147
  1928   12    14.755
  1929   01    16.506
  1929   02    17.889
  1929   03    18.086
  1929   04    17.501
  1929   05    15.763
  1929   06    13.416
  1929   07    10.834
  1929   08     8.299
  1929   09     7.240
  1929   10    10.088
  1929   11    12.812
  1929   12    14.933
  1930   01    16.566
  1930   02    17.686
  1930   03    17.964
  1930   04    17.371
  1930   05    15.850
  1930   06    13.143
  1930   07    10.882
  1930   08     7.944
  1930   09     7.552
  1930   10    10.387
  1930   11    12.654
  1930   12    15.152
  1931   01    16.813
  1931   02    17.838
  1931   03    17.872
  1931   04    17.077
  1931   05    15.536
  1931   06    13.154
  1931   07    10.443
  1931   08     7.514
  1931   09     7.094
  1931   10     9.630
  1931   11    12.011
  1931   12    15.577
  1932   01    17.257
  1932   02    17.975
  1932   03    18.216
  1932   04    17.781
  1932   05    15.767
  1932   06    13.523
  1932   07    10.311
  1932   08     6.696
  1932   09     5.995
  1932   10     8.648
  1932   11    11.679
  1932   12    14.560
  1933   01    16.669
  1933   02    17.620
  1933   03    17.835
  1933   04    17.223
  1933   05    15.366
  1933   06    13.547
  1933   07    11.230
  1933   08     8.031
  1933   09     7.365
  1933   10    10.055
  1933   11    12.528
  1933   12    14.852
  1934   01    16.609
  1934   02    17.526
  1934   03    17.818
  1934   04    17.490
  1934   05    16.099
  1934   06    13.693
  1934   07    11.461
  1934   08     6.908
  1934   09     6.516
  1934   10     9.748
  1934   11    12.673
  1934   12    15.223
  1935   01    16.558
  1935   02    17.440
  1935   03    17.938
  1935   04    17.522
  1935   05    15.778
  1935   06    13.580
  1935   07    11.208
  1935   08     7.480
  1935   09     7.270
  1935   10     9.525
  1935   11    12.790
  1935   12    15.480
  1936   01    17.258
  1936   02    17.939
  1936   03    18.074
  1936   04    17.670
  1936   05    16.175
  1936   06    13.616
  1936   07    11.200
  1936   08     8.937
  1936   09     8.637
  1936   10    10.607
  1936   11    12.279
  1936   12    15.554
  1937   01    16.949
  1937   02    17.704
  1937   03    17.780
  1937   04    16.941
  1937   05    15.353
  1937   06    13.732
  1937   07    10.746
  1937   08     7.804
  1937   09     7.562
  1937   10     9.870
  1937   11    12.917
  1937   12    15.148
  1938   01    17.026
  1938   02    18.080
  1938   03    18.131
  1938   04    17.629
  1938   05    15.680
  1938   06    13.409
  1938   07    11.099
  1938   08     9.011
  1938   09     8.282
  1938   10    10.232
  1938   11    12.670
  1938   12    15.182
  1939   01    16.228
  1939   02    17.295
  1939   03    17.881
  1939   04    17.045
  1939   05    15.234
  1939   06    13.146
  1939   07    10.464
  1939   08     8.207
  1939   09     7.198
  1939   10     9.564
  1939   11    12.028
  1939   12    14.812
  1940   01    16.100
  1940   02    16.865
  1940   03    17.080
  1940   04    16.522
  1940   05    14.903
  1940   06    12.865
  1940   07    10.488
  1940   08     7.863
  1940   09     7.176
  1940   10     9.957
  1940   11    12.430
  1940   12    14.904
  1941   01    16.377
  1941   02    17.152
  1941   03    17.459
  1941   04    17.113
  1941   05    15.382
  1941   06    13.299
  1941   07    11.058
  1941   08     8.535
  1941   09     8.202
  1941   10    10.515
  1941   11    12.769
  1941   12    14.620
  1942   01    16.137
  1942   02    17.162
  1942   03    17.540
  1942   04    16.917
  1942   05    15.251
  1942   06    13.380
  1942   07    11.123
  1942   08     7.569
  1942   09     7.068
  1942   10    10.687
  1942   11    12.945
  1942   12    14.770
  1943   01    16.035
  1943   02    17.139
  1943   03    17.480
  1943   04    16.899
  1943   05    15.593
  1943   06    13.345
  1943   07    10.960
  1943   08     7.092
  1943   09     6.492
  1943   10     9.333
  1943   11    12.460
  1943   12    14.820
  1944   01    16.422
  1944   02    17.183
  1944   03    17.629
  1944   04    16.919
  1944   05    15.585
  1944   06    13.345
  1944   07    10.389
  1944   08     7.503
  1944   09     6.824
  1944   10     9.391
  1944   11    12.439
  1944   12    15.387
  1945   01    16.661
  1945   02    17.213
  1945   03    17.443
  1945   04    16.647
  1945   05    15.384
  1945   06    13.664
  1945   07    11.274
  1945   08     9.062
  1945   09     8.191
  1945   10    10.582
  1945   11    12.995
  1945   12    14.889
  1946   01    16.195
  1946   02    17.037
  1946   03    17.518
  1946   04    16.496
  1946   05    15.488
  1946   06    13.495
  1946   07    10.979
  1946   08     8.702
  1946   09     8.106
  1946   10    10.228
  1946   11    12.818
  1946   12    15.302
  1947   01    16.459
  1947   02    17.105
  1947   03    17.319
  1947   04    16.750
  1947   05    15.037
  1947   06    13.459
  1947   07    10.951
  1947   08     7.967
  1947   09     7.509
  1947   10     9.740
  1947   11    12.511
  1947   12    15.129
  1948   01    15.959
  1948   02    17.172
  1948   03    17.390
  1948   04    16.838
  1948   05    15.503
  1948   06    13.467
  1948   07    11.522
  1948   08     8.623
  1948   09     8.140
  1948   10    10.641
  1948   11    12.541
  1948   12    14.807
  1949   01    16.431
  1949   02    17.231
  1949   03    17.333
  1949   04    16.878
  1949   05    15.311
  1949   06    12.748
  1949   07    10.154
  1949   08     7.692
  1949   09     7.320
  1949   10     9.378
  1949   11    12.255
  1949   12    14.616
  1950   01    15.792
  1950   02    16.951
  1950   03    17.477
  1950   04    16.933
  1950   05    15.177
  1950   06    13.234
  1950   07    11.060
  1950   08     7.263
  1950   09     6.425
  1950   10     9.212
  1950   11    12.086
  1950   12    14.571
  1951   01    16.248
  1951   02    17.051
  1951   03    17.277
  1951   04    16.697
  1951   05    14.942
  1951   06    13.288
  1951   07    10.688
  1951   08     7.942
  1951   09     7.196
  1951   10     9.450
  1951   11    12.336
  1951   12    14.379
  1952   01    16.658
  1952   02    17.514
  1952   03    17.788
  1952   04    17.441
  1952   05    15.840
  1952   06    13.289
  1952   07    10.558
  1952   08     8.097
  1952   09     7.317
  1952   10    10.115
  1952   11    12.557
  1952   12    14.776
  1953   01    16.714
  1953   02    17.723
  1953   03    17.906
  1953   04    16.981
  1953   05    15.382
  1953   06    13.495
  1953   07    10.765
  1953   08     7.924
  1953   09     7.247
  1953   10     9.683
  1953   11    12.441
  1953   12    15.040
  1954   01    16.465
  1954   02    17.650
  1954   03    18.182
  1954   04    17.533
  1954   05    15.792
  1954   06    13.328
  1954   07    10.407
  1954   08     7.896
  1954   09     7.300
  1954   10     9.509
  1954   11    12.117
  1954   12    15.196
  1955   01    17.009
  1955   02    17.550
  1955   03    17.801
  1955   04    17.092
  1955   05    15.762
  1955   06    13.572
  1955   07    10.971
  1955   08     8.123
  1955   09     7.505
  1955   10     9.591
  1955   11    12.165
  1955   12    15.557
  1956   01    16.909
  1956   02    17.576
  1956   03    17.575
  1956   04    17.305
  1956   05    15.768
  1956   06    13.606
  1956   07    11.252
  1956   08     9.359
  1956   09     8.640
  1956   10    10.652
  1956   11    12.729
  1956   12    15.552
  1957   01    16.885
  1957   02    17.473
  1957   03    17.628
  1957   04    17.354
  1957   05    15.748
  1957   06    12.985
  1957   07    10.665
  1957   08     8.018
  1957   09     7.857
  1957   10     9.851
  1957   11    12.063
  1957   12    14.782
  1958   01    16.973
  1958   02    17.775
  1958   03    17.869
  1958   04    17.273
  1958   05    15.425
  1958   06    13.217
  1958   07    10.600
  1958   08     8.603
  1958   09     7.940
  1958   10     9.774
  1958   11    12.557
  1958   12    15.117
  1959   01    16.917
  1959   02    17.681
  1959   03    17.823
  1959   04    17.454
  1959   05    15.910
  1959   06    13.759
  1959   07    10.820
  1959   08     7.864
  1959   09     6.751
  1959   10     9.824
  1959   11    12.467
  1959   12    15.868
  1960   01    17.486
  1960   02    18.021
  1960   03    18.157
  1960   04    17.617
  1960   05    15.940
  1960   06    14.209
  1960   07    11.353
  1960   08     8.277
  1960   09     8.163
  1960   10    10.038
  1960   11    12.990
  1960   12    15.455
  1961   01    16.908
  1961   02    17.755
  1961   03    18.264
  1961   04    17.576
  1961   05    15.960
  1961   06    13.771
  1961   07    10.931
  1961   08     9.029
  1961   09     8.556
  1961   10    10.467
  1961   11    12.813
  1961   12    15.226
  1962   01    16.920
  1962   02    17.934
  1962   03    18.119
  1962   04    17.538
  1962   05    15.592
  1962   06    13.431
  1962   07    11.375
  1962   08     9.576
  1962   09     9.314
  1962   10    10.767
  1962   11    12.767
  1962   12    14.952
  1963   01    16.372
  1963   02    17.382
  1963   03    17.844
  1963   04    17.406
  1963   05    15.782
  1963   06    13.737
  1963   07    11.447
  1963   08     9.420
  1963   09     9.120
  1963   10    11.071
  1963   11    13.003
  1963   12    15.284
  1964   01    16.540
  1964   02    17.720
  1964   03    18.031
  1964   04    17.657
  1964   05    15.905
  1964   06    13.204
  1964   07    11.198
  1964   08     8.999
  1964   09     8.566
  1964   10    10.452
  1964   11    12.769
  1964   12    15.266
  1965   01    16.823
  1965   02    17.621
  1965   03    18.017
  1965   04    17.365
  1965   05    16.049
  1965   06    14.201
  1965   07    11.574
  1965   08     9.270
  1965   09     8.980
  1965   10    10.823
  1965   11    12.961
  1965   12    15.877
  1966   01    17.150
  1966   02    17.903
  1966   03    18.228
  1966   04    18.001
  1966   05    16.213
  1966   06    13.678
  1966   07    11.596
  1966   08     8.491
  1966   09     8.001
  1966   10    10.430
  1966   11    12.742
  1966   12    15.617
  1967   01    16.968
  1967   02    17.771
  1967   03    18.166
  1967   04    17.704
  1967   05    15.656
  1967   06    13.872
  1967   07    12.154
  1967   08     9.163
  1967   09     8.299
  1967   10    10.861
  1967   11    12.676
  1967   12    15.442
  1968   01    16.912
  1968   02    17.576
  1968   03    17.755
  1968   04    17.170
  1968   05    15.405
  1968   06    13.123
  1968   07    11.222
  1968   08     8.432
  1968   09     7.946
  1968   10    10.253
  1968   11    12.334
  1968   12    15.376
  1969   01    16.577
  1969   02    17.216
  1969   03    17.569
  1969   04    17.029
  1969   05    15.257
  1969   06    13.608
  1969   07    11.319
  1969   08     8.161
  1969   09     8.065
  1969   10     9.927
  1969   11    12.849
  1969   12    15.356
  1970   01    16.462
  1970   02    17.502
  1970   03    17.968
  1970   04    17.508
  1970   05    15.953
  1970   06    13.704
  1970   07    11.173
  1970   08     8.263
  1970   09     7.964
  1970   10     9.948
  1970   11    12.660
  1970   12    14.963
  1971   01    16.602
  1971   02    17.309
  1971   03    17.792
  1971   04    17.289
  1971   05    15.824
  1971   06    13.622
  1971   07    11.508
  1971   08     9.265
  1971   09     8.938
  1971   10    11.041
  1971   11    12.391
  1971   12    15.003
  1972   01    16.388
  1972   02    17.197
  1972   03    17.487
  1972   04    17.008
  1972   05    15.234
  1972   06    13.413
  1972   07    11.537
  1972   08     9.347
  1972   09     8.576
  1972   10    11.407
  1972   11    12.896
  1972   12    14.975
  1973   01    16.292
  1973   02    17.334
  1973   03    17.453
  1973   04    16.936
  1973   05    15.395
  1973   06    13.564
  1973   07    11.485
  1973   08     8.695
  1973   09     7.778
  1973   10     9.976
  1973   11    12.400
  1973   12    15.562
  1974   01    16.954
  1974   02    17.181
  1974   03    17.278
  1974   04    16.829
  1974   05    15.356
  1974   06    13.450
  1974   07    10.554
  1974   08     7.941
  1974   09     7.087
  1974   10     9.902
  1974   11    12.275
  1974   12    14.794
  1975   01    16.351
  1975   02    17.150
  1975   03    17.407
  1975   04    16.981
  1975   05    15.263
  1975   06    13.183
  1975   07    10.083
  1975   08     6.213
  1975   09     6.089
  1975   10     8.617
  1975   11    11.851
  1975   12    14.957
  1976   01    16.528
  1976   02    17.304
  1976   03    17.498
  1976   04    17.342
  1976   05    15.747
  1976   06    13.558
  1976   07    11.140
  1976   08     7.411
  1976   09     7.023
  1976   10     9.711
  1976   11    12.725
  1976   12    14.847
  1977   01    16.397
  1977   02    17.197
  1977   03    17.563
  1977   04    17.032
  1977   05    15.356
  1977   06    13.292
  1977   07    10.931
  1977   08     8.232
  1977   09     7.525
  1977   10     9.850
  1977   11    12.142
  1977   12    14.638
  1978   01    16.602
  1978   02    17.653
  1978   03    18.062
  1978   04    17.465
  1978   05    15.775
  1978   06    13.313
  1978   07    11.060
  1978   08     7.922
  1978   09     7.545
  1978   10    10.336
  1978   11    12.598
  1978   12    15.126
  1979   01    17.071
  1979   02    17.759
  1979   03    18.127
  1979   04    17.724
  1979   05    15.835
  1979   06    13.535
  1979   07    10.246
  1979   08     7.493
  1979   09     7.099
  1979   10     9.821
  1979   11    12.779
  1979   12    15.273
  1980   01    16.800
  1980   02    17.691
  1980   03    18.129
  1980   04    17.627
  1980   05    15.982
  1980   06    13.058
  1980   07    10.770
  1980   08     8.442
  1980   09     7.935
  1980   10    10.268
  1980   11    12.846
  1980   12    15.616
  1981   01    16.970
  1981   02    17.660
  1981   03    17.925
  1981   04    17.133
  1981   05    15.660
  1981   06    13.851
  1981   07    11.300
  1981   08     8.576
  1981   09     7.987
  1981   10    10.761
  1981   11    12.677
  1981   12    15.063
  1982   01    16.623
  1982   02    17.518
  1982   03    17.307
  1982   04    16.607
  1982   05    14.982
  1982   06    13.406
  1982   07    11.025
  1982   08     8.965
  1982   09     8.663
  1982   10    10.721
  1982   11    12.898
  1982   12    15.517
  1983   01    16.511
  1983   02    17.426
  1983   03    17.607
  1983   04    17.047
  1983   05    15.375
  1983   06    13.602
  1983   07    11.781
  1983   08     9.608
  1983   09     9.296
  1983   10    10.655
  1983   11    13.192
  1983   12    15.693
  1984   01    17.000
  1984   02    17.697
  1984   03    17.862
  1984   04    17.498
  1984   05    16.131
  1984   06    13.262
  1984   07    11.273
  1984   08     8.836
  1984   09     8.326
  1984   10    10.682
  1984   11    12.673
  1984   12    15.667
  1985   01    17.411
  1985   02    17.933
  1985   03    18.198
  1985   04    17.801
  1985   05    15.748
  1985   06    13.625
  1985   07    11.282
  1985   08     9.013
  1985   09     8.331
  1985   10    10.132
  1985   11    12.866
  1985   12    15.683
  1986   01    16.823
  1986   02    17.548
  1986   03    17.786
  1986   04    17.109
  1986   05    15.400
  1986   06    13.684
  1986   07    11.701
  1986   08     9.549
  1986   09     8.720
  1986   10    10.790
  1986   11    13.134
  1986   12    15.801
  1987   01    16.952
  1987   02    17.778
  1987   03    18.042
  1987   04    17.377
  1987   05    15.886
  1987   06    13.740
  1987   07    10.864
  1987   08     7.762
  1987   09     7.471
  1987   10    10.137
  1987   11    12.956
  1987   12    15.687
  1988   01    17.315
  1988   02    18.333
  1988   03    18.384
  1988   04    17.662
  1988   05    15.545
  1988   06    12.946
  1988   07    10.736
  1988   08     7.936
  1988   09     7.351
  1988   10    10.387
  1988   11    12.552
  1988   12    15.367
  1989   01    17.102
  1989   02    17.607
  1989   03    17.865
  1989   04    17.070
  1989   05    15.210
  1989   06    13.175
  1989   07    10.495
  1989   08     8.048
  1989   09     7.779
  1989   10     9.575
  1989   11    11.977
  1989   12    14.426
  1990   01    16.460
  1990   02    16.941
  1990   03    17.199
  1990   04    16.799
  1990   05    15.056
  1990   06    12.602
  1990   07     9.868
  1990   08     8.430
  1990   09     7.787
  1990   10     9.395
  1990   11    11.612
  1990   12    14.863
  1991   01    16.489
  1991   02    17.580
  1991   03    17.774
  1991   04    16.951
  1991   05    15.630
  1991   06    13.429
  1991   07    10.244
  1991   08     7.705
  1991   09     7.541
  1991   10     9.709
  1991   11    12.303
  1991   12    15.054
  1992   01    16.818
  1992   02    17.568
  1992   03    17.875
  1992   04    17.599
  1992   05    16.131
  1992   06    13.846
  1992   07    11.169
  1992   08     8.694
  1992   09     8.806
  1992   10    10.735
  1992   11    12.783
  1992   12    15.333
  1993   01    17.034
  1993   02    17.851
  1993   03    17.858
  1993   04    17.326
  1993   05    15.746
  1993   06    13.839
  1993   07    11.780
  1993   08     8.892
  1993   09     8.564
  1993   10    10.994
  1993   11    12.851
  1993   12    15.258
  1994   01    16.777
  1994   02    17.759
  1994   03    17.976
  1994   04    17.088
  1994   05    15.284
  1994   06    13.192
  1994   07    11.090
  1994   08     8.673
  1994   09     7.993
  1994   10    10.098
  1994   11    12.627
  1994   12    15.599
  1995   01    16.763
  1995   02    17.504
  1995   03    17.869
  1995   04    16.963
  1995   05    15.298
  1995   06    13.770
  1995   07    11.221
  1995   08     8.265
  1995   09     7.968
  1995   10     9.786
  1995   11    12.877
  1995   12    15.396
  1996   01    16.538
  1996   02    17.293
  1996   03    17.683
  1996   04    16.782
  1996   05    14.842
  1996   06    13.358
  1996   07    11.312
  1996   08     9.003
  1996   09     8.444
  1996   10    10.472
  1996   11    12.444
  1996   12    14.742
  1997   01    16.381
  1997   02    17.498
  1997   03    17.618
  1997   04    16.945
  1997   05    15.547
  1997   06    13.368
  1997   07    10.662
  1997   08     7.317
  1997   09     6.800
  1997   10     9.785
  1997   11    11.969
  1997   12    14.743
  1998   01    16.516
  1998   02    17.452
  1998   03    17.793
  1998   04    17.254
  1998   05    15.363
  1998   06    13.391
  1998   07     9.743
  1998   08     7.697
  1998   09     7.377
  1998   10     9.166
  1998   11    11.797
  1998   12    14.307
  1999   01    16.375
  1999   02    17.695
  1999   03    18.150
  1999   04    17.589
  1999   05    15.932
  1999   06    13.236
  1999   07    10.092
  1999   08     7.695
  1999   09     7.351
  1999   10     8.405
  1999   11    11.679
  1999   12    14.534
  2000   01    16.577
  2000   02    17.056
  2000   03    17.246
  2000   04    16.799
  2000   05    15.238
  2000   06    13.108
  2000   07    10.422
  2000   08     8.500
  2000   09     8.026
  2000   10     9.941
  2000   11    11.911
  2000   12    14.405
  2001   01    16.495
  2001   02    17.047
  2001   03    17.139
  2001   04    16.505
  2001   05    14.975
  2001   06    12.950
  2001   07     9.812
  2001   08     8.174
  2001   09     7.562
  2001   10     9.664
  2001   11    12.295
  2001   12    13.992
  2002   01    15.672
  2002   02    16.630
  2002   03    16.910
  2002   04    16.359
  2002   05    15.062
  2002   06    13.013
  2002   07     9.759
  2002   08     6.023
  2002   09     5.871
  2002   10     8.423
  2002   11    11.563
  2002   12    14.122
  2003   01    15.422
  2003   02    16.358
  2003   03    16.707
  2003   04    16.297
  2003   05    15.186
  2003   06    13.046
  2003   07    10.294
  2003   08     6.980
  2003   09     6.394
  2003   10     8.903
  2003   11    11.846
  2003   12    14.242
  2004   01    15.612
  2004   02    16.475
  2004   03    16.818
  2004   04    16.218
  2004   05    14.583
  2004   06    12.688
  2004   07     8.693
  2004   08     6.160
  2004   09     5.803
  2004   10     8.313
  2004   11    11.639
  2004   12    13.912
  2005   01    15.827
  2005   02    16.630
  2005   03    16.981
  2005   04    16.568
  2005   05    15.068
  2005   06    12.656
  2005   07     9.848
  2005   08     7.356
  2005   09     6.576
  2005   10     8.857
  2005   11    10.738
  2005   12    13.185
  2006   01    15.387
  2006   02    16.442
  2006   03    16.902
  2006   04    16.171
  2006   05    15.018
  2006   06    13.218
  2006   07    10.230
  2006   08     6.695
  2006   09     5.969
  2006   10     8.280
  2006   11    11.387
  2006   12    13.964
  2007   01    15.634
  2007   02    16.629
  2007   03    16.882
  2007   04    16.551
  2007   05    15.227
  2007   06    13.290
  2007   07     9.570
  2007   08     5.562
  2007   09     5.024
  2007   10     8.090
  2007   11    11.674
  2007   12    14.082
  2008   01    16.269
  2008   02    16.910
  2008   03    16.861
  2008   04    16.342
  2008   05    14.996
  2008   06    12.581
  2008   07     9.787
  2008   08     6.310
  2008   09     5.654
  2008   10     8.931
  2008   11    11.505
  2008   12    14.264
  2009   01    16.288
  2009   02    16.876
  2009   03    17.270
  2009   04    16.451
  2009   05    14.832
  2009   06    12.708
  2009   07     9.766
  2009   08     7.004
  2009   09     6.387
  2009   10     9.259
  2009   11    11.636
  2009   12    14.334
  2010   01    15.708
  2010   02    16.498
  2010   03    16.655
  2010   04    16.210
  2010   05    14.998
  2010   06    12.369
  2010   07    10.002
  2010   08     7.454
  2010   09     7.028
  2010   10     9.286
  2010   11    11.999
  2010   12    14.306
  2011   01    15.756
  2011   02    16.458
  2011   03    16.633
  2011   04    16.032
  2011   05    14.150
  2011   06    12.170
  2011   07    10.139
  2011   08     7.119
  2011   09     6.373
  2011   10     9.009
  2011   11    11.365
  2011   12    13.913
  2012   01    15.407
  2012   02    16.501
  2012   03    16.781
  2012   04    16.050
  2012   05    14.740
  2012   06    12.633
  2012   07    10.345
  2012   08     6.648
  2012   09     5.738
  2012   10     9.130
  2012   11    11.815
  2012   12    13.979
  2013   01    15.568
  2013   02    16.735
  2013   03    17.075
  2013   04    16.667
  2013   05    14.793
  2013   06    12.184
  2013   07     9.892
  2013   08     6.933
  2013   09     6.092
  2013   10     8.504
  2013   11    10.560
  2013   12    13.622
  2014   01    15.400
  2014   02    16.220
  2014   03    16.751
  2014   04    16.471
  2014   05    14.795
  2014   06    12.232
  2014   07     9.247
  2014   08     5.782
  2014   09     5.287
  2014   10     7.838
  2014   11    10.893
  2014   12    13.552
  2015   01    15.766
  2015   02    16.819
  2015   03    17.101
  2015   04    16.557
  2015   05    14.952
  2015   06    12.877
  2015   07     9.346
  2015   08     6.586
  2015   09     5.220
  2015   10     8.175
  2015   11    10.990
  2015   12    14.260
  2016   01    16.145
  2016   02    16.835
  2016   03    17.089
  2016   04    16.618
  2016   05    15.266
  2016   06    13.080
  2016   07     8.378
  2016   08     5.631
  2016   09     5.310
  2016   10     7.411
  2016   11    10.989
  2016   12    14.871
  2017   01    16.043
  2017   02    16.894
  2017   03    17.355
  2017   04    16.748
  2017   05    15.276
  2017   06    13.522
  2017   07    10.194
  2017   08     7.627
  2017   09     6.557
  2017   10     8.855
  2017   11    11.735
  2017   12    14.863
  2018   01    16.312
  2018   02    17.270
  2018   03    17.480
  2018   04    16.979
  2018   05    15.604
  2018   06    12.973
  2018   07    10.223
  2018   08     7.624
  2018   09     6.490
  2018   10     9.547
  2018   11    11.375
  2018   12    14.212
  2019   01    15.877
  2019   02    16.834
  2019   03    17.139
  2019   04    16.662
  2019   05    15.302
  2019   06    13.287
  2019   07    10.550
  2019   08     6.084
  2019   09     4.829
  2019   10     7.951
  2019   11    11.479
  2019   12    13.891
  2020   01    15.447
  2020   02    16.519
  2020   03    16.754
  2020   04    16.337
  2020   05    14.843
  2020   06    12.349
  2020   07     9.381
  2020   08     7.490
  2020   09     6.489
  2020   10     9.040
  2020   11    11.585
  2020   12    13.919
  2021   01    16.129
  2021   02    17.011
  2021   03    17.189
  2021   04    16.873
  2021   05    14.940
  2021   06    12.670
  2021   07     9.938
  2021   08     5.886
  2021   09     4.912
  2021   10     8.180
  2021   11    10.968
  2021   12    14.189
  2022   01    16.116
  2022   02    16.865
  2022   03    17.212
  2022   04    16.986
  2022   05    15.401
  2022   06    12.785
  2022   07     9.789
  2022   08     6.753
  2022   09     6.178
  2022   10     8.094
  2022   11    11.262
  2022   12    13.462
  2023   01    16.280
  2023   02    17.077
  2023   03    17.393
  2023   04    16.855
  2023   05    15.405
  2023   06    12.257
  2023   07     9.592
  2023   08     5.995
  2023   09     5.395
  2023   10     8.047
  2023   11    10.954
  2023   12    14.278
  2024   01    16.482
  2024   02    16.965
  2024   03    17.210
  2024   04    16.823
  2024   05    15.443
  2024   06    12.332
  2024   07     9.645
  2024   08     7.809
  2024   09     7.282
  2024   10     9.126
  2024   11    11.313
  2024   12    13.681
  2025   01    15.596
  2025   02    16.449
  2025   03    16.799
  2025   04    16.187
  2025   05    15.043
  2025   06    12.696
  2025   07    10.021
  2025   08     7.164
  2025   09     6.202
  2025   10     9.203
  2025   11    11.907
  2025   12    13.922
  2026   01    15.847
  2026   02    16.653
  2026   03    16.806
  2026   04    16.180
  2026   05    14.681
  2026   06    12.723
  2026   07     9.971
  2026   08     6.562
  2026   09     5.392
  2026   10     8.649
  2026   11    11.260
  2026   12    14.039
  2027   01    15.538
  2027   02    16.053
  2027   03    16.163
  2027   04    15.860
  2027   05    14.495
  2027   06    13.037
  2027   07    10.031
  2027   08     6.049
  2027   09     4.865
  2027   10     7.925
  2027   11    11.014
  2027   12    13.334
  2028   01    15.510
  2028   02    16.059
  2028   03    16.207
  2028   04    15.705
  2028   05    14.519
  2028   06    11.856
  2028   07     7.950
  2028   08     5.215
  2028   09     4.512
  2028   10     6.462
  2028   11     9.835
  2028   12    12.741
  2029   01    15.190
  2029   02    16.167
  2029   03    16.678
  2029   04    16.110
  2029   05    14.273
  2029   06    12.293
  2029   07     8.738
  2029   08     3.619
  2029   09     3.297
  2029   10     6.556
  2029   11    10.478
  2029   12    12.725
  2030   01    14.872
  2030   02    15.762
  2030   03    16.310
  2030   04    15.979
  2030   05    14.692
  2030   06    12.359
  2030   07     9.081
  2030   08     6.226
  2030   09     5.851
  2030   10     8.111
  2030   11    10.666
  2030   12    13.607
  2031   01    15.351
  2031   02    15.948
  2031   03    16.200
  2031   04    15.764
  2031   05    14.108
  2031   06    12.035
  2031   07     8.672
  2031   08     6.340
  2031   09     5.712
  2031   10     7.828
  2031   11    10.603
  2031   12    12.758
  2032   01    15.057
  2032   02    16.022
  2032   03    16.246
  2032   04    15.698
  2032   05    14.311
  2032   06    11.840
  2032   07     9.050
  2032   08     6.457
  2032   09     5.814
  2032   10     7.855
  2032   11    10.379
  2032   12    12.701
  2033   01    15.198
  2033   02    16.226
  2033   03    16.564
  2033   04    15.930
  2033   05    14.369
  2033   06    11.885
  2033   07     9.173
  2033   08     6.541
  2033   09     5.738
  2033   10     8.756
  2033   11    11.165
  2033   12    13.696
  2034   01    15.757
  2034   02    16.537
  2034   03    16.552
  2034   04    16.130
  2034   05    14.751
  2034   06    12.738
  2034   07     9.392
  2034   08     5.100
  2034   09     4.085
  2034   10     7.871
  2034   11    10.547
  2034   12    13.188
  2035   01    14.591
  2035   02    15.040
  2035   03    15.745
  2035   04    15.556
  2035   05    13.805
  2035   06    12.272
  2035   07     9.402
  2035   08     5.261
  2035   09     4.296
  2035   10     6.972
  2035   11    10.873
  2035   12    12.788
  2036   01    15.134
  2036   02    15.741
  2036   03    15.992
  2036   04    15.504
  2036   05    14.127
  2036   06    11.899
  2036   07     9.142
  2036   08     6.912
  2036   09     6.504
  2036   10     8.858
  2036   11    11.204
  2036   12    13.191
  2037   01    14.725
  2037   02    15.574
  2037   03    15.737
  2037   04    15.333
  2037   05    13.899
  2037   06    12.355
  2037   07     9.443
  2037   08     7.116
  2037   09     5.928
  2037   10     8.033
  2037   11    10.529
  2037   12    12.670
  2038   01    14.455
  2038   02    15.275
  2038   03    15.583
  2038   04    15.201
  2038   05    13.885
  2038   06    11.622
  2038   07     8.379
  2038   08     4.483
  2038   09     4.156
  2038   10     6.404
  2038   11     9.686
  2038   12    12.134
  2039   01    14.625
  2039   02    15.236
  2039   03    15.713
  2039   04    15.299
  2039   05    13.933
  2039   06    11.620
  2039   07     7.682
  2039   08     4.588
  2039   09     4.386
  2039   10     6.912
  2039   11    10.078
  2039   12    12.584
  2040   01    14.591
  2040   02    15.551
  2040   03    15.808
  2040   04    15.243
  2040   05    13.735
  2040   06    12.177
  2040   07     8.440
  2040   08     3.931
  2040   09     3.138
  2040   10     5.852
  2040   11    10.062
  2040   12    12.354
  2041   01    14.577
  2041   02    15.412
  2041   03    15.817
  2041   04    15.713
  2041   05    14.266
  2041   06    12.031
  2041   07     8.319
  2041   08     4.614
  2041   09     3.818
  2041   10     7.340
  2041   11    10.433
  2041   12    12.781
  2042   01    14.801
  2042   02    15.427
  2042   03    15.857
  2042   04    15.504
  2042   05    14.255
  2042   06    12.366
  2042   07     8.834
  2042   08     5.533
  2042   09     4.800
  2042   10     7.191
  2042   11    10.676
  2042   12    13.283
  2043   01    15.004
  2043   02    15.529
  2043   03    15.988
  2043   04    15.559
  2043   05    14.318
  2043   06    11.978
  2043   07     9.514
  2043   08     5.123
  2043   09     4.785
  2043   10     7.106
  2043   11    10.320
  2043   12    13.217
  2044   01    15.071
  2044   02    15.697
  2044   03    16.071
  2044   04    15.830
  2044   05    14.428
  2044   06    12.324
  2044   07     7.992
  2044   08     3.442
  2044   09     2.775
  2044   10     5.577
  2044   11     9.416
  2044   12    12.226
  2045   01    14.290
  2045   02    15.270
  2045   03    15.608
  2045   04    15.431
  2045   05    13.748
  2045   06    11.939
  2045   07     7.889
  2045   08     3.425
  2045   09     2.327
  2045   10     5.407
  2045   11     9.305
  2045   12    12.400
  2046   01    14.631
  2046   02    15.518
  2046   03    15.768
  2046   04    15.384
  2046   05    14.450
  2046   06    12.284
  2046   07     8.661
  2046   08     5.887
  2046   09     4.822
  2046   10     7.193
  2046   11    10.107
  2046   12    13.299
  2047   01    15.190
  2047   02    15.827
  2047   03    16.139
  2047   04    15.363
  2047   05    14.242
  2047   06    11.873
  2047   07    10.140
  2047   08     7.232
  2047   09     6.174
  2047   10     9.047
  2047   11    11.326
  2047   12    13.166
  2048   01    14.884
  2048   02    16.002
  2048   03    16.263
  2048   04    15.623
  2048   05    14.333
  2048   06    11.868
  2048   07     9.276
  2048   08     6.121
  2048   09     5.072
  2048   10     8.327
  2048   11    10.834
  2048   12    13.270
  2049   01    14.943
  2049   02    15.806
  2049   03    16.021
  2049   04    15.303
  2049   05    13.959
  2049   06    11.988
  2049   07     8.805
  2049   08     4.179
  2049   09     2.756
  2049   10     6.369
  2049   11    10.071
  2049   12    12.905
  2050   01    14.862
  2050   02    15.358
  2050   03    15.703
  2050   04    15.492
  2050   05    14.318
  2050   06    11.733
  2050   07     8.771
  2050   08     5.833
  2050   09     5.294
  2050   10     7.907
  2050   11    10.321
  2050   12    12.285
  2051   01    14.308
  2051   02    15.224
  2051   03    15.499
  2051   04    15.138
  2051   05    14.067
  2051   06    11.626
  2051   07     8.353
  2051   08     5.175
  2051   09     4.171
  2051   10     7.597
  2051   11     9.910
  2051   12    12.644
  2052   01    14.639
  2052   02    15.850
  2052   03    15.825
  2052   04    15.596
  2052   05    14.414
  2052   06    11.946
  2052   07     8.396
  2052   08     4.905
  2052   09     4.138
  2052   10     6.379
  2052   11    10.203
  2052   12    12.640
  2053   01    14.949
  2053   02    15.928
  2053   03    15.990
  2053   04    15.469
  2053   05    14.110
  2053   06    11.929
  2053   07     7.502
  2053   08     5.069
  2053   09     4.458
  2053   10     6.806
  2053   11    10.188
  2053   12    12.932
  2054   01    14.919
  2054   02    15.421
  2054   03    15.762
  2054   04    15.250
  2054   05    13.525
  2054   06    11.571
  2054   07     8.258
  2054   08     4.723
  2054   09     4.127
  2054   10     7.093
  2054   11     9.857
  2054   12    12.159
  2055   01    14.743
  2055   02    15.617
  2055   03    15.519
  2055   04    15.410
  2055   05    13.840
  2055   06    12.180
  2055   07     8.032
  2055   08     4.092
  2055   09     3.140
  2055   10     5.949
  2055   11    10.139
  2055   12    12.749
  2056   01    15.056
  2056   02    15.818
  2056   03    15.976
  2056   04    15.318
  2056   05    14.114
  2056   06    12.213
  2056   07     7.764
  2056   08     3.433
  2056   09     2.183
  2056   10     5.066
  2056   11    10.037
  2056   12    12.757
  2057   01    14.433
  2057   02    14.969
  2057   03    15.465
  2057   04    14.436
  2057   05    13.080
  2057   06    11.178
  2057   07     8.700
  2057   08     3.213
  2057   09     2.149
  2057   10     4.876
  2057   11     9.506
  2057   12    12.230
  2058   01    14.027
  2058   02    14.615
  2058   03    14.661
  2058   04    14.320
  2058   05    13.073
  2058   06    10.954
  2058   07     6.845
  2058   08     3.179
  2058   09     2.218
  2058   10     5.325
  2058   11     9.061
  2058   12    11.487
  2059   01    13.948
  2059   02    15.005
  2059   03    15.430
  2059   04    14.729
  2059   05    13.330
  2059   06    11.086
  2059   07     8.590
  2059   08     4.576
  2059   09     2.969
  2059   10     6.508
  2059   11    10.058
  2059   12    12.182
  2060   01    14.545
  2060   02    15.215
  2060   03    15.630
  2060   04    14.923
  2060   05    13.521
  2060   06    11.448
  2060   07     9.101
  2060   08     5.363
  2060   09     3.745
  2060   10     6.838
  2060   11     9.822
  2060   12    11.799
  2061   01    13.676
  2061   02    14.486
  2061   03    14.810
  2061   04    14.661
  2061   05    13.394
  2061   06    10.897
  2061   07     7.365
  2061   08     4.144
  2061   09     3.145
  2061   10     6.147
  2061   11     9.507
  2061   12    12.017
  2062   01    14.003
  2062   02    14.922
  2062   03    15.041
  2062   04    14.967
  2062   05    13.630
  2062   06    11.908
  2062   07     7.726
  2062   08     3.119
  2062   09     1.968
  2062   10     4.897
  2062   11     9.798
  2062   12    12.377
  2063   01    14.398
  2063   02    15.510
  2063   03    15.820
  2063   04    15.320
  2063   05    13.885
  2063   06    11.756
  2063   07     7.906
  2063   08     4.608
  2063   09     4.022
  2063   10     6.564
  2063   11     9.882
  2063   12    11.729
  2064   01    14.005
  2064   02    15.260
  2064   03    15.501
  2064   04    15.082
  2064   05    13.358
  2064   06    11.465
  2064   07     8.348
  2064   08     2.561
  2064   09     1.458
  2064   10     5.321
  2064   11     9.946
  2064   12    12.190
  2065   01    14.526
  2065   02    15.155
  2065   03    15.481
  2065   04    15.155
  2065   05    14.059
  2065   06    11.802
  2065   07     7.848
  2065   08     4.409
  2065   09     2.985
  2065   10     5.504
  2065   11     9.489
  2065   12    11.822
  2066   01    13.511
  2066   02    14.617
  2066   03    15.000
  2066   04    14.706
  2066   05    13.312
  2066   06    10.617
  2066   07     7.536
  2066   08     2.681
  2066   09     2.188
  2066   10     4.398
  2066   11     8.502
  2066   12    11.794
  2067   01    13.732
  2067   02    14.501
  2067   03    14.726
  2067   04    14.319
  2067   05    13.229
  2067   06    11.196
  2067   07     7.769
  2067   08     4.460
  2067   09     3.061
  2067   10     5.311
  2067   11     9.590
  2067   12    11.549
  2068   01    13.785
  2068   02    14.607
  2068   03    14.883
  2068   04    14.548
  2068   05    13.468
  2068   06    11.854
  2068   07     8.334
  2068   08     4.132
  2068   09     2.622
  2068   10     6.558
  2068   11     9.105
  2068   12    11.505
  2069   01    14.124
  2069   02    14.695
  2069   03    15.008
  2069   04    14.691
  2069   05    13.496
  2069   06    11.489
  2069   07     7.913
  2069   08     4.178
  2069   09     2.945
  2069   10     5.560
  2069   11     9.158
  2069   12    11.718
  2070   01    14.234
  2070   02    15.198
  2070   03    15.410
  2070   04    14.920
  2070   05    13.498
  2070   06    11.420
  2070   07     7.443
  2070   08     2.734
  2070   09     1.542
  2070   10     4.273
  2070   11     9.126
  2070   12    11.585
  2071   01    13.870
  2071   02    15.026
  2071   03    15.059
  2071   04    14.615
  2071   05    13.321
  2071   06    10.482
  2071   07     7.319
  2071   08     3.584
  2071   09     2.726
  2071   10     5.277
  2071   11     8.418
  2071   12    11.353
  2072   01    14.289
  2072   02    15.112
  2072   03    15.215
  2072   04    14.811
  2072   05    13.663
  2072   06    11.337
  2072   07     8.396
  2072   08     3.524
  2072   09     2.419
  2072   10     5.468
  2072   11     9.131
  2072   12    11.246
  2073   01    13.781
  2073   02    14.853
  2073   03    15.099
  2073   04    14.545
  2073   05    13.402
  2073   06    11.883
  2073   07     6.874
  2073   08     4.224
  2073   09     4.013
  2073   10     5.995
  2073   11     9.078
  2073   12    11.936
  2074   01    13.963
  2074   02    14.780
  2074   03    14.964
  2074   04    14.663
  2074   05    13.559
  2074   06    10.834
  2074   07     5.815
  2074   08     1.514
  2074   09     0.568
  2074   10     2.743
  2074   11     7.711
  2074   12    11.231
  2075   01    13.358
  2075   02    14.452
  2075   03    14.721
  2075   04    14.614
  2075   05    13.576
  2075   06    11.563
  2075   07     6.861
  2075   08     2.644
  2075   09     1.200
  2075   10     4.553
  2075   11     8.792
  2075   12    11.736
  2076   01    14.186
  2076   02    14.822
  2076   03    14.996
  2076   04    14.574
  2076   05    13.345
  2076   06    10.857
  2076   07     6.900
  2076   08     2.359
  2076   09     1.818
  2076   10     4.321
  2076   11     8.199
  2076   12    11.207
  2077   01    13.823
  2077   02    15.109
  2077   03    15.559
  2077   04    14.957
  2077   05    13.326
  2077   06    11.106
  2077   07     7.241
  2077   08     3.457
  2077   09     2.569
  2077   10     5.252
  2077   11     8.564
  2077   12    11.133
  2078   01    14.008
  2078   02    14.987
  2078   03    15.133
  2078   04    14.981
  2078   05    13.625
  2078   06    11.397
  2078   07     7.847
  2078   08     3.507
  2078   09     2.649
  2078   10     5.151
  2078   11     9.006
  2078   12    11.350
  2079   01    14.091
  2079   02    15.167
  2079   03    15.417
  2079   04    14.982
  2079   05    13.484
  2079   06    10.496
  2079   07     6.478
  2079   08     3.678
  2079   09     2.733
  2079   10     5.481
  2079   11     8.838
  2079   12    12.042
  2080   01    14.843
  2080   02    15.187
  2080   03    15.422
  2080   04    14.946
  2080   05    13.798
  2080   06    11.247
  2080   07     8.104
  2080   08     3.474
  2080   09     2.877
  2080   10     7.064
  2080   11    10.479
  2080   12    12.675
  2081   01    14.421
  2081   02    15.046
  2081   03    15.395
  2081   04    15.026
  2081   05    13.767
  2081   06    11.237
  2081   07     7.775
  2081   08     3.605
  2081   09     3.098
  2081   10     6.505
  2081   11     9.461
  2081   12    12.083
  2082   01    14.103
  2082   02    14.851
  2082   03    15.150
  2082   04    14.799
  2082   05    13.267
  2082   06    10.976
  2082   07     6.996
  2082   08     3.184
  2082   09     2.436
  2082   10     4.701
  2082   11     7.992
  2082   12    10.776
  2083   01    13.509
  2083   02    14.887
  2083   03    15.118
  2083   04    14.545
  2083   05    13.175
  2083   06    10.502
  2083   07     5.703
  2083   08     1.155
  2083   09     0.554
  2083   10     4.070
  2083   11     8.139
  2083   12    11.258
  2084   01    13.696
  2084   02    14.350
  2084   03    14.437
  2084   04    13.952
  2084   05    13.190
  2084   06    11.372
  2084   07     7.145
  2084   08     1.997
  2084   09     0.699
  2084   10     2.926
  2084   11     7.802
  2084   12    11.260
  2085   01    13.556
  2085   02    14.436
  2085   03    14.417
  2085   04    14.051
  2085   05    12.894
  2085   06    10.368
  2085   07     6.953
  2085   08     3.117
  2085   09     1.966
  2085   10     4.735
  2085   11     8.490
  2085   12    11.400
  2086   01    13.453
  2086   02    14.613
  2086   03    14.789
  2086   04    14.448
  2086   05    13.436
  2086   06    11.031
  2086   07     8.088
  2086   08     3.834
  2086   09     2.489
  2086   10     6.554
  2086   11     9.308
  2086   12    12.138
  2087   01    13.842
  2087   02    14.847
  2087   03    15.109
  2087   04    14.318
  2087   05    13.109
  2087   06    10.697
  2087   07     7.019
  2087   08     3.936
  2087   09     2.836
  2087   10     5.372
  2087   11     8.401
  2087   12    11.372
  2088   01    13.657
  2088   02    14.729
  2088   03    15.048
  2088   04    14.658
  2088   05    13.217
  2088   06    10.814
  2088   07     7.753
  2088   08     4.054
  2088   09     2.460
  2088   10     5.284
  2088   11     9.153
  2088   12    10.994
  2089   01    13.761
  2089   02    14.819
  2089   03    15.035
  2089   04    14.493
  2089   05    13.007
  2089   06    10.489
  2089   07     7.137
  2089   08     3.451
  2089   09     2.351
  2089   10     5.313
  2089   11     8.438
  2089   12    11.157
  2090   01    14.119
  2090   02    14.919
  2090   03    14.989
  2090   04    14.639
  2090   05    13.493
  2090   06    11.086
  2090   07     8.013
  2090   08     3.188
  2090   09     1.607
  2090   10     4.326
  2090   11     8.734
  2090   12    11.647
  2091   01    13.384
  2091   02    14.195
  2091   03    14.393
  2091   04    14.233
  2091   05    13.298
  2091   06    11.264
  2091   07     6.984
  2091   08     1.597
  2091   09     0.130
  2091   10     3.006
  2091   11     8.497
  2091   12    10.834
  2092   01    13.325
  2092   02    14.424
  2092   03    14.457
  2092   04    14.264
  2092   05    12.957
  2092   06    10.126
  2092   07     6.405
  2092   08     3.388
  2092   09     2.422
  2092   10     4.761
  2092   11     8.254
  2092   12    11.051
  2093   01    13.064
  2093   02    14.021
  2093   03    14.358
  2093   04    14.055
  2093   05    13.186
  2093   06    11.214
  2093   07     7.808
  2093   08     2.875
  2093   09     0.928
  2093   10     4.615
  2093   11     8.727
  2093   12    11.002
  2094   01    12.975
  2094   02    14.027
  2094   03    14.269
  2094   04    13.967
  2094   05    12.723
  2094   06     9.987
  2094   07     6.690
  2094   08     2.981
  2094   09     1.504
  2094   10     5.265
  2094   11     8.578
  2094   12    10.579
  2095   01    13.344
  2095   02    14.160
  2095   03    14.408
  2095   04    14.111
  2095   05    13.093
  2095   06    10.264
  2095   07     5.675
  2095   08     1.724
  2095   09     0.773
  2095   10     3.264
  2095   11     8.396
  2095   12    11.131
  2096   01    12.990
  2096   02    14.492
  2096   03    14.649
  2096   04    14.146
  2096   05    12.920
  2096   06    10.607
  2096   07     6.574
  2096   08     3.050
  2096   09     1.641
  2096   10     4.345
  2096   11     8.358
  2096   12    11.526
  2097   01    13.933
  2097   02    14.615
  2097   03    14.864
  2097   04    14.679
  2097   05    13.318
  2097   06    11.181
  2097   07     8.047
  2097   08     2.447
  2097   09     1.722
  2097   10     5.632
  2097   11     9.284
  2097   12    11.392
  2098   01    13.720
  2098   02    14.918
  2098   03    15.213
  2098   04    14.777
  2098   05    13.415
  2098   06    10.502
  2098   07     7.182
  2098   08     3.231
  2098   09     1.888
  2098   10     4.986
  2098   11     8.756
  2098   12    11.667
  2099   01    13.570
  2099   02    14.834
  2099   03    15.164
  2099   04    15.015
  2099   05    13.583
  2099   06    11.344
  2099   07     8.099
  2099   08     4.277
  2099   09     3.441
  2099   10     6.561
  2099   11     9.121
  2099   12    12.073
  2100   01    14.202
  2100   02    14.925
  2100   03    14.877
  2100   04    14.449
  2100   05    12.870
  2100   06    10.882
  2100   07     7.468
  2100   08     3.381
  2100   09     2.102
  2100   10     4.221
  2100   11     8.539
  2100   12    11.585
