  1850   01    14.274
  1850   02    14.874
  1850   03    14.674
  1850   04    14.125
  1850   05    12.770
  1850   06    10.571
  1850   07     8.754
  1850   08     7.031
  1850   09     6.402
  1850   10     9.012
  1850   11    10.767
  1850   12    12.803
  1851   01    14.425
  1851   02    14.838
  1851   03    14.726
  1851   04    14.196
  1851   05    13.053
  1851   06    10.912
  1851   07     8.900
  1851   08     7.122
  1851   09     6.341
  1851   10     9.489
  1851   11    11.122
  1851   12    12.880
  1852   01    14.650
  1852   02    15.111
  1852   03    14.903
  1852   04    14.283
  1852   05    13.068
  1852   06    10.666
  1852   07     8.777
  1852   08     7.611
  1852   09     7.134
  1852   10     9.295
  1852   11    10.763
  1852   12    12.590
  1853   01    14.373
  1853   02    15.110
  1853   03    14.913
  1853   04    14.357
  1853   05    13.047
  1853   06    10.577
  1853   07     8.903
  1853   08     7.053
  1853   09     7.081
  1853   10     9.291
  1853   11    10.990
  1853   12    13.027
  1854   01    14.790
  1854   02    15.157
  1854   03    15.100
  1854   04    14.393
  1854   05    12.862
  1854   06    10.863
  1854   07     8.976
  1854   08     6.870
  1854   09     5.999
  1854   10     8.914
  1854   11    11.017
  1854   12    13.025
  1855   01    14.485
  1855   02    15.007
  1855   03    14.982
  1855   04    14.396
  1855   05    13.095
  1855   06    11.536
  1855   07     8.790
  1855   08     6.512
  1855   09     5.680
  1855   10     9.190
  1855   11    11.069
  1855   12    13.372
  1856   01    14.617
  1856   02    15.170
  1856   03    15.158
  1856   04    14.626
  1856   05    13.202
  1856   06    11.370
  1856   07     8.290
  1856   08     6.358
  1856   09     5.360
  1856   10     8.692
  1856   11    10.693
  1856   12    13.148
  1857   01    14.777
  1857   02    15.192
  1857   03    15.059
  1857   04    14.190
  1857   05    13.021
  1857   06    10.483
  1857   07     8.229
  1857   08     5.765
  1857   09     5.440
  1857   10     8.567
  1857   11    10.519
  1857   12    12.624
  1858   01    14.093
  1858   02    14.800
  1858   03    14.717
  1858   04    13.779
  1858   05    12.457
  1858   06    10.405
  1858   07     8.216
  1858   08     6.707
  1858   09     6.703
  1858   10     9.041
  1858   11    10.674
  1858   12    12.967
  1859   01    14.262
  1859   02    14.483
  1859   03    14.715
  1859   04    14.099
  1859   05    12.547
  1859   06    10.529
  1859   07     8.019
  1859   08     6.641
  1859   09     6.519
  1859   10     8.913
  1859   11    10.350
  1859   12    12.529
  1860   01    14.232
  1860   02    14.890
  1860   03    14.994
  1860   04    14.448
  1860   05    13.057
  1860   06    10.904
  1860   07     8.308
  1860   08     6.005
  1860   09     5.305
  1860   10     8.811
  1860   11    11.032
  1860   12    12.935
  1861   01    14.410
  1861   02    14.746
  1861   03    14.869
  1861   04    14.357
  1861   05    13.116
  1861   06    10.952
  1861   07     8.837
  1861   08     6.718
  1861   09     6.404
  1861   10     9.032
  1861   11    10.731
  1861   12    13.022
  1862   01    14.701
  1862   02    15.423
  1862   03    15.613
  1862   04    14.651
  1862   05    13.505
  1862   06    11.468
  1862   07     8.610
  1862   08     6.226
  1862   09     5.432
  1862   10     8.679
  1862   11    10.509
  1862   12    13.043
  1863   01    14.744
  1863   02    15.220
  1863   03    14.909
  1863   04    13.846
  1863   05    12.536
  1863   06    10.782
  1863   07     8.514
  1863   08     6.445
  1863   09     6.003
  1863   10     8.338
  1863   11    10.514
  1863   12    12.741
  1864   01    14.323
  1864   02    14.915
  1864   03    14.758
  1864   04    14.318
  1864   05    13.144
  1864   06    10.310
  1864   07     8.167
  1864   08     6.287
  1864   09     5.803
  1864   10     8.227
  1864   11    10.815
  1864   12    12.625
  1865   01    14.362
  1865   02    15.132
  1865   03    14.921
  1865   04    14.210
  1865   05    12.900
  1865   06    10.815
  1865   07     8.554
  1865   08     6.440
  1865   09     5.509
  1865   10     8.753
  1865   11    10.735
  1865   12    12.513
  1866   01    14.060
  1866   02    14.768
  1866   03    14.688
  1866   04    14.105
  1866   05    12.763
  1866   06    10.804
  1866   07     8.482
  1866   08     6.217
  1866   09     5.867
  1866   10     8.751
  1866   11    10.624
  1866   12    12.657
  1867   01    14.383
  1867   02    15.104
  1867   03    14.958
  1867   04    14.383
  1867   05    13.196
  1867   06    10.867
  1867   07     8.645
  1867   08     6.367
  1867   09     5.571
  1867   10     8.876
  1867   11    10.757
  1867   12    12.449
  1868   01    14.050
  1868   02    14.723
  1868   03    14.553
  1868   04    14.143
  1868   05    13.019
  1868   06    10.722
  1868   07     8.688
  1868   08     6.554
  1868   09     6.097
  1868   10     9.115
  1868   11    10.653
  1868   12    12.904
  1869   01    14.275
  1869   02    14.867
  1869   03    14.799
  1869   04    14.325
  1869   05    13.198
  1869   06    10.615
  1869   07     8.660
  1869   08     6.144
  1869   09     5.703
  1869   10     8.615
  1869   11    10.600
  1869   12    12.300
  1870   01    14.540
  1870   02    15.290
  1870   03    15.154
  1870   04    14.732
  1870   05    13.352
  1870   06    10.737
  1870   07     8.631
  1870   08     6.709
  1870   09     5.798
  1870   10     8.968
  1870   11    10.593
  1870   12    12.934
  1871   01    14.307
  1871   02    15.140
  1871   03    14.887
  1871   04    14.373
  1871   05    12.991
  1871   06    10.742
  1871   07     8.723
  1871   08     7.085
  1871   09     6.749
  1871   10     8.993
  1871   11    10.864
  1871   12    12.753
  1872   01    14.255
  1872   02    14.972
  1872   03    14.928
  1872   04    14.182
  1872   05    12.898
  1872   06    10.896
  1872   07     8.182
  1872   08     5.998
  1872   09     5.685
  1872   10     8.676
  1872   11    10.682
  1872   12    13.169
  1873   01    14.493
  1873   02    14.891
  1873   03    14.770
  1873   04    14.217
  1873   05    13.107
  1873   06    10.690
  1873   07     8.351
  1873   08     6.351
  1873   09     5.616
  1873   10     8.786
  1873   11    10.499
  1873   12    12.923
  1874   01    14.311
  1874   02    15.084
  1874   03    15.184
  1874   04    14.407
  1874   05    13.092
  1874   06    11.491
  1874   07     8.854
  1874   08     6.737
  1874   09     5.919
  1874   10     9.014
  1874   11    10.640
  1874   12    12.991
  1875   01    14.702
  1875   02    15.354
  1875   03    15.304
  1875   04    14.515
  1875   05    13.172
  1875   06    10.380
  1875   07     8.070
  1875   08     5.769
  1875   09     5.095
  1875   10     8.592
  1875   11    10.623
  1875   12    12.941
  1876   01    14.570
  1876   02    15.154
  1876   03    15.123
  1876   04    14.627
  1876   05    13.176
  1876   06    10.523
  1876   07     8.500
  1876   08     6.680
  1876   09     6.269
  1876   10     8.248
  1876   11    10.753
  1876   12    13.089
  1877   01    14.315
  1877   02    14.778
  1877   03    14.925
  1877   04    14.550
  1877   05    13.009
  1877   06    11.214
  1877   07     8.905
  1877   08     6.834
  1877   09     6.323
  1877   10     9.195
  1877   11    10.794
  1877   12    12.951
  1878   01    14.526
  1878   02    15.348
  1878   03    15.208
  1878   04    14.254
  1878   05    13.094
  1878   06    10.744
  1878   07     8.623
  1878   08     6.945
  1878   09     6.789
  1878   10     8.686
  1878   11    10.510
  1878   12    12.942
  1879   01    14.171
  1879   02    14.611
  1879   03    14.671
  1879   04    14.148
  1879   05    12.731
  1879   06    10.666
  1879   07     8.377
  1879   08     6.704
  1879   09     6.440
  1879   10     8.921
  1879   11    10.852
  1879   12    12.760
  1880   01    14.161
  1880   02    14.727
  1880   03    14.732
  1880   04    14.166
  1880   05    13.241
  1880   06    11.333
  1880   07     8.760
  1880   08     6.693
  1880   09     5.860
  1880   10     8.959
  1880   11    10.727
  1880   12    12.534
  1881   01    14.514
  1881   02    14.978
  1881   03    14.962
  1881   04    14.441
  1881   05    13.276
  1881   06    10.919
  1881   07     8.218
  1881   08     6.439
  1881   09     6.117
  1881   10     8.989
  1881   11    10.722
  1881   12    12.995
  1882   01    14.255
  1882   02    14.941
  1882   03    14.888
  1882   04    14.395
  1882   05    13.547
  1882   06    10.751
  1882   07     8.798
  1882   08     6.803
  1882   09     6.049
  1882   10     8.579
  1882   11    10.876
  1882   12    12.758
  1883   01    14.056
  1883   02    14.868
  1883   03    14.711
  1883   04    14.133
  1883   05    12.719
  1883   06    10.372
  1883   07     8.124
  1883   08     5.641
  1883   09     5.294
  1883   10     8.481
  1883   11    10.058
  1883   12    11.974
  1884   01    13.852
  1884   02    14.286
  1884   03    14.419
  1884   04    13.635
  1884   05    12.363
  1884   06    10.203
  1884   07     8.189
  1884   08     6.567
  1884   09     6.247
  1884   10     9.192
  1884   11    10.892
  1884   12    12.831
  1885   01    14.419
  1885   02    14.978
  1885   03    14.983
  1885   04    14.397
  1885   05    13.174
  1885   06    10.704
  1885   07     8.673
  1885   08     7.631
  1885   09     7.395
  1885   10     9.357
  1885   11    10.921
  1885   12    12.776
  1886   01    14.714
  1886   02    15.006
  1886   03    14.882
  1886   04    14.497
  1886   05    13.260
  1886   06    11.025
  1886   07     9.089
  1886   08     7.400
  1886   09     7.197
  1886   10     9.441
  1886   11    11.206
  1886   12    13.243
  1887   01    14.798
  1887   02    15.292
  1887   03    15.505
  1887   04    15.082
  1887   05    13.847
  1887   06    11.755
  1887   07     9.597
  1887   08     7.845
  1887   09     7.067
  1887   10     9.366
  1887   11    11.247
  1887   12    13.588
  1888   01    15.042
  1888   02    15.642
  1888   03    15.373
  1888   04    14.721
  1888   05    13.481
  1888   06    12.081
  1888   07     9.195
  1888   08     7.364
  1888   09     6.739
  1888   10     9.250
  1888   11    11.291
  1888   12    13.687
  1889   01    15.031
  1889   02    15.659
  1889   03    15.494
  1889   04    14.806
  1889   05    13.406
  1889   06    11.863
  1889   07     8.864
  1889   08     7.292
  1889   09     7.131
  1889   10     9.312
  1889   11    11.494
  1889   12    13.410
  1890   01    14.790
  1890   02    15.209
  1890   03    15.219
  1890   04    14.380
  1890   05    13.144
  1890   06    11.337
  1890   07     8.376
  1890   08     6.764
  1890   09     6.659
  1890   10     8.987
  1890   11    10.822
  1890   12    13.096
  1891   01    14.556
  1891   02    15.036
  1891   03    14.569
  1891   04    14.080
  1891   05    12.788
  1891   06    11.233
  1891   07     8.966
  1891   08     7.277
  1891   09     6.462
  1891   10     9.345
  1891   11    10.879
  1891   12    12.895
  1892   01    14.336
  1892   02    14.765
  1892   03    14.634
  1892   04    14.322
  1892   05    13.092
  1892   06    11.447
  1892   07     8.062
  1892   08     6.102
  1892   09     6.001
  1892   10     8.746
  1892   11    10.716
  1892   12    12.762
  1893   01    14.520
  1893   02    14.953
  1893   03    14.611
  1893   04    13.961
  1893   05    12.940
  1893   06    10.898
  1893   07     8.162
  1893   08     6.561
  1893   09     6.269
  1893   10     8.396
  1893   11    10.454
  1893   12    12.657
  1894   01    14.435
  1894   02    15.251
  1894   03    14.902
  1894   04    14.511
  1894   05    12.974
  1894   06    11.043
  1894   07     9.023
  1894   08     6.896
  1894   09     5.897
  1894   10     8.694
  1894   11    10.729
  1894   12    12.693
  1895   01    14.118
  1895   02    14.602
  1895   03    14.633
  1895   04    14.184
  1895   05    12.995
  1895   06    10.470
  1895   07     8.275
  1895   08     6.543
  1895   09     5.784
  1895   10     8.818
  1895   11    10.785
  1895   12    12.797
  1896   01    14.345
  1896   02    14.997
  1896   03    14.652
  1896   04    14.215
  1896   05    12.703
  1896   06    10.340
  1896   07     8.222
  1896   08     6.815
  1896   09     6.756
  1896   10     8.594
  1896   11    10.524
  1896   12    12.354
  1897   01    13.856
  1897   02    14.632
  1897   03    14.738
  1897   04    13.889
  1897   05    12.791
  1897   06    10.770
  1897   07     8.396
  1897   08     6.962
  1897   09     6.344
  1897   10     8.254
  1897   11    10.392
  1897   12    12.806
  1898   01    14.174
  1898   02    14.825
  1898   03    14.616
  1898   04    14.158
  1898   05    13.024
  1898   06    10.695
  1898   07     8.288
  1898   08     6.207
  1898   09     5.689
  1898   10     8.911
  1898   11    10.917
  1898   12    12.707
  1899   01    14.274
  1899   02    14.939
  1899   03    14.788
  1899   04    14.140
  1899   05    12.845
  1899   06    10.684
  1899   07     8.077
  1899   08     6.335
  1899   09     5.947
  1899   10     8.672
  1899   11    10.756
  1899   12    12.507
  1900   01    13.978
  1900   02    14.541
  1900   03    14.536
  1900   04    14.018
  1900   05    12.909
  1900   06    10.432
  1900   07     8.372
  1900   08     6.499
  1900   09     6.460
  1900   10     8.436
  1900   11    10.194
  1900   12    12.159
  1901   01    13.863
  1901   02    14.454
  1901   03    14.461
  1901   04    13.813
  1901   05    12.463
  1901   06    10.852
  1901   07     8.144
  1901   08     5.677
  1901   09     5.129
  1901   10     8.551
  1901   11    10.434
  1901   12    12.329
  1902   01    14.215
  1902   02    14.707
  1902   03    14.540
  1902   04    14.059
  1902   05    12.613
  1902   06    10.476
  1902   07     8.285
  1902   08     6.533
  1902   09     6.317
  1902   10     9.014
  1902   11    10.662
  1902   12    12.315
  1903   01    14.080
  1903   02    14.736
  1903   03    14.403
  1903   04    13.892
  1903   05    12.741
  1903   06    10.395
  1903   07     8.319
  1903   08     6.457
  1903   09     6.155
  1903   10     8.991
  1903   11    10.871
  1903   12    12.805
  1904   01    14.049
  1904   02    14.362
  1904   03    14.502
  1904   04    13.835
  1904   05    12.478
  1904   06    10.529
  1904   07     8.428
  1904   08     6.477
  1904   09     6.142
  1904   10     8.805
  1904   11    10.633
  1904   12    12.739
  1905   01    13.978
  1905   02    14.651
  1905   03    14.665
  1905   04    13.911
  1905   05    12.452
  1905   06    10.382
  1905   07     8.190
  1905   08     6.600
  1905   09     6.235
  1905   10     8.969
  1905   11    10.669
  1905   12    13.370
  1906   01    14.430
  1906   02    14.910
  1906   03    15.002
  1906   04    14.449
  1906   05    12.604
  1906   06    10.183
  1906   07     8.685
  1906   08     7.094
  1906   09     6.887
  1906   10     8.844
  1906   11    10.556
  1906   12    12.507
  1907   01    14.026
  1907   02    14.316
  1907   03    14.513
  1907   04    14.136
  1907   05    12.738
  1907   06    10.556
  1907   07     8.302
  1907   08     6.235
  1907   09     5.568
  1907   10     8.737
  1907   11    10.722
  1907   12    12.562
  1908   01    14.235
  1908   02    14.748
  1908   03    15.076
  1908   04    14.241
  1908   05    12.955
  1908   06    10.773
  1908   07     8.842
  1908   08     6.605
  1908   09     5.989
  1908   10     9.219
  1908   11    10.728
  1908   12    12.763
  1909   01    14.082
  1909   02    14.708
  1909   03    14.526
  1909   04    14.209
  1909   05    12.803
  1909   06    10.859
  1909   07     8.326
  1909   08     6.693
  1909   09     5.970
  1909   10     8.898
  1909   11    10.759
  1909   12    12.989
  1910   01    14.067
  1910   02    14.764
  1910   03    14.696
  1910   04    14.006
  1910   05    12.651
  1910   06    10.783
  1910   07     7.517
  1910   08     6.202
  1910   09     5.809
  1910   10     7.645
  1910   11    10.338
  1910   12    12.530
  1911   01    13.835
  1911   02    14.544
  1911   03    14.579
  1911   04    13.818
  1911   05    12.616
  1911   06    10.496
  1911   07     8.329
  1911   08     6.472
  1911   09     5.901
  1911   10     7.731
  1911   11    10.090
  1911   12    12.026
  1912   01    13.774
  1912   02    14.730
  1912   03    14.722
  1912   04    14.345
  1912   05    13.130
  1912   06    10.833
  1912   07     8.536
  1912   08     6.387
  1912   09     5.796
  1912   10     8.934
  1912   11    10.562
  1912   12    12.802
  1913   01    14.155
  1913   02    14.734
  1913   03    14.773
  1913   04    14.272
  1913   05    12.882
  1913   06    11.246
  1913   07     8.434
  1913   08     6.071
  1913   09     5.566
  1913   10     8.689
  1913   11    10.777
  1913   12    13.117
  1914   01    14.502
  1914   02    14.933
  1914   03    14.964
  1914   04    14.414
  1914   05    13.186
  1914   06    10.764
  1914   07     8.849
  1914   08     6.950
  1914   09     6.203
  1914   10     8.969
  1914   11    10.656
  1914   12    12.646
  1915   01    14.244
  1915   02    14.596
  1915   03    14.549
  1915   04    14.231
  1915   05    12.945
  1915   06    10.929
  1915   07     8.307
  1915   08     6.246
  1915   09     5.614
  1915   10     8.706
  1915   11    10.462
  1915   12    12.690
  1916   01    14.020
  1916   02    14.673
  1916   03    14.489
  1916   04    13.907
  1916   05    12.846
  1916   06    11.060
  1916   07     8.552
  1916   08     6.201
  1916   09     5.885
  1916   10     8.755
  1916   11    10.771
  1916   12    12.432
  1917   01    14.116
  1917   02    14.509
  1917   03    14.442
  1917   04    13.772
  1917   05    12.568
  1917   06    10.021
  1917   07     8.102
  1917   08     6.352
  1917   09     6.233
  1917   10     8.742
  1917   11    10.619
  1917   12    12.821
  1918   01    14.038
  1918   02    14.853
  1918   03    14.701
  1918   04    14.066
  1918   05    13.024
  1918   06    10.601
  1918   07     8.949
  1918   08     6.883
  1918   09     6.269
  1918   10     8.573
  1918   11    10.348
  1918   12    12.479
  1919   01    14.009
  1919   02    14.623
  1919   03    14.464
  1919   04    14.050
  1919   05    12.709
  1919   06    10.106
  1919   07     7.756
  1919   08     6.211
  1919   09     6.044
  1919   10     8.190
  1919   11    10.390
  1919   12    12.230
  1920   01    13.774
  1920   02    14.573
  1920   03    14.422
  1920   04    13.801
  1920   05    12.602
  1920   06     9.965
  1920   07     8.077
  1920   08     5.981
  1920   09     5.695
  1920   10     8.527
  1920   11    10.305
  1920   12    12.093
  1921   01    13.628
  1921   02    14.432
  1921   03    14.490
  1921   04    13.831
  1921   05    12.575
  1921   06    10.068
  1921   07     8.235
  1921   08     6.014
  1921   09     5.144
  1921   10     8.358
  1921   11    10.342
  1921   12    12.032
  1922   01    13.645
  1922   02    14.202
  1922   03    14.307
  1922   04    13.576
  1922   05    12.581
  1922   06    10.583
  1922   07     8.092
  1922   08     6.364
  1922   09     5.893
  1922   10     8.790
  1922   11    10.655
  1922   12    12.668
  1923   01    13.996
  1923   02    14.594
  1923   03    14.375
  1923   04    13.622
  1923   05    12.483
  1923   06    10.448
  1923   07     8.520
  1923   08     6.195
  1923   09     5.931
  1923   10     7.996
  1923   11    10.507
  1923   12    12.205
  1924   01    13.705
  1924   02    14.332
  1924   03    14.218
  1924   04    13.825
  1924   05    12.774
  1924   06     9.932
  1924   07     7.749
  1924   08     6.102
  1924   09     5.742
  1924   10     8.402
  1924   11    10.247
  1924   12    12.551
  1925   01    14.082
  1925   02    14.335
  1925   03    14.516
  1925   04    14.164
  1925   05    13.004
  1925   06    10.712
  1925   07     8.903
  1925   08     7.103
  1925   09     6.451
  1925   10     8.948
  1925   11    11.079
  1925   12    12.695
  1926   01    14.668
  1926   02    15.310
  1926   03    14.989
  1926   04    14.327
  1926   05    13.054
  1926   06    10.803
  1926   07     8.586
  1926   08     6.487
  1926   09     5.902
  1926   10     8.269
  1926   11    10.244
  1926   12    12.527
  1927   01    14.012
  1927   02    14.980
  1927   03    14.510
  1927   04    13.847
  1927   05    12.843
  1927   06    10.849
  1927   07     8.719
  1927   08     7.199
  1927   09     6.915
  1927   10     8.900
  1927   11    10.732
  1927   12    12.410
  1928   01    14.045
  1928   02    14.711
  1928   03    14.664
  1928   04    13.878
  1928   05    12.495
  1928   06    10.398
  1928   07     8.284
  1928   08     7.206
  1928   09     7.122
  1928   10     9.212
  1928   11    10.776
  1928   12    12.844
  1929   01    14.087
  1929   02    14.645
  1929   03    14.590
  1929   04    13.729
  1929   05    12.666
  1929   06    11.062
  1929   07     9.132
  1929   08     7.292
  1929   09     6.619
  1929   10     8.923
  1929   11    10.426
  1929   12    12.167
  1930   01    14.160
  1930   02    14.821
  1930   03    15.063
  1930   04    14.321
  1930   05    12.872
  1930   06    10.786
  1930   07     8.670
  1930   08     6.929
  1930   09     6.517
  1930   10     8.548
  1930   11    10.569
  1930   12    12.657
  1931   01    14.004
  1931   02    14.774
  1931   03    14.614
  1931   04    14.075
  1931   05    12.512
  1931   06    10.106
  1931   07     7.787
  1931   08     6.479
  1931   09     6.461
  1931   10     8.596
  1931   11    10.551
  1931   12    12.676
  1932   01    14.007
  1932   02    14.613
  1932   03    14.644
  1932   04    13.685
  1932   05    12.237
  1932   06     9.985
  1932   07     8.255
  1932   08     6.222
  1932   09     5.626
  1932   10     7.967
  1932   11    10.289
  1932   12    11.853
  1933   01    13.691
  1933   02    14.404
  1933   03    14.464
  1933   04    13.645
  1933   05    12.399
  1933   06    10.067
  1933   07     7.811
  1933   08     6.335
  1933   09     5.627
  1933   10     8.146
  1933   11    10.102
  1933   12    12.123
  1934   01    13.997
  1934   02    14.576
  1934   03    14.465
  1934   04    13.955
  1934   05    12.542
  1934   06    10.635
  1934   07     9.003
  1934   08     6.538
  1934   09     5.833
  1934   10     8.851
  1934   11    10.752
  1934   12    12.577
  1935   01    13.938
  1935   02    14.451
  1935   03    14.488
  1935   04    14.021
  1935   05    12.742
  1935   06    10.717
  1935   07     8.574
  1935   08     6.211
  1935   09     5.495
  1935   10     8.757
  1935   11    10.393
  1935   12    12.772
  1936   01    14.110
  1936   02    14.515
  1936   03    14.659
  1936   04    14.129
  1936   05    12.889
  1936   06    10.543
  1936   07     8.137
  1936   08     6.464
  1936   09     6.050
  1936   10     8.444
  1936   11    10.397
  1936   12    12.737
  1937   01    13.827
  1937   02    14.499
  1937   03    14.669
  1937   04    14.226
  1937   05    12.737
  1937   06    10.767
  1937   07     8.846
  1937   08     7.412
  1937   09     6.977
  1937   10     9.183
  1937   11    10.367
  1937   12    12.287
  1938   01    14.030
  1938   02    14.680
  1938   03    14.583
  1938   04    13.691
  1938   05    12.474
  1938   06    10.357
  1938   07     8.114
  1938   08     6.390
  1938   09     6.064
  1938   10     8.353
  1938   11    10.474
  1938   12    11.967
  1939   01    13.621
  1939   02    14.648
  1939   03    14.701
  1939   04    14.340
  1939   05    12.963
  1939   06    10.371
  1939   07     8.624
  1939   08     6.611
  1939   09     6.396
  1939   10     8.835
  1939   11    10.605
  1939   12    12.664
  1940   01    14.295
  1940   02    15.212
  1940   03    14.926
  1940   04    14.313
  1940   05    12.574
  1940   06    10.625
  1940   07     8.457
  1940   08     6.756
  1940   09     6.230
  1940   10     8.959
  1940   11    10.657
  1940   12    12.579
  1941   01    14.290
  1941   02    14.687
  1941   03    14.615
  1941   04    14.080
  1941   05    12.953
  1941   06    10.862
  1941   07     8.744
  1941   08     6.696
  1941   09     6.012
  1941   10     8.358
  1941   11    10.729
  1941   12    12.645
  1942   01    14.465
  1942   02    15.431
  1942   03    15.062
  1942   04    14.511
  1942   05    13.128
  1942   06    10.972
  1942   07     7.983
  1942   08     6.200
  1942   09     6.267
  1942   10     8.426
  1942   11    10.686
  1942   12    12.668
  1943   01    14.361
  1943   02    14.967
  1943   03    14.746
  1943   04    14.000
  1943   05    12.835
  1943   06    10.367
  1943   07     7.943
  1943   08     6.745
  1943   09     6.532
  1943   10     8.573
  1943   11    10.394
  1943   12    12.190
  1944   01    13.862
  1944   02    14.551
  1944   03    14.331
  1944   04    13.976
  1944   05    12.636
  1944   06    10.756
  1944   07     8.847
  1944   08     6.446
  1944   09     5.822
  1944   10     8.393
  1944   11    10.496
  1944   12    12.637
  1945   01    14.535
  1945   02    14.946
  1945   03    14.969
  1945   04    14.528
  1945   05    13.250
  1945   06    11.146
  1945   07     8.749
  1945   08     6.475
  1945   09     6.149
  1945   10     9.289
  1945   11    10.986
  1945   12    13.112
  1946   01    14.671
  1946   02    15.203
  1946   03    15.368
  1946   04    14.868
  1946   05    13.165
  1946   06    11.031
  1946   07     8.766
  1946   08     6.938
  1946   09     6.522
  1946   10     8.989
  1946   11    10.543
  1946   12    12.974
  1947   01    14.510
  1947   02    15.500
  1947   03    15.447
  1947   04    14.245
  1947   05    13.107
  1947   06    11.124
  1947   07     8.832
  1947   08     5.996
  1947   09     5.163
  1947   10     8.815
  1947   11    10.343
  1947   12    12.453
  1948   01    14.115
  1948   02    15.098
  1948   03    14.800
  1948   04    14.365
  1948   05    12.988
  1948   06    10.353
  1948   07     8.738
  1948   08     6.810
  1948   09     6.160
  1948   10     8.831
  1948   11    10.498
  1948   12    12.655
  1949   01    14.354
  1949   02    15.042
  1949   03    15.004
  1949   04    14.407
  1949   05    12.939
  1949   06    10.792
  1949   07     7.866
  1949   08     5.906
  1949   09     5.676
  1949   10     8.634
  1949   11    10.635
  1949   12    12.855
  1950   01    14.572
  1950   02    15.179
  1950   03    15.071
  1950   04    14.221
  1950   05    12.514
  1950   06    10.390
  1950   07     7.674
  1950   08     6.302
  1950   09     6.131
  1950   10     8.495
  1950   11    10.603
  1950   12    12.305
  1951   01    14.008
  1951   02    14.768
  1951   03    14.621
  1951   04    14.128
  1951   05    12.825
  1951   06    10.685
  1951   07     8.716
  1951   08     6.607
  1951   09     6.353
  1951   10     8.717
  1951   11    10.724
  1951   12    13.256
  1952   01    14.610
  1952   02    15.037
  1952   03    14.928
  1952   04    14.133
  1952   05    13.047
  1952   06    11.253
  1952   07     8.597
  1952   08     7.089
  1952   09     6.651
  1952   10     8.916
  1952   11    10.837
  1952   12    13.034
  1953   01    14.041
  1953   02    15.001
  1953   03    14.850
  1953   04    14.109
  1953   05    12.784
  1953   06    11.246
  1953   07     8.541
  1953   08     6.829
  1953   09     6.714
  1953   10     8.814
  1953   11    10.742
  1953   12    12.955
  1954   01    14.048
  1954   02    14.663
  1954   03    14.441
  1954   04    13.765
  1954   05    12.548
  1954   06    10.278
  1954   07     7.955
  1954   08     6.520
  1954   09     6.734
  1954   10     8.721
  1954   11    10.278
  1954   12    12.308
  1955   01    14.155
  1955   02    14.693
  1955   03    14.642
  1955   04    14.090
  1955   05    12.504
  1955   06    10.255
  1955   07     7.833
  1955   08     6.025
  1955   09     5.628
  1955   10     8.493
  1955   11    10.588
  1955   12    12.776
  1956   01    14.043
  1956   02    14.591
  1956   03    14.936
  1956   04    14.209
  1956   05    12.979
  1956   06    10.887
  1956   07     8.680
  1956   08     5.697
  1956   09     4.997
  1956   10     8.492
  1956   11    10.757
  1956   12    12.829
  1957   01    14.465
  1957   02    15.157
  1957   03    14.935
  1957   04    14.346
  1957   05    12.801
  1957   06    10.323
  1957   07     8.513
  1957   08     6.712
  1957   09     6.260
  1957   10     8.158
  1957   11    10.463
  1957   12    12.495
  1958   01    14.205
  1958   02    14.984
  1958   03    14.632
  1958   04    14.021
  1958   05    12.677
  1958   06    10.217
  1958   07     8.213
  1958   08     6.700
  1958   09     6.205
  1958   10     8.929
  1958   11    10.711
  1958   12    12.739
  1959   01    14.055
  1959   02    14.473
  1959   03    14.528
  1959   04    13.731
  1959   05    12.457
  1959   06     9.727
  1959   07     8.085
  1959   08     6.707
  1959   09     5.960
  1959   10     7.992
  1959   11    10.459
  1959   12    12.731
  1960   01    14.063
  1960   02    14.806
  1960   03    14.834
  1960   04    14.289
  1960   05    12.967
  1960   06    11.099
  1960   07     8.897
  1960   08     6.296
  1960   09     5.323
  1960   10     8.878
  1960   11    10.513
  1960   12    12.588
  1961   01    14.132
  1961   02    14.678
  1961   03    14.603
  1961   04    14.106
  1961   05    12.974
  1961   06    10.279
  1961   07     8.444
  1961   08     6.606
  1961   09     5.829
  1961   10     8.870
  1961   11    10.568
  1961   12    12.321
  1962   01    14.263
  1962   02    14.928
  1962   03    14.565
  1962   04    14.058
  1962   05    12.773
  1962   06    10.797
  1962   07     8.440
  1962   08     5.691
  1962   09     4.981
  1962   10     8.718
  1962   11    10.850
  1962   12    13.080
  1963   01    14.338
  1963   02    14.863
  1963   03    14.862
  1963   04    14.181
  1963   05    12.835
  1963   06    11.146
  1963   07     8.370
  1963   08     6.837
  1963   09     6.210
  1963   10     8.848
  1963   11    10.740
  1963   12    12.863
  1964   01    14.164
  1964   02    15.160
  1964   03    15.014
  1964   04    14.303
  1964   05    13.401
  1964   06    11.575
  1964   07     8.942
  1964   08     6.905
  1964   09     6.413
  1964   10     8.284
  1964   11    10.873
  1964   12    12.861
  1965   01    14.504
  1965   02    15.131
  1965   03    15.108
  1965   04    14.596
  1965   05    13.454
  1965   06    11.421
  1965   07     8.677
  1965   08     6.748
  1965   09     6.559
  1965   10     9.340
  1965   11    11.016
  1965   12    13.155
  1966   01    14.482
  1966   02    14.990
  1966   03    14.865
  1966   04    14.138
  1966   05    12.965
  1966   06    11.084
  1966   07     8.809
  1966   08     7.070
  1966   09     6.597
  1966   10     9.049
  1966   11    10.633
  1966   12    13.187
  1967   01    14.167
  1967   02    15.023
  1967   03    14.921
  1967   04    14.183
  1967   05    13.238
  1967   06    11.391
  1967   07     8.429
  1967   08     7.035
  1967   09     6.642
  1967   10     9.136
  1967   11    10.947
  1967   12    13.113
  1968   01    14.514
  1968   02    14.680
  1968   03    14.746
  1968   04    14.086
  1968   05    13.192
  1968   06    11.474
  1968   07     8.811
  1968   08     6.685
  1968   09     5.938
  1968   10     8.884
  1968   11    10.793
  1968   12    13.213
  1969   01    14.238
  1969   02    14.969
  1969   03    14.983
  1969   04    14.260
  1969   05    12.814
  1969   06    10.534
  1969   07     7.726
  1969   08     6.171
  1969   09     5.569
  1969   10     8.472
  1969   11    10.312
  1969   12    12.587
  1970   01    13.898
  1970   02    14.465
  1970   03    14.788
  1970   04    14.094
  1970   05    12.921
  1970   06    10.842
  1970   07     8.543
  1970   08     6.914
  1970   09     6.249
  1970   10     9.168
  1970   11    10.702
  1970   12    12.970
  1971   01    14.406
  1971   02    15.058
  1971   03    15.068
  1971   04    14.490
  1971   05    13.119
  1971   06    11.421
  1971   07     8.832
  1971   08     7.228
  1971   09     6.778
  1971   10     9.331
  1971   11    10.859
  1971   12    13.272
  1972   01    14.649
  1972   02    15.297
  1972   03    15.176
  1972   04    14.432
  1972   05    13.083
  1972   06    10.861
  1972   07     8.862
  1972   08     6.883
  1972   09     6.238
  1972   10     8.666
  1972   11    10.478
  1972   12    12.892
  1973   01    14.312
  1973   02    14.932
  1973   03    14.939
  1973   04    14.342
  1973   05    12.803
  1973   06    10.675
  1973   07     8.668
  1973   08     7.152
  1973   09     6.371
  1973   10     8.922
  1973   11    10.785
  1973   12    13.067
  1974   01    14.281
  1974   02    14.851
  1974   03    14.847
  1974   04    14.465
  1974   05    13.320
  1974   06    11.245
  1974   07     9.097
  1974   08     7.173
  1974   09     7.154
  1974   10     9.376
  1974   11    10.768
  1974   12    12.691
  1975   01    14.502
  1975   02    15.035
  1975   03    15.137
  1975   04    14.429
  1975   05    13.229
  1975   06    11.558
  1975   07     8.556
  1975   08     6.855
  1975   09     6.710
  1975   10     9.085
  1975   11    10.695
  1975   12    13.370
  1976   01    14.835
  1976   02    15.534
  1976   03    15.343
  1976   04    14.747
  1976   05    13.341
  1976   06    11.094
  1976   07     9.105
  1976   08     7.472
  1976   09     7.105
  1976   10     9.189
  1976   11    11.097
  1976   12    13.347
  1977   01    14.841
  1977   02    15.399
  1977   03    15.392
  1977   04    14.858
  1977   05    13.643
  1977   06    11.094
  1977   07     8.741
  1977   08     7.053
  1977   09     6.708
  1977   10     9.317
  1977   11    11.101
  1977   12    13.319
  1978   01    14.979
  1978   02    15.555
  1978   03    15.634
  1978   04    14.959
  1978   05    13.863
  1978   06    11.665
  1978   07     9.634
  1978   08     8.025
  1978   09     7.213
  1978   10     9.354
  1978   11    11.287
  1978   12    13.647
  1979   01    14.965
  1979   02    15.844
  1979   03    15.802
  1979   04    15.369
  1979   05    14.037
  1979   06    12.238
  1979   07     9.700
  1979   08     8.088
  1979   09     7.265
  1979   10     9.763
  1979   11    11.455
  1979   12    13.939
  1980   01    15.335
  1980   02    16.196
  1980   03    15.997
  1980   04    15.043
  1980   05    13.829
  1980   06    11.543
  1980   07     9.409
  1980   08     8.088
  1980   09     7.605
  1980   10     9.658
  1980   11    11.415
  1980   12    13.706
  1981   01    15.183
  1981   02    16.240
  1981   03    16.051
  1981   04    15.336
  1981   05    13.806
  1981   06    11.442
  1981   07     8.944
  1981   08     7.306
  1981   09     7.221
  1981   10     9.274
  1981   11    11.188
  1981   12    13.536
  1982   01    14.908
  1982   02    15.597
  1982   03    15.676
  1982   04    15.168
  1982   05    13.574
  1982   06    11.105
  1982   07     9.106
  1982   08     7.505
  1982   09     7.188
  1982   10     9.381
  1982   11    11.003
  1982   12    13.086
  1983   01    14.778
  1983   02    15.596
  1983   03    15.708
  1983   04    15.147
  1983   05    13.473
  1983   06    11.706
  1983   07     8.884
  1983   08     7.408
  1983   09     7.083
  1983   10     9.577
  1983   11    11.242
  1983   12    13.780
  1984   01    14.914
  1984   02    15.308
  1984   03    15.471
  1984   04    14.669
  1984   05    13.351
  1984   06    11.296
  1984   07     9.227
  1984   08     7.550
  1984   09     7.192
  1984   10     9.611
  1984   11    11.128
  1984   12    13.368
  1985   01    14.857
  1985   02    15.183
  1985   03    15.266
  1985   04    14.788
  1985   05    13.705
  1985   06    11.821
  1985   07     9.154
  1985   08     7.532
  1985   09     6.826
  1985   10     9.427
  1985   11    11.181
  1985   12    13.073
  1986   01    14.828
  1986   02    15.093
  1986   03    15.023
  1986   04    14.339
  1986   05    12.989
  1986   06    10.811
  1986   07     8.080
  1986   08     6.622
  1986   09     6.643
  1986   10     9.189
  1986   11    10.766
  1986   12    12.972
  1987   01    14.269
  1987   02    14.618
  1987   03    14.559
  1987   04    13.945
  1987   05    12.811
  1987   06    11.094
  1987   07     8.339
  1987   08     6.288
  1987   09     6.081
  1987   10     8.686
  1987   11    10.633
  1987   12    12.892
  1988   01    14.276
  1988   02    15.092
  1988   03    14.888
  1988   04    14.182
  1988   05    12.992
  1988   06    10.277
  1988   07     8.193
  1988   08     6.919
  1988   09     6.737
  1988   10     8.935
  1988   11    10.552
  1988   12    12.814
  1989   01    14.092
  1989   02    14.615
  1989   03    14.478
  1989   04    13.734
  1989   05    12.646
  1989   06    10.879
  1989   07     8.677
  1989   08     6.674
  1989   09     6.379
  1989   10     8.603
  1989   11    10.745
  1989   12    12.480
  1990   01    13.900
  1990   02    14.397
  1990   03    14.525
  1990   04    13.998
  1990   05    12.333
  1990   06    10.848
  1990   07     8.130
  1990   08     6.842
  1990   09     6.694
  1990   10     9.028
  1990   11    10.749
  1990   12    12.811
  1991   01    14.097
  1991   02    14.855
  1991   03    15.014
  1991   04    14.122
  1991   05    12.666
  1991   06    10.825
  1991   07     8.044
  1991   08     6.505
  1991   09     6.065
  1991   10     8.545
  1991   11    10.323
  1991   12    12.863
  1992   01    14.157
  1992   02    14.898
  1992   03    14.945
  1992   04    14.356
  1992   05    13.303
  1992   06    11.114
  1992   07     9.065
  1992   08     7.735
  1992   09     7.487
  1992   10     9.679
  1992   11    11.199
  1992   12    13.446
  1993   01    14.929
  1993   02    15.442
  1993   03    15.327
  1993   04    14.793
  1993   05    13.493
  1993   06    11.672
  1993   07     9.696
  1993   08     8.516
  1993   09     8.117
  1993   10     9.646
  1993   11    11.353
  1993   12    13.475
  1994   01    14.972
  1994   02    15.573
  1994   03    15.387
  1994   04    14.660
  1994   05    13.485
  1994   06    11.934
  1994   07     9.441
  1994   08     8.011
  1994   09     7.344
  1994   10     9.142
  1994   11    11.227
  1994   12    13.150
  1995   01    14.758
  1995   02    15.259
  1995   03    15.331
  1995   04    14.638
  1995   05    13.219
  1995   06    10.998
  1995   07     9.101
  1995   08     7.903
  1995   09     7.174
  1995   10     8.934
  1995   11    10.568
  1995   12    13.234
  1996   01    14.604
  1996   02    15.204
  1996   03    15.077
  1996   04    14.664
  1996   05    13.251
  1996   06    11.492
  1996   07     8.328
  1996   08     6.417
  1996   09     6.178
  1996   10     9.046
  1996   11    10.818
  1996   12    13.206
  1997   01    14.573
  1997   02    15.413
  1997   03    15.296
  1997   04    14.462
  1997   05    13.512
  1997   06    11.390
  1997   07     9.115
  1997   08     7.216
  1997   09     6.860
  1997   10     9.335
  1997   11    10.808
  1997   12    13.067
  1998   01    14.497
  1998   02    14.898
  1998   03    14.945
  1998   04    14.212
  1998   05    13.021
  1998   06    11.174
  1998   07     8.501
  1998   08     6.942
  1998   09     6.343
  1998   10     8.751
  1998   11    10.707
  1998   12    12.812
  1999   01    14.208
  1999   02    14.912
  1999   03    14.605
  1999   04    13.626
  1999   05    12.461
  1999   06    10.470
  1999   07     8.205
  1999   08     6.358
  1999   09     5.874
  1999   10     8.598
  1999   11    10.435
  1999   12    12.449
  2000   01    13.911
  2000   02    14.520
  2000   03    14.486
  2000   04    13.848
  2000   05    12.474
  2000   06    10.383
  2000   07     8.782
  2000   08     6.283
  2000   09     5.944
  2000   10     8.963
  2000   11    10.693
  2000   12    12.690
  2001   01    14.072
  2001   02    14.689
  2001   03    14.512
  2001   04    14.074
  2001   05    12.457
  2001   06     9.757
  2001   07     7.933
  2001   08     6.219
  2001   09     5.636
  2001   10     8.056
  2001   11    10.372
  2001   12    12.139
  2002   01    13.610
  2002   02    14.457
  2002   03    14.397
  2002   04    13.766
  2002   05    12.542
  2002   06    10.333
  2002   07     8.264
  2002   08     6.360
  2002   09     6.286
  2002   10     7.958
  2002   11    10.237
  2002   12    12.177
  2003   01    14.026
  2003   02    14.483
  2003   03    14.457
  2003   04    13.902
  2003   05    12.872
  2003   06    10.590
  2003   07     8.871
  2003   08     6.487
  2003   09     5.830
  2003   10     8.922
  2003   11    10.623
  2003   12    12.593
  2004   01    14.077
  2004   02    14.697
  2004   03    14.719
  2004   04    13.958
  2004   05    12.711
  2004   06    10.302
  2004   07     8.142
  2004   08     6.013
  2004   09     5.786
  2004   10     8.573
  2004   11    10.408
  2004   12    12.488
  2005   01    14.044
  2005   02    14.707
  2005   03    14.631
  2005   04    14.242
  2005   05    12.892
  2005   06    10.980
  2005   07     8.847
  2005   08     6.799
  2005   09     6.124
  2005   10     8.888
  2005   11    10.472
  2005   12    12.344
  2006   01    13.847
  2006   02    14.428
  2006   03    14.365
  2006   04    13.950
  2006   05    12.746
  2006   06    10.688
  2006   07     8.746
  2006   08     6.450
  2006   09     5.611
  2006   10     8.521
  2006   11    10.706
  2006   12    12.479
  2007   01    14.100
  2007   02    14.665
  2007   03    14.668
  2007   04    14.131
  2007   05    12.974
  2007   06    10.968
  2007   07     8.575
  2007   08     5.842
  2007   09     5.380
  2007   10     8.387
  2007   11    10.607
  2007   12    12.688
  2008   01    14.171
  2008   02    14.702
  2008   03    14.482
  2008   04    14.066
  2008   05    13.093
  2008   06    10.936
  2008   07     7.668
  2008   08     5.340
  2008   09     4.937
  2008   10     7.922
  2008   11    10.616
  2008   12    12.729
  2009   01    14.033
  2009   02    14.544
  2009   03    14.464
  2009   04    13.891
  2009   05    12.727
  2009   06    10.889
  2009   07     8.039
  2009   08     5.419
  2009   09     5.030
  2009   10     8.057
  2009   11    10.373
  2009   12    12.029
  2010   01    13.981
  2010   02    14.437
  2010   03    14.441
  2010   04    13.962
  2010   05    12.834
  2010   06    10.347
  2010   07     8.378
  2010   08     6.379
  2010   09     5.711
  2010   10     8.743
  2010   11    10.722
  2010   12    12.702
  2011   01    13.923
  2011   02    14.542
  2011   03    14.379
  2011   04    13.680
  2011   05    12.768
  2011   06    10.401
  2011   07     8.247
  2011   08     6.041
  2011   09     5.622
  2011   10     8.387
  2011   11    10.466
  2011   12    12.410
  2012   01    13.911
  2012   02    14.475
  2012   03    14.452
  2012   04    13.634
  2012   05    12.796
  2012   06    11.080
  2012   07     8.747
  2012   08     6.532
  2012   09     5.888
  2012   10     8.482
  2012   11    10.425
  2012   12    12.056
  2013   01    14.007
  2013   02    14.649
  2013   03    14.223
  2013   04    13.871
  2013   05    12.632
  2013   06    10.178
  2013   07     8.123
  2013   08     6.182
  2013   09     5.359
  2013   10     8.324
  2013   11    10.431
  2013   12    12.123
  2014   01    13.874
  2014   02    14.613
  2014   03    14.572
  2014   04    14.235
  2014   05    12.801
  2014   06    10.389
  2014   07     7.980
  2014   08     6.000
  2014   09     6.144
  2014   10     8.669
  2014   11    10.690
  2014   12    12.517
  2015   01    14.050
  2015   02    14.772
  2015   03    14.698
  2015   04    14.267
  2015   05    13.077
  2015   06    10.794
  2015   07     8.716
  2015   08     5.800
  2015   09     5.045
  2015   10     8.608
  2015   11    10.469
  2015   12    12.603
  2016   01    14.261
  2016   02    14.750
  2016   03    14.812
  2016   04    14.102
  2016   05    12.789
  2016   06    10.004
  2016   07     7.588
  2016   08     5.808
  2016   09     5.026
  2016   10     7.967
  2016   11    10.087
  2016   12    12.284
  2017   01    13.891
  2017   02    14.628
  2017   03    14.640
  2017   04    14.037
  2017   05    13.006
  2017   06    10.694
  2017   07     8.351
  2017   08     5.550
  2017   09     5.129
  2017   10     7.633
  2017   11     9.925
  2017   12    12.218
  2018   01    13.594
  2018   02    14.185
  2018   03    14.432
  2018   04    14.180
  2018   05    12.813
  2018   06    10.537
  2018   07     7.730
  2018   08     5.123
  2018   09     4.013
  2018   10     6.529
  2018   11     9.993
  2018   12    11.736
  2019   01    13.424
  2019   02    14.189
  2019   03    14.278
  2019   04    13.695
  2019   05    12.242
  2019   06     9.867
  2019   07     8.609
  2019   08     6.676
  2019   09     5.579
  2019   10     8.336
  2019   11    10.265
  2019   12    11.583
  2020   01    13.063
  2020   02    13.895
  2020   03    13.968
  2020   04    13.361
  2020   05    12.180
  2020   06    10.061
  2020   07     8.173
  2020   08     5.315
  2020   09     4.613
  2020   10     7.534
  2020   11     9.481
  2020   12    11.431
  2021   01    13.239
  2021   02    14.007
  2021   03    14.135
  2021   04    13.552
  2021   05    12.362
  2021   06     9.825
  2021   07     7.657
  2021   08     5.806
  2021   09     5.313
  2021   10     7.725
  2021   11    10.052
  2021   12    11.764
  2022   01    13.042
  2022   02    13.705
  2022   03    13.579
  2022   04    12.997
  2022   05    12.033
  2022   06     9.503
  2022   07     7.451
  2022   08     5.926
  2022   09     5.573
  2022   10     7.991
  2022   11    10.267
  2022   12    11.971
  2023   01    13.297
  2023   02    13.898
  2023   03    13.980
  2023   04    13.409
  2023   05    12.351
  2023   06     9.923
  2023   07     7.746
  2023   08     5.709
  2023   09     4.900
  2023   10     7.811
  2023   11    10.073
  2023   12    11.875
  2024   01    13.431
  2024   02    14.286
  2024   03    14.268
  2024   04    13.844
  2024   05    12.236
  2024   06     9.855
  2024   07     7.943
  2024   08     5.505
  2024   09     5.083
  2024   10     8.224
  2024   11    10.299
  2024   12    12.146
  2025   01    13.461
  2025   02    14.049
  2025   03    14.145
  2025   04    13.699
  2025   05    12.552
  2025   06    10.265
  2025   07     8.542
  2025   08     6.461
  2025   09     5.468
  2025   10     8.395
  2025   11    10.429
  2025   12    12.045
  2026   01    13.514
  2026   02    14.276
  2026   03    14.029
  2026   04    13.390
  2026   05    12.222
  2026   06    10.129
  2026   07     7.831
  2026   08     5.447
  2026   09     4.868
  2026   10     7.803
  2026   11    10.036
  2026   12    11.849
  2027   01    13.598
  2027   02    14.032
  2027   03    13.960
  2027   04    13.678
  2027   05    12.461
  2027   06    10.020
  2027   07     7.914
  2027   08     6.433
  2027   09     5.619
  2027   10     8.210
  2027   11     9.861
  2027   12    11.692
  2028   01    13.456
  2028   02    14.178
  2028   03    14.099
  2028   04    13.420
  2028   05    12.187
  2028   06     9.701
  2028   07     8.037
  2028   08     6.329
  2028   09     5.775
  2028   10     7.601
  2028   11     9.650
  2028   12    11.545
  2029   01    13.186
  2029   02    13.904
  2029   03    13.838
  2029   04    13.696
  2029   05    12.240
  2029   06    10.283
  2029   07     8.326
  2029   08     6.314
  2029   09     5.445
  2029   10     8.426
  2029   11    10.321
  2029   12    12.270
  2030   01    13.482
  2030   02    14.212
  2030   03    14.140
  2030   04    13.607
  2030   05    12.271
  2030   06     9.734
  2030   07     8.093
  2030   08     6.275
  2030   09     5.216
  2030   10     8.446
  2030   11    10.305
  2030   12    12.187
  2031   01    13.563
  2031   02    14.417
  2031   03    14.590
  2031   04    13.895
  2031   05    12.631
  2031   06    10.387
  2031   07     8.019
  2031   08     5.459
  2031   09     4.427
  2031   10     8.259
  2031   11     9.962
  2031   12    11.959
  2032   01    13.601
  2032   02    14.573
  2032   03    14.553
  2032   04    13.719
  2032   05    12.765
  2032   06    10.423
  2032   07     8.275
  2032   08     5.173
  2032   09     4.252
  2032   10     7.469
  2032   11     9.987
  2032   12    11.891
  2033   01    13.757
  2033   02    14.319
  2033   03    14.253
  2033   04    13.536
  2033   05    12.237
  2033   06     9.783
  2033   07     7.757
  2033   08     6.113
  2033   09     5.199
  2033   10     8.014
  2033   11    10.052
  2033   12    11.668
  2034   01    13.450
  2034   02    14.037
  2034   03    14.168
  2034   04    13.758
  2034   05    12.334
  2034   06    10.231
  2034   07     8.158
  2034   08     5.639
  2034   09     4.985
  2034   10     7.586
  2034   11    10.392
  2034   12    11.851
  2035   01    13.760
  2035   02    14.479
  2035   03    14.530
  2035   04    14.134
  2035   05    12.559
  2035   06    10.478
  2035   07     7.951
  2035   08     5.536
  2035   09     4.683
  2035   10     7.761
  2035   11    10.098
  2035   12    12.142
  2036   01    14.055
  2036   02    14.641
  2036   03    14.803
  2036   04    14.244
  2036   05    12.735
  2036   06    10.195
  2036   07     8.294
  2036   08     6.357
  2036   09     5.299
  2036   10     7.711
  2036   11    10.203
  2036   12    11.995
  2037   01    13.534
  2037   02    14.172
  2037   03    14.016
  2037   04    13.660
  2037   05    12.366
  2037   06     9.544
  2037   07     7.867
  2037   08     5.816
  2037   09     5.358
  2037   10     7.969
  2037   11    10.118
  2037   12    11.930
  2038   01    13.702
  2038   02    14.173
  2038   03    14.177
  2038   04    13.748
  2038   05    12.317
  2038   06    10.154
  2038   07     7.827
  2038   08     6.263
  2038   09     5.723
  2038   10     7.785
  2038   11    10.086
  2038   12    11.884
  2039   01    13.504
  2039   02    14.032
  2039   03    14.050
  2039   04    13.436
  2039   05    12.399
  2039   06    10.190
  2039   07     7.129
  2039   08     5.013
  2039   09     3.901
  2039   10     6.884
  2039   11     9.743
  2039   12    12.021
  2040   01    13.155
  2040   02    14.082
  2040   03    13.989
  2040   04    13.563
  2040   05    12.373
  2040   06    10.037
  2040   07     7.284
  2040   08     4.676
  2040   09     3.798
  2040   10     6.879
  2040   11     9.607
  2040   12    11.681
  2041   01    13.231
  2041   02    14.025
  2041   03    14.058
  2041   04    13.475
  2041   05    12.004
  2041   06     9.980
  2041   07     7.988
  2041   08     5.422
  2041   09     4.357
  2041   10     7.923
  2041   11    10.065
  2041   12    11.776
  2042   01    13.292
  2042   02    14.049
  2042   03    14.009
  2042   04    13.417
  2042   05    12.257
  2042   06    10.392
  2042   07     7.806
  2042   08     4.762
  2042   09     4.027
  2042   10     6.439
  2042   11    10.102
  2042   12    11.798
  2043   01    13.168
  2043   02    13.919
  2043   03    13.605
  2043   04    13.066
  2043   05    12.062
  2043   06     9.862
  2043   07     7.802
  2043   08     4.942
  2043   09     4.245
  2043   10     7.119
  2043   11     9.563
  2043   12    11.493
  2044   01    13.047
  2044   02    13.684
  2044   03    13.615
  2044   04    12.960
  2044   05    11.608
  2044   06     9.877
  2044   07     7.472
  2044   08     5.516
  2044   09     4.518
  2044   10     7.188
  2044   11     9.841
  2044   12    11.628
  2045   01    12.925
  2045   02    13.653
  2045   03    13.784
  2045   04    13.234
  2045   05    12.046
  2045   06     9.963
  2045   07     7.218
  2045   08     5.211
  2045   09     4.191
  2045   10     7.012
  2045   11     9.713
  2045   12    11.715
  2046   01    13.453
  2046   02    13.973
  2046   03    13.862
  2046   04    13.359
  2046   05    12.253
  2046   06     9.409
  2046   07     7.246
  2046   08     5.090
  2046   09     4.434
  2046   10     7.130
  2046   11     9.726
  2046   12    11.585
  2047   01    13.218
  2047   02    13.726
  2047   03    13.704
  2047   04    12.933
  2047   05    11.937
  2047   06    10.063
  2047   07     7.388
  2047   08     5.480
  2047   09     4.786
  2047   10     8.009
  2047   11     9.832
  2047   12    11.535
  2048   01    12.798
  2048   02    13.676
  2048   03    13.481
  2048   04    12.939
  2048   05    11.701
  2048   06     9.821
  2048   07     7.489
  2048   08     5.215
  2048   09     4.046
  2048   10     6.196
  2048   11     9.716
  2048   12    11.292
  2049   01    12.825
  2049   02    13.600
  2049   03    13.450
  2049   04    12.851
  2049   05    11.461
  2049   06     9.389
  2049   07     6.540
  2049   08     4.290
  2049   09     3.757
  2049   10     6.475
  2049   11     9.830
  2049   12    11.493
  2050   01    12.926
  2050   02    13.592
  2050   03    13.722
  2050   04    13.418
  2050   05    12.042
  2050   06    10.329
  2050   07     8.244
  2050   08     5.448
  2050   09     4.059
  2050   10     6.756
  2050   11     9.815
  2050   12    11.344
  2051   01    13.190
  2051   02    13.862
  2051   03    13.772
  2051   04    13.431
  2051   05    11.942
  2051   06     9.172
  2051   07     6.654
  2051   08     4.799
  2051   09     3.544
  2051   10     6.254
  2051   11     9.658
  2051   12    11.547
  2052   01    12.950
  2052   02    13.780
  2052   03    13.893
  2052   04    13.461
  2052   05    11.906
  2052   06     9.971
  2052   07     6.736
  2052   08     4.262
  2052   09     3.253
  2052   10     5.644
  2052   11     9.210
  2052   12    11.289
  2053   01    12.964
  2053   02    14.071
  2053   03    13.949
  2053   04    13.157
  2053   05    11.764
  2053   06     9.558
  2053   07     7.578
  2053   08     4.031
  2053   09     2.892
  2053   10     5.268
  2053   11     9.421
  2053   12    11.159
  2054   01    12.848
  2054   02    13.256
  2054   03    13.276
  2054   04    12.363
  2054   05    11.338
  2054   06     9.676
  2054   07     6.898
  2054   08     4.322
  2054   09     3.044
  2054   10     6.134
  2054   11     9.333
  2054   12    11.087
  2055   01    12.464
  2055   02    13.622
  2055   03    13.635
  2055   04    13.103
  2055   05    11.707
  2055   06    10.008
  2055   07     7.921
  2055   08     4.893
  2055   09     3.867
  2055   10     7.107
  2055   11     9.927
  2055   12    11.638
  2056   01    12.905
  2056   02    13.488
  2056   03    13.632
  2056   04    12.906
  2056   05    11.660
  2056   06     9.877
  2056   07     7.898
  2056   08     3.818
  2056   09     2.795
  2056   10     4.896
  2056   11     9.390
  2056   12    11.254
  2057   01    12.616
  2057   02    13.389
  2057   03    13.334
  2057   04    12.702
  2057   05    10.701
  2057   06     8.907
  2057   07     6.609
  2057   08     3.691
  2057   09     1.785
  2057   10     5.046
  2057   11     8.964
  2057   12    11.024
  2058   01    12.490
  2058   02    13.052
  2058   03    13.262
  2058   04    12.496
  2058   05    11.186
  2058   06     8.925
  2058   07     6.540
  2058   08     4.367
  2058   09     3.216
  2058   10     5.465
  2058   11     9.027
  2058   12    11.170
  2059   01    12.437
  2059   02    13.201
  2059   03    13.360
  2059   04    12.954
  2059   05    11.059
  2059   06     9.439
  2059   07     7.096
  2059   08     4.512
  2059   09     2.890
  2059   10     6.076
  2059   11     9.476
  2059   12    11.101
  2060   01    12.427
  2060   02    13.137
  2060   03    13.106
  2060   04    12.174
  2060   05    10.694
  2060   06     8.727
  2060   07     5.724
  2060   08     3.850
  2060   09     3.052
  2060   10     4.527
  2060   11     8.448
  2060   12    10.519
  2061   01    12.118
  2061   02    13.039
  2061   03    13.231
  2061   04    12.448
  2061   05    10.992
  2061   06     9.396
  2061   07     6.402
  2061   08     3.304
  2061   09     1.283
  2061   10     4.305
  2061   11     8.973
  2061   12    10.899
  2062   01    12.174
  2062   02    12.929
  2062   03    13.047
  2062   04    12.352
  2062   05    10.771
  2062   06     9.048
  2062   07     6.293
  2062   08     3.292
  2062   09     1.756
  2062   10     4.163
  2062   11     8.898
  2062   12    10.750
  2063   01    12.053
  2063   02    13.017
  2063   03    13.304
  2063   04    12.723
  2063   05    11.398
  2063   06     9.306
  2063   07     6.642
  2063   08     3.351
  2063   09     2.700
  2063   10     4.055
  2063   11     8.829
  2063   12    11.013
  2064   01    12.471
  2064   02    13.254
  2064   03    13.476
  2064   04    12.696
  2064   05    11.026
  2064   06     8.786
  2064   07     6.437
  2064   08     2.851
  2064   09     1.021
  2064   10     3.975
  2064   11     8.903
  2064   12    10.899
  2065   01    12.051
  2065   02    12.942
  2065   03    13.090
  2065   04    12.394
  2065   05    11.041
  2065   06     9.139
  2065   07     6.492
  2065   08     3.674
  2065   09     2.440
  2065   10     5.092
  2065   11     8.682
  2065   12    10.828
  2066   01    12.158
  2066   02    13.008
  2066   03    13.046
  2066   04    12.364
  2066   05    10.875
  2066   06     9.081
  2066   07     6.655
  2066   08     3.295
  2066   09     1.428
  2066   10     5.060
  2066   11     9.300
  2066   12    10.912
  2067   01    12.126
  2067   02    12.917
  2067   03    13.290
  2067   04    12.676
  2067   05    10.981
  2067   06     9.637
  2067   07     6.961
  2067   08     2.735
  2067   09     0.872
  2067   10     3.563
  2067   11     8.907
  2067   12    10.275
  2068   01    11.989
  2068   02    12.859
  2068   03    13.010
  2068   04    12.170
  2068   05    10.885
  2068   06     9.409
  2068   07     5.922
  2068   08     2.560
  2068   09     1.247
  2068   10     2.992
  2068   11     8.252
  2068   12    10.869
  2069   01    11.995
  2069   02    13.040
  2069   03    13.031
  2069   04    12.229
  2069   05    10.632
  2069   06     8.850
  2069   07     5.925
  2069   08     1.467
  2069   09     0.012
  2069   10     1.431
  2069   11     7.691
  2069   12    10.168
  2070   01    11.461
  2070   02    12.802
  2070   03    12.823
  2070   04    12.171
  2070   05    10.807
  2070   06     8.546
  2070   07     5.745
  2070   08     1.883
  2070   09     0.433
  2070   10     2.956
  2070   11     7.918
  2070   12    10.601
  2071   01    11.877
  2071   02    12.430
  2071   03    12.766
  2071   04    12.350
  2071   05    10.567
  2071   06     8.737
  2071   07     5.471
  2071   08     2.185
  2071   09     0.670
  2071   10     2.336
  2071   11     7.846
  2071   12    10.474
  2072   01    11.763
  2072   02    12.833
  2072   03    12.652
  2072   04    12.266
  2072   05    11.053
  2072   06     8.448
  2072   07     5.597
  2072   08     2.261
  2072   09     0.108
  2072   10     2.323
  2072   11     7.888
  2072   12    10.355
  2073   01    12.014
  2073   02    12.508
  2073   03    12.654
  2073   04    11.901
  2073   05    10.383
  2073   06     8.095
  2073   07     5.454
  2073   08     2.282
  2073   09     0.929
  2073   10     3.133
  2073   11     7.672
  2073   12    10.092
  2074   01    11.670
  2074   02    12.556
  2074   03    12.744
  2074   04    11.926
  2074   05    10.427
  2074   06     8.240
  2074   07     5.527
  2074   08     1.792
  2074   09     0.298
  2074   10     2.486
  2074   11     6.586
  2074   12     9.677
  2075   01    11.314
  2075   02    12.169
  2075   03    12.410
  2075   04    11.960
  2075   05    10.176
  2075   06     8.150
  2075   07     5.461
  2075   08     3.190
  2075   09     1.633
  2075   10     4.108
  2075   11     8.200
  2075   12    10.304
  2076   01    11.371
  2076   02    12.272
  2076   03    12.548
  2076   04    11.948
  2076   05    10.233
  2076   06     8.381
  2076   07     6.102
  2076   08     2.571
  2076   09     1.126
  2076   10     3.130
  2076   11     7.961
  2076   12    10.424
  2077   01    11.873
  2077   02    12.679
  2077   03    12.765
  2077   04    12.122
  2077   05    10.822
  2077   06     8.924
  2077   07     5.752
  2077   08     2.103
  2077   09     0.594
  2077   10     2.251
  2077   11     7.902
  2077   12    10.438
  2078   01    11.815
  2078   02    12.547
  2078   03    12.678
  2078   04    11.878
  2078   05    10.586
  2078   06     8.898
  2078   07     5.827
  2078   08     2.422
  2078   09     0.700
  2078   10     3.384
  2078   11     8.185
  2078   12     9.902
  2079   01    11.490
  2079   02    12.335
  2079   03    12.561
  2079   04    12.025
  2079   05    10.660
  2079   06     8.205
  2079   07     4.346
  2079   08     1.270
  2079   09     0.127
  2079   10     1.680
  2079   11     6.228
  2079   12     9.599
  2080   01    11.236
  2080   02    12.331
  2080   03    12.256
  2080   04    11.761
  2080   05    10.098
  2080   06     8.257
  2080   07     5.962
  2080   08     2.262
  2080   09     0.953
  2080   10     3.222
  2080   11     8.335
  2080   12    10.377
  2081   01    11.850
  2081   02    12.356
  2081   03    12.518
  2081   04    12.102
  2081   05    10.706
  2081   06     8.264
  2081   07     4.878
  2081   08     1.316
  2081   09     0.224
  2081   10     1.424
  2081   11     7.225
  2081   12    10.056
  2082   01    11.463
  2082   02    12.031
  2082   03    12.309
  2082   04    11.552
  2082   05    10.118
  2082   06     8.089
  2082   07     4.820
  2082   08     1.274
  2082   09     0.455
  2082   10     1.632
  2082   11     6.344
  2082   12     9.740
  2083   01    11.286
  2083   02    11.972
  2083   03    11.849
  2083   04    11.251
  2083   05    10.036
  2083   06     7.543
  2083   07     4.806
  2083   08     1.839
  2083   09     0.664
  2083   10     2.312
  2083   11     7.274
  2083   12     9.836
  2084   01    11.155
  2084   02    11.973
  2084   03    12.530
  2084   04    11.715
  2084   05    10.551
  2084   06     9.060
  2084   07     5.696
  2084   08     0.363
  2084   09     0.011
  2084   10     0.884
  2084   11     7.620
  2084   12    10.142
  2085   01    11.371
  2085   02    11.962
  2085   03    12.301
  2085   04    11.627
  2085   05    10.449
  2085   06     8.653
  2085   07     5.040
  2085   08     1.585
  2085   09     0.103
  2085   10     1.820
  2085   11     6.533
  2085   12     9.360
  2086   01    11.448
  2086   02    12.198
  2086   03    12.352
  2086   04    11.598
  2086   05    10.264
  2086   06     8.312
  2086   07     5.067
  2086   08     0.002
  2086   09     0.002
  2086   10     0.259
  2086   11     6.497
  2086   12     9.924
  2087   01    11.414
  2087   02    12.034
  2087   03    12.390
  2087   04    11.483
  2087   05    10.384
  2087   06     8.645
  2087   07     5.377
  2087   08     0.121
  2087   09     0.002
  2087   10     0.398
  2087   11     6.990
  2087   12     9.608
  2088   01    11.054
  2088   02    11.831
  2088   03    11.878
  2088   04    11.102
  2088   05    10.199
  2088   06     8.203
  2088   07     4.248
  2088   08     0.429
  2088   09     0.218
  2088   10     1.211
  2088   11     6.723
  2088   12     9.951
  2089   01    11.304
  2089   02    11.763
  2089   03    11.964
  2089   04    11.324
  2089   05    10.124
  2089   06     8.050
  2089   07     5.786
  2089   08     1.570
  2089   09     0.074
  2089   10     2.422
  2089   11     8.637
  2089   12    10.272
  2090   01    11.435
  2090   02    12.041
  2090   03    11.933
  2090   04    11.375
  2090   05    10.143
  2090   06     8.045
  2090   07     5.623
  2090   08     2.382
  2090   09     0.579
  2090   10     3.292
  2090   11     7.581
  2090   12    10.128
  2091   01    11.395
  2091   02    11.975
  2091   03    12.001
  2091   04    11.335
  2091   05     9.889
  2091   06     8.139
  2091   07     4.948
  2091   08     0.290
  2091   09     0.002
  2091   10     0.526
  2091   11     6.007
  2091   12     9.875
  2092   01    11.085
  2092   02    11.904
  2092   03    11.873
  2092   04    11.472
  2092   05    10.147
  2092   06     8.110
  2092   07     5.751
  2092   08     0.899
  2092   09     0.002
  2092   10     0.890
  2092   11     7.080
  2092   12    10.084
  2093   01    11.221
  2093   02    11.800
  2093   03    12.331
  2093   04    11.595
  2093   05     9.950
  2093   06     7.907
  2093   07     5.083
  2093   08     1.581
  2093   09     0.162
  2093   10     0.513
  2093   11     5.630
  2093   12     9.717
  2094   01    11.167
  2094   02    11.870
  2094   03    11.899
  2094   04    11.173
  2094   05    10.130
  2094   06     7.704
  2094   07     5.108
  2094   08     0.809
  2094   09     0.003
  2094   10     0.691
  2094   11     6.469
  2094   12     9.633
  2095   01    11.138
  2095   02    11.714
  2095   03    11.710
  2095   04    11.238
  2095   05    10.138
  2095   06     8.227
  2095   07     4.437
  2095   08     1.061
  2095   09     0.008
  2095   10     1.298
  2095   11     6.610
  2095   12     9.797
  2096   01    11.148
  2096   02    11.700
  2096   03    11.926
  2096   04    11.447
  2096   05    10.171
  2096   06     8.865
  2096   07     4.883
  2096   08     1.098
  2096   09     0.062
  2096   10     0.649
  2096   11     5.674
  2096   12     9.596
  2097   01    11.135
  2097   02    11.699
  2097   03    11.763
  2097   04    11.001
  2097   05    10.073
  2097   06     7.843
  2097   07     4.912
  2097   08     0.128
  2097   09     0.002
  2097   10     0.098
  2097   11     5.738
  2097   12     9.496
  2098   01    10.915
  2098   02    11.368
  2098   03    11.582
  2098   04    11.104
  2098   05    10.013
  2098   06     8.037
  2098   07     5.213
  2098   08     0.873
  2098   09     0.002
  2098   10     0.680
  2098   11     6.660
  2098   12     9.887
  2099   01    11.061
  2099   02    11.802
  2099   03    11.834
  2099   04    11.045
  2099   05    10.112
  2099   06     8.035
  2099   07     4.744
  2099   08     1.896
  2099   09     0.258
  2099   10     1.987
  2099   11     5.999
  2099   12     9.572
  2100   01    11.347
  2100   02    11.991
  2100   03    11.972
  2100   04    11.341
  2100   05    10.054
  2100   06     7.890
  2100   07     4.678
  2100   08     1.087
  2100   09     0.002
  2100   10     1.320
  2100   11     4.381
  2100   12     9.252
