  1850   01    14.208
  1850   02    15.051
  1850   03    15.217
  1850   04    14.696
  1850   05    13.791
  1850   06    12.023
  1850   07     9.837
  1850   08     7.117
  1850   09     5.799
  1850   10     7.782
  1850   11    10.640
  1850   12    12.758
  1851   01    13.924
  1851   02    14.784
  1851   03    15.155
  1851   04    14.992
  1851   05    14.197
  1851   06    12.773
  1851   07    10.785
  1851   08     7.442
  1851   09     6.439
  1851   10     8.377
  1851   11    10.964
  1851   12    12.982
  1852   01    14.118
  1852   02    14.716
  1852   03    15.012
  1852   04    14.921
  1852   05    14.029
  1852   06    12.663
  1852   07    10.515
  1852   08     7.917
  1852   09     7.188
  1852   10     8.616
  1852   11    10.798
  1852   12    13.139
  1853   01    14.367
  1853   02    14.976
  1853   03    14.911
  1853   04    14.516
  1853   05    13.666
  1853   06    11.834
  1853   07    10.032
  1853   08     7.225
  1853   09     6.126
  1853   10     7.842
  1853   11    10.874
  1853   12    12.749
  1854   01    14.126
  1854   02    14.707
  1854   03    14.901
  1854   04    14.894
  1854   05    14.058
  1854   06    12.695
  1854   07    10.648
  1854   08     7.725
  1854   09     6.472
  1854   10     8.902
  1854   11    10.798
  1854   12    13.115
  1855   01    14.336
  1855   02    15.011
  1855   03    15.329
  1855   04    15.142
  1855   05    14.113
  1855   06    12.338
  1855   07    10.385
  1855   08     8.486
  1855   09     7.257
  1855   10     9.551
  1855   11    10.832
  1855   12    12.809
  1856   01    14.348
  1856   02    14.981
  1856   03    15.273
  1856   04    15.229
  1856   05    14.500
  1856   06    12.528
  1856   07    10.481
  1856   08     8.368
  1856   09     7.615
  1856   10     9.124
  1856   11    10.802
  1856   12    12.762
  1857   01    14.381
  1857   02    14.857
  1857   03    15.130
  1857   04    14.962
  1857   05    14.079
  1857   06    12.203
  1857   07    10.062
  1857   08     8.231
  1857   09     7.642
  1857   10     8.828
  1857   11    10.758
  1857   12    12.858
  1858   01    14.099
  1858   02    14.648
  1858   03    15.148
  1858   04    15.044
  1858   05    14.176
  1858   06    12.408
  1858   07    10.574
  1858   08     9.060
  1858   09     8.277
  1858   10     9.080
  1858   11    10.923
  1858   12    13.242
  1859   01    14.460
  1859   02    15.142
  1859   03    15.512
  1859   04    15.421
  1859   05    14.674
  1859   06    12.777
  1859   07    10.767
  1859   08     8.746
  1859   09     7.457
  1859   10     9.408
  1859   11    11.507
  1859   12    13.629
  1860   01    14.391
  1860   02    15.060
  1860   03    15.524
  1860   04    15.303
  1860   05    14.505
  1860   06    12.640
  1860   07    10.943
  1860   08     8.968
  1860   09     8.283
  1860   10     9.624
  1860   11    11.099
  1860   12    13.538
  1861   01    14.520
  1861   02    15.140
  1861   03    15.362
  1861   04    15.069
  1861   05    14.301
  1861   06    12.774
  1861   07    10.774
  1861   08     8.653
  1861   09     7.260
  1861   10     9.121
  1861   11    10.869
  1861   12    12.821
  1862   01    14.610
  1862   02    15.362
  1862   03    15.649
  1862   04    15.651
  1862   05    14.669
  1862   06    12.625
  1862   07    10.758
  1862   08     8.514
  1862   09     7.449
  1862   10     9.794
  1862   11    11.123
  1862   12    13.416
  1863   01    14.706
  1863   02    15.322
  1863   03    15.795
  1863   04    15.384
  1863   05    14.321
  1863   06    13.026
  1863   07    11.171
  1863   08     8.851
  1863   09     7.974
  1863   10     9.852
  1863   11    11.776
  1863   12    13.441
  1864   01    14.676
  1864   02    15.291
  1864   03    15.442
  1864   04    15.075
  1864   05    14.412
  1864   06    12.705
  1864   07    11.009
  1864   08     8.844
  1864   09     7.918
  1864   10     8.793
  1864   11    11.071
  1864   12    13.078
  1865   01    14.322
  1865   02    14.997
  1865   03    15.182
  1865   04    14.781
  1865   05    13.921
  1865   06    12.095
  1865   07    10.834
  1865   08     8.268
  1865   09     6.848
  1865   10     8.377
  1865   11    10.509
  1865   12    13.097
  1866   01    14.467
  1866   02    15.242
  1866   03    15.413
  1866   04    15.290
  1866   05    14.313
  1866   06    12.495
  1866   07    10.888
  1866   08     9.018
  1866   09     8.258
  1866   10     9.043
  1866   11    11.354
  1866   12    13.094
  1867   01    14.157
  1867   02    14.608
  1867   03    15.035
  1867   04    14.933
  1867   05    13.901
  1867   06    12.579
  1867   07    10.899
  1867   08     8.888
  1867   09     8.016
  1867   10     9.349
  1867   11    11.253
  1867   12    13.135
  1868   01    14.207
  1868   02    14.799
  1868   03    15.171
  1868   04    15.156
  1868   05    14.454
  1868   06    12.857
  1868   07    11.248
  1868   08     8.894
  1868   09     7.948
  1868   10     9.211
  1868   11    11.531
  1868   12    13.612
  1869   01    14.593
  1869   02    15.136
  1869   03    15.250
  1869   04    15.204
  1869   05    14.269
  1869   06    12.326
  1869   07    10.857
  1869   08     8.549
  1869   09     7.490
  1869   10     8.899
  1869   11    10.743
  1869   12    12.918
  1870   01    14.367
  1870   02    15.031
  1870   03    15.262
  1870   04    15.189
  1870   05    14.185
  1870   06    12.433
  1870   07    10.472
  1870   08     7.722
  1870   09     6.757
  1870   10     8.619
  1870   11    11.052
  1870   12    12.958
  1871   01    14.010
  1871   02    14.635
  1871   03    14.976
  1871   04    14.695
  1871   05    13.845
  1871   06    12.354
  1871   07    10.770
  1871   08     8.021
  1871   09     6.410
  1871   10     8.484
  1871   11    10.370
  1871   12    12.438
  1872   01    13.889
  1872   02    14.464
  1872   03    14.773
  1872   04    14.600
  1872   05    13.778
  1872   06    11.926
  1872   07    10.206
  1872   08     7.453
  1872   09     6.426
  1872   10     8.017
  1872   11    10.279
  1872   12    12.626
  1873   01    13.719
  1873   02    14.314
  1873   03    14.340
  1873   04    14.120
  1873   05    13.470
  1873   06    12.187
  1873   07    10.034
  1873   08     7.891
  1873   09     6.777
  1873   10     7.621
  1873   11    10.172
  1873   12    12.682
  1874   01    14.121
  1874   02    14.418
  1874   03    14.596
  1874   04    14.323
  1874   05    13.613
  1874   06    12.292
  1874   07    10.460
  1874   08     7.983
  1874   09     7.237
  1874   10     8.840
  1874   11    10.744
  1874   12    12.733
  1875   01    14.153
  1875   02    14.543
  1875   03    14.849
  1875   04    14.866
  1875   05    13.799
  1875   06    12.371
  1875   07     9.808
  1875   08     7.155
  1875   09     5.840
  1875   10     7.222
  1875   11    10.700
  1875   12    12.567
  1876   01    13.978
  1876   02    14.566
  1876   03    14.799
  1876   04    14.708
  1876   05    13.476
  1876   06    12.157
  1876   07    10.050
  1876   08     7.351
  1876   09     5.995
  1876   10     7.007
  1876   11    10.331
  1876   12    12.487
  1877   01    13.939
  1877   02    14.407
  1877   03    14.705
  1877   04    14.425
  1877   05    13.756
  1877   06    12.182
  1877   07     9.703
  1877   08     6.933
  1877   09     6.032
  1877   10     7.530
  1877   11    10.164
  1877   12    12.469
  1878   01    13.691
  1878   02    14.382
  1878   03    14.452
  1878   04    14.270
  1878   05    13.390
  1878   06    11.785
  1878   07     9.873
  1878   08     7.770
  1878   09     6.757
  1878   10     7.973
  1878   11    10.223
  1878   12    12.479
  1879   01    13.903
  1879   02    14.377
  1879   03    14.467
  1879   04    14.262
  1879   05    13.510
  1879   06    12.032
  1879   07    10.071
  1879   08     7.506
  1879   09     6.689
  1879   10     7.633
  1879   11    10.080
  1879   12    12.134
  1880   01    13.684
  1880   02    14.228
  1880   03    14.540
  1880   04    14.459
  1880   05    13.652
  1880   06    12.269
  1880   07    10.006
  1880   08     7.222
  1880   09     5.993
  1880   10     8.047
  1880   11    10.536
  1880   12    12.865
  1881   01    13.712
  1881   02    14.280
  1881   03    14.547
  1881   04    14.414
  1881   05    13.661
  1881   06    12.375
  1881   07     9.968
  1881   08     7.289
  1881   09     6.758
  1881   10     7.975
  1881   11     9.859
  1881   12    12.398
  1882   01    13.758
  1882   02    14.233
  1882   03    14.508
  1882   04    14.377
  1882   05    13.579
  1882   06    11.887
  1882   07     9.910
  1882   08     7.879
  1882   09     6.655
  1882   10     8.276
  1882   11    10.598
  1882   12    12.241
  1883   01    13.394
  1883   02    14.090
  1883   03    14.477
  1883   04    14.296
  1883   05    13.623
  1883   06    12.338
  1883   07    10.431
  1883   08     7.314
  1883   09     5.924
  1883   10     7.788
  1883   11    10.717
  1883   12    12.454
  1884   01    13.553
  1884   02    14.177
  1884   03    14.574
  1884   04    14.554
  1884   05    13.857
  1884   06    11.837
  1884   07    10.316
  1884   08     7.584
  1884   09     6.255
  1884   10     8.002
  1884   11    10.359
  1884   12    12.198
  1885   01    13.672
  1885   02    14.313
  1885   03    14.614
  1885   04    14.537
  1885   05    13.543
  1885   06    11.865
  1885   07     9.975
  1885   08     7.528
  1885   09     6.964
  1885   10     8.560
  1885   11    10.553
  1885   12    12.789
  1886   01    14.067
  1886   02    14.583
  1886   03    14.694
  1886   04    14.534
  1886   05    13.378
  1886   06    12.365
  1886   07    10.357
  1886   08     8.026
  1886   09     6.834
  1886   10     8.354
  1886   11    10.639
  1886   12    12.664
  1887   01    13.514
  1887   02    14.331
  1887   03    14.627
  1887   04    14.382
  1887   05    13.354
  1887   06    12.121
  1887   07    10.278
  1887   08     7.684
  1887   09     6.777
  1887   10     8.119
  1887   11    10.333
  1887   12    12.458
  1888   01    13.708
  1888   02    14.215
  1888   03    14.626
  1888   04    14.594
  1888   05    13.552
  1888   06    12.155
  1888   07     9.817
  1888   08     7.601
  1888   09     6.756
  1888   10     7.914
  1888   11     9.857
  1888   12    12.314
  1889   01    13.565
  1889   02    14.537
  1889   03    14.901
  1889   04    14.617
  1889   05    13.873
  1889   06    11.922
  1889   07    10.001
  1889   08     7.496
  1889   09     5.821
  1889   10     7.585
  1889   11    10.457
  1889   12    12.376
  1890   01    13.524
  1890   02    14.052
  1890   03    14.506
  1890   04    14.399
  1890   05    13.556
  1890   06    12.077
  1890   07    10.433
  1890   08     7.399
  1890   09     6.330
  1890   10     8.029
  1890   11    10.731
  1890   12    12.433
  1891   01    13.644
  1891   02    14.231
  1891   03    14.525
  1891   04    14.353
  1891   05    13.112
  1891   06    11.552
  1891   07     9.557
  1891   08     7.138
  1891   09     6.574
  1891   10     7.588
  1891   11    10.321
  1891   12    12.268
  1892   01    13.436
  1892   02    14.302
  1892   03    14.472
  1892   04    14.172
  1892   05    13.254
  1892   06    11.500
  1892   07     9.970
  1892   08     7.717
  1892   09     6.679
  1892   10     8.657
  1892   11    10.231
  1892   12    12.279
  1893   01    13.502
  1893   02    14.180
  1893   03    14.446
  1893   04    14.357
  1893   05    13.704
  1893   06    11.921
  1893   07     9.617
  1893   08     8.206
  1893   09     6.732
  1893   10     8.121
  1893   11    10.127
  1893   12    11.987
  1894   01    13.376
  1894   02    14.152
  1894   03    14.406
  1894   04    14.378
  1894   05    13.529
  1894   06    11.976
  1894   07     9.773
  1894   08     7.772
  1894   09     6.612
  1894   10     8.297
  1894   11    10.218
  1894   12    11.964
  1895   01    13.664
  1895   02    14.519
  1895   03    14.773
  1895   04    14.644
  1895   05    13.745
  1895   06    12.346
  1895   07    10.655
  1895   08     7.538
  1895   09     6.253
  1895   10     7.902
  1895   11    10.663
  1895   12    12.534
  1896   01    13.735
  1896   02    14.420
  1896   03    14.670
  1896   04    14.573
  1896   05    13.803
  1896   06    12.597
  1896   07    10.364
  1896   08     8.075
  1896   09     6.634
  1896   10     8.820
  1896   11    10.317
  1896   12    12.600
  1897   01    13.932
  1897   02    14.722
  1897   03    14.865
  1897   04    14.593
  1897   05    13.809
  1897   06    12.219
  1897   07     9.679
  1897   08     7.638
  1897   09     6.726
  1897   10     8.545
  1897   11    10.780
  1897   12    12.588
  1898   01    13.990
  1898   02    14.335
  1898   03    14.667
  1898   04    14.584
  1898   05    13.636
  1898   06    12.226
  1898   07    10.324
  1898   08     7.899
  1898   09     6.931
  1898   10     8.787
  1898   11    10.377
  1898   12    12.585
  1899   01    13.672
  1899   02    14.406
  1899   03    14.855
  1899   04    14.687
  1899   05    13.784
  1899   06    12.430
  1899   07    10.202
  1899   08     7.340
  1899   09     6.646
  1899   10     8.379
  1899   11    10.630
  1899   12    12.757
  1900   01    14.078
  1900   02    14.684
  1900   03    14.915
  1900   04    14.926
  1900   05    14.168
  1900   06    12.152
  1900   07    10.035
  1900   08     7.799
  1900   09     6.730
  1900   10     8.159
  1900   11    10.044
  1900   12    12.191
  1901   01    13.917
  1901   02    14.476
  1901   03    14.798
  1901   04    14.457
  1901   05    13.463
  1901   06    11.925
  1901   07     9.984
  1901   08     7.596
  1901   09     6.163
  1901   10     8.060
  1901   11    10.735
  1901   12    12.676
  1902   01    13.733
  1902   02    14.535
  1902   03    14.900
  1902   04    14.647
  1902   05    13.851
  1902   06    11.978
  1902   07    10.226
  1902   08     7.993
  1902   09     6.821
  1902   10     8.428
  1902   11    10.662
  1902   12    12.681
  1903   01    13.747
  1903   02    14.523
  1903   03    14.609
  1903   04    14.433
  1903   05    13.698
  1903   06    11.916
  1903   07     9.985
  1903   08     7.589
  1903   09     6.706
  1903   10     8.249
  1903   11    10.501
  1903   12    12.639
  1904   01    13.861
  1904   02    14.678
  1904   03    14.923
  1904   04    14.559
  1904   05    13.877
  1904   06    12.505
  1904   07    10.963
  1904   08     8.001
  1904   09     6.969
  1904   10     9.250
  1904   11    11.232
  1904   12    13.211
  1905   01    14.146
  1905   02    14.780
  1905   03    14.965
  1905   04    14.929
  1905   05    14.275
  1905   06    12.662
  1905   07    10.774
  1905   08     7.913
  1905   09     6.956
  1905   10     8.921
  1905   11    10.873
  1905   12    13.035
  1906   01    13.879
  1906   02    14.533
  1906   03    14.969
  1906   04    14.855
  1906   05    14.147
  1906   06    12.798
  1906   07    10.767
  1906   08     7.964
  1906   09     6.637
  1906   10     8.265
  1906   11    10.900
  1906   12    12.743
  1907   01    14.367
  1907   02    14.824
  1907   03    15.011
  1907   04    14.723
  1907   05    13.784
  1907   06    12.199
  1907   07    10.634
  1907   08     8.215
  1907   09     7.537
  1907   10     8.922
  1907   11    10.984
  1907   12    12.913
  1908   01    14.204
  1908   02    14.657
  1908   03    14.941
  1908   04    14.777
  1908   05    13.819
  1908   06    12.408
  1908   07    10.622
  1908   08     8.603
  1908   09     7.924
  1908   10     9.231
  1908   11    10.933
  1908   12    13.240
  1909   01    14.292
  1909   02    14.948
  1909   03    15.036
  1909   04    14.791
  1909   05    14.060
  1909   06    12.533
  1909   07    10.825
  1909   08     8.810
  1909   09     7.816
  1909   10     8.962
  1909   11    10.941
  1909   12    12.932
  1910   01    14.266
  1910   02    14.973
  1910   03    15.300
  1910   04    15.154
  1910   05    14.408
  1910   06    12.950
  1910   07    10.304
  1910   08     8.349
  1910   09     7.034
  1910   10     8.481
  1910   11    10.544
  1910   12    13.350
  1911   01    14.299
  1911   02    15.003
  1911   03    15.208
  1911   04    14.900
  1911   05    14.026
  1911   06    12.615
  1911   07    11.088
  1911   08     9.334
  1911   09     7.767
  1911   10     9.581
  1911   11    11.096
  1911   12    13.219
  1912   01    14.349
  1912   02    14.984
  1912   03    15.313
  1912   04    15.123
  1912   05    14.332
  1912   06    12.393
  1912   07    10.844
  1912   08     8.348
  1912   09     7.492
  1912   10     9.231
  1912   11    11.161
  1912   12    13.106
  1913   01    14.420
  1913   02    15.063
  1913   03    15.302
  1913   04    15.239
  1913   05    14.313
  1913   06    12.825
  1913   07    10.444
  1913   08     7.987
  1913   09     7.177
  1913   10     9.196
  1913   11    11.236
  1913   12    13.407
  1914   01    14.488
  1914   02    14.975
  1914   03    15.100
  1914   04    14.968
  1914   05    14.227
  1914   06    12.745
  1914   07    10.901
  1914   08     8.785
  1914   09     8.066
  1914   10     8.795
  1914   11    10.849
  1914   12    13.350
  1915   01    14.659
  1915   02    15.356
  1915   03    15.631
  1915   04    15.551
  1915   05    14.597
  1915   06    12.394
  1915   07    10.225
  1915   08     8.602
  1915   09     8.057
  1915   10     9.108
  1915   11    11.406
  1915   12    13.408
  1916   01    14.662
  1916   02    15.230
  1916   03    15.581
  1916   04    15.547
  1916   05    14.448
  1916   06    13.027
  1916   07    10.838
  1916   08     8.605
  1916   09     7.803
  1916   10     9.538
  1916   11    11.417
  1916   12    13.515
  1917   01    14.654
  1917   02    15.205
  1917   03    15.248
  1917   04    15.012
  1917   05    14.168
  1917   06    12.845
  1917   07    11.056
  1917   08     8.385
  1917   09     7.136
  1917   10     8.812
  1917   11    10.475
  1917   12    13.026
  1918   01    14.346
  1918   02    15.168
  1918   03    15.610
  1918   04    15.198
  1918   05    14.241
  1918   06    12.572
  1918   07    10.424
  1918   08     7.986
  1918   09     6.911
  1918   10     8.490
  1918   11    10.466
  1918   12    12.459
  1919   01    14.179
  1919   02    14.928
  1919   03    15.182
  1919   04    15.197
  1919   05    14.479
  1919   06    12.694
  1919   07    10.974
  1919   08     8.476
  1919   09     7.344
  1919   10     9.245
  1919   11    11.076
  1919   12    13.005
  1920   01    14.317
  1920   02    15.006
  1920   03    15.428
  1920   04    15.110
  1920   05    14.335
  1920   06    12.592
  1920   07    10.235
  1920   08     8.210
  1920   09     7.435
  1920   10     8.247
  1920   11    10.510
  1920   12    12.489
  1921   01    14.429
  1921   02    14.844
  1921   03    15.141
  1921   04    14.816
  1921   05    14.147
  1921   06    12.386
  1921   07    10.547
  1921   08     8.070
  1921   09     7.084
  1921   10     8.945
  1921   11    10.641
  1921   12    13.074
  1922   01    14.115
  1922   02    14.509
  1922   03    14.781
  1922   04    14.608
  1922   05    13.877
  1922   06    12.210
  1922   07    10.276
  1922   08     8.536
  1922   09     8.023
  1922   10     9.047
  1922   11    10.499
  1922   12    12.562
  1923   01    13.937
  1923   02    14.693
  1923   03    15.010
  1923   04    14.903
  1923   05    13.898
  1923   06    12.212
  1923   07     9.885
  1923   08     8.273
  1923   09     7.222
  1923   10     8.517
  1923   11    10.583
  1923   12    12.665
  1924   01    14.067
  1924   02    14.922
  1924   03    15.152
  1924   04    15.060
  1924   05    14.415
  1924   06    12.455
  1924   07    10.212
  1924   08     8.717
  1924   09     7.752
  1924   10     9.312
  1924   11    11.182
  1924   12    13.183
  1925   01    14.101
  1925   02    14.635
  1925   03    15.015
  1925   04    14.724
  1925   05    14.210
  1925   06    12.553
  1925   07    10.518
  1925   08     8.371
  1925   09     7.058
  1925   10     8.771
  1925   11    10.784
  1925   12    13.037
  1926   01    14.209
  1926   02    14.603
  1926   03    14.354
  1926   04    14.308
  1926   05    13.818
  1926   06    12.538
  1926   07    10.356
  1926   08     7.487
  1926   09     6.447
  1926   10     8.691
  1926   11    10.693
  1926   12    12.970
  1927   01    13.686
  1927   02    14.546
  1927   03    14.583
  1927   04    14.435
  1927   05    13.668
  1927   06    11.864
  1927   07     9.265
  1927   08     7.236
  1927   09     6.139
  1927   10     7.485
  1927   11    10.114
  1927   12    12.480
  1928   01    13.483
  1928   02    14.380
  1928   03    14.727
  1928   04    14.718
  1928   05    14.075
  1928   06    12.342
  1928   07     9.906
  1928   08     7.218
  1928   09     6.236
  1928   10     7.409
  1928   11     9.861
  1928   12    12.415
  1929   01    13.945
  1929   02    14.599
  1929   03    15.015
  1929   04    14.804
  1929   05    13.919
  1929   06    12.239
  1929   07    10.257
  1929   08     7.786
  1929   09     6.612
  1929   10     8.632
  1929   11    10.569
  1929   12    12.439
  1930   01    14.251
  1930   02    14.853
  1930   03    15.047
  1930   04    14.824
  1930   05    14.072
  1930   06    12.350
  1930   07     9.690
  1930   08     8.106
  1930   09     6.932
  1930   10     8.295
  1930   11    10.647
  1930   12    12.525
  1931   01    14.276
  1931   02    14.900
  1931   03    15.074
  1931   04    15.055
  1931   05    14.076
  1931   06    12.132
  1931   07    10.142
  1931   08     8.213
  1931   09     7.045
  1931   10     8.410
  1931   11    10.221
  1931   12    12.658
  1932   01    14.138
  1932   02    14.782
  1932   03    15.110
  1932   04    15.012
  1932   05    14.226
  1932   06    12.259
  1932   07     9.918
  1932   08     8.183
  1932   09     7.146
  1932   10     8.896
  1932   11    10.407
  1932   12    12.480
  1933   01    13.990
  1933   02    14.601
  1933   03    14.746
  1933   04    14.537
  1933   05    13.724
  1933   06    12.156
  1933   07    10.177
  1933   08     7.718
  1933   09     6.753
  1933   10     8.092
  1933   11    10.391
  1933   12    12.021
  1934   01    13.345
  1934   02    14.184
  1934   03    14.103
  1934   04    14.255
  1934   05    13.297
  1934   06    11.858
  1934   07     9.461
  1934   08     7.046
  1934   09     5.887
  1934   10     7.577
  1934   11    10.125
  1934   12    12.521
  1935   01    14.121
  1935   02    14.859
  1935   03    15.341
  1935   04    15.190
  1935   05    14.075
  1935   06    12.155
  1935   07    10.391
  1935   08     7.668
  1935   09     6.545
  1935   10     8.242
  1935   11    10.667
  1935   12    13.068
  1936   01    14.327
  1936   02    14.917
  1936   03    15.064
  1936   04    14.754
  1936   05    13.823
  1936   06    12.221
  1936   07    10.105
  1936   08     7.147
  1936   09     6.016
  1936   10     7.512
  1936   11    10.789
  1936   12    13.202
  1937   01    14.240
  1937   02    15.072
  1937   03    15.312
  1937   04    14.971
  1937   05    14.078
  1937   06    12.413
  1937   07    10.256
  1937   08     8.014
  1937   09     7.229
  1937   10     7.811
  1937   11    10.331
  1937   12    12.225
  1938   01    14.114
  1938   02    14.763
  1938   03    15.018
  1938   04    14.957
  1938   05    14.414
  1938   06    12.144
  1938   07    10.040
  1938   08     7.201
  1938   09     6.123
  1938   10     7.803
  1938   11    10.271
  1938   12    12.716
  1939   01    13.948
  1939   02    14.776
  1939   03    14.981
  1939   04    14.902
  1939   05    14.085
  1939   06    12.049
  1939   07     9.330
  1939   08     6.400
  1939   09     5.391
  1939   10     7.402
  1939   11    10.578
  1939   12    12.774
  1940   01    14.108
  1940   02    14.829
  1940   03    15.285
  1940   04    15.159
  1940   05    14.399
  1940   06    12.797
  1940   07    10.805
  1940   08     7.374
  1940   09     5.376
  1940   10     7.803
  1940   11    10.634
  1940   12    12.921
  1941   01    14.105
  1941   02    14.860
  1941   03    15.167
  1941   04    14.995
  1941   05    13.971
  1941   06    12.261
  1941   07     9.124
  1941   08     6.005
  1941   09     4.920
  1941   10     6.096
  1941   11     9.922
  1941   12    12.524
  1942   01    14.254
  1942   02    14.992
  1942   03    15.176
  1942   04    14.835
  1942   05    13.807
  1942   06    12.507
  1942   07    10.168
  1942   08     7.665
  1942   09     6.156
  1942   10     8.676
  1942   11    10.564
  1942   12    12.508
  1943   01    14.094
  1943   02    14.739
  1943   03    15.018
  1943   04    14.902
  1943   05    14.235
  1943   06    12.506
  1943   07     9.841
  1943   08     6.628
  1943   09     5.304
  1943   10     6.978
  1943   11    10.124
  1943   12    12.440
  1944   01    13.684
  1944   02    14.497
  1944   03    15.017
  1944   04    14.613
  1944   05    13.521
  1944   06    11.754
  1944   07    10.093
  1944   08     6.445
  1944   09     4.895
  1944   10     7.517
  1944   11    10.359
  1944   12    12.725
  1945   01    14.079
  1945   02    14.709
  1945   03    15.042
  1945   04    14.991
  1945   05    13.876
  1945   06    11.954
  1945   07    10.055
  1945   08     7.264
  1945   09     6.276
  1945   10     7.938
  1945   11    10.457
  1945   12    12.774
  1946   01    14.226
  1946   02    14.889
  1946   03    15.250
  1946   04    15.196
  1946   05    14.380
  1946   06    12.449
  1946   07    10.834
  1946   08     8.760
  1946   09     7.726
  1946   10     9.170
  1946   11    10.669
  1946   12    13.201
  1947   01    14.519
  1947   02    14.985
  1947   03    15.294
  1947   04    15.116
  1947   05    14.240
  1947   06    12.457
  1947   07    10.690
  1947   08     8.368
  1947   09     7.906
  1947   10     9.190
  1947   11    11.067
  1947   12    13.046
  1948   01    14.610
  1948   02    15.054
  1948   03    15.368
  1948   04    15.112
  1948   05    14.449
  1948   06    12.830
  1948   07    11.594
  1948   08     9.197
  1948   09     8.116
  1948   10     9.076
  1948   11    11.576
  1948   12    13.469
  1949   01    14.608
  1949   02    15.296
  1949   03    15.587
  1949   04    15.169
  1949   05    14.254
  1949   06    12.032
  1949   07    10.572
  1949   08     8.750
  1949   09     7.712
  1949   10     8.850
  1949   11    10.631
  1949   12    12.805
  1950   01    14.277
  1950   02    14.892
  1950   03    15.242
  1950   04    15.145
  1950   05    14.095
  1950   06    12.752
  1950   07    10.338
  1950   08     8.740
  1950   09     7.775
  1950   10     9.385
  1950   11    11.266
  1950   12    13.017
  1951   01    14.200
  1951   02    14.990
  1951   03    15.277
  1951   04    15.087
  1951   05    14.361
  1951   06    12.504
  1951   07    10.803
  1951   08     8.541
  1951   09     7.620
  1951   10     9.076
  1951   11    11.240
  1951   12    13.033
  1952   01    14.179
  1952   02    14.695
  1952   03    15.239
  1952   04    14.974
  1952   05    14.030
  1952   06    12.018
  1952   07     9.701
  1952   08     8.113
  1952   09     7.261
  1952   10     8.293
  1952   11    10.752
  1952   12    12.664
  1953   01    14.108
  1953   02    14.966
  1953   03    15.175
  1953   04    14.949
  1953   05    14.081
  1953   06    12.309
  1953   07    10.291
  1953   08     7.241
  1953   09     6.422
  1953   10     8.481
  1953   11    10.712
  1953   12    13.087
  1954   01    14.095
  1954   02    14.679
  1954   03    15.042
  1954   04    14.923
  1954   05    13.845
  1954   06    12.530
  1954   07    10.143
  1954   08     7.976
  1954   09     6.952
  1954   10     8.517
  1954   11    10.866
  1954   12    12.806
  1955   01    14.120
  1955   02    14.772
  1955   03    15.336
  1955   04    15.096
  1955   05    14.267
  1955   06    12.364
  1955   07    10.176
  1955   08     7.732
  1955   09     7.057
  1955   10     8.192
  1955   11    10.543
  1955   12    12.694
  1956   01    14.150
  1956   02    14.798
  1956   03    15.250
  1956   04    15.054
  1956   05    14.209
  1956   06    12.514
  1956   07    10.680
  1956   08     8.681
  1956   09     7.990
  1956   10     9.321
  1956   11    10.947
  1956   12    13.123
  1957   01    14.309
  1957   02    14.841
  1957   03    15.158
  1957   04    15.127
  1957   05    14.177
  1957   06    12.689
  1957   07    10.440
  1957   08     8.497
  1957   09     7.197
  1957   10     8.031
  1957   11    10.454
  1957   12    12.938
  1958   01    14.163
  1958   02    15.018
  1958   03    15.092
  1958   04    14.911
  1958   05    14.180
  1958   06    12.770
  1958   07    10.898
  1958   08     8.756
  1958   09     7.752
  1958   10     8.921
  1958   11    10.803
  1958   12    12.835
  1959   01    14.382
  1959   02    15.095
  1959   03    15.494
  1959   04    15.433
  1959   05    14.503
  1959   06    12.581
  1959   07    10.092
  1959   08     8.238
  1959   09     6.951
  1959   10     8.926
  1959   11    10.944
  1959   12    13.068
  1960   01    14.047
  1960   02    14.599
  1960   03    15.012
  1960   04    14.840
  1960   05    13.834
  1960   06    12.184
  1960   07    10.172
  1960   08     7.948
  1960   09     6.625
  1960   10     8.756
  1960   11    11.178
  1960   12    12.991
  1961   01    14.028
  1961   02    14.708
  1961   03    14.833
  1961   04    14.472
  1961   05    13.543
  1961   06    11.799
  1961   07     9.831
  1961   08     7.348
  1961   09     6.418
  1961   10     7.969
  1961   11    10.112
  1961   12    12.337
  1962   01    13.634
  1962   02    14.568
  1962   03    14.972
  1962   04    14.859
  1962   05    14.109
  1962   06    12.185
  1962   07    10.093
  1962   08     6.904
  1962   09     5.695
  1962   10     8.021
  1962   11    10.597
  1962   12    12.844
  1963   01    13.625
  1963   02    14.660
  1963   03    14.908
  1963   04    14.576
  1963   05    13.697
  1963   06    12.010
  1963   07     9.595
  1963   08     7.723
  1963   09     6.889
  1963   10     8.618
  1963   11    10.521
  1963   12    12.541
  1964   01    13.961
  1964   02    14.733
  1964   03    15.199
  1964   04    14.968
  1964   05    13.934
  1964   06    12.458
  1964   07    10.085
  1964   08     7.850
  1964   09     6.855
  1964   10     8.173
  1964   11    10.476
  1964   12    13.228
  1965   01    14.326
  1965   02    15.115
  1965   03    15.499
  1965   04    15.301
  1965   05    14.292
  1965   06    12.256
  1965   07    10.360
  1965   08     8.514
  1965   09     7.558
  1965   10     8.895
  1965   11    11.383
  1965   12    13.476
  1966   01    14.219
  1966   02    14.875
  1966   03    15.406
  1966   04    15.317
  1966   05    14.428
  1966   06    12.852
  1966   07    10.890
  1966   08     8.533
  1966   09     7.325
  1966   10     9.594
  1966   11    11.337
  1966   12    13.364
  1967   01    14.884
  1967   02    15.413
  1967   03    15.615
  1967   04    15.532
  1967   05    14.723
  1967   06    12.717
  1967   07    10.386
  1967   08     8.327
  1967   09     7.595
  1967   10     9.305
  1967   11    10.994
  1967   12    13.107
  1968   01    14.391
  1968   02    15.156
  1968   03    15.397
  1968   04    15.272
  1968   05    14.335
  1968   06    12.369
  1968   07    10.046
  1968   08     8.447
  1968   09     7.873
  1968   10     8.905
  1968   11    11.179
  1968   12    13.220
  1969   01    14.108
  1969   02    14.667
  1969   03    14.883
  1969   04    14.807
  1969   05    13.848
  1969   06    12.130
  1969   07    10.487
  1969   08     7.952
  1969   09     7.561
  1969   10     8.981
  1969   11    10.833
  1969   12    12.929
  1970   01    14.133
  1970   02    14.847
  1970   03    15.267
  1970   04    14.975
  1970   05    13.850
  1970   06    12.081
  1970   07     9.970
  1970   08     7.914
  1970   09     6.792
  1970   10     8.445
  1970   11    10.468
  1970   12    12.451
  1971   01    13.878
  1971   02    14.614
  1971   03    15.265
  1971   04    15.045
  1971   05    14.275
  1971   06    11.671
  1971   07    10.091
  1971   08     7.812
  1971   09     6.941
  1971   10     8.434
  1971   11    10.303
  1971   12    12.692
  1972   01    14.013
  1972   02    14.398
  1972   03    14.593
  1972   04    14.326
  1972   05    13.348
  1972   06    11.495
  1972   07     9.583
  1972   08     7.734
  1972   09     6.777
  1972   10     8.582
  1972   11    10.507
  1972   12    12.433
  1973   01    13.701
  1973   02    14.266
  1973   03    14.704
  1973   04    14.575
  1973   05    13.695
  1973   06    12.039
  1973   07    10.257
  1973   08     7.423
  1973   09     6.832
  1973   10     8.324
  1973   11    10.484
  1973   12    12.384
  1974   01    13.999
  1974   02    14.578
  1974   03    15.044
  1974   04    14.582
  1974   05    13.667
  1974   06    11.241
  1974   07     9.532
  1974   08     7.874
  1974   09     6.681
  1974   10     8.029
  1974   11    10.362
  1974   12    12.733
  1975   01    14.101
  1975   02    14.569
  1975   03    15.147
  1975   04    14.773
  1975   05    13.708
  1975   06    12.313
  1975   07    10.219
  1975   08     8.284
  1975   09     7.640
  1975   10     8.984
  1975   11    10.654
  1975   12    13.186
  1976   01    13.778
  1976   02    14.152
  1976   03    14.686
  1976   04    14.740
  1976   05    13.744
  1976   06    11.563
  1976   07     9.905
  1976   08     7.953
  1976   09     6.601
  1976   10     7.923
  1976   11    10.301
  1976   12    12.430
  1977   01    13.768
  1977   02    14.356
  1977   03    14.748
  1977   04    14.694
  1977   05    13.851
  1977   06    12.097
  1977   07    10.199
  1977   08     7.757
  1977   09     6.772
  1977   10     7.766
  1977   11     9.967
  1977   12    12.974
  1978   01    14.160
  1978   02    14.656
  1978   03    14.946
  1978   04    14.700
  1978   05    13.794
  1978   06    11.999
  1978   07    10.352
  1978   08     8.263
  1978   09     7.353
  1978   10     9.122
  1978   11    10.668
  1978   12    12.531
  1979   01    13.640
  1979   02    14.295
  1979   03    14.837
  1979   04    14.650
  1979   05    14.017
  1979   06    12.133
  1979   07     9.732
  1979   08     7.627
  1979   09     6.598
  1979   10     8.415
  1979   11    10.581
  1979   12    12.993
  1980   01    14.190
  1980   02    14.752
  1980   03    14.935
  1980   04    14.962
  1980   05    14.089
  1980   06    11.914
  1980   07     9.514
  1980   08     8.237
  1980   09     7.714
  1980   10     9.161
  1980   11    11.159
  1980   12    13.244
  1981   01    14.147
  1981   02    14.641
  1981   03    14.867
  1981   04    14.787
  1981   05    13.783
  1981   06    12.256
  1981   07    10.498
  1981   08     9.043
  1981   09     8.362
  1981   10     9.416
  1981   11    10.872
  1981   12    12.911
  1982   01    14.205
  1982   02    14.602
  1982   03    14.694
  1982   04    14.595
  1982   05    13.947
  1982   06    11.866
  1982   07     9.476
  1982   08     8.152
  1982   09     7.208
  1982   10     8.141
  1982   11    10.584
  1982   12    12.465
  1983   01    14.104
  1983   02    14.971
  1983   03    15.398
  1983   04    15.055
  1983   05    14.293
  1983   06    12.605
  1983   07    10.675
  1983   08     8.019
  1983   09     6.756
  1983   10     8.697
  1983   11    10.945
  1983   12    13.140
  1984   01    14.258
  1984   02    14.872
  1984   03    15.099
  1984   04    14.667
  1984   05    13.672
  1984   06    12.154
  1984   07    10.627
  1984   08     8.287
  1984   09     7.054
  1984   10     8.493
  1984   11    10.966
  1984   12    12.948
  1985   01    14.220
  1985   02    14.950
  1985   03    15.228
  1985   04    15.169
  1985   05    14.163
  1985   06    12.130
  1985   07     9.813
  1985   08     7.528
  1985   09     6.153
  1985   10     7.682
  1985   11    10.731
  1985   12    13.028
  1986   01    14.407
  1986   02    14.897
  1986   03    15.222
  1986   04    14.926
  1986   05    14.040
  1986   06    12.082
  1986   07     9.645
  1986   08     7.768
  1986   09     6.606
  1986   10     8.112
  1986   11    10.516
  1986   12    12.428
  1987   01    13.876
  1987   02    14.522
  1987   03    14.929
  1987   04    14.577
  1987   05    13.423
  1987   06    11.723
  1987   07     9.192
  1987   08     7.105
  1987   09     6.526
  1987   10     7.454
  1987   11     9.900
  1987   12    12.585
  1988   01    13.761
  1988   02    14.537
  1988   03    14.672
  1988   04    14.558
  1988   05    13.396
  1988   06    11.851
  1988   07     9.688
  1988   08     7.453
  1988   09     6.156
  1988   10     7.370
  1988   11    10.190
  1988   12    12.169
  1989   01    13.202
  1989   02    14.133
  1989   03    14.539
  1989   04    14.538
  1989   05    13.571
  1989   06    11.857
  1989   07     9.142
  1989   08     6.898
  1989   09     6.146
  1989   10     7.635
  1989   11    10.189
  1989   12    11.968
  1990   01    13.649
  1990   02    14.247
  1990   03    14.391
  1990   04    14.384
  1990   05    13.487
  1990   06    11.694
  1990   07     9.661
  1990   08     7.435
  1990   09     6.040
  1990   10     7.842
  1990   11    10.304
  1990   12    12.605
  1991   01    13.914
  1991   02    14.325
  1991   03    14.448
  1991   04    14.401
  1991   05    13.686
  1991   06    12.179
  1991   07     9.707
  1991   08     7.075
  1991   09     6.223
  1991   10     7.643
  1991   11    10.249
  1991   12    12.852
  1992   01    14.036
  1992   02    14.757
  1992   03    15.029
  1992   04    14.861
  1992   05    13.895
  1992   06    12.283
  1992   07    10.032
  1992   08     7.365
  1992   09     6.285
  1992   10     8.429
  1992   11    11.114
  1992   12    13.217
  1993   01    14.391
  1993   02    14.872
  1993   03    15.137
  1993   04    14.921
  1993   05    14.121
  1993   06    12.463
  1993   07    10.331
  1993   08     8.344
  1993   09     7.226
  1993   10     8.978
  1993   11    10.983
  1993   12    12.878
  1994   01    14.557
  1994   02    14.958
  1994   03    15.148
  1994   04    15.069
  1994   05    14.297
  1994   06    12.514
  1994   07    10.132
  1994   08     7.806
  1994   09     6.865
  1994   10     8.135
  1994   11    10.833
  1994   12    13.153
  1995   01    14.511
  1995   02    15.145
  1995   03    15.292
  1995   04    14.892
  1995   05    14.105
  1995   06    12.228
  1995   07    10.212
  1995   08     8.206
  1995   09     7.073
  1995   10     8.893
  1995   11    10.718
  1995   12    12.860
  1996   01    14.146
  1996   02    14.794
  1996   03    14.926
  1996   04    14.739
  1996   05    13.563
  1996   06    11.814
  1996   07     9.856
  1996   08     7.334
  1996   09     6.022
  1996   10     8.150
  1996   11    10.402
  1996   12    12.368
  1997   01    13.604
  1997   02    14.247
  1997   03    14.606
  1997   04    14.786
  1997   05    14.136
  1997   06    12.426
  1997   07     9.906
  1997   08     6.637
  1997   09     5.717
  1997   10     7.430
  1997   11    10.024
  1997   12    12.586
  1998   01    13.931
  1998   02    14.439
  1998   03    14.763
  1998   04    14.610
  1998   05    13.594
  1998   06    12.266
  1998   07    10.099
  1998   08     7.295
  1998   09     5.865
  1998   10     8.408
  1998   11    10.523
  1998   12    12.797
  1999   01    13.620
  1999   02    14.117
  1999   03    14.691
  1999   04    14.361
  1999   05    13.532
  1999   06    12.063
  1999   07     9.499
  1999   08     7.979
  1999   09     6.604
  1999   10     8.264
  1999   11    10.458
  1999   12    12.200
  2000   01    13.619
  2000   02    14.177
  2000   03    14.377
  2000   04    14.277
  2000   05    13.601
  2000   06    11.944
  2000   07     9.166
  2000   08     6.980
  2000   09     5.578
  2000   10     7.188
  2000   11    10.269
  2000   12    12.634
  2001   01    13.760
  2001   02    14.377
  2001   03    14.573
  2001   04    14.338
  2001   05    13.335
  2001   06    11.760
  2001   07     9.219
  2001   08     6.468
  2001   09     5.151
  2001   10     6.594
  2001   11     9.790
  2001   12    11.752
  2002   01    13.162
  2002   02    13.935
  2002   03    14.318
  2002   04    14.283
  2002   05    13.464
  2002   06    11.216
  2002   07     9.073
  2002   08     6.664
  2002   09     5.523
  2002   10     7.628
  2002   11     9.706
  2002   12    11.925
  2003   01    13.796
  2003   02    14.265
  2003   03    14.413
  2003   04    14.262
  2003   05    13.315
  2003   06    11.841
  2003   07     9.954
  2003   08     7.509
  2003   09     6.016
  2003   10     8.157
  2003   11    10.227
  2003   12    12.475
  2004   01    13.489
  2004   02    14.024
  2004   03    14.581
  2004   04    14.483
  2004   05    13.506
  2004   06    11.687
  2004   07     9.111
  2004   08     7.023
  2004   09     5.157
  2004   10     6.705
  2004   11     9.099
  2004   12    11.517
  2005   01    13.471
  2005   02    14.144
  2005   03    14.279
  2005   04    13.921
  2005   05    13.267
  2005   06    11.638
  2005   07     9.389
  2005   08     6.451
  2005   09     4.833
  2005   10     7.214
  2005   11     9.747
  2005   12    11.988
  2006   01    13.339
  2006   02    13.986
  2006   03    14.291
  2006   04    14.278
  2006   05    13.593
  2006   06    11.470
  2006   07     9.106
  2006   08     6.124
  2006   09     4.453
  2006   10     6.993
  2006   11     9.987
  2006   12    11.651
  2007   01    12.948
  2007   02    13.699
  2007   03    14.078
  2007   04    14.066
  2007   05    12.969
  2007   06    11.377
  2007   07     9.067
  2007   08     5.895
  2007   09     3.276
  2007   10     6.778
  2007   11     9.355
  2007   12    11.624
  2008   01    13.004
  2008   02    13.776
  2008   03    14.227
  2008   04    14.080
  2008   05    12.959
  2008   06    10.878
  2008   07     8.799
  2008   08     4.919
  2008   09     2.117
  2008   10     5.885
  2008   11     8.546
  2008   12    10.479
  2009   01    12.866
  2009   02    13.908
  2009   03    14.153
  2009   04    13.964
  2009   05    13.170
  2009   06    11.150
  2009   07     8.242
  2009   08     5.040
  2009   09     3.579
  2009   10     5.947
  2009   11     8.828
  2009   12    11.396
  2010   01    13.191
  2010   02    13.868
  2010   03    14.372
  2010   04    14.316
  2010   05    13.205
  2010   06    11.659
  2010   07     8.829
  2010   08     5.519
  2010   09     4.113
  2010   10     6.445
  2010   11     9.214
  2010   12    11.946
  2011   01    13.751
  2011   02    14.248
  2011   03    14.384
  2011   04    14.122
  2011   05    13.503
  2011   06    11.862
  2011   07     9.422
  2011   08     6.551
  2011   09     4.516
  2011   10     6.755
  2011   11     9.886
  2011   12    11.844
  2012   01    13.340
  2012   02    13.902
  2012   03    14.272
  2012   04    14.019
  2012   05    13.059
  2012   06    11.800
  2012   07     9.194
  2012   08     6.903
  2012   09     5.299
  2012   10     7.107
  2012   11     9.903
  2012   12    11.970
  2013   01    13.410
  2013   02    14.091
  2013   03    14.422
  2013   04    14.194
  2013   05    13.153
  2013   06    11.173
  2013   07     8.421
  2013   08     5.794
  2013   09     4.488
  2013   10     6.118
  2013   11     8.952
  2013   12    11.722
  2014   01    13.439
  2014   02    13.998
  2014   03    14.347
  2014   04    13.879
  2014   05    12.867
  2014   06    11.390
  2014   07     9.123
  2014   08     5.048
  2014   09     3.102
  2014   10     5.301
  2014   11     9.204
  2014   12    11.718
  2015   01    13.072
  2015   02    13.694
  2015   03    13.874
  2015   04    13.739
  2015   05    12.998
  2015   06    11.099
  2015   07     8.357
  2015   08     4.069
  2015   09     1.623
  2015   10     5.435
  2015   11     8.340
  2015   12    11.223
  2016   01    13.272
  2016   02    14.419
  2016   03    14.808
  2016   04    14.633
  2016   05    13.819
  2016   06    11.595
  2016   07     8.857
  2016   08     5.746
  2016   09     4.423
  2016   10     6.385
  2016   11     9.994
  2016   12    12.211
  2017   01    13.829
  2017   02    14.523
  2017   03    14.707
  2017   04    14.515
  2017   05    13.671
  2017   06    11.960
  2017   07     9.484
  2017   08     6.409
  2017   09     3.741
  2017   10     6.583
  2017   11    10.318
  2017   12    12.152
  2018   01    13.895
  2018   02    14.228
  2018   03    14.549
  2018   04    14.375
  2018   05    13.519
  2018   06    12.371
  2018   07     9.473
  2018   08     6.816
  2018   09     4.735
  2018   10     7.201
  2018   11     9.521
  2018   12    11.671
  2019   01    13.355
  2019   02    14.435
  2019   03    14.780
  2019   04    14.655
  2019   05    13.591
  2019   06    11.763
  2019   07     8.644
  2019   08     5.843
  2019   09     3.862
  2019   10     5.703
  2019   11     9.310
  2019   12    11.908
  2020   01    13.758
  2020   02    14.539
  2020   03    14.975
  2020   04    14.850
  2020   05    13.757
  2020   06    11.943
  2020   07     9.242
  2020   08     5.949
  2020   09     3.463
  2020   10     6.730
  2020   11     9.510
  2020   12    11.936
  2021   01    13.548
  2021   02    14.344
  2021   03    14.692
  2021   04    14.573
  2021   05    13.607
  2021   06    11.674
  2021   07     8.069
  2021   08     4.816
  2021   09     2.778
  2021   10     5.623
  2021   11     8.489
  2021   12    11.372
  2022   01    13.366
  2022   02    14.055
  2022   03    14.255
  2022   04    14.119
  2022   05    13.295
  2022   06    12.075
  2022   07     8.607
  2022   08     5.538
  2022   09     3.316
  2022   10     5.770
  2022   11     8.978
  2022   12    11.275
  2023   01    13.482
  2023   02    14.289
  2023   03    14.762
  2023   04    14.562
  2023   05    13.705
  2023   06    12.104
  2023   07     9.013
  2023   08     4.752
  2023   09     2.569
  2023   10     5.507
  2023   11     9.325
  2023   12    11.446
  2024   01    13.552
  2024   02    14.472
  2024   03    14.871
  2024   04    14.549
  2024   05    13.457
  2024   06    10.511
  2024   07     7.733
  2024   08     4.306
  2024   09     1.422
  2024   10     5.605
  2024   11     8.523
  2024   12    11.138
  2025   01    13.204
  2025   02    14.081
  2025   03    14.460
  2025   04    14.439
  2025   05    13.795
  2025   06    11.912
  2025   07     9.079
  2025   08     5.111
  2025   09     3.572
  2025   10     6.002
  2025   11     9.762
  2025   12    12.120
  2026   01    13.725
  2026   02    14.268
  2026   03    14.596
  2026   04    14.264
  2026   05    13.358
  2026   06    11.727
  2026   07     8.930
  2026   08     5.894
  2026   09     4.079
  2026   10     6.217
  2026   11    10.164
  2026   12    11.830
  2027   01    13.788
  2027   02    14.282
  2027   03    14.588
  2027   04    14.676
  2027   05    13.627
  2027   06    11.855
  2027   07     8.898
  2027   08     5.378
  2027   09     3.130
  2027   10     6.375
  2027   11     9.949
  2027   12    12.084
  2028   01    13.783
  2028   02    14.256
  2028   03    14.585
  2028   04    14.341
  2028   05    13.348
  2028   06    11.955
  2028   07     9.360
  2028   08     5.960
  2028   09     3.792
  2028   10     6.402
  2028   11     9.769
  2028   12    11.770
  2029   01    12.954
  2029   02    14.041
  2029   03    14.326
  2029   04    14.216
  2029   05    13.296
  2029   06    11.885
  2029   07     7.944
  2029   08     4.045
  2029   09     2.427
  2029   10     4.041
  2029   11     8.048
  2029   12    11.355
  2030   01    13.411
  2030   02    14.236
  2030   03    14.471
  2030   04    14.421
  2030   05    13.588
  2030   06    11.388
  2030   07     8.358
  2030   08     4.815
  2030   09     2.071
  2030   10     5.906
  2030   11     8.783
  2030   12    11.270
  2031   01    13.509
  2031   02    14.372
  2031   03    14.571
  2031   04    14.392
  2031   05    13.561
  2031   06    12.233
  2031   07     9.623
  2031   08     5.743
  2031   09     3.762
  2031   10     6.053
  2031   11     9.959
  2031   12    11.687
  2032   01    13.338
  2032   02    14.003
  2032   03    14.445
  2032   04    14.013
  2032   05    12.886
  2032   06    11.117
  2032   07     7.987
  2032   08     3.864
  2032   09     1.877
  2032   10     4.891
  2032   11     7.598
  2032   12    10.195
  2033   01    12.630
  2033   02    13.617
  2033   03    13.984
  2033   04    13.876
  2033   05    12.527
  2033   06    10.757
  2033   07     7.321
  2033   08     4.028
  2033   09     1.806
  2033   10     4.546
  2033   11     7.753
  2033   12    10.200
  2034   01    12.573
  2034   02    13.364
  2034   03    13.965
  2034   04    13.976
  2034   05    13.025
  2034   06    11.479
  2034   07     8.199
  2034   08     4.328
  2034   09     0.915
  2034   10     5.497
  2034   11     9.180
  2034   12    10.752
  2035   01    12.773
  2035   02    13.940
  2035   03    14.238
  2035   04    14.315
  2035   05    13.357
  2035   06    11.462
  2035   07     8.330
  2035   08     4.580
  2035   09     2.026
  2035   10     4.761
  2035   11     8.793
  2035   12    10.916
  2036   01    12.908
  2036   02    13.795
  2036   03    14.226
  2036   04    14.062
  2036   05    12.915
  2036   06    11.181
  2036   07     6.878
  2036   08     2.388
  2036   09     1.000
  2036   10     2.347
  2036   11     7.236
  2036   12    10.363
  2037   01    12.455
  2037   02    13.169
  2037   03    13.561
  2037   04    13.469
  2037   05    12.468
  2037   06    10.962
  2037   07     7.193
  2037   08     1.595
  2037   09     0.671
  2037   10     3.127
  2037   11     7.140
  2037   12    10.168
  2038   01    12.379
  2038   02    13.306
  2038   03    13.838
  2038   04    13.423
  2038   05    12.483
  2038   06    10.344
  2038   07     6.872
  2038   08     0.929
  2038   09     0.311
  2038   10     2.510
  2038   11     6.700
  2038   12    10.077
  2039   01    12.293
  2039   02    13.462
  2039   03    13.982
  2039   04    13.829
  2039   05    13.003
  2039   06    11.281
  2039   07     8.027
  2039   08     1.301
  2039   09     0.528
  2039   10     2.746
  2039   11     7.478
  2039   12    10.373
  2040   01    12.170
  2040   02    13.317
  2040   03    13.783
  2040   04    13.578
  2040   05    12.849
  2040   06    10.890
  2040   07     6.928
  2040   08     0.877
  2040   09     0.520
  2040   10     2.365
  2040   11     6.749
  2040   12     9.979
  2041   01    12.555
  2041   02    13.831
  2041   03    14.240
  2041   04    13.983
  2041   05    12.868
  2041   06    11.044
  2041   07     7.480
  2041   08     2.299
  2041   09     0.557
  2041   10     2.723
  2041   11     7.979
  2041   12    10.872
  2042   01    12.612
  2042   02    13.773
  2042   03    14.365
  2042   04    13.939
  2042   05    13.019
  2042   06    10.913
  2042   07     7.712
  2042   08     3.991
  2042   09     0.837
  2042   10     4.116
  2042   11     8.366
  2042   12    10.664
  2043   01    12.830
  2043   02    13.742
  2043   03    14.117
  2043   04    14.014
  2043   05    12.856
  2043   06    11.248
  2043   07     8.222
  2043   08     3.081
  2043   09     0.966
  2043   10     3.226
  2043   11     7.721
  2043   12    10.292
  2044   01    12.532
  2044   02    13.501
  2044   03    13.886
  2044   04    13.824
  2044   05    12.698
  2044   06    10.530
  2044   07     7.771
  2044   08     3.945
  2044   09     1.791
  2044   10     4.975
  2044   11     8.150
  2044   12    10.466
  2045   01    12.578
  2045   02    13.381
  2045   03    13.619
  2045   04    13.596
  2045   05    12.708
  2045   06    10.969
  2045   07     6.903
  2045   08     3.133
  2045   09     0.623
  2045   10     4.086
  2045   11     7.689
  2045   12     9.985
  2046   01    12.218
  2046   02    13.260
  2046   03    13.729
  2046   04    13.436
  2046   05    12.130
  2046   06     9.959
  2046   07     6.187
  2046   08     0.986
  2046   09     0.337
  2046   10     2.734
  2046   11     6.307
  2046   12     9.249
  2047   01    12.033
  2047   02    13.030
  2047   03    13.569
  2047   04    13.548
  2047   05    12.597
  2047   06    10.588
  2047   07     5.968
  2047   08     0.636
  2047   09     0.333
  2047   10     2.207
  2047   11     4.948
  2047   12     9.741
  2048   01    11.662
  2048   02    13.043
  2048   03    13.751
  2048   04    13.523
  2048   05    12.177
  2048   06    10.350
  2048   07     5.562
  2048   08     0.955
  2048   09     0.502
  2048   10     2.168
  2048   11     6.855
  2048   12    10.124
  2049   01    12.445
  2049   02    13.449
  2049   03    14.078
  2049   04    13.920
  2049   05    12.739
  2049   06    10.424
  2049   07     6.593
  2049   08     0.575
  2049   09     0.272
  2049   10     2.058
  2049   11     6.793
  2049   12     9.854
  2050   01    11.919
  2050   02    12.958
  2050   03    13.748
  2050   04    13.757
  2050   05    12.837
  2050   06    10.612
  2050   07     6.797
  2050   08     0.704
  2050   09     0.241
  2050   10     3.194
  2050   11     7.486
  2050   12     9.719
  2051   01    12.236
  2051   02    13.447
  2051   03    13.926
  2051   04    13.720
  2051   05    12.571
  2051   06    10.335
  2051   07     6.620
  2051   08     1.823
  2051   09     0.392
  2051   10     2.575
  2051   11     6.702
  2051   12     9.639
  2052   01    11.785
  2052   02    13.205
  2052   03    13.733
  2052   04    13.678
  2052   05    12.624
  2052   06    10.527
  2052   07     7.401
  2052   08     2.524
  2052   09     0.729
  2052   10     3.169
  2052   11     7.389
  2052   12    10.343
  2053   01    12.399
  2053   02    13.657
  2053   03    14.151
  2053   04    14.076
  2053   05    13.249
  2053   06    11.420
  2053   07     7.639
  2053   08     2.114
  2053   09     0.999
  2053   10     3.898
  2053   11     8.935
  2053   12    11.091
  2054   01    12.860
  2054   02    13.719
  2054   03    14.314
  2054   04    14.301
  2054   05    13.632
  2054   06    11.769
  2054   07     7.953
  2054   08     3.587
  2054   09     1.487
  2054   10     3.641
  2054   11     7.815
  2054   12    10.334
  2055   01    13.087
  2055   02    13.908
  2055   03    14.393
  2055   04    14.274
  2055   05    13.392
  2055   06    10.803
  2055   07     7.212
  2055   08     2.615
  2055   09     0.548
  2055   10     2.346
  2055   11     7.210
  2055   12    10.393
  2056   01    12.779
  2056   02    14.196
  2056   03    14.500
  2056   04    14.281
  2056   05    13.412
  2056   06    11.270
  2056   07     7.620
  2056   08     1.000
  2056   09     0.522
  2056   10     3.479
  2056   11     7.790
  2056   12    10.516
  2057   01    12.607
  2057   02    13.653
  2057   03    14.116
  2057   04    13.905
  2057   05    13.131
  2057   06    10.798
  2057   07     6.652
  2057   08     1.540
  2057   09     0.683
  2057   10     2.493
  2057   11     6.464
  2057   12     9.577
  2058   01    12.079
  2058   02    13.200
  2058   03    13.883
  2058   04    13.807
  2058   05    12.576
  2058   06    10.717
  2058   07     6.635
  2058   08     1.213
  2058   09     0.209
  2058   10     3.266
  2058   11     7.076
  2058   12     9.633
  2059   01    12.001
  2059   02    13.147
  2059   03    13.691
  2059   04    13.786
  2059   05    12.868
  2059   06    10.997
  2059   07     7.169
  2059   08     1.515
  2059   09     0.531
  2059   10     2.723
  2059   11     7.165
  2059   12    10.588
  2060   01    12.360
  2060   02    13.275
  2060   03    13.713
  2060   04    13.482
  2060   05    12.704
  2060   06    10.343
  2060   07     6.792
  2060   08     0.656
  2060   09     0.278
  2060   10     2.192
  2060   11     7.218
  2060   12     9.926
  2061   01    11.537
  2061   02    13.111
  2061   03    13.405
  2061   04    13.333
  2061   05    12.546
  2061   06    10.515
  2061   07     6.681
  2061   08     1.105
  2061   09     0.187
  2061   10     2.229
  2061   11     6.441
  2061   12     9.262
  2062   01    12.065
  2062   02    12.968
  2062   03    13.761
  2062   04    13.789
  2062   05    12.470
  2062   06     9.839
  2062   07     5.376
  2062   08     0.246
  2062   09     0.125
  2062   10     0.849
  2062   11     4.624
  2062   12     9.032
  2063   01    12.012
  2063   02    13.075
  2063   03    13.603
  2063   04    13.359
  2063   05    12.316
  2063   06    10.646
  2063   07     6.224
  2063   08     0.657
  2063   09     0.162
  2063   10     1.925
  2063   11     6.197
  2063   12     9.750
  2064   01    12.382
  2064   02    13.260
  2064   03    13.751
  2064   04    13.434
  2064   05    12.530
  2064   06    10.587
  2064   07     6.752
  2064   08     1.157
  2064   09     0.508
  2064   10     1.956
  2064   11     6.668
  2064   12     9.309
  2065   01    12.045
  2065   02    13.153
  2065   03    13.507
  2065   04    13.622
  2065   05    12.442
  2065   06    10.455
  2065   07     7.196
  2065   08     1.496
  2065   09     0.432
  2065   10     2.198
  2065   11     5.870
  2065   12     9.944
  2066   01    11.927
  2066   02    12.721
  2066   03    13.339
  2066   04    13.307
  2066   05    12.224
  2066   06     9.829
  2066   07     5.799
  2066   08     1.032
  2066   09     0.568
  2066   10     1.255
  2066   11     4.953
  2066   12     9.291
  2067   01    11.192
  2067   02    12.647
  2067   03    13.501
  2067   04    13.567
  2067   05    12.182
  2067   06    10.191
  2067   07     6.524
  2067   08     1.694
  2067   09     0.323
  2067   10     1.999
  2067   11     5.988
  2067   12     9.452
  2068   01    11.548
  2068   02    13.070
  2068   03    13.474
  2068   04    13.506
  2068   05    12.643
  2068   06    10.252
  2068   07     6.978
  2068   08     0.752
  2068   09     0.221
  2068   10     3.152
  2068   11     6.425
  2068   12     9.477
  2069   01    11.662
  2069   02    13.331
  2069   03    13.911
  2069   04    13.820
  2069   05    12.228
  2069   06     9.722
  2069   07     5.969
  2069   08     0.295
  2069   09     0.122
  2069   10     1.282
  2069   11     5.091
  2069   12     8.583
  2070   01    10.756
  2070   02    12.552
  2070   03    13.470
  2070   04    13.500
  2070   05    12.396
  2070   06     9.767
  2070   07     5.778
  2070   08     0.541
  2070   09     0.133
  2070   10     1.464
  2070   11     5.392
  2070   12     8.894
  2071   01    11.498
  2071   02    13.055
  2071   03    13.797
  2071   04    13.695
  2071   05    12.742
  2071   06     9.922
  2071   07     5.494
  2071   08     0.213
  2071   09     0.060
  2071   10     0.245
  2071   11     4.165
  2071   12     8.782
  2072   01    11.817
  2072   02    13.246
  2072   03    13.706
  2072   04    13.470
  2072   05    12.494
  2072   06    10.000
  2072   07     4.919
  2072   08     0.203
  2072   09     0.058
  2072   10     0.439
  2072   11     5.064
  2072   12     8.883
  2073   01    11.517
  2073   02    12.695
  2073   03    13.423
  2073   04    13.375
  2073   05    12.524
  2073   06    10.265
  2073   07     5.020
  2073   08     0.154
  2073   09     0.049
  2073   10     0.516
  2073   11     4.039
  2073   12     8.420
  2074   01    11.698
  2074   02    12.923
  2074   03    13.387
  2074   04    13.158
  2074   05    12.018
  2074   06     9.698
  2074   07     4.748
  2074   08     0.343
  2074   09     0.159
  2074   10     0.489
  2074   11     3.240
  2074   12     8.182
  2075   01    11.252
  2075   02    12.734
  2075   03    13.536
  2075   04    13.511
  2075   05    12.488
  2075   06     9.370
  2075   07     4.066
  2075   08     0.086
  2075   09     0.004
  2075   10     0.198
  2075   11     4.420
  2075   12     8.504
  2076   01    11.620
  2076   02    12.890
  2076   03    13.275
  2076   04    13.055
  2076   05    12.414
  2076   06    10.538
  2076   07     6.733
  2076   08     1.093
  2076   09     0.180
  2076   10     3.604
  2076   11     6.619
  2076   12     9.623
  2077   01    11.988
  2077   02    13.077
  2077   03    13.652
  2077   04    13.323
  2077   05    12.333
  2077   06    10.495
  2077   07     5.478
  2077   08     0.768
  2077   09     0.462
  2077   10     1.892
  2077   11     5.859
  2077   12     9.188
  2078   01    12.091
  2078   02    13.106
  2078   03    13.752
  2078   04    13.369
  2078   05    12.076
  2078   06     9.449
  2078   07     5.158
  2078   08     0.162
  2078   09     0.087
  2078   10     0.826
  2078   11     5.117
  2078   12     9.199
  2079   01    11.600
  2079   02    13.025
  2079   03    13.592
  2079   04    13.521
  2079   05    12.758
  2079   06    10.134
  2079   07     7.212
  2079   08     0.313
  2079   09     0.161
  2079   10     1.115
  2079   11     5.931
  2079   12     9.424
  2080   01    11.714
  2080   02    12.929
  2080   03    13.802
  2080   04    13.837
  2080   05    12.625
  2080   06    10.185
  2080   07     5.909
  2080   08     0.518
  2080   09     0.377
  2080   10     0.943
  2080   11     4.491
  2080   12     9.348
  2081   01    11.768
  2081   02    13.496
  2081   03    14.064
  2081   04    13.693
  2081   05    12.788
  2081   06    10.473
  2081   07     6.000
  2081   08     0.387
  2081   09     0.182
  2081   10     0.574
  2081   11     5.761
  2081   12     9.326
  2082   01    11.667
  2082   02    13.209
  2082   03    13.643
  2082   04    13.512
  2082   05    12.240
  2082   06    10.163
  2082   07     6.165
  2082   08     0.344
  2082   09     0.126
  2082   10     0.734
  2082   11     5.697
  2082   12     9.464
  2083   01    12.088
  2083   02    13.530
  2083   03    14.052
  2083   04    13.909
  2083   05    12.777
  2083   06    10.136
  2083   07     6.818
  2083   08     1.568
  2083   09     0.055
  2083   10     1.141
  2083   11     5.663
  2083   12     9.908
  2084   01    12.656
  2084   02    13.781
  2084   03    14.288
  2084   04    14.107
  2084   05    13.186
  2084   06    10.607
  2084   07     4.410
  2084   08     0.354
  2084   09     0.135
  2084   10     0.894
  2084   11     3.710
  2084   12     8.963
  2085   01    11.829
  2085   02    13.291
  2085   03    14.100
  2085   04    14.194
  2085   05    12.966
  2085   06    10.023
  2085   07     6.549
  2085   08     0.245
  2085   09     0.097
  2085   10     0.401
  2085   11     4.822
  2085   12     8.845
  2086   01    11.510
  2086   02    13.098
  2086   03    13.729
  2086   04    13.726
  2086   05    12.592
  2086   06    10.244
  2086   07     4.891
  2086   08     0.238
  2086   09     0.073
  2086   10     0.354
  2086   11     3.148
  2086   12     9.179
  2087   01    11.222
  2087   02    12.958
  2087   03    13.577
  2087   04    13.610
  2087   05    12.373
  2087   06     9.453
  2087   07     4.122
  2087   08     0.193
  2087   09     0.027
  2087   10     0.320
  2087   11     4.407
  2087   12     8.578
  2088   01    11.402
  2088   02    13.128
  2088   03    14.053
  2088   04    13.717
  2088   05    11.891
  2088   06     9.759
  2088   07     5.086
  2088   08     0.175
  2088   09     0.043
  2088   10     0.506
  2088   11     4.173
  2088   12     7.760
  2089   01     9.985
  2089   02    11.874
  2089   03    13.449
  2089   04    13.681
  2089   05    12.625
  2089   06    10.112
  2089   07     2.964
  2089   08     0.101
  2089   09     0.036
  2089   10     0.184
  2089   11     1.117
  2089   12     7.275
  2090   01    10.329
  2090   02    12.637
  2090   03    13.303
  2090   04    13.234
  2090   05    12.199
  2090   06     9.817
  2090   07     5.076
  2090   08     0.100
  2090   09     0.023
  2090   10     0.365
  2090   11     3.542
  2090   12     9.284
  2091   01    11.229
  2091   02    12.969
  2091   03    13.732
  2091   04    13.695
  2091   05    12.816
  2091   06    10.383
  2091   07     5.392
  2091   08     0.194
  2091   09     0.103
  2091   10     0.492
  2091   11     4.077
  2091   12     9.273
  2092   01    11.428
  2092   02    12.907
  2092   03    13.578
  2092   04    13.620
  2092   05    12.463
  2092   06     9.956
  2092   07     5.511
  2092   08     0.160
  2092   09     0.069
  2092   10     0.453
  2092   11     3.508
  2092   12     9.439
  2093   01    11.506
  2093   02    12.630
  2093   03    13.029
  2093   04    12.989
  2093   05    12.060
  2093   06     9.620
  2093   07     5.477
  2093   08     0.354
  2093   09     0.147
  2093   10     0.500
  2093   11     5.135
  2093   12     8.353
  2094   01    10.744
  2094   02    12.377
  2094   03    13.367
  2094   04    13.471
  2094   05    11.774
  2094   06     9.320
  2094   07     6.156
  2094   08     0.922
  2094   09     0.073
  2094   10     1.143
  2094   11     5.717
  2094   12     8.237
  2095   01    10.746
  2095   02    11.928
  2095   03    12.540
  2095   04    12.527
  2095   05    11.663
  2095   06     9.213
  2095   07     4.440
  2095   08     0.159
  2095   09     0.093
  2095   10     0.357
  2095   11     2.731
  2095   12     8.104
  2096   01    11.138
  2096   02    12.410
  2096   03    12.875
  2096   04    12.822
  2096   05    11.883
  2096   06     9.907
  2096   07     4.514
  2096   08     0.020
  2096   09     0.007
  2096   10     0.146
  2096   11     2.495
  2096   12     7.651
  2097   01    10.558
  2097   02    12.085
  2097   03    12.823
  2097   04    12.815
  2097   05    11.759
  2097   06     9.541
  2097   07     4.392
  2097   08     0.244
  2097   09     0.095
  2097   10     0.589
  2097   11     4.670
  2097   12     8.500
  2098   01    10.837
  2098   02    12.456
  2098   03    12.964
  2098   04    13.000
  2098   05    12.280
  2098   06     9.878
  2098   07     5.015
  2098   08     0.300
  2098   09     0.083
  2098   10     0.454
  2098   11     3.619
  2098   12     8.522
  2099   01    10.975
  2099   02    12.787
  2099   03    13.278
  2099   04    13.237
  2099   05    12.274
  2099   06     9.274
  2099   07     4.242
  2099   08     0.391
  2099   09     0.104
  2099   10     0.483
  2099   11     2.622
  2099   12     8.004
  2100   01    10.419
  2100   02    12.812
  2100   03    13.242
  2100   04    13.096
  2100   05    12.272
  2100   06     9.399
  2100   07     4.556
  2100   08     0.268
  2100   09     0.075
  2100   10     0.478
  2100   11     2.513
  2100   12     8.082
