  1850   01    16.393
  1850   02    17.556
  1850   03    17.915
  1850   04    17.050
  1850   05    15.205
  1850   06    12.578
  1850   07    10.318
  1850   08     8.970
  1850   09     8.991
  1850   10    10.571
  1850   11    12.290
  1850   12    14.720
  1851   01    15.908
  1851   02    16.560
  1851   03    16.953
  1851   04    16.555
  1851   05    15.106
  1851   06    13.078
  1851   07    10.499
  1851   08     9.322
  1851   09     9.430
  1851   10    10.663
  1851   11    12.591
  1851   12    14.497
  1852   01    16.391
  1852   02    17.355
  1852   03    17.683
  1852   04    16.872
  1852   05    15.322
  1852   06    12.502
  1852   07     9.853
  1852   08     7.884
  1852   09     7.646
  1852   10     9.474
  1852   11    12.393
  1852   12    14.764
  1853   01    15.891
  1853   02    16.675
  1853   03    16.784
  1853   04    16.359
  1853   05    15.218
  1853   06    13.008
  1853   07     9.783
  1853   08     7.485
  1853   09     8.297
  1853   10     9.905
  1853   11    12.281
  1853   12    14.536
  1854   01    15.825
  1854   02    16.565
  1854   03    16.792
  1854   04    16.255
  1854   05    14.923
  1854   06    13.002
  1854   07    10.148
  1854   08     8.413
  1854   09     8.637
  1854   10    10.505
  1854   11    12.906
  1854   12    14.759
  1855   01    16.090
  1855   02    17.005
  1855   03    17.721
  1855   04    16.651
  1855   05    15.032
  1855   06    13.313
  1855   07    10.464
  1855   08     8.410
  1855   09     8.418
  1855   10    10.318
  1855   11    12.659
  1855   12    14.920
  1856   01    16.243
  1856   02    16.792
  1856   03    16.911
  1856   04    16.289
  1856   05    14.555
  1856   06    12.677
  1856   07     9.138
  1856   08     7.564
  1856   09     7.625
  1856   10    10.115
  1856   11    12.415
  1856   12    14.392
  1857   01    15.627
  1857   02    16.360
  1857   03    16.356
  1857   04    16.106
  1857   05    14.682
  1857   06    13.044
  1857   07    10.214
  1857   08     8.366
  1857   09     8.617
  1857   10    10.729
  1857   11    12.865
  1857   12    14.948
  1858   01    15.966
  1858   02    16.832
  1858   03    17.218
  1858   04    16.742
  1858   05    15.694
  1858   06    13.946
  1858   07    11.747
  1858   08     8.941
  1858   09     9.084
  1858   10    11.605
  1858   11    13.377
  1858   12    15.749
  1859   01    16.992
  1859   02    17.451
  1859   03    17.563
  1859   04    17.004
  1859   05    15.829
  1859   06    14.398
  1859   07    11.412
  1859   08     8.780
  1859   09     9.280
  1859   10    11.366
  1859   11    13.434
  1859   12    15.513
  1860   01    16.286
  1860   02    17.045
  1860   03    17.364
  1860   04    16.710
  1860   05    15.457
  1860   06    13.783
  1860   07    11.425
  1860   08     9.990
  1860   09     9.960
  1860   10    11.332
  1860   11    13.095
  1860   12    15.301
  1861   01    16.080
  1861   02    16.764
  1861   03    17.125
  1861   04    16.433
  1861   05    15.404
  1861   06    12.930
  1861   07    10.408
  1861   08     8.925
  1861   09     9.161
  1861   10    10.804
  1861   11    13.310
  1861   12    15.405
  1862   01    16.539
  1862   02    17.009
  1862   03    17.068
  1862   04    16.371
  1862   05    14.839
  1862   06    13.028
  1862   07    10.656
  1862   08     8.489
  1862   09     8.704
  1862   10    11.137
  1862   11    12.946
  1862   12    14.600
  1863   01    15.674
  1863   02    16.185
  1863   03    16.329
  1863   04    15.528
  1863   05    14.397
  1863   06    12.279
  1863   07     9.875
  1863   08     8.359
  1863   09     8.879
  1863   10    10.164
  1863   11    11.744
  1863   12    14.103
  1864   01    15.042
  1864   02    15.919
  1864   03    16.053
  1864   04    15.459
  1864   05    14.468
  1864   06    12.371
  1864   07     9.627
  1864   08     8.227
  1864   09     8.379
  1864   10    10.115
  1864   11    12.566
  1864   12    14.089
  1865   01    15.193
  1865   02    15.920
  1865   03    16.007
  1865   04    15.781
  1865   05    14.696
  1865   06    12.916
  1865   07    10.023
  1865   08     8.324
  1865   09     8.334
  1865   10     9.637
  1865   11    11.987
  1865   12    14.356
  1866   01    15.405
  1866   02    16.305
  1866   03    16.901
  1866   04    16.115
  1866   05    15.047
  1866   06    12.936
  1866   07    10.584
  1866   08     7.958
  1866   09     8.259
  1866   10    10.617
  1866   11    12.311
  1866   12    14.553
  1867   01    15.842
  1867   02    16.648
  1867   03    16.660
  1867   04    16.077
  1867   05    15.215
  1867   06    13.228
  1867   07    10.043
  1867   08     8.348
  1867   09     8.165
  1867   10    10.335
  1867   11    12.266
  1867   12    14.368
  1868   01    15.660
  1868   02    16.514
  1868   03    16.810
  1868   04    16.689
  1868   05    14.713
  1868   06    12.787
  1868   07     9.671
  1868   08     8.520
  1868   09     8.416
  1868   10    10.352
  1868   11    12.530
  1868   12    14.705
  1869   01    15.964
  1869   02    16.682
  1869   03    17.132
  1869   04    16.393
  1869   05    15.230
  1869   06    13.210
  1869   07    10.315
  1869   08     8.032
  1869   09     7.813
  1869   10     9.770
  1869   11    12.233
  1869   12    14.714
  1870   01    16.361
  1870   02    17.053
  1870   03    17.430
  1870   04    16.738
  1870   05    15.457
  1870   06    12.911
  1870   07    10.495
  1870   08     8.091
  1870   09     7.774
  1870   10    10.460
  1870   11    12.580
  1870   12    14.736
  1871   01    16.153
  1871   02    16.753
  1871   03    16.912
  1871   04    16.537
  1871   05    15.396
  1871   06    12.961
  1871   07     9.939
  1871   08     8.379
  1871   09     8.500
  1871   10    10.664
  1871   11    12.683
  1871   12    14.633
  1872   01    15.751
  1872   02    16.788
  1872   03    17.080
  1872   04    16.779
  1872   05    15.457
  1872   06    13.383
  1872   07    10.459
  1872   08     9.216
  1872   09     9.707
  1872   10    11.191
  1872   11    12.974
  1872   12    14.942
  1873   01    16.679
  1873   02    17.336
  1873   03    17.341
  1873   04    16.741
  1873   05    15.283
  1873   06    13.497
  1873   07    10.416
  1873   08     8.204
  1873   09     8.473
  1873   10    11.399
  1873   11    13.178
  1873   12    15.149
  1874   01    16.496
  1874   02    17.429
  1874   03    17.404
  1874   04    16.817
  1874   05    15.583
  1874   06    13.964
  1874   07    10.889
  1874   08     9.008
  1874   09     9.020
  1874   10    10.851
  1874   11    13.204
  1874   12    15.425
  1875   01    16.678
  1875   02    17.731
  1875   03    17.975
  1875   04    17.284
  1875   05    16.250
  1875   06    13.926
  1875   07    11.360
  1875   08     9.126
  1875   09     9.016
  1875   10    11.294
  1875   11    13.765
  1875   12    15.582
  1876   01    17.134
  1876   02    17.873
  1876   03    17.965
  1876   04    17.486
  1876   05    15.967
  1876   06    13.910
  1876   07    10.816
  1876   08     9.004
  1876   09     9.287
  1876   10    10.742
  1876   11    13.079
  1876   12    15.651
  1877   01    16.682
  1877   02    17.616
  1877   03    18.096
  1877   04    17.384
  1877   05    15.815
  1877   06    13.527
  1877   07    10.937
  1877   08     9.009
  1877   09     9.001
  1877   10    11.063
  1877   11    13.426
  1877   12    15.684
  1878   01    16.897
  1878   02    17.191
  1878   03    17.523
  1878   04    17.136
  1878   05    15.380
  1878   06    12.715
  1878   07    10.380
  1878   08     8.649
  1878   09     8.464
  1878   10    10.265
  1878   11    12.276
  1878   12    14.987
  1879   01    16.190
  1879   02    16.862
  1879   03    17.121
  1879   04    16.337
  1879   05    15.018
  1879   06    12.950
  1879   07    10.155
  1879   08     8.850
  1879   09     8.823
  1879   10    10.506
  1879   11    12.640
  1879   12    14.834
  1880   01    16.019
  1880   02    16.761
  1880   03    17.012
  1880   04    16.323
  1880   05    15.222
  1880   06    13.163
  1880   07    10.820
  1880   08     8.917
  1880   09     8.962
  1880   10    10.877
  1880   11    12.463
  1880   12    14.686
  1881   01    15.808
  1881   02    16.700
  1881   03    17.125
  1881   04    16.728
  1881   05    15.031
  1881   06    12.901
  1881   07    10.292
  1881   08     6.802
  1881   09     7.207
  1881   10     9.723
  1881   11    12.422
  1881   12    14.509
  1882   01    16.255
  1882   02    16.788
  1882   03    17.057
  1882   04    16.036
  1882   05    14.812
  1882   06    12.372
  1882   07     8.965
  1882   08     7.209
  1882   09     6.781
  1882   10     9.410
  1882   11    11.904
  1882   12    14.360
  1883   01    15.904
  1883   02    16.603
  1883   03    16.920
  1883   04    16.551
  1883   05    15.085
  1883   06    12.950
  1883   07     9.668
  1883   08     7.978
  1883   09     8.326
  1883   10    10.553
  1883   11    12.302
  1883   12    14.379
  1884   01    15.988
  1884   02    16.870
  1884   03    17.047
  1884   04    16.969
  1884   05    15.926
  1884   06    13.536
  1884   07    11.263
  1884   08     8.249
  1884   09     8.572
  1884   10    11.049
  1884   11    13.088
  1884   12    14.970
  1885   01    16.360
  1885   02    17.133
  1885   03    17.011
  1885   04    16.412
  1885   05    15.093
  1885   06    13.236
  1885   07    10.918
  1885   08     9.351
  1885   09     9.335
  1885   10    10.961
  1885   11    13.434
  1885   12    14.998
  1886   01    16.204
  1886   02    16.585
  1886   03    16.702
  1886   04    16.524
  1886   05    15.227
  1886   06    13.130
  1886   07    10.574
  1886   08     8.876
  1886   09     8.913
  1886   10    11.132
  1886   11    12.831
  1886   12    14.653
  1887   01    15.922
  1887   02    16.681
  1887   03    17.152
  1887   04    16.644
  1887   05    15.442
  1887   06    12.937
  1887   07    10.731
  1887   08     8.360
  1887   09     8.118
  1887   10    10.672
  1887   11    13.348
  1887   12    15.264
  1888   01    15.855
  1888   02    16.879
  1888   03    17.085
  1888   04    16.763
  1888   05    15.534
  1888   06    13.930
  1888   07    12.085
  1888   08    10.040
  1888   09    10.054
  1888   10    11.760
  1888   11    13.723
  1888   12    15.659
  1889   01    16.864
  1889   02    17.315
  1889   03    17.380
  1889   04    17.153
  1889   05    15.397
  1889   06    13.658
  1889   07    11.258
  1889   08     9.119
  1889   09     8.945
  1889   10    10.644
  1889   11    12.625
  1889   12    15.166
  1890   01    16.306
  1890   02    17.015
  1890   03    17.330
  1890   04    16.738
  1890   05    15.502
  1890   06    13.345
  1890   07    10.069
  1890   08     8.396
  1890   09     8.770
  1890   10    10.905
  1890   11    12.930
  1890   12    14.945
  1891   01    15.963
  1891   02    16.710
  1891   03    16.996
  1891   04    16.142
  1891   05    14.411
  1891   06    13.031
  1891   07    10.824
  1891   08     8.637
  1891   09     8.922
  1891   10    10.598
  1891   11    12.722
  1891   12    14.741
  1892   01    15.989
  1892   02    16.657
  1892   03    16.955
  1892   04    16.558
  1892   05    14.887
  1892   06    13.316
  1892   07    10.474
  1892   08     8.791
  1892   09     9.412
  1892   10    10.749
  1892   11    12.741
  1892   12    15.137
  1893   01    16.361
  1893   02    17.122
  1893   03    17.276
  1893   04    16.861
  1893   05    15.772
  1893   06    13.761
  1893   07    11.293
  1893   08     9.371
  1893   09     9.632
  1893   10    11.275
  1893   11    13.277
  1893   12    15.351
  1894   01    16.734
  1894   02    17.277
  1894   03    17.638
  1894   04    17.093
  1894   05    15.882
  1894   06    13.618
  1894   07    11.071
  1894   08     8.865
  1894   09     9.410
  1894   10    11.225
  1894   11    12.873
  1894   12    15.254
  1895   01    16.728
  1895   02    17.318
  1895   03    17.229
  1895   04    16.744
  1895   05    15.305
  1895   06    13.440
  1895   07    11.242
  1895   08     9.351
  1895   09     8.913
  1895   10    10.607
  1895   11    12.844
  1895   12    15.213
  1896   01    16.922
  1896   02    17.800
  1896   03    18.054
  1896   04    17.423
  1896   05    15.843
  1896   06    13.848
  1896   07    11.749
  1896   08     9.358
  1896   09     9.027
  1896   10    11.301
  1896   11    13.315
  1896   12    15.845
  1897   01    16.873
  1897   02    17.257
  1897   03    17.581
  1897   04    17.065
  1897   05    15.459
  1897   06    14.091
  1897   07    11.029
  1897   08     8.799
  1897   09     8.481
  1897   10    11.114
  1897   11    12.936
  1897   12    15.340
  1898   01    17.007
  1898   02    17.993
  1898   03    17.581
  1898   04    17.041
  1898   05    15.299
  1898   06    14.285
  1898   07    11.017
  1898   08     8.885
  1898   09     8.768
  1898   10    10.812
  1898   11    13.147
  1898   12    15.492
  1899   01    16.916
  1899   02    17.957
  1899   03    18.052
  1899   04    17.291
  1899   05    15.666
  1899   06    13.868
  1899   07    11.523
  1899   08     9.203
  1899   09     8.997
  1899   10    10.757
  1899   11    13.022
  1899   12    15.231
  1900   01    16.233
  1900   02    16.790
  1900   03    17.259
  1900   04    17.038
  1900   05    15.568
  1900   06    13.700
  1900   07    11.065
  1900   08     8.481
  1900   09     8.434
  1900   10    11.288
  1900   11    13.462
  1900   12    15.420
  1901   01    16.876
  1901   02    17.500
  1901   03    18.014
  1901   04    17.277
  1901   05    15.687
  1901   06    13.737
  1901   07    11.267
  1901   08     9.234
  1901   09     9.253
  1901   10    11.120
  1901   11    13.035
  1901   12    15.519
  1902   01    16.704
  1902   02    17.242
  1902   03    17.558
  1902   04    17.330
  1902   05    16.124
  1902   06    14.177
  1902   07    12.215
  1902   08     9.495
  1902   09     9.970
  1902   10    11.650
  1902   11    13.789
  1902   12    16.019
  1903   01    17.072
  1903   02    17.345
  1903   03    17.666
  1903   04    17.189
  1903   05    15.863
  1903   06    14.187
  1903   07    11.725
  1903   08    10.576
  1903   09    10.454
  1903   10    11.617
  1903   11    13.449
  1903   12    15.512
  1904   01    16.579
  1904   02    17.369
  1904   03    17.413
  1904   04    17.152
  1904   05    16.160
  1904   06    14.568
  1904   07    12.767
  1904   08    10.148
  1904   09    10.387
  1904   10    11.920
  1904   11    14.329
  1904   12    16.164
  1905   01    17.399
  1905   02    17.946
  1905   03    18.467
  1905   04    18.202
  1905   05    16.308
  1905   06    13.779
  1905   07    11.747
  1905   08    10.272
  1905   09    10.036
  1905   10    11.406
  1905   11    13.923
  1905   12    15.967
  1906   01    17.284
  1906   02    18.029
  1906   03    18.168
  1906   04    17.634
  1906   05    16.315
  1906   06    14.568
  1906   07    11.462
  1906   08     9.691
  1906   09     9.720
  1906   10    11.734
  1906   11    13.626
  1906   12    16.078
  1907   01    17.358
  1907   02    18.305
  1907   03    18.514
  1907   04    17.511
  1907   05    16.444
  1907   06    14.123
  1907   07    11.441
  1907   08     9.580
  1907   09    10.227
  1907   10    11.796
  1907   11    13.594
  1907   12    15.757
  1908   01    17.668
  1908   02    18.270
  1908   03    18.575
  1908   04    18.065
  1908   05    16.653
  1908   06    14.767
  1908   07    11.492
  1908   08    10.045
  1908   09     9.794
  1908   10    11.806
  1908   11    13.966
  1908   12    16.055
  1909   01    17.630
  1909   02    18.602
  1909   03    18.874
  1909   04    18.378
  1909   05    16.924
  1909   06    14.588
  1909   07    12.441
  1909   08    10.750
  1909   09    10.878
  1909   10    12.072
  1909   11    14.313
  1909   12    16.112
  1910   01    17.799
  1910   02    18.412
  1910   03    18.670
  1910   04    18.282
  1910   05    17.088
  1910   06    13.940
  1910   07    11.311
  1910   08     9.769
  1910   09     9.876
  1910   10    11.586
  1910   11    13.653
  1910   12    15.727
  1911   01    17.059
  1911   02    18.143
  1911   03    18.508
  1911   04    17.997
  1911   05    16.957
  1911   06    14.687
  1911   07    11.123
  1911   08     9.045
  1911   09     9.154
  1911   10    10.979
  1911   11    13.149
  1911   12    15.529
  1912   01    17.267
  1912   02    18.070
  1912   03    18.524
  1912   04    18.233
  1912   05    16.867
  1912   06    14.079
  1912   07    11.499
  1912   08     9.984
  1912   09    10.408
  1912   10    12.213
  1912   11    14.313
  1912   12    16.448
  1913   01    17.865
  1913   02    19.135
  1913   03    19.279
  1913   04    18.483
  1913   05    16.995
  1913   06    14.307
  1913   07    11.736
  1913   08     9.513
  1913   09     9.679
  1913   10    12.130
  1913   11    14.931
  1913   12    17.419
  1914   01    18.459
  1914   02    19.261
  1914   03    19.440
  1914   04    19.117
  1914   05    17.638
  1914   06    15.673
  1914   07    12.354
  1914   08     9.618
  1914   09     9.006
  1914   10    11.586
  1914   11    14.262
  1914   12    16.567
  1915   01    17.988
  1915   02    18.797
  1915   03    18.960
  1915   04    18.551
  1915   05    17.251
  1915   06    14.962
  1915   07    12.859
  1915   08    10.008
  1915   09     9.678
  1915   10    11.296
  1915   11    14.330
  1915   12    16.585
  1916   01    17.733
  1916   02    18.504
  1916   03    18.898
  1916   04    18.482
  1916   05    16.567
  1916   06    14.547
  1916   07    11.958
  1916   08     9.746
  1916   09     9.433
  1916   10    11.523
  1916   11    14.112
  1916   12    16.267
  1917   01    17.809
  1917   02    18.861
  1917   03    19.233
  1917   04    18.886
  1917   05    17.232
  1917   06    14.867
  1917   07    11.884
  1917   08     9.670
  1917   09     9.687
  1917   10    11.977
  1917   11    14.745
  1917   12    16.528
  1918   01    18.025
  1918   02    19.096
  1918   03    19.136
  1918   04    18.838
  1918   05    16.945
  1918   06    14.380
  1918   07    12.135
  1918   08     9.671
  1918   09     9.268
  1918   10    11.354
  1918   11    13.359
  1918   12    15.988
  1919   01    17.168
  1919   02    18.062
  1919   03    18.566
  1919   04    18.355
  1919   05    17.761
  1919   06    15.634
  1919   07    11.568
  1919   08     9.509
  1919   09     9.423
  1919   10    11.943
  1919   11    14.750
  1919   12    17.021
  1920   01    18.452
  1920   02    19.039
  1920   03    19.192
  1920   04    19.020
  1920   05    17.608
  1920   06    15.163
  1920   07    12.611
  1920   08    10.771
  1920   09    10.647
  1920   10    12.522
  1920   11    14.581
  1920   12    16.676
  1921   01    17.860
  1921   02    18.496
  1921   03    19.051
  1921   04    18.294
  1921   05    17.190
  1921   06    14.550
  1921   07    11.616
  1921   08     9.035
  1921   09     8.991
  1921   10    11.198
  1921   11    13.660
  1921   12    16.407
  1922   01    17.851
  1922   02    18.579
  1922   03    19.000
  1922   04    18.723
  1922   05    16.768
  1922   06    14.858
  1922   07    10.794
  1922   08     8.658
  1922   09     8.613
  1922   10    10.452
  1922   11    13.382
  1922   12    16.151
  1923   01    17.915
  1923   02    18.809
  1923   03    18.718
  1923   04    18.510
  1923   05    16.867
  1923   06    14.036
  1923   07    10.154
  1923   08     8.033
  1923   09     8.109
  1923   10    10.603
  1923   11    13.569
  1923   12    16.045
  1924   01    17.311
  1924   02    18.090
  1924   03    18.928
  1924   04    18.309
  1924   05    16.991
  1924   06    14.640
  1924   07    11.007
  1924   08     8.976
  1924   09     9.255
  1924   10    11.103
  1924   11    13.004
  1924   12    16.220
  1925   01    17.911
  1925   02    19.020
  1925   03    18.953
  1925   04    18.829
  1925   05    17.524
  1925   06    14.574
  1925   07    12.219
  1925   08    10.083
  1925   09    10.775
  1925   10    12.054
  1925   11    14.294
  1925   12    16.861
  1926   01    18.175
  1926   02    18.738
  1926   03    18.931
  1926   04    18.540
  1926   05    16.722
  1926   06    13.997
  1926   07    10.694
  1926   08     8.937
  1926   09     9.087
  1926   10    11.391
  1926   11    14.042
  1926   12    16.738
  1927   01    18.421
  1927   02    19.382
  1927   03    19.328
  1927   04    19.027
  1927   05    17.658
  1927   06    15.783
  1927   07    12.154
  1927   08     9.926
  1927   09     9.743
  1927   10    11.111
  1927   11    14.034
  1927   12    16.521
  1928   01    18.335
  1928   02    19.098
  1928   03    19.443
  1928   04    19.103
  1928   05    17.110
  1928   06    15.005
  1928   07    12.072
  1928   08    10.435
  1928   09    10.551
  1928   10    11.943
  1928   11    14.424
  1928   12    17.054
  1929   01    18.635
  1929   02    19.606
  1929   03    19.642
  1929   04    18.849
  1929   05    16.836
  1929   06    15.104
  1929   07    12.180
  1929   08    10.504
  1929   09    10.227
  1929   10    12.399
  1929   11    14.223
  1929   12    16.737
  1930   01    18.319
  1930   02    19.415
  1930   03    19.915
  1930   04    19.603
  1930   05    17.786
  1930   06    15.591
  1930   07    13.749
  1930   08    11.416
  1930   09    11.686
  1930   10    13.106
  1930   11    15.251
  1930   12    17.278
  1931   01    18.989
  1931   02    19.804
  1931   03    20.331
  1931   04    19.649
  1931   05    18.141
  1931   06    15.927
  1931   07    13.081
  1931   08    11.374
  1931   09    11.585
  1931   10    12.773
  1931   11    15.278
  1931   12    17.695
  1932   01    19.060
  1932   02    20.042
  1932   03    20.210
  1932   04    19.061
  1932   05    17.473
  1932   06    15.876
  1932   07    12.900
  1932   08     9.860
  1932   09    10.581
  1932   10    12.327
  1932   11    14.166
  1932   12    17.077
  1933   01    18.653
  1933   02    19.445
  1933   03    19.600
  1933   04    19.018
  1933   05    17.700
  1933   06    14.883
  1933   07    11.675
  1933   08     9.934
  1933   09    10.361
  1933   10    11.887
  1933   11    14.207
  1933   12    16.539
  1934   01    18.067
  1934   02    18.807
  1934   03    19.217
  1934   04    18.799
  1934   05    17.427
  1934   06    15.263
  1934   07    12.426
  1934   08    10.715
  1934   09    11.070
  1934   10    12.619
  1934   11    14.342
  1934   12    17.114
  1935   01    18.117
  1935   02    18.788
  1935   03    19.367
  1935   04    19.088
  1935   05    17.601
  1935   06    15.395
  1935   07    12.696
  1935   08    11.043
  1935   09    10.900
  1935   10    12.519
  1935   11    14.845
  1935   12    17.264
  1936   01    18.521
  1936   02    19.630
  1936   03    19.813
  1936   04    19.422
  1936   05    17.902
  1936   06    15.598
  1936   07    13.189
  1936   08    11.971
  1936   09    12.364
  1936   10    13.307
  1936   11    15.400
  1936   12    17.305
  1937   01    18.790
  1937   02    19.637
  1937   03    20.110
  1937   04    19.552
  1937   05    18.141
  1937   06    16.164
  1937   07    13.998
  1937   08    11.794
  1937   09    11.590
  1937   10    13.128
  1937   11    15.484
  1937   12    17.969
  1938   01    19.268
  1938   02    20.129
  1938   03    20.535
  1938   04    20.056
  1938   05    18.320
  1938   06    15.487
  1938   07    13.503
  1938   08    11.997
  1938   09    12.155
  1938   10    13.362
  1938   11    15.282
  1938   12    17.524
  1939   01    18.967
  1939   02    19.800
  1939   03    20.467
  1939   04    19.958
  1939   05    18.269
  1939   06    15.955
  1939   07    13.656
  1939   08    11.243
  1939   09    11.422
  1939   10    12.737
  1939   11    14.440
  1939   12    16.768
  1940   01    18.333
  1940   02    19.835
  1940   03    20.080
  1940   04    19.441
  1940   05    18.027
  1940   06    16.047
  1940   07    13.110
  1940   08    11.305
  1940   09    10.991
  1940   10    12.232
  1940   11    14.319
  1940   12    17.377
  1941   01    19.216
  1941   02    19.814
  1941   03    20.411
  1941   04    19.791
  1941   05    18.364
  1941   06    16.161
  1941   07    12.969
  1941   08    10.024
  1941   09    10.179
  1941   10    12.480
  1941   11    14.689
  1941   12    17.438
  1942   01    18.945
  1942   02    19.634
  1942   03    20.154
  1942   04    19.629
  1942   05    18.490
  1942   06    15.911
  1942   07    13.748
  1942   08    10.792
  1942   09    10.601
  1942   10    12.633
  1942   11    15.412
  1942   12    17.982
  1943   01    19.681
  1943   02    21.087
  1943   03    21.470
  1943   04    20.520
  1943   05    18.758
  1943   06    16.151
  1943   07    13.971
  1943   08    11.055
  1943   09    11.376
  1943   10    13.077
  1943   11    15.556
  1943   12    17.790
  1944   01    19.419
  1944   02    20.410
  1944   03    20.876
  1944   04    20.562
  1944   05    18.516
  1944   06    15.381
  1944   07    12.372
  1944   08    10.514
  1944   09    10.575
  1944   10    12.516
  1944   11    14.756
  1944   12    17.254
  1945   01    19.211
  1945   02    20.438
  1945   03    20.886
  1945   04    20.270
  1945   05    18.208
  1945   06    16.140
  1945   07    13.963
  1945   08    10.881
  1945   09    11.004
  1945   10    12.992
  1945   11    15.772
  1945   12    18.314
  1946   01    19.666
  1946   02    20.505
  1946   03    20.609
  1946   04    19.929
  1946   05    18.319
  1946   06    16.084
  1946   07    14.377
  1946   08    12.208
  1946   09    12.037
  1946   10    13.795
  1946   11    16.262
  1946   12    18.389
  1947   01    19.529
  1947   02    20.457
  1947   03    20.779
  1947   04    20.526
  1947   05    18.317
  1947   06    15.855
  1947   07    13.205
  1947   08    11.608
  1947   09    11.853
  1947   10    13.349
  1947   11    15.518
  1947   12    17.893
  1948   01    19.741
  1948   02    20.392
  1948   03    20.385
  1948   04    19.699
  1948   05    17.767
  1948   06    15.951
  1948   07    12.978
  1948   08     9.975
  1948   09    10.154
  1948   10    12.203
  1948   11    14.825
  1948   12    17.392
  1949   01    19.226
  1949   02    20.152
  1949   03    20.519
  1949   04    19.504
  1949   05    17.768
  1949   06    15.290
  1949   07    13.221
  1949   08    11.188
  1949   09    11.139
  1949   10    12.579
  1949   11    14.596
  1949   12    17.240
  1950   01    18.598
  1950   02    19.708
  1950   03    20.184
  1950   04    19.737
  1950   05    18.530
  1950   06    15.571
  1950   07    12.890
  1950   08    10.792
  1950   09    10.636
  1950   10    12.740
  1950   11    14.759
  1950   12    17.257
  1951   01    18.680
  1951   02    19.428
  1951   03    19.516
  1951   04    19.282
  1951   05    18.311
  1951   06    15.259
  1951   07    12.478
  1951   08    10.246
  1951   09    10.651
  1951   10    12.645
  1951   11    14.693
  1951   12    17.046
  1952   01    18.452
  1952   02    19.136
  1952   03    19.508
  1952   04    19.156
  1952   05    18.054
  1952   06    15.604
  1952   07    12.626
  1952   08    11.176
  1952   09    10.636
  1952   10    12.587
  1952   11    14.802
  1952   12    17.271
  1953   01    18.647
  1953   02    19.718
  1953   03    19.902
  1953   04    18.869
  1953   05    17.110
  1953   06    14.994
  1953   07    12.480
  1953   08     9.672
  1953   09     9.500
  1953   10    11.638
  1953   11    14.180
  1953   12    16.887
  1954   01    18.375
  1954   02    19.388
  1954   03    19.800
  1954   04    19.150
  1954   05    17.273
  1954   06    14.823
  1954   07    12.312
  1954   08     9.427
  1954   09     9.745
  1954   10    12.503
  1954   11    14.029
  1954   12    16.106
  1955   01    17.778
  1955   02    18.838
  1955   03    19.389
  1955   04    18.630
  1955   05    17.435
  1955   06    15.345
  1955   07    12.760
  1955   08    10.129
  1955   09     9.653
  1955   10    12.482
  1955   11    14.736
  1955   12    16.937
  1956   01    18.176
  1956   02    18.923
  1956   03    19.401
  1956   04    18.736
  1956   05    17.307
  1956   06    14.852
  1956   07    12.611
  1956   08    10.580
  1956   09     9.630
  1956   10    12.719
  1956   11    14.461
  1956   12    16.731
  1957   01    18.374
  1957   02    19.197
  1957   03    18.798
  1957   04    17.738
  1957   05    16.152
  1957   06    14.948
  1957   07    12.147
  1957   08    10.805
  1957   09    10.264
  1957   10    11.978
  1957   11    13.998
  1957   12    16.162
  1958   01    17.538
  1958   02    18.342
  1958   03    18.274
  1958   04    17.602
  1958   05    16.524
  1958   06    15.026
  1958   07    12.799
  1958   08    10.295
  1958   09    10.171
  1958   10    12.172
  1958   11    14.402
  1958   12    16.679
  1959   01    18.067
  1959   02    18.746
  1959   03    18.529
  1959   04    18.125
  1959   05    16.764
  1959   06    14.878
  1959   07    11.988
  1959   08    10.409
  1959   09    10.400
  1959   10    11.759
  1959   11    13.836
  1959   12    15.924
  1960   01    17.315
  1960   02    18.116
  1960   03    18.530
  1960   04    17.995
  1960   05    16.453
  1960   06    14.702
  1960   07    11.514
  1960   08     9.243
  1960   09     9.799
  1960   10    11.361
  1960   11    13.740
  1960   12    16.275
  1961   01    17.730
  1961   02    18.510
  1961   03    18.875
  1961   04    18.376
  1961   05    16.752
  1961   06    14.503
  1961   07    11.561
  1961   08     9.866
  1961   09     9.427
  1961   10    10.925
  1961   11    13.154
  1961   12    15.854
  1962   01    17.482
  1962   02    18.123
  1962   03    18.548
  1962   04    17.995
  1962   05    16.785
  1962   06    14.449
  1962   07    11.713
  1962   08    10.007
  1962   09     9.656
  1962   10    11.560
  1962   11    14.281
  1962   12    16.152
  1963   01    18.055
  1963   02    18.848
  1963   03    19.232
  1963   04    18.333
  1963   05    16.522
  1963   06    14.114
  1963   07    11.322
  1963   08     9.729
  1963   09     9.671
  1963   10    11.349
  1963   11    13.618
  1963   12    15.806
  1964   01    17.588
  1964   02    18.493
  1964   03    18.919
  1964   04    17.864
  1964   05    16.376
  1964   06    14.647
  1964   07    12.553
  1964   08     9.814
  1964   09     9.157
  1964   10    11.276
  1964   11    13.813
  1964   12    16.124
  1965   01    17.850
  1965   02    19.274
  1965   03    19.818
  1965   04    19.134
  1965   05    17.630
  1965   06    15.901
  1965   07    12.643
  1965   08    10.589
  1965   09    10.657
  1965   10    12.578
  1965   11    15.010
  1965   12    17.240
  1966   01    18.651
  1966   02    19.452
  1966   03    19.723
  1966   04    19.205
  1966   05    18.057
  1966   06    15.056
  1966   07    12.555
  1966   08    11.308
  1966   09    11.146
  1966   10    12.344
  1966   11    14.522
  1966   12    17.061
  1967   01    18.742
  1967   02    19.600
  1967   03    19.905
  1967   04    19.205
  1967   05    17.197
  1967   06    15.034
  1967   07    12.379
  1967   08    10.140
  1967   09    10.338
  1967   10    11.939
  1967   11    14.164
  1967   12    16.827
  1968   01    18.370
  1968   02    19.380
  1968   03    19.628
  1968   04    19.181
  1968   05    17.687
  1968   06    15.530
  1968   07    12.382
  1968   08    10.266
  1968   09    10.225
  1968   10    12.116
  1968   11    14.659
  1968   12    17.222
  1969   01    18.556
  1969   02    19.397
  1969   03    19.842
  1969   04    19.440
  1969   05    17.514
  1969   06    15.639
  1969   07    13.072
  1969   08    10.342
  1969   09    10.504
  1969   10    12.854
  1969   11    14.845
  1969   12    17.177
  1970   01    18.814
  1970   02    19.480
  1970   03    19.591
  1970   04    19.102
  1970   05    17.544
  1970   06    14.947
  1970   07    12.840
  1970   08    10.933
  1970   09    10.691
  1970   10    12.260
  1970   11    14.675
  1970   12    17.355
  1971   01    18.992
  1971   02    19.773
  1971   03    20.273
  1971   04    19.704
  1971   05    17.736
  1971   06    15.282
  1971   07    11.834
  1971   08    10.238
  1971   09    10.319
  1971   10    12.122
  1971   11    14.717
  1971   12    17.166
  1972   01    18.787
  1972   02    19.779
  1972   03    20.157
  1972   04    19.140
  1972   05    17.558
  1972   06    14.851
  1972   07    11.913
  1972   08    10.012
  1972   09    10.389
  1972   10    11.604
  1972   11    13.978
  1972   12    16.785
  1973   01    18.814
  1973   02    20.078
  1973   03    20.572
  1973   04    19.572
  1973   05    17.429
  1973   06    15.005
  1973   07    12.387
  1973   08    10.444
  1973   09    10.562
  1973   10    12.269
  1973   11    14.738
  1973   12    16.759
  1974   01    18.827
  1974   02    19.760
  1974   03    20.089
  1974   04    19.545
  1974   05    17.527
  1974   06    15.310
  1974   07    12.431
  1974   08     9.298
  1974   09     9.698
  1974   10    11.689
  1974   11    14.054
  1974   12    17.000
  1975   01    18.687
  1975   02    19.866
  1975   03    20.190
  1975   04    19.746
  1975   05    18.225
  1975   06    15.830
  1975   07    11.426
  1975   08     9.893
  1975   09    10.026
  1975   10    12.090
  1975   11    14.081
  1975   12    16.920
  1976   01    18.641
  1976   02    19.644
  1976   03    19.816
  1976   04    18.874
  1976   05    16.855
  1976   06    14.322
  1976   07    11.866
  1976   08     9.550
  1976   09    10.021
  1976   10    11.758
  1976   11    14.160
  1976   12    16.621
  1977   01    18.190
  1977   02    19.347
  1977   03    19.561
  1977   04    19.129
  1977   05    17.534
  1977   06    14.283
  1977   07    11.849
  1977   08     9.802
  1977   09     9.437
  1977   10    11.307
  1977   11    13.985
  1977   12    16.506
  1978   01    18.005
  1978   02    18.756
  1978   03    18.997
  1978   04    18.347
  1978   05    16.858
  1978   06    14.213
  1978   07    11.133
  1978   08     9.541
  1978   09     9.559
  1978   10    11.142
  1978   11    13.896
  1978   12    16.555
  1979   01    17.965
  1979   02    18.472
  1979   03    18.658
  1979   04    18.317
  1979   05    17.056
  1979   06    14.980
  1979   07    12.582
  1979   08     9.498
  1979   09     9.997
  1979   10    12.013
  1979   11    14.410
  1979   12    16.233
  1980   01    17.792
  1980   02    18.779
  1980   03    19.118
  1980   04    18.166
  1980   05    16.679
  1980   06    14.275
  1980   07    11.903
  1980   08     9.627
  1980   09     9.929
  1980   10    11.963
  1980   11    14.275
  1980   12    16.530
  1981   01    17.867
  1981   02    18.549
  1981   03    18.901
  1981   04    18.085
  1981   05    16.126
  1981   06    14.090
  1981   07    10.924
  1981   08     9.168
  1981   09     8.935
  1981   10    11.115
  1981   11    13.105
  1981   12    15.149
  1982   01    16.630
  1982   02    17.410
  1982   03    17.872
  1982   04    17.611
  1982   05    16.182
  1982   06    13.287
  1982   07    11.611
  1982   08     9.293
  1982   09     9.504
  1982   10    11.486
  1982   11    13.280
  1982   12    15.452
  1983   01    16.819
  1983   02    17.397
  1983   03    17.639
  1983   04    17.125
  1983   05    16.000
  1983   06    14.056
  1983   07    11.858
  1983   08    10.006
  1983   09    10.229
  1983   10    11.986
  1983   11    13.749
  1983   12    16.020
  1984   01    16.901
  1984   02    17.703
  1984   03    17.966
  1984   04    17.636
  1984   05    15.775
  1984   06    14.065
  1984   07    11.980
  1984   08    10.102
  1984   09     9.902
  1984   10    11.833
  1984   11    13.944
  1984   12    15.703
  1985   01    16.643
  1985   02    17.487
  1985   03    17.758
  1985   04    17.186
  1985   05    16.247
  1985   06    13.802
  1985   07    11.470
  1985   08     9.373
  1985   09     9.110
  1985   10    11.690
  1985   11    13.990
  1985   12    16.203
  1986   01    17.340
  1986   02    18.092
  1986   03    18.551
  1986   04    18.192
  1986   05    16.154
  1986   06    14.287
  1986   07    11.559
  1986   08     9.126
  1986   09     9.355
  1986   10    11.717
  1986   11    13.967
  1986   12    15.964
  1987   01    17.220
  1987   02    17.831
  1987   03    18.107
  1987   04    17.469
  1987   05    15.725
  1987   06    13.424
  1987   07    11.213
  1987   08     9.291
  1987   09     9.183
  1987   10    11.025
  1987   11    13.071
  1987   12    15.132
  1988   01    16.419
  1988   02    17.565
  1988   03    17.850
  1988   04    17.304
  1988   05    15.481
  1988   06    13.562
  1988   07    10.767
  1988   08     8.320
  1988   09     8.548
  1988   10    10.953
  1988   11    12.934
  1988   12    14.925
  1989   01    16.252
  1989   02    17.233
  1989   03    17.407
  1989   04    16.996
  1989   05    15.170
  1989   06    13.588
  1989   07    10.946
  1989   08     8.926
  1989   09     9.225
  1989   10    11.325
  1989   11    13.439
  1989   12    15.212
  1990   01    16.795
  1990   02    17.578
  1990   03    17.834
  1990   04    17.038
  1990   05    15.222
  1990   06    13.816
  1990   07    11.365
  1990   08     8.681
  1990   09     8.476
  1990   10    10.307
  1990   11    12.825
  1990   12    14.799
  1991   01    16.581
  1991   02    17.274
  1991   03    17.334
  1991   04    16.979
  1991   05    15.488
  1991   06    13.457
  1991   07    10.484
  1991   08     7.659
  1991   09     7.693
  1991   10    10.144
  1991   11    12.684
  1991   12    14.145
  1992   01    15.590
  1992   02    16.737
  1992   03    17.153
  1992   04    16.676
  1992   05    14.845
  1992   06    13.405
  1992   07    10.813
  1992   08     7.989
  1992   09     8.072
  1992   10    10.793
  1992   11    13.205
  1992   12    15.268
  1993   01    16.396
  1993   02    16.999
  1993   03    16.889
  1993   04    16.505
  1993   05    15.379
  1993   06    13.644
  1993   07    10.434
  1993   08     9.566
  1993   09     9.717
  1993   10    10.815
  1993   11    12.760
  1993   12    15.131
  1994   01    16.588
  1994   02    17.654
  1994   03    17.957
  1994   04    17.176
  1994   05    15.852
  1994   06    13.331
  1994   07    10.236
  1994   08     7.970
  1994   09     8.111
  1994   10    10.470
  1994   11    12.924
  1994   12    15.052
  1995   01    16.794
  1995   02    17.375
  1995   03    17.447
  1995   04    16.271
  1995   05    14.909
  1995   06    12.779
  1995   07    10.436
  1995   08     8.111
  1995   09     7.693
  1995   10     9.595
  1995   11    12.051
  1995   12    14.466
  1996   01    15.757
  1996   02    16.836
  1996   03    16.969
  1996   04    16.392
  1996   05    14.994
  1996   06    13.150
  1996   07     9.120
  1996   08     6.597
  1996   09     7.097
  1996   10     9.772
  1996   11    12.018
  1996   12    14.097
  1997   01    15.854
  1997   02    16.479
  1997   03    16.693
  1997   04    16.322
  1997   05    15.283
  1997   06    12.763
  1997   07     9.946
  1997   08     8.271
  1997   09     7.790
  1997   10     9.421
  1997   11    12.151
  1997   12    13.996
  1998   01    15.374
  1998   02    16.086
  1998   03    16.402
  1998   04    15.505
  1998   05    14.313
  1998   06    12.139
  1998   07     8.824
  1998   08     7.063
  1998   09     7.587
  1998   10     9.314
  1998   11    12.150
  1998   12    14.073
  1999   01    15.248
  1999   02    15.994
  1999   03    16.290
  1999   04    15.950
  1999   05    14.671
  1999   06    12.698
  1999   07     9.783
  1999   08     7.828
  1999   09     7.414
  1999   10     9.487
  1999   11    11.764
  1999   12    14.520
  2000   01    15.342
  2000   02    15.959
  2000   03    16.255
  2000   04    15.850
  2000   05    14.850
  2000   06    12.377
  2000   07     9.594
  2000   08     7.817
  2000   09     8.052
  2000   10     9.995
  2000   11    12.078
  2000   12    14.306
  2001   01    15.577
  2001   02    16.318
  2001   03    16.374
  2001   04    16.115
  2001   05    14.907
  2001   06    13.422
  2001   07    10.736
  2001   08     9.342
  2001   09     9.275
  2001   10    11.240
  2001   11    12.490
  2001   12    14.615
  2002   01    15.982
  2002   02    16.418
  2002   03    16.500
  2002   04    16.218
  2002   05    14.661
  2002   06    13.009
  2002   07     9.934
  2002   08     7.923
  2002   09     7.927
  2002   10     9.485
  2002   11    11.931
  2002   12    14.458
  2003   01    15.670
  2003   02    16.184
  2003   03    15.913
  2003   04    15.491
  2003   05    14.096
  2003   06    11.942
  2003   07     9.470
  2003   08     7.150
  2003   09     6.980
  2003   10     9.289
  2003   11    11.048
  2003   12    13.201
  2004   01    14.307
  2004   02    15.143
  2004   03    15.501
  2004   04    15.067
  2004   05    13.642
  2004   06    11.749
  2004   07     8.086
  2004   08     6.302
  2004   09     6.683
  2004   10     8.762
  2004   11    11.323
  2004   12    13.614
  2005   01    14.618
  2005   02    15.347
  2005   03    15.439
  2005   04    15.038
  2005   05    13.751
  2005   06    12.128
  2005   07     9.110
  2005   08     6.917
  2005   09     7.008
  2005   10     8.901
  2005   11    11.068
  2005   12    13.080
  2006   01    14.555
  2006   02    15.033
  2006   03    15.369
  2006   04    14.618
  2006   05    13.279
  2006   06    11.785
  2006   07     8.786
  2006   08     7.203
  2006   09     7.644
  2006   10     9.700
  2006   11    11.608
  2006   12    12.960
  2007   01    13.941
  2007   02    14.688
  2007   03    14.638
  2007   04    14.234
  2007   05    13.210
  2007   06    11.079
  2007   07     8.095
  2007   08     5.914
  2007   09     6.141
  2007   10     8.337
  2007   11    10.585
  2007   12    12.672
  2008   01    14.023
  2008   02    14.944
  2008   03    15.025
  2008   04    14.603
  2008   05    13.326
  2008   06    11.033
  2008   07     8.049
  2008   08     6.384
  2008   09     6.172
  2008   10     8.158
  2008   11    10.121
  2008   12    12.794
  2009   01    14.191
  2009   02    14.867
  2009   03    14.977
  2009   04    14.371
  2009   05    12.918
  2009   06    10.592
  2009   07     7.046
  2009   08     5.854
  2009   09     5.651
  2009   10     7.690
  2009   11    10.247
  2009   12    12.355
  2010   01    13.824
  2010   02    14.571
  2010   03    14.683
  2010   04    14.201
  2010   05    13.264
  2010   06    11.393
  2010   07     7.512
  2010   08     5.635
  2010   09     5.787
  2010   10     7.532
  2010   11    10.732
  2010   12    12.514
  2011   01    13.911
  2011   02    14.834
  2011   03    14.603
  2011   04    14.034
  2011   05    12.871
  2011   06    10.891
  2011   07     7.751
  2011   08     5.530
  2011   09     5.166
  2011   10     6.980
  2011   11    10.451
  2011   12    12.447
  2012   01    13.751
  2012   02    14.486
  2012   03    14.323
  2012   04    13.915
  2012   05    12.828
  2012   06    10.519
  2012   07     7.242
  2012   08     5.621
  2012   09     5.386
  2012   10     7.276
  2012   11     9.892
  2012   12    12.395
  2013   01    13.675
  2013   02    14.236
  2013   03    14.235
  2013   04    13.985
  2013   05    12.752
  2013   06    10.195
  2013   07     6.697
  2013   08     5.403
  2013   09     5.506
  2013   10     6.818
  2013   11     9.695
  2013   12    12.325
  2014   01    13.645
  2014   02    14.118
  2014   03    14.172
  2014   04    13.902
  2014   05    12.893
  2014   06    10.906
  2014   07     7.476
  2014   08     5.648
  2014   09     5.678
  2014   10     7.565
  2014   11     9.999
  2014   12    11.966
  2015   01    13.192
  2015   02    13.851
  2015   03    14.183
  2015   04    13.290
  2015   05    11.817
  2015   06    10.061
  2015   07     7.061
  2015   08     5.474
  2015   09     4.944
  2015   10     6.784
  2015   11     9.417
  2015   12    11.887
  2016   01    13.196
  2016   02    14.020
  2016   03    13.808
  2016   04    13.473
  2016   05    12.258
  2016   06    10.415
  2016   07     7.157
  2016   08     4.608
  2016   09     4.294
  2016   10     6.220
  2016   11    10.022
  2016   12    12.452
  2017   01    13.096
  2017   02    13.803
  2017   03    14.031
  2017   04    13.543
  2017   05    12.527
  2017   06    10.162
  2017   07     6.722
  2017   08     5.715
  2017   09     5.619
  2017   10     7.082
  2017   11    10.015
  2017   12    11.750
  2018   01    13.146
  2018   02    13.779
  2018   03    13.626
  2018   04    13.095
  2018   05    12.232
  2018   06     9.960
  2018   07     6.231
  2018   08     4.716
  2018   09     4.487
  2018   10     5.775
  2018   11     9.217
  2018   12    11.471
  2019   01    13.203
  2019   02    13.638
  2019   03    14.072
  2019   04    13.776
  2019   05    12.861
  2019   06    10.834
  2019   07     7.226
  2019   08     4.463
  2019   09     3.239
  2019   10     6.925
  2019   11    10.037
  2019   12    11.829
  2020   01    13.712
  2020   02    14.146
  2020   03    14.295
  2020   04    14.004
  2020   05    12.765
  2020   06    10.894
  2020   07     7.840
  2020   08     4.999
  2020   09     5.110
  2020   10     7.631
  2020   11    10.648
  2020   12    12.588
  2021   01    13.737
  2021   02    14.028
  2021   03    14.520
  2021   04    14.262
  2021   05    12.672
  2021   06    10.529
  2021   07     7.477
  2021   08     4.936
  2021   09     5.000
  2021   10     6.957
  2021   11    10.601
  2021   12    12.117
  2022   01    13.084
  2022   02    13.800
  2022   03    14.115
  2022   04    13.760
  2022   05    12.893
  2022   06    10.469
  2022   07     6.532
  2022   08     4.740
  2022   09     4.411
  2022   10     5.949
  2022   11     9.579
  2022   12    11.705
  2023   01    13.110
  2023   02    13.704
  2023   03    14.103
  2023   04    13.683
  2023   05    12.498
  2023   06    10.639
  2023   07     7.190
  2023   08     4.430
  2023   09     4.458
  2023   10     6.416
  2023   11    10.262
  2023   12    11.932
  2024   01    13.243
  2024   02    13.882
  2024   03    14.240
  2024   04    13.679
  2024   05    12.075
  2024   06     9.964
  2024   07     6.888
  2024   08     4.011
  2024   09     4.112
  2024   10     6.310
  2024   11     9.631
  2024   12    12.035
  2025   01    13.317
  2025   02    14.056
  2025   03    14.223
  2025   04    13.780
  2025   05    12.409
  2025   06    10.198
  2025   07     5.981
  2025   08     3.688
  2025   09     4.056
  2025   10     5.687
  2025   11     8.917
  2025   12    11.543
  2026   01    13.060
  2026   02    13.703
  2026   03    13.808
  2026   04    13.335
  2026   05    12.191
  2026   06     9.327
  2026   07     6.839
  2026   08     4.153
  2026   09     4.118
  2026   10     6.706
  2026   11     9.754
  2026   12    11.792
  2027   01    13.344
  2027   02    13.936
  2027   03    14.163
  2027   04    13.871
  2027   05    12.532
  2027   06    10.426
  2027   07     7.197
  2027   08     3.769
  2027   09     4.095
  2027   10     6.110
  2027   11     8.914
  2027   12    11.040
  2028   01    13.229
  2028   02    13.802
  2028   03    14.009
  2028   04    13.452
  2028   05    12.239
  2028   06     9.945
  2028   07     6.150
  2028   08     4.104
  2028   09     4.392
  2028   10     6.410
  2028   11     9.405
  2028   12    11.308
  2029   01    12.882
  2029   02    13.939
  2029   03    14.081
  2029   04    13.698
  2029   05    12.660
  2029   06     9.748
  2029   07     6.588
  2029   08     2.201
  2029   09     2.482
  2029   10     5.535
  2029   11     9.852
  2029   12    12.023
  2030   01    13.539
  2030   02    14.143
  2030   03    14.220
  2030   04    13.924
  2030   05    12.668
  2030   06    10.372
  2030   07     7.280
  2030   08     3.826
  2030   09     3.480
  2030   10     6.059
  2030   11     9.689
  2030   12    11.894
  2031   01    13.500
  2031   02    14.189
  2031   03    14.461
  2031   04    13.789
  2031   05    12.861
  2031   06    10.766
  2031   07     8.232
  2031   08     5.213
  2031   09     4.113
  2031   10     7.858
  2031   11    10.211
  2031   12    12.151
  2032   01    13.098
  2032   02    14.084
  2032   03    14.371
  2032   04    14.143
  2032   05    13.218
  2032   06    10.650
  2032   07     7.652
  2032   08     5.316
  2032   09     5.106
  2032   10     7.234
  2032   11     9.985
  2032   12    12.038
  2033   01    13.351
  2033   02    14.038
  2033   03    14.473
  2033   04    13.923
  2033   05    12.903
  2033   06    11.106
  2033   07     7.325
  2033   08     4.356
  2033   09     4.221
  2033   10     7.343
  2033   11    10.282
  2033   12    12.335
  2034   01    13.645
  2034   02    14.400
  2034   03    14.685
  2034   04    14.327
  2034   05    12.957
  2034   06    10.740
  2034   07     6.591
  2034   08     5.506
  2034   09     5.623
  2034   10     7.047
  2034   11    10.271
  2034   12    12.304
  2035   01    13.863
  2035   02    14.353
  2035   03    14.078
  2035   04    13.849
  2035   05    12.778
  2035   06    10.202
  2035   07     6.242
  2035   08     3.325
  2035   09     2.940
  2035   10     6.335
  2035   11    10.017
  2035   12    12.156
  2036   01    13.422
  2036   02    14.134
  2036   03    14.334
  2036   04    13.943
  2036   05    12.747
  2036   06    10.217
  2036   07     6.780
  2036   08     4.238
  2036   09     4.573
  2036   10     6.505
  2036   11     9.795
  2036   12    12.071
  2037   01    13.769
  2037   02    14.526
  2037   03    14.786
  2037   04    14.331
  2037   05    13.141
  2037   06    10.763
  2037   07     7.727
  2037   08     4.880
  2037   09     4.599
  2037   10     7.262
  2037   11     9.964
  2037   12    12.273
  2038   01    13.740
  2038   02    14.177
  2038   03    14.311
  2038   04    13.971
  2038   05    13.100
  2038   06    11.206
  2038   07     7.189
  2038   08     4.249
  2038   09     4.562
  2038   10     6.203
  2038   11    10.113
  2038   12    12.462
  2039   01    13.765
  2039   02    14.334
  2039   03    14.602
  2039   04    13.969
  2039   05    12.527
  2039   06    10.755
  2039   07     7.162
  2039   08     4.058
  2039   09     3.701
  2039   10     6.467
  2039   11     9.403
  2039   12    11.844
  2040   01    13.642
  2040   02    14.270
  2040   03    14.444
  2040   04    14.163
  2040   05    13.007
  2040   06    10.161
  2040   07     6.293
  2040   08     2.182
  2040   09     2.269
  2040   10     5.939
  2040   11     9.467
  2040   12    11.762
  2041   01    13.485
  2041   02    14.126
  2041   03    14.203
  2041   04    13.617
  2041   05    12.568
  2041   06     9.593
  2041   07     5.304
  2041   08     1.802
  2041   09     2.637
  2041   10     5.084
  2041   11     8.782
  2041   12    11.117
  2042   01    13.102
  2042   02    13.967
  2042   03    14.193
  2042   04    13.735
  2042   05    12.574
  2042   06     9.947
  2042   07     7.241
  2042   08     4.423
  2042   09     4.065
  2042   10     6.463
  2042   11     9.037
  2042   12    11.481
  2043   01    12.959
  2043   02    13.844
  2043   03    14.359
  2043   04    13.921
  2043   05    12.802
  2043   06     9.873
  2043   07     6.053
  2043   08     3.066
  2043   09     2.665
  2043   10     5.517
  2043   11     9.358
  2043   12    11.698
  2044   01    13.134
  2044   02    13.666
  2044   03    13.891
  2044   04    13.475
  2044   05    12.123
  2044   06     9.763
  2044   07     6.751
  2044   08     2.946
  2044   09     2.952
  2044   10     5.936
  2044   11     8.517
  2044   12    11.568
  2045   01    13.305
  2045   02    13.779
  2045   03    13.998
  2045   04    13.306
  2045   05    12.637
  2045   06    10.079
  2045   07     6.832
  2045   08     3.180
  2045   09     2.180
  2045   10     5.704
  2045   11     9.111
  2045   12    11.087
  2046   01    13.084
  2046   02    13.544
  2046   03    13.816
  2046   04    13.056
  2046   05    11.584
  2046   06     9.211
  2046   07     6.220
  2046   08     2.147
  2046   09     1.031
  2046   10     4.805
  2046   11     7.527
  2046   12    10.479
  2047   01    12.516
  2047   02    13.540
  2047   03    13.714
  2047   04    13.370
  2047   05    12.246
  2047   06     9.576
  2047   07     5.929
  2047   08     2.084
  2047   09     1.697
  2047   10     4.682
  2047   11     7.972
  2047   12    10.372
  2048   01    12.354
  2048   02    13.098
  2048   03    13.325
  2048   04    12.804
  2048   05    11.582
  2048   06     8.211
  2048   07     4.503
  2048   08     1.158
  2048   09     0.746
  2048   10     3.147
  2048   11     5.769
  2048   12    10.501
  2049   01    12.487
  2049   02    13.230
  2049   03    13.616
  2049   04    13.050
  2049   05    11.574
  2049   06     8.622
  2049   07     4.739
  2049   08     1.664
  2049   09     0.677
  2049   10     3.726
  2049   11     7.225
  2049   12     9.727
  2050   01    12.028
  2050   02    13.064
  2050   03    13.420
  2050   04    12.402
  2050   05    11.320
  2050   06     7.824
  2050   07     3.477
  2050   08     0.020
  2050   09     0.007
  2050   10     1.765
  2050   11     6.445
  2050   12     9.141
  2051   01    11.205
  2051   02    12.471
  2051   03    12.726
  2051   04    12.501
  2051   05    11.430
  2051   06     7.956
  2051   07     4.105
  2051   08     0.035
  2051   09     0.019
  2051   10     1.383
  2051   11     5.637
  2051   12     9.828
  2052   01    12.048
  2052   02    12.667
  2052   03    13.012
  2052   04    12.724
  2052   05    11.386
  2052   06     8.479
  2052   07     4.804
  2052   08     0.707
  2052   09     0.690
  2052   10     3.291
  2052   11     7.246
  2052   12    10.061
  2053   01    11.997
  2053   02    12.846
  2053   03    13.025
  2053   04    12.627
  2053   05    11.294
  2053   06     8.501
  2053   07     5.022
  2053   08     1.098
  2053   09     1.087
  2053   10     4.554
  2053   11     7.536
  2053   12    10.345
  2054   01    12.000
  2054   02    13.037
  2054   03    13.215
  2054   04    12.735
  2054   05    11.968
  2054   06     9.384
  2054   07     5.506
  2054   08     1.382
  2054   09     1.860
  2054   10     4.114
  2054   11     7.988
  2054   12    10.769
  2055   01    12.464
  2055   02    13.117
  2055   03    13.254
  2055   04    12.842
  2055   05    11.510
  2055   06     8.779
  2055   07     4.647
  2055   08     1.426
  2055   09     1.034
  2055   10     3.541
  2055   11     7.216
  2055   12    10.385
  2056   01    12.129
  2056   02    13.201
  2056   03    13.294
  2056   04    12.530
  2056   05    11.655
  2056   06     8.743
  2056   07     4.694
  2056   08     0.907
  2056   09     0.146
  2056   10     2.797
  2056   11     6.940
  2056   12    10.025
  2057   01    12.468
  2057   02    13.206
  2057   03    13.259
  2057   04    12.790
  2057   05    10.703
  2057   06     8.128
  2057   07     4.752
  2057   08     1.017
  2057   09     0.145
  2057   10     3.419
  2057   11     6.731
  2057   12     9.974
  2058   01    12.032
  2058   02    13.126
  2058   03    13.481
  2058   04    13.002
  2058   05    11.484
  2058   06     9.188
  2058   07     5.788
  2058   08     1.046
  2058   09     1.074
  2058   10     3.979
  2058   11     8.540
  2058   12    11.389
  2059   01    12.865
  2059   02    13.761
  2059   03    14.110
  2059   04    13.632
  2059   05    11.856
  2059   06     9.406
  2059   07     5.853
  2059   08     0.936
  2059   09     0.616
  2059   10     3.413
  2059   11     7.224
  2059   12    10.638
  2060   01    12.605
  2060   02    13.677
  2060   03    13.831
  2060   04    13.179
  2060   05    11.960
  2060   06     9.135
  2060   07     4.558
  2060   08     0.083
  2060   09     0.085
  2060   10     2.576
  2060   11     6.430
  2060   12    10.130
  2061   01    12.005
  2061   02    13.141
  2061   03    13.663
  2061   04    13.137
  2061   05    12.124
  2061   06     9.459
  2061   07     4.643
  2061   08     0.194
  2061   09     0.065
  2061   10     2.329
  2061   11     7.120
  2061   12    10.467
  2062   01    12.270
  2062   02    13.264
  2062   03    13.201
  2062   04    12.950
  2062   05    11.810
  2062   06     9.278
  2062   07     4.988
  2062   08     0.465
  2062   09     0.188
  2062   10     3.164
  2062   11     7.902
  2062   12    10.392
  2063   01    12.278
  2063   02    13.630
  2063   03    13.703
  2063   04    12.964
  2063   05    11.347
  2063   06     8.675
  2063   07     4.420
  2063   08     0.197
  2063   09     0.140
  2063   10     1.458
  2063   11     4.978
  2063   12     9.036
  2064   01    11.470
  2064   02    12.611
  2064   03    13.237
  2064   04    12.746
  2064   05    11.391
  2064   06     8.326
  2064   07     3.141
  2064   08     0.052
  2064   09     0.053
  2064   10     2.103
  2064   11     6.358
  2064   12     9.940
  2065   01    12.082
  2065   02    13.078
  2065   03    13.364
  2065   04    13.055
  2065   05    11.622
  2065   06     8.335
  2065   07     4.032
  2065   08     0.553
  2065   09     0.271
  2065   10     2.567
  2065   11     5.200
  2065   12     9.251
  2066   01    11.549
  2066   02    13.271
  2066   03    13.736
  2066   04    13.362
  2066   05    11.650
  2066   06     8.226
  2066   07     4.214
  2066   08     0.041
  2066   09     0.014
  2066   10     1.759
  2066   11     6.270
  2066   12     9.733
  2067   01    12.451
  2067   02    13.588
  2067   03    14.018
  2067   04    13.556
  2067   05    12.323
  2067   06     9.955
  2067   07     5.283
  2067   08     1.509
  2067   09     0.639
  2067   10     4.623
  2067   11     8.162
  2067   12    10.957
  2068   01    13.036
  2068   02    13.825
  2068   03    13.791
  2068   04    13.259
  2068   05    11.950
  2068   06     9.391
  2068   07     5.566
  2068   08     0.214
  2068   09     0.157
  2068   10     3.769
  2068   11     8.198
  2068   12    10.858
  2069   01    12.827
  2069   02    13.315
  2069   03    13.514
  2069   04    13.083
  2069   05    12.257
  2069   06     9.589
  2069   07     5.635
  2069   08     1.705
  2069   09     0.286
  2069   10     4.359
  2069   11     7.777
  2069   12    10.079
  2070   01    12.053
  2070   02    12.761
  2070   03    13.391
  2070   04    12.834
  2070   05    11.892
  2070   06     9.148
  2070   07     4.545
  2070   08     1.642
  2070   09     0.892
  2070   10     2.606
  2070   11     6.396
  2070   12     9.435
  2071   01    11.434
  2071   02    12.486
  2071   03    13.116
  2071   04    12.606
  2071   05    11.233
  2071   06     8.850
  2071   07     5.219
  2071   08     1.421
  2071   09     1.114
  2071   10     3.580
  2071   11     6.487
  2071   12    10.072
  2072   01    12.437
  2072   02    13.327
  2072   03    13.717
  2072   04    13.364
  2072   05    12.079
  2072   06     9.203
  2072   07     5.342
  2072   08     1.220
  2072   09     0.871
  2072   10     3.637
  2072   11     7.371
  2072   12    10.498
  2073   01    12.687
  2073   02    13.467
  2073   03    13.338
  2073   04    12.973
  2073   05    11.888
  2073   06     8.465
  2073   07     4.828
  2073   08     1.393
  2073   09     0.703
  2073   10     3.137
  2073   11     7.935
  2073   12    10.562
  2074   01    12.712
  2074   02    13.185
  2074   03    13.339
  2074   04    12.713
  2074   05    11.250
  2074   06     8.370
  2074   07     5.104
  2074   08     0.057
  2074   09     0.061
  2074   10     1.923
  2074   11     6.654
  2074   12     9.491
  2075   01    11.814
  2075   02    13.183
  2075   03    13.621
  2075   04    13.268
  2075   05    12.148
  2075   06     8.880
  2075   07     5.269
  2075   08     1.390
  2075   09     1.163
  2075   10     3.332
  2075   11     7.581
  2075   12    10.075
  2076   01    11.772
  2076   02    12.857
  2076   03    13.520
  2076   04    13.113
  2076   05    11.664
  2076   06     8.223
  2076   07     4.076
  2076   08     0.435
  2076   09     0.017
  2076   10     1.758
  2076   11     5.692
  2076   12     9.188
  2077   01    11.456
  2077   02    12.704
  2077   03    13.154
  2077   04    12.835
  2077   05    11.240
  2077   06     7.620
  2077   07     4.616
  2077   08     0.039
  2077   09     0.046
  2077   10     1.242
  2077   11     6.305
  2077   12     9.455
  2078   01    11.407
  2078   02    12.874
  2078   03    13.381
  2078   04    12.900
  2078   05    11.573
  2078   06     7.779
  2078   07     4.198
  2078   08     0.634
  2078   09     0.246
  2078   10     1.437
  2078   11     5.513
  2078   12     9.816
  2079   01    12.133
  2079   02    13.102
  2079   03    13.456
  2079   04    12.888
  2079   05    11.886
  2079   06     8.801
  2079   07     4.133
  2079   08     0.003
  2079   09     0.000
  2079   10     2.012
  2079   11     6.712
  2079   12    10.043
  2080   01    11.785
  2080   02    12.744
  2080   03    13.110
  2080   04    12.841
  2080   05    11.416
  2080   06     8.316
  2080   07     4.109
  2080   08     0.060
  2080   09     0.106
  2080   10     2.408
  2080   11     6.562
  2080   12    10.012
  2081   01    11.810
  2081   02    12.739
  2081   03    12.766
  2081   04    12.502
  2081   05    11.235
  2081   06     8.120
  2081   07     5.584
  2081   08     3.150
  2081   09     1.846
  2081   10     4.439
  2081   11     7.048
  2081   12    10.109
  2082   01    11.943
  2082   02    13.058
  2082   03    13.334
  2082   04    12.915
  2082   05    11.525
  2082   06     8.790
  2082   07     4.818
  2082   08     0.626
  2082   09     0.235
  2082   10     3.506
  2082   11     6.975
  2082   12     9.990
  2083   01    12.113
  2083   02    13.090
  2083   03    13.636
  2083   04    13.098
  2083   05    11.576
  2083   06     9.425
  2083   07     6.198
  2083   08     1.029
  2083   09     1.230
  2083   10     4.106
  2083   11     7.544
  2083   12    10.233
  2084   01    12.210
  2084   02    13.058
  2084   03    13.340
  2084   04    12.730
  2084   05    11.489
  2084   06     9.013
  2084   07     6.044
  2084   08     0.504
  2084   09     0.064
  2084   10     3.333
  2084   11     7.099
  2084   12    10.076
  2085   01    12.187
  2085   02    13.122
  2085   03    13.281
  2085   04    12.377
  2085   05    11.377
  2085   06     8.689
  2085   07     4.829
  2085   08     1.375
  2085   09     0.639
  2085   10     3.177
  2085   11     6.174
  2085   12     9.886
  2086   01    12.015
  2086   02    13.058
  2086   03    13.183
  2086   04    12.295
  2086   05    11.431
  2086   06     8.917
  2086   07     3.899
  2086   08     0.123
  2086   09     0.052
  2086   10     2.189
  2086   11     5.469
  2086   12     9.724
  2087   01    11.647
  2087   02    12.243
  2087   03    13.025
  2087   04    12.617
  2087   05    11.083
  2087   06     8.233
  2087   07     3.556
  2087   08     0.068
  2087   09     0.224
  2087   10     0.966
  2087   11     4.163
  2087   12     8.795
  2088   01    10.703
  2088   02    11.995
  2088   03    12.616
  2088   04    12.091
  2088   05    10.728
  2088   06     7.761
  2088   07     3.270
  2088   08     0.027
  2088   09     0.015
  2088   10     0.447
  2088   11     5.389
  2088   12     8.788
  2089   01    11.681
  2089   02    12.706
  2089   03    13.020
  2089   04    12.670
  2089   05    11.631
  2089   06     8.332
  2089   07     3.766
  2089   08     0.100
  2089   09     0.017
  2089   10     2.403
  2089   11     6.297
  2089   12     9.653
  2090   01    11.656
  2090   02    12.702
  2090   03    13.025
  2090   04    12.533
  2090   05    11.512
  2090   06     8.424
  2090   07     4.493
  2090   08     0.717
  2090   09     0.072
  2090   10     2.041
  2090   11     5.723
  2090   12     9.345
  2091   01    11.076
  2091   02    12.369
  2091   03    12.714
  2091   04    12.364
  2091   05    11.170
  2091   06     8.248
  2091   07     3.524
  2091   08     0.074
  2091   09     0.049
  2091   10     1.259
  2091   11     4.621
  2091   12     9.012
  2092   01    11.012
  2092   02    12.076
  2092   03    12.504
  2092   04    11.904
  2092   05    10.725
  2092   06     7.695
  2092   07     3.726
  2092   08     0.024
  2092   09     0.022
  2092   10     1.253
  2092   11     5.040
  2092   12     9.358
  2093   01    11.325
  2093   02    12.045
  2093   03    12.267
  2093   04    11.863
  2093   05    10.787
  2093   06     7.282
  2093   07     3.675
  2093   08     0.579
  2093   09     0.010
  2093   10     2.146
  2093   11     5.534
  2093   12     8.208
  2094   01    10.509
  2094   02    11.633
  2094   03    11.861
  2094   04    11.460
  2094   05    10.710
  2094   06     7.172
  2094   07     2.854
  2094   08     0.049
  2094   09     0.089
  2094   10     0.547
  2094   11     6.323
  2094   12     9.011
  2095   01    10.682
  2095   02    11.648
  2095   03    12.042
  2095   04    11.729
  2095   05    10.383
  2095   06     7.292
  2095   07     3.704
  2095   08     0.065
  2095   09     0.002
  2095   10     0.554
  2095   11     5.062
  2095   12     8.049
  2096   01     9.957
  2096   02    11.494
  2096   03    12.074
  2096   04    11.597
  2096   05    10.008
  2096   06     6.304
  2096   07     3.056
  2096   08     0.013
  2096   09     0.086
  2096   10     0.630
  2096   11     4.348
  2096   12     8.486
  2097   01    10.757
  2097   02    11.768
  2097   03    11.919
  2097   04    11.523
  2097   05    10.246
  2097   06     6.958
  2097   07     2.999
  2097   08     0.093
  2097   09     0.163
  2097   10     1.479
  2097   11     4.788
  2097   12     8.134
  2098   01    10.565
  2098   02    11.862
  2098   03    11.918
  2098   04    11.662
  2098   05     9.800
  2098   06     6.883
  2098   07     3.410
  2098   08     0.150
  2098   09     0.052
  2098   10     1.388
  2098   11     4.711
  2098   12     8.217
  2099   01    10.532
  2099   02    11.366
  2099   03    11.697
  2099   04    11.170
  2099   05     9.974
  2099   06     6.836
  2099   07     2.379
  2099   08     0.034
  2099   09     0.019
  2099   10     0.235
  2099   11     3.212
  2099   12     7.256
  2100   01     9.671
  2100   02    11.062
  2100   03    11.592
  2100   04    11.456
  2100   05    10.378
  2100   06     6.070
  2100   07     1.751
  2100   08     0.055
  2100   09     0.028
  2100   10     0.297
  2100   11     2.822
  2100   12     7.665
