  1850   01    16.329
  1850   02    17.376
  1850   03    17.634
  1850   04    16.964
  1850   05    15.594
  1850   06    13.338
  1850   07    10.492
  1850   08     8.803
  1850   09     8.674
  1850   10    10.014
  1850   11    12.068
  1850   12    14.760
  1851   01    16.481
  1851   02    17.272
  1851   03    17.674
  1851   04    17.166
  1851   05    15.614
  1851   06    13.509
  1851   07    10.925
  1851   08     9.144
  1851   09     8.868
  1851   10    10.282
  1851   11    12.119
  1851   12    15.154
  1852   01    16.829
  1852   02    17.807
  1852   03    18.056
  1852   04    17.646
  1852   05    16.704
  1852   06    14.215
  1852   07    10.284
  1852   08     8.726
  1852   09     8.766
  1852   10    10.117
  1852   11    12.445
  1852   12    15.602
  1853   01    17.106
  1853   02    18.056
  1853   03    18.588
  1853   04    17.926
  1853   05    16.501
  1853   06    12.824
  1853   07    10.556
  1853   08     9.226
  1853   09     9.019
  1853   10    10.233
  1853   11    12.194
  1853   12    14.987
  1854   01    16.716
  1854   02    17.842
  1854   03    18.157
  1854   04    17.627
  1854   05    16.412
  1854   06    14.210
  1854   07    10.712
  1854   08     8.380
  1854   09     8.129
  1854   10     9.721
  1854   11    12.082
  1854   12    14.828
  1855   01    16.676
  1855   02    17.758
  1855   03    18.028
  1855   04    17.783
  1855   05    16.463
  1855   06    13.815
  1855   07    10.529
  1855   08     8.830
  1855   09     8.483
  1855   10     9.947
  1855   11    12.177
  1855   12    14.868
  1856   01    16.076
  1856   02    17.156
  1856   03    17.703
  1856   04    17.172
  1856   05    15.849
  1856   06    13.171
  1856   07    10.654
  1856   08     8.741
  1856   09     8.114
  1856   10     9.458
  1856   11    12.136
  1856   12    14.192
  1857   01    16.023
  1857   02    16.959
  1857   03    17.241
  1857   04    16.900
  1857   05    15.343
  1857   06    13.525
  1857   07    10.857
  1857   08     9.004
  1857   09     8.943
  1857   10    10.283
  1857   11    12.094
  1857   12    14.690
  1858   01    16.940
  1858   02    17.781
  1858   03    18.222
  1858   04    17.969
  1858   05    16.688
  1858   06    13.425
  1858   07    10.895
  1858   08     9.286
  1858   09     8.982
  1858   10    10.364
  1858   11    12.397
  1858   12    15.040
  1859   01    16.876
  1859   02    17.988
  1859   03    18.104
  1859   04    17.592
  1859   05    16.157
  1859   06    13.280
  1859   07    10.270
  1859   08     8.161
  1859   09     7.939
  1859   10     9.568
  1859   11    12.405
  1859   12    14.642
  1860   01    16.659
  1860   02    17.838
  1860   03    18.094
  1860   04    17.878
  1860   05    16.318
  1860   06    13.168
  1860   07     9.515
  1860   08     7.864
  1860   09     7.386
  1860   10     8.661
  1860   11    11.872
  1860   12    14.859
  1861   01    16.750
  1861   02    17.642
  1861   03    18.196
  1861   04    18.013
  1861   05    16.384
  1861   06    13.922
  1861   07    11.522
  1861   08     8.933
  1861   09     8.416
  1861   10    10.421
  1861   11    12.824
  1861   12    15.457
  1862   01    17.283
  1862   02    17.860
  1862   03    18.162
  1862   04    17.304
  1862   05    15.759
  1862   06    13.680
  1862   07    11.298
  1862   08     9.069
  1862   09     8.589
  1862   10    10.365
  1862   11    12.838
  1862   12    15.093
  1863   01    16.913
  1863   02    18.234
  1863   03    18.227
  1863   04    17.625
  1863   05    16.186
  1863   06    13.498
  1863   07    10.630
  1863   08     7.713
  1863   09     7.233
  1863   10     9.998
  1863   11    12.175
  1863   12    15.398
  1864   01    17.095
  1864   02    17.735
  1864   03    18.157
  1864   04    17.612
  1864   05    16.318
  1864   06    13.407
  1864   07    10.913
  1864   08     9.354
  1864   09     9.298
  1864   10    10.452
  1864   11    12.163
  1864   12    14.656
  1865   01    16.659
  1865   02    17.586
  1865   03    18.254
  1865   04    17.929
  1865   05    16.356
  1865   06    13.318
  1865   07    11.227
  1865   08     8.894
  1865   09     8.193
  1865   10    10.356
  1865   11    12.709
  1865   12    15.314
  1866   01    17.036
  1866   02    17.930
  1866   03    18.256
  1866   04    17.580
  1866   05    16.659
  1866   06    14.047
  1866   07    11.530
  1866   08     9.400
  1866   09     8.828
  1866   10    10.331
  1866   11    12.352
  1866   12    14.929
  1867   01    16.855
  1867   02    17.956
  1867   03    18.401
  1867   04    17.390
  1867   05    15.892
  1867   06    13.733
  1867   07    11.238
  1867   08     9.547
  1867   09     9.350
  1867   10    10.642
  1867   11    12.228
  1867   12    14.983
  1868   01    16.803
  1868   02    17.538
  1868   03    17.987
  1868   04    17.093
  1868   05    15.747
  1868   06    13.460
  1868   07    11.056
  1868   08     8.683
  1868   09     8.250
  1868   10     9.747
  1868   11    12.071
  1868   12    14.752
  1869   01    16.743
  1869   02    17.827
  1869   03    18.156
  1869   04    17.458
  1869   05    16.616
  1869   06    13.860
  1869   07    10.290
  1869   08     8.222
  1869   09     7.849
  1869   10     9.865
  1869   11    12.826
  1869   12    15.537
  1870   01    17.232
  1870   02    18.289
  1870   03    18.480
  1870   04    17.820
  1870   05    16.065
  1870   06    14.366
  1870   07    12.084
  1870   08     9.837
  1870   09     9.612
  1870   10    11.087
  1870   11    13.157
  1870   12    15.552
  1871   01    17.463
  1871   02    18.523
  1871   03    18.580
  1871   04    18.146
  1871   05    16.754
  1871   06    14.580
  1871   07    12.174
  1871   08     9.673
  1871   09     9.307
  1871   10    10.914
  1871   11    13.014
  1871   12    15.828
  1872   01    17.487
  1872   02    18.356
  1872   03    18.863
  1872   04    18.394
  1872   05    16.792
  1872   06    14.336
  1872   07    12.156
  1872   08     9.966
  1872   09     9.297
  1872   10    10.938
  1872   11    13.264
  1872   12    16.085
  1873   01    17.374
  1873   02    18.757
  1873   03    18.929
  1873   04    18.272
  1873   05    16.919
  1873   06    14.544
  1873   07    12.097
  1873   08     9.503
  1873   09     9.420
  1873   10    10.948
  1873   11    12.857
  1873   12    15.790
  1874   01    17.714
  1874   02    18.898
  1874   03    18.987
  1874   04    18.314
  1874   05    17.463
  1874   06    15.079
  1874   07    12.173
  1874   08     9.996
  1874   09     9.191
  1874   10    11.133
  1874   11    13.522
  1874   12    16.301
  1875   01    17.680
  1875   02    18.594
  1875   03    18.602
  1875   04    17.983
  1875   05    16.617
  1875   06    14.218
  1875   07    12.040
  1875   08    10.098
  1875   09     9.577
  1875   10    11.011
  1875   11    13.099
  1875   12    16.009
  1876   01    17.616
  1876   02    18.391
  1876   03    18.333
  1876   04    17.698
  1876   05    16.282
  1876   06    13.484
  1876   07    10.855
  1876   08     9.115
  1876   09     9.207
  1876   10    10.209
  1876   11    12.767
  1876   12    15.172
  1877   01    17.050
  1877   02    17.981
  1877   03    18.585
  1877   04    17.458
  1877   05    16.338
  1877   06    14.228
  1877   07    11.687
  1877   08     9.263
  1877   09     9.170
  1877   10    10.331
  1877   11    12.951
  1877   12    15.392
  1878   01    17.322
  1878   02    18.285
  1878   03    18.277
  1878   04    17.826
  1878   05    16.169
  1878   06    13.546
  1878   07    11.050
  1878   08     9.146
  1878   09     8.996
  1878   10    10.122
  1878   11    12.419
  1878   12    15.019
  1879   01    16.780
  1879   02    18.031
  1879   03    18.236
  1879   04    17.851
  1879   05    16.220
  1879   06    13.822
  1879   07    10.640
  1879   08     9.061
  1879   09     9.128
  1879   10    10.273
  1879   11    11.980
  1879   12    14.942
  1880   01    17.016
  1880   02    18.256
  1880   03    18.673
  1880   04    18.216
  1880   05    16.411
  1880   06    14.332
  1880   07    11.265
  1880   08     9.065
  1880   09     8.874
  1880   10    10.284
  1880   11    12.692
  1880   12    15.664
  1881   01    17.366
  1881   02    18.543
  1881   03    18.940
  1881   04    18.290
  1881   05    16.797
  1881   06    14.238
  1881   07    11.850
  1881   08     9.322
  1881   09     9.029
  1881   10    10.718
  1881   11    12.661
  1881   12    15.632
  1882   01    17.819
  1882   02    18.862
  1882   03    19.144
  1882   04    18.732
  1882   05    17.192
  1882   06    14.096
  1882   07    11.829
  1882   08     9.531
  1882   09     8.797
  1882   10    10.729
  1882   11    12.932
  1882   12    15.510
  1883   01    17.276
  1883   02    18.384
  1883   03    18.744
  1883   04    18.079
  1883   05    16.877
  1883   06    14.228
  1883   07    11.448
  1883   08     9.353
  1883   09     8.865
  1883   10    10.432
  1883   11    12.521
  1883   12    15.800
  1884   01    17.783
  1884   02    19.086
  1884   03    19.022
  1884   04    18.512
  1884   05    16.777
  1884   06    14.480
  1884   07    11.368
  1884   08     9.893
  1884   09     9.509
  1884   10    10.874
  1884   11    13.019
  1884   12    15.668
  1885   01    17.814
  1885   02    19.136
  1885   03    19.511
  1885   04    18.622
  1885   05    16.931
  1885   06    14.154
  1885   07    10.865
  1885   08     9.384
  1885   09     8.927
  1885   10    10.282
  1885   11    12.556
  1885   12    14.925
  1886   01    16.931
  1886   02    18.259
  1886   03    18.390
  1886   04    17.593
  1886   05    16.203
  1886   06    13.627
  1886   07    11.781
  1886   08     9.353
  1886   09     9.006
  1886   10    11.062
  1886   11    12.920
  1886   12    15.511
  1887   01    17.291
  1887   02    18.786
  1887   03    18.833
  1887   04    18.070
  1887   05    17.151
  1887   06    14.162
  1887   07    11.024
  1887   08     9.204
  1887   09     8.430
  1887   10    10.008
  1887   11    12.445
  1887   12    15.187
  1888   01    16.783
  1888   02    18.157
  1888   03    18.496
  1888   04    17.821
  1888   05    16.562
  1888   06    14.047
  1888   07    11.601
  1888   08     9.861
  1888   09     9.379
  1888   10    10.665
  1888   11    12.747
  1888   12    15.547
  1889   01    17.392
  1889   02    18.378
  1889   03    18.471
  1889   04    17.888
  1889   05    16.566
  1889   06    13.186
  1889   07    11.383
  1889   08     9.516
  1889   09     8.986
  1889   10    10.315
  1889   11    12.614
  1889   12    15.315
  1890   01    16.997
  1890   02    18.138
  1890   03    18.196
  1890   04    17.300
  1890   05    15.908
  1890   06    13.653
  1890   07    11.083
  1890   08     8.350
  1890   09     7.936
  1890   10     9.746
  1890   11    12.320
  1890   12    15.200
  1891   01    16.773
  1891   02    17.779
  1891   03    18.021
  1891   04    17.544
  1891   05    16.337
  1891   06    13.705
  1891   07    10.847
  1891   08     9.156
  1891   09     8.895
  1891   10    10.102
  1891   11    12.518
  1891   12    15.115
  1892   01    17.201
  1892   02    18.160
  1892   03    18.375
  1892   04    17.500
  1892   05    15.996
  1892   06    13.682
  1892   07    11.911
  1892   08     9.487
  1892   09     8.694
  1892   10    10.395
  1892   11    12.267
  1892   12    15.107
  1893   01    17.001
  1893   02    17.767
  1893   03    18.090
  1893   04    17.346
  1893   05    15.704
  1893   06    13.685
  1893   07    11.036
  1893   08     9.005
  1893   09     8.807
  1893   10    10.062
  1893   11    12.579
  1893   12    15.322
  1894   01    17.091
  1894   02    17.961
  1894   03    18.208
  1894   04    17.383
  1894   05    16.024
  1894   06    14.152
  1894   07    11.947
  1894   08     9.660
  1894   09     9.121
  1894   10    10.542
  1894   11    13.234
  1894   12    15.515
  1895   01    17.222
  1895   02    18.192
  1895   03    18.373
  1895   04    17.819
  1895   05    15.960
  1895   06    13.586
  1895   07    10.904
  1895   08     8.851
  1895   09     8.747
  1895   10    10.532
  1895   11    12.342
  1895   12    14.995
  1896   01    17.030
  1896   02    18.352
  1896   03    18.538
  1896   04    17.713
  1896   05    16.575
  1896   06    13.768
  1896   07    11.276
  1896   08     9.099
  1896   09     8.641
  1896   10     9.803
  1896   11    12.725
  1896   12    15.324
  1897   01    17.123
  1897   02    18.031
  1897   03    18.149
  1897   04    17.247
  1897   05    15.815
  1897   06    13.796
  1897   07    10.997
  1897   08     9.465
  1897   09     9.051
  1897   10    10.621
  1897   11    12.245
  1897   12    14.947
  1898   01    16.703
  1898   02    17.970
  1898   03    18.159
  1898   04    17.590
  1898   05    15.930
  1898   06    13.907
  1898   07    11.397
  1898   08     9.214
  1898   09     8.771
  1898   10    10.317
  1898   11    12.647
  1898   12    14.954
  1899   01    16.787
  1899   02    17.936
  1899   03    17.813
  1899   04    17.275
  1899   05    16.115
  1899   06    13.225
  1899   07    10.843
  1899   08     8.466
  1899   09     8.058
  1899   10     9.572
  1899   11    12.320
  1899   12    14.987
  1900   01    16.564
  1900   02    17.762
  1900   03    18.205
  1900   04    17.224
  1900   05    15.733
  1900   06    12.861
  1900   07    10.360
  1900   08     8.894
  1900   09     8.242
  1900   10     9.995
  1900   11    12.238
  1900   12    14.724
  1901   01    16.410
  1901   02    17.492
  1901   03    17.828
  1901   04    17.247
  1901   05    15.886
  1901   06    13.581
  1901   07    11.465
  1901   08     9.286
  1901   09     8.755
  1901   10    10.597
  1901   11    12.472
  1901   12    14.901
  1902   01    16.763
  1902   02    17.961
  1902   03    18.162
  1902   04    17.503
  1902   05    16.473
  1902   06    13.832
  1902   07    10.921
  1902   08     8.886
  1902   09     8.601
  1902   10    10.208
  1902   11    12.540
  1902   12    15.211
  1903   01    16.984
  1903   02    17.967
  1903   03    18.452
  1903   04    17.668
  1903   05    16.529
  1903   06    13.853
  1903   07    10.904
  1903   08     9.335
  1903   09     8.539
  1903   10    10.497
  1903   11    13.014
  1903   12    15.338
  1904   01    17.114
  1904   02    18.164
  1904   03    17.972
  1904   04    17.727
  1904   05    16.218
  1904   06    14.009
  1904   07    10.854
  1904   08     9.384
  1904   09     8.951
  1904   10    10.196
  1904   11    12.740
  1904   12    14.952
  1905   01    16.956
  1905   02    17.747
  1905   03    18.003
  1905   04    17.628
  1905   05    16.124
  1905   06    13.644
  1905   07    10.861
  1905   08     9.125
  1905   09     8.222
  1905   10    10.182
  1905   11    12.489
  1905   12    14.904
  1906   01    16.944
  1906   02    18.110
  1906   03    18.616
  1906   04    18.155
  1906   05    16.649
  1906   06    13.544
  1906   07    11.113
  1906   08     9.289
  1906   09     9.001
  1906   10    11.017
  1906   11    12.904
  1906   12    15.565
  1907   01    17.210
  1907   02    18.513
  1907   03    18.573
  1907   04    18.216
  1907   05    16.809
  1907   06    12.838
  1907   07    10.704
  1907   08     9.743
  1907   09     9.123
  1907   10    10.310
  1907   11    11.789
  1907   12    14.899
  1908   01    16.496
  1908   02    17.679
  1908   03    18.293
  1908   04    17.367
  1908   05    16.057
  1908   06    13.740
  1908   07    10.992
  1908   08     9.132
  1908   09     8.832
  1908   10    10.604
  1908   11    12.124
  1908   12    14.976
  1909   01    16.361
  1909   02    17.264
  1909   03    17.842
  1909   04    17.451
  1909   05    16.045
  1909   06    13.187
  1909   07    11.176
  1909   08     9.494
  1909   09     9.225
  1909   10    10.233
  1909   11    12.000
  1909   12    15.232
  1910   01    16.484
  1910   02    17.766
  1910   03    18.168
  1910   04    17.826
  1910   05    16.146
  1910   06    14.067
  1910   07    11.117
  1910   08     9.517
  1910   09     8.910
  1910   10    10.533
  1910   11    12.416
  1910   12    15.383
  1911   01    17.325
  1911   02    18.450
  1911   03    18.689
  1911   04    17.909
  1911   05    16.290
  1911   06    14.290
  1911   07    11.788
  1911   08     9.802
  1911   09     9.432
  1911   10    10.900
  1911   11    12.825
  1911   12    15.351
  1912   01    17.310
  1912   02    18.439
  1912   03    18.309
  1912   04    17.739
  1912   05    16.345
  1912   06    14.210
  1912   07    11.653
  1912   08     9.673
  1912   09     8.959
  1912   10    10.751
  1912   11    12.934
  1912   12    15.623
  1913   01    17.592
  1913   02    18.592
  1913   03    18.470
  1913   04    18.193
  1913   05    16.768
  1913   06    14.232
  1913   07    11.630
  1913   08     9.681
  1913   09     9.045
  1913   10    11.011
  1913   11    13.467
  1913   12    15.539
  1914   01    17.351
  1914   02    18.510
  1914   03    18.904
  1914   04    18.352
  1914   05    16.855
  1914   06    14.085
  1914   07    11.518
  1914   08     8.968
  1914   09     8.510
  1914   10    10.742
  1914   11    13.099
  1914   12    15.337
  1915   01    17.118
  1915   02    17.952
  1915   03    18.071
  1915   04    17.392
  1915   05    16.479
  1915   06    14.681
  1915   07    11.860
  1915   08     9.361
  1915   09     8.943
  1915   10    10.817
  1915   11    13.099
  1915   12    15.938
  1916   01    17.545
  1916   02    18.242
  1916   03    18.740
  1916   04    18.207
  1916   05    16.552
  1916   06    13.629
  1916   07    11.639
  1916   08     9.680
  1916   09     9.241
  1916   10    10.383
  1916   11    12.457
  1916   12    15.093
  1917   01    16.910
  1917   02    18.003
  1917   03    18.380
  1917   04    17.705
  1917   05    15.952
  1917   06    13.542
  1917   07    11.206
  1917   08     9.360
  1917   09     8.994
  1917   10    10.511
  1917   11    12.604
  1917   12    15.340
  1918   01    16.981
  1918   02    17.825
  1918   03    18.009
  1918   04    17.679
  1918   05    16.387
  1918   06    13.427
  1918   07    10.953
  1918   08     9.012
  1918   09     8.694
  1918   10    10.325
  1918   11    12.938
  1918   12    15.661
  1919   01    17.315
  1919   02    17.968
  1919   03    18.279
  1919   04    17.946
  1919   05    16.643
  1919   06    14.007
  1919   07    10.671
  1919   08     9.140
  1919   09     8.874
  1919   10    10.419
  1919   11    12.049
  1919   12    14.907
  1920   01    16.863
  1920   02    18.198
  1920   03    18.173
  1920   04    17.452
  1920   05    15.965
  1920   06    14.197
  1920   07    11.851
  1920   08     9.468
  1920   09     9.037
  1920   10    10.668
  1920   11    12.896
  1920   12    15.767
  1921   01    17.235
  1921   02    18.342
  1921   03    18.416
  1921   04    18.239
  1921   05    16.216
  1921   06    14.384
  1921   07    11.879
  1921   08     9.962
  1921   09     9.476
  1921   10    10.733
  1921   11    12.828
  1921   12    15.221
  1922   01    17.070
  1922   02    18.006
  1922   03    18.479
  1922   04    17.507
  1922   05    15.818
  1922   06    12.566
  1922   07    10.621
  1922   08     8.667
  1922   09     8.458
  1922   10     9.902
  1922   11    12.211
  1922   12    14.864
  1923   01    16.893
  1923   02    18.011
  1923   03    17.765
  1923   04    17.375
  1923   05    15.818
  1923   06    13.084
  1923   07    10.864
  1923   08     9.016
  1923   09     8.084
  1923   10     9.634
  1923   11    12.131
  1923   12    14.569
  1924   01    16.820
  1924   02    18.081
  1924   03    18.326
  1924   04    17.289
  1924   05    15.905
  1924   06    13.605
  1924   07    11.317
  1924   08     8.938
  1924   09     8.568
  1924   10    10.174
  1924   11    12.445
  1924   12    15.354
  1925   01    17.067
  1925   02    17.889
  1925   03    18.178
  1925   04    17.628
  1925   05    15.874
  1925   06    12.942
  1925   07    10.350
  1925   08     8.847
  1925   09     8.180
  1925   10     9.618
  1925   11    11.970
  1925   12    14.982
  1926   01    16.399
  1926   02    17.438
  1926   03    17.701
  1926   04    17.179
  1926   05    15.654
  1926   06    13.076
  1926   07    10.652
  1926   08     9.334
  1926   09     8.705
  1926   10    10.393
  1926   11    12.868
  1926   12    15.210
  1927   01    17.026
  1927   02    17.943
  1927   03    18.295
  1927   04    17.494
  1927   05    15.797
  1927   06    12.976
  1927   07    10.523
  1927   08     9.157
  1927   09     8.840
  1927   10     9.931
  1927   11    12.299
  1927   12    14.140
  1928   01    16.510
  1928   02    17.570
  1928   03    18.122
  1928   04    17.641
  1928   05    15.788
  1928   06    13.109
  1928   07    10.797
  1928   08     8.651
  1928   09     8.280
  1928   10     9.979
  1928   11    12.144
  1928   12    14.750
  1929   01    16.374
  1929   02    17.625
  1929   03    18.022
  1929   04    17.320
  1929   05    15.694
  1929   06    13.305
  1929   07    10.833
  1929   08     8.544
  1929   09     8.139
  1929   10     9.553
  1929   11    12.167
  1929   12    14.327
  1930   01    16.641
  1930   02    17.882
  1930   03    18.101
  1930   04    17.624
  1930   05    16.058
  1930   06    13.590
  1930   07    10.848
  1930   08     8.391
  1930   09     8.034
  1930   10    10.302
  1930   11    12.911
  1930   12    15.513
  1931   01    17.312
  1931   02    18.412
  1931   03    18.767
  1931   04    18.132
  1931   05    16.903
  1931   06    14.369
  1931   07    11.194
  1931   08     9.119
  1931   09     8.357
  1931   10     9.937
  1931   11    12.278
  1931   12    14.548
  1932   01    16.668
  1932   02    18.012
  1932   03    18.063
  1932   04    17.213
  1932   05    15.908
  1932   06    12.932
  1932   07    10.437
  1932   08     9.258
  1932   09     8.948
  1932   10     9.968
  1932   11    12.506
  1932   12    14.743
  1933   01    16.452
  1933   02    17.043
  1933   03    17.703
  1933   04    17.159
  1933   05    15.269
  1933   06    12.671
  1933   07    10.657
  1933   08     8.670
  1933   09     8.207
  1933   10     9.477
  1933   11    11.882
  1933   12    14.545
  1934   01    16.386
  1934   02    17.239
  1934   03    17.418
  1934   04    16.849
  1934   05    15.211
  1934   06    12.725
  1934   07    10.285
  1934   08     8.846
  1934   09     8.903
  1934   10    10.050
  1934   11    11.685
  1934   12    14.687
  1935   01    16.386
  1935   02    17.419
  1935   03    17.763
  1935   04    17.238
  1935   05    15.749
  1935   06    13.020
  1935   07    10.188
  1935   08     8.163
  1935   09     7.936
  1935   10    10.005
  1935   11    12.162
  1935   12    14.577
  1936   01    16.623
  1936   02    17.316
  1936   03    17.538
  1936   04    17.211
  1936   05    15.861
  1936   06    13.420
  1936   07    10.804
  1936   08     9.078
  1936   09     8.754
  1936   10    10.438
  1936   11    13.138
  1936   12    15.624
  1937   01    17.082
  1937   02    18.076
  1937   03    17.935
  1937   04    17.494
  1937   05    16.497
  1937   06    13.968
  1937   07    11.370
  1937   08     9.769
  1937   09     9.134
  1937   10    10.502
  1937   11    12.749
  1937   12    15.683
  1938   01    17.350
  1938   02    18.248
  1938   03    18.305
  1938   04    17.839
  1938   05    16.014
  1938   06    13.782
  1938   07    11.413
  1938   08     9.193
  1938   09     8.665
  1938   10    10.241
  1938   11    12.710
  1938   12    15.096
  1939   01    17.224
  1939   02    18.332
  1939   03    18.326
  1939   04    17.603
  1939   05    15.648
  1939   06    13.963
  1939   07    11.564
  1939   08     9.050
  1939   09     8.489
  1939   10    10.032
  1939   11    12.101
  1939   12    14.872
  1940   01    16.735
  1940   02    17.603
  1940   03    17.866
  1940   04    17.580
  1940   05    15.855
  1940   06    13.042
  1940   07     9.980
  1940   08     8.623
  1940   09     8.540
  1940   10     9.769
  1940   11    12.204
  1940   12    14.834
  1941   01    16.716
  1941   02    17.638
  1941   03    18.093
  1941   04    17.553
  1941   05    15.454
  1941   06    13.394
  1941   07    10.907
  1941   08     8.598
  1941   09     8.110
  1941   10     9.995
  1941   11    12.185
  1941   12    14.618
  1942   01    16.371
  1942   02    17.047
  1942   03    17.323
  1942   04    16.856
  1942   05    15.436
  1942   06    13.162
  1942   07    10.960
  1942   08     8.744
  1942   09     8.336
  1942   10    10.298
  1942   11    12.256
  1942   12    15.012
  1943   01    16.530
  1943   02    17.540
  1943   03    17.715
  1943   04    17.083
  1943   05    15.848
  1943   06    13.164
  1943   07    10.504
  1943   08     8.888
  1943   09     8.621
  1943   10     9.985
  1943   11    11.952
  1943   12    14.573
  1944   01    16.209
  1944   02    17.614
  1944   03    17.934
  1944   04    16.806
  1944   05    14.719
  1944   06    12.760
  1944   07    10.963
  1944   08     9.218
  1944   09     8.954
  1944   10    10.684
  1944   11    12.404
  1944   12    15.040
  1945   01    16.616
  1945   02    17.702
  1945   03    18.173
  1945   04    17.904
  1945   05    16.473
  1945   06    13.907
  1945   07    10.832
  1945   08     9.054
  1945   09     8.776
  1945   10    10.290
  1945   11    12.450
  1945   12    15.067
  1946   01    16.961
  1946   02    17.792
  1946   03    18.038
  1946   04    17.641
  1946   05    16.003
  1946   06    13.602
  1946   07    10.222
  1946   08     9.039
  1946   09     8.460
  1946   10     9.699
  1946   11    12.255
  1946   12    14.817
  1947   01    16.676
  1947   02    17.362
  1947   03    17.632
  1947   04    17.022
  1947   05    16.061
  1947   06    13.255
  1947   07    10.886
  1947   08     8.433
  1947   09     8.044
  1947   10     9.635
  1947   11    12.337
  1947   12    14.687
  1948   01    16.408
  1948   02    17.284
  1948   03    17.648
  1948   04    17.122
  1948   05    15.772
  1948   06    13.003
  1948   07    10.611
  1948   08     8.310
  1948   09     7.898
  1948   10     9.199
  1948   11    12.480
  1948   12    14.696
  1949   01    16.576
  1949   02    17.613
  1949   03    17.851
  1949   04    17.245
  1949   05    15.636
  1949   06    12.701
  1949   07     9.992
  1949   08     8.477
  1949   09     8.249
  1949   10     9.760
  1949   11    11.594
  1949   12    14.279
  1950   01    16.116
  1950   02    17.025
  1950   03    17.491
  1950   04    16.892
  1950   05    15.381
  1950   06    13.049
  1950   07    10.369
  1950   08     8.512
  1950   09     8.279
  1950   10     9.706
  1950   11    12.185
  1950   12    14.813
  1951   01    16.520
  1951   02    17.264
  1951   03    17.692
  1951   04    17.343
  1951   05    15.786
  1951   06    12.811
  1951   07    10.511
  1951   08     9.110
  1951   09     8.936
  1951   10     9.967
  1951   11    12.397
  1951   12    14.860
  1952   01    16.475
  1952   02    17.667
  1952   03    18.159
  1952   04    17.317
  1952   05    15.656
  1952   06    13.519
  1952   07    11.052
  1952   08     8.894
  1952   09     8.278
  1952   10    10.116
  1952   11    12.462
  1952   12    15.355
  1953   01    17.343
  1953   02    18.716
  1953   03    18.727
  1953   04    18.073
  1953   05    16.046
  1953   06    13.363
  1953   07    11.261
  1953   08     9.640
  1953   09     9.346
  1953   10    10.572
  1953   11    12.806
  1953   12    15.107
  1954   01    16.972
  1954   02    17.868
  1954   03    17.953
  1954   04    17.568
  1954   05    16.220
  1954   06    13.686
  1954   07    11.462
  1954   08     9.234
  1954   09     8.818
  1954   10    10.317
  1954   11    12.703
  1954   12    15.131
  1955   01    16.519
  1955   02    17.636
  1955   03    17.849
  1955   04    17.521
  1955   05    16.370
  1955   06    14.504
  1955   07    11.814
  1955   08     9.690
  1955   09     9.568
  1955   10    10.449
  1955   11    12.345
  1955   12    15.092
  1956   01    16.977
  1956   02    17.962
  1956   03    18.450
  1956   04    17.209
  1956   05    16.119
  1956   06    13.466
  1956   07    11.276
  1956   08     9.094
  1956   09     8.720
  1956   10    10.460
  1956   11    12.889
  1956   12    15.115
  1957   01    16.764
  1957   02    17.963
  1957   03    18.420
  1957   04    17.695
  1957   05    16.152
  1957   06    13.903
  1957   07    11.535
  1957   08     9.388
  1957   09     8.998
  1957   10    10.272
  1957   11    12.484
  1957   12    15.455
  1958   01    16.915
  1958   02    18.013
  1958   03    18.218
  1958   04    17.599
  1958   05    16.046
  1958   06    13.603
  1958   07    11.250
  1958   08     8.885
  1958   09     8.422
  1958   10    10.380
  1958   11    12.726
  1958   12    14.879
  1959   01    16.481
  1959   02    17.723
  1959   03    17.941
  1959   04    17.426
  1959   05    16.214
  1959   06    13.786
  1959   07    11.203
  1959   08     9.004
  1959   09     8.449
  1959   10    10.448
  1959   11    12.202
  1959   12    15.046
  1960   01    16.850
  1960   02    17.870
  1960   03    18.495
  1960   04    17.916
  1960   05    16.468
  1960   06    13.694
  1960   07    10.906
  1960   08     8.717
  1960   09     8.068
  1960   10     9.892
  1960   11    12.251
  1960   12    14.915
  1961   01    16.715
  1961   02    17.741
  1961   03    17.863
  1961   04    17.519
  1961   05    16.344
  1961   06    13.520
  1961   07    11.003
  1961   08     8.637
  1961   09     8.358
  1961   10    10.227
  1961   11    12.336
  1961   12    14.691
  1962   01    16.465
  1962   02    17.519
  1962   03    17.540
  1962   04    16.845
  1962   05    15.331
  1962   06    12.868
  1962   07    11.119
  1962   08     9.297
  1962   09     8.730
  1962   10    10.085
  1962   11    12.141
  1962   12    14.748
  1963   01    16.517
  1963   02    17.677
  1963   03    18.101
  1963   04    17.435
  1963   05    16.393
  1963   06    13.593
  1963   07    10.377
  1963   08     8.861
  1963   09     8.328
  1963   10     9.958
  1963   11    11.963
  1963   12    14.576
  1964   01    16.663
  1964   02    17.487
  1964   03    17.687
  1964   04    16.930
  1964   05    15.714
  1964   06    13.700
  1964   07    10.763
  1964   08     8.658
  1964   09     8.552
  1964   10     9.932
  1964   11    12.414
  1964   12    15.156
  1965   01    16.501
  1965   02    17.533
  1965   03    17.944
  1965   04    17.511
  1965   05    16.368
  1965   06    14.266
  1965   07    10.837
  1965   08     8.832
  1965   09     8.235
  1965   10    10.188
  1965   11    12.164
  1965   12    14.815
  1966   01    16.809
  1966   02    17.751
  1966   03    17.756
  1966   04    16.843
  1966   05    15.407
  1966   06    13.337
  1966   07    10.551
  1966   08     9.104
  1966   09     8.675
  1966   10    10.001
  1966   11    12.124
  1966   12    14.769
  1967   01    16.710
  1967   02    17.796
  1967   03    18.124
  1967   04    17.570
  1967   05    15.794
  1967   06    13.223
  1967   07    10.726
  1967   08     9.086
  1967   09     8.819
  1967   10    10.182
  1967   11    12.668
  1967   12    15.244
  1968   01    17.023
  1968   02    18.151
  1968   03    18.397
  1968   04    17.353
  1968   05    16.281
  1968   06    13.589
  1968   07    10.381
  1968   08     8.647
  1968   09     8.230
  1968   10     9.782
  1968   11    12.551
  1968   12    15.317
  1969   01    17.215
  1969   02    18.279
  1969   03    18.215
  1969   04    17.978
  1969   05    16.856
  1969   06    13.698
  1969   07    10.984
  1969   08     9.280
  1969   09     8.713
  1969   10    10.215
  1969   11    12.569
  1969   12    15.134
  1970   01    16.771
  1970   02    17.641
  1970   03    18.043
  1970   04    17.543
  1970   05    16.458
  1970   06    14.220
  1970   07    12.109
  1970   08     9.268
  1970   09     8.541
  1970   10    10.669
  1970   11    13.500
  1970   12    16.022
  1971   01    17.514
  1971   02    18.443
  1971   03    18.770
  1971   04    18.172
  1971   05    16.816
  1971   06    14.477
  1971   07    11.521
  1971   08     9.398
  1971   09     8.965
  1971   10    10.473
  1971   11    12.984
  1971   12    15.672
  1972   01    17.323
  1972   02    18.329
  1972   03    18.480
  1972   04    17.522
  1972   05    16.331
  1972   06    13.878
  1972   07    11.975
  1972   08    10.120
  1972   09     9.459
  1972   10    10.912
  1972   11    13.113
  1972   12    15.721
  1973   01    16.932
  1973   02    17.740
  1973   03    17.867
  1973   04    16.593
  1973   05    15.350
  1973   06    13.253
  1973   07    11.085
  1973   08     8.642
  1973   09     8.016
  1973   10     9.731
  1973   11    12.029
  1973   12    15.064
  1974   01    16.778
  1974   02    17.552
  1974   03    18.009
  1974   04    17.627
  1974   05    16.373
  1974   06    13.822
  1974   07    10.980
  1974   08     8.470
  1974   09     8.598
  1974   10    10.322
  1974   11    12.741
  1974   12    15.410
  1975   01    17.154
  1975   02    18.306
  1975   03    18.544
  1975   04    17.824
  1975   05    16.115
  1975   06    13.870
  1975   07    11.101
  1975   08     9.157
  1975   09     8.665
  1975   10    10.041
  1975   11    12.950
  1975   12    15.559
  1976   01    17.213
  1976   02    18.397
  1976   03    18.365
  1976   04    17.621
  1976   05    15.865
  1976   06    13.909
  1976   07    11.171
  1976   08     9.511
  1976   09     9.235
  1976   10    10.710
  1976   11    12.496
  1976   12    15.262
  1977   01    16.740
  1977   02    18.261
  1977   03    18.448
  1977   04    17.659
  1977   05    16.152
  1977   06    13.724
  1977   07    11.475
  1977   08     9.491
  1977   09     8.906
  1977   10    10.274
  1977   11    12.627
  1977   12    15.104
  1978   01    17.032
  1978   02    18.048
  1978   03    17.958
  1978   04    17.629
  1978   05    15.977
  1978   06    13.182
  1978   07    10.851
  1978   08     8.985
  1978   09     8.449
  1978   10    10.036
  1978   11    12.594
  1978   12    15.230
  1979   01    16.891
  1979   02    17.889
  1979   03    18.711
  1979   04    17.662
  1979   05    15.873
  1979   06    13.434
  1979   07    11.143
  1979   08     9.218
  1979   09     8.968
  1979   10    10.300
  1979   11    12.536
  1979   12    15.347
  1980   01    17.036
  1980   02    18.139
  1980   03    18.760
  1980   04    18.381
  1980   05    16.581
  1980   06    14.609
  1980   07    11.502
  1980   08     9.149
  1980   09     8.651
  1980   10    10.806
  1980   11    13.303
  1980   12    15.652
  1981   01    17.387
  1981   02    18.397
  1981   03    18.518
  1981   04    18.111
  1981   05    16.463
  1981   06    14.025
  1981   07    11.060
  1981   08     9.640
  1981   09     9.388
  1981   10    10.895
  1981   11    13.024
  1981   12    15.812
  1982   01    17.371
  1982   02    18.388
  1982   03    18.689
  1982   04    17.937
  1982   05    16.398
  1982   06    14.004
  1982   07    11.126
  1982   08     9.059
  1982   09     8.681
  1982   10    10.140
  1982   11    12.443
  1982   12    15.363
  1983   01    17.063
  1983   02    17.978
  1983   03    18.361
  1983   04    17.783
  1983   05    16.210
  1983   06    13.239
  1983   07    10.939
  1983   08     8.984
  1983   09     8.783
  1983   10    10.757
  1983   11    12.423
  1983   12    14.675
  1984   01    16.293
  1984   02    17.653
  1984   03    17.955
  1984   04    17.381
  1984   05    15.962
  1984   06    14.391
  1984   07    11.319
  1984   08     8.914
  1984   09     8.517
  1984   10     9.985
  1984   11    12.195
  1984   12    15.177
  1985   01    16.598
  1985   02    17.863
  1985   03    17.946
  1985   04    17.222
  1985   05    15.784
  1985   06    14.107
  1985   07    11.683
  1985   08     9.305
  1985   09     8.622
  1985   10    10.671
  1985   11    12.552
  1985   12    15.459
  1986   01    16.838
  1986   02    17.968
  1986   03    18.158
  1986   04    17.246
  1986   05    15.929
  1986   06    14.116
  1986   07    11.944
  1986   08    10.324
  1986   09     9.610
  1986   10    11.069
  1986   11    12.793
  1986   12    15.377
  1987   01    16.722
  1987   02    18.023
  1987   03    18.341
  1987   04    17.491
  1987   05    15.980
  1987   06    13.595
  1987   07    11.315
  1987   08     9.731
  1987   09     9.543
  1987   10    10.770
  1987   11    12.339
  1987   12    14.873
  1988   01    16.944
  1988   02    17.773
  1988   03    18.005
  1988   04    17.633
  1988   05    16.403
  1988   06    14.107
  1988   07    10.800
  1988   08     9.122
  1988   09     8.659
  1988   10    10.135
  1988   11    12.074
  1988   12    14.766
  1989   01    16.538
  1989   02    17.319
  1989   03    17.816
  1989   04    17.159
  1989   05    15.974
  1989   06    13.563
  1989   07    10.762
  1989   08     8.662
  1989   09     7.955
  1989   10    10.046
  1989   11    12.526
  1989   12    15.296
  1990   01    16.677
  1990   02    17.377
  1990   03    17.631
  1990   04    17.009
  1990   05    15.465
  1990   06    13.756
  1990   07    11.135
  1990   08     9.330
  1990   09     8.802
  1990   10    10.029
  1990   11    12.132
  1990   12    14.814
  1991   01    16.325
  1991   02    17.375
  1991   03    17.502
  1991   04    16.947
  1991   05    15.645
  1991   06    13.514
  1991   07    10.579
  1991   08     9.038
  1991   09     8.401
  1991   10    10.099
  1991   11    12.151
  1991   12    14.785
  1992   01    16.189
  1992   02    17.084
  1992   03    17.598
  1992   04    17.074
  1992   05    15.579
  1992   06    12.957
  1992   07    10.785
  1992   08     9.312
  1992   09     8.882
  1992   10    10.840
  1992   11    12.501
  1992   12    14.846
  1993   01    16.478
  1993   02    17.558
  1993   03    17.488
  1993   04    16.907
  1993   05    16.015
  1993   06    13.204
  1993   07    10.475
  1993   08     9.248
  1993   09     8.916
  1993   10    10.135
  1993   11    12.209
  1993   12    14.461
  1994   01    16.521
  1994   02    17.487
  1994   03    17.668
  1994   04    17.152
  1994   05    15.798
  1994   06    13.734
  1994   07    11.156
  1994   08     8.892
  1994   09     8.317
  1994   10    10.450
  1994   11    12.181
  1994   12    14.641
  1995   01    16.096
  1995   02    17.581
  1995   03    17.667
  1995   04    16.695
  1995   05    15.586
  1995   06    13.572
  1995   07    10.502
  1995   08     8.665
  1995   09     8.002
  1995   10     9.712
  1995   11    11.802
  1995   12    14.326
  1996   01    16.583
  1996   02    17.592
  1996   03    17.909
  1996   04    17.177
  1996   05    15.742
  1996   06    13.377
  1996   07    10.494
  1996   08     8.099
  1996   09     7.307
  1996   10     9.072
  1996   11    11.574
  1996   12    13.954
  1997   01    15.891
  1997   02    17.293
  1997   03    17.478
  1997   04    17.143
  1997   05    15.877
  1997   06    13.495
  1997   07    10.633
  1997   08     8.490
  1997   09     7.962
  1997   10     9.664
  1997   11    11.779
  1997   12    14.321
  1998   01    16.254
  1998   02    17.579
  1998   03    17.754
  1998   04    17.143
  1998   05    15.828
  1998   06    13.435
  1998   07     9.579
  1998   08     8.057
  1998   09     7.825
  1998   10     9.239
  1998   11    11.838
  1998   12    14.128
  1999   01    15.989
  1999   02    17.130
  1999   03    17.082
  1999   04    16.779
  1999   05    15.474
  1999   06    13.172
  1999   07    10.385
  1999   08     7.921
  1999   09     7.351
  1999   10     9.096
  1999   11    11.680
  1999   12    14.195
  2000   01    16.171
  2000   02    16.960
  2000   03    17.024
  2000   04    16.715
  2000   05    15.350
  2000   06    12.600
  2000   07    10.133
  2000   08     7.576
  2000   09     7.068
  2000   10     8.674
  2000   11    11.555
  2000   12    14.465
  2001   01    15.841
  2001   02    16.481
  2001   03    17.135
  2001   04    16.300
  2001   05    14.286
  2001   06    11.991
  2001   07     9.504
  2001   08     7.327
  2001   09     7.153
  2001   10     8.541
  2001   11    10.549
  2001   12    13.465
  2002   01    15.461
  2002   02    16.356
  2002   03    17.020
  2002   04    16.200
  2002   05    14.619
  2002   06    12.681
  2002   07     9.998
  2002   08     7.570
  2002   09     7.302
  2002   10     8.684
  2002   11    11.027
  2002   12    13.490
  2003   01    15.689
  2003   02    16.674
  2003   03    17.244
  2003   04    16.700
  2003   05    15.149
  2003   06    12.628
  2003   07     9.807
  2003   08     7.879
  2003   09     6.920
  2003   10     8.506
  2003   11    11.365
  2003   12    13.944
  2004   01    16.083
  2004   02    17.112
  2004   03    17.349
  2004   04    17.362
  2004   05    15.889
  2004   06    12.435
  2004   07     8.978
  2004   08     7.247
  2004   09     6.651
  2004   10     8.061
  2004   11    10.690
  2004   12    13.647
  2005   01    15.787
  2005   02    16.677
  2005   03    16.943
  2005   04    16.524
  2005   05    15.054
  2005   06    12.129
  2005   07     9.695
  2005   08     7.970
  2005   09     7.877
  2005   10     9.548
  2005   11    11.081
  2005   12    13.623
  2006   01    15.568
  2006   02    16.216
  2006   03    16.634
  2006   04    15.972
  2006   05    14.418
  2006   06    11.820
  2006   07     9.523
  2006   08     7.663
  2006   09     7.363
  2006   10     8.873
  2006   11    11.123
  2006   12    12.955
  2007   01    14.872
  2007   02    15.974
  2007   03    16.155
  2007   04    15.611
  2007   05    14.484
  2007   06    12.116
  2007   07     9.545
  2007   08     7.172
  2007   09     6.828
  2007   10     8.467
  2007   11    10.769
  2007   12    13.391
  2008   01    15.105
  2008   02    16.036
  2008   03    16.261
  2008   04    15.925
  2008   05    14.577
  2008   06    12.545
  2008   07     9.829
  2008   08     7.355
  2008   09     6.671
  2008   10     8.759
  2008   11    11.074
  2008   12    13.341
  2009   01    15.253
  2009   02    16.392
  2009   03    16.796
  2009   04    16.318
  2009   05    14.411
  2009   06    12.031
  2009   07     9.672
  2009   08     7.425
  2009   09     7.117
  2009   10     8.704
  2009   11    10.507
  2009   12    12.958
  2010   01    15.232
  2010   02    16.472
  2010   03    16.617
  2010   04    15.956
  2010   05    14.567
  2010   06    12.039
  2010   07     9.786
  2010   08     8.046
  2010   09     7.289
  2010   10     9.061
  2010   11    10.732
  2010   12    13.033
  2011   01    15.345
  2011   02    15.987
  2011   03    16.166
  2011   04    15.994
  2011   05    14.676
  2011   06    11.637
  2011   07     8.777
  2011   08     7.165
  2011   09     6.740
  2011   10     7.928
  2011   11    10.127
  2011   12    12.360
  2012   01    14.375
  2012   02    15.507
  2012   03    15.706
  2012   04    15.270
  2012   05    13.231
  2012   06    11.239
  2012   07     8.779
  2012   08     6.530
  2012   09     5.899
  2012   10     7.892
  2012   11    10.075
  2012   12    12.706
  2013   01    14.703
  2013   02    15.194
  2013   03    15.574
  2013   04    15.495
  2013   05    14.191
  2013   06    11.615
  2013   07     8.325
  2013   08     6.738
  2013   09     6.019
  2013   10     7.614
  2013   11    10.028
  2013   12    12.642
  2014   01    14.563
  2014   02    15.465
  2014   03    15.716
  2014   04    15.396
  2014   05    14.177
  2014   06    11.551
  2014   07     8.654
  2014   08     6.440
  2014   09     5.103
  2014   10     7.100
  2014   11     9.998
  2014   12    12.260
  2015   01    14.288
  2015   02    15.658
  2015   03    15.709
  2015   04    15.432
  2015   05    13.600
  2015   06    10.756
  2015   07     7.667
  2015   08     6.274
  2015   09     6.063
  2015   10     7.307
  2015   11     9.470
  2015   12    11.795
  2016   01    13.753
  2016   02    14.576
  2016   03    15.083
  2016   04    14.816
  2016   05    13.314
  2016   06    11.048
  2016   07     8.850
  2016   08     7.350
  2016   09     6.968
  2016   10     8.543
  2016   11    10.040
  2016   12    12.152
  2017   01    14.269
  2017   02    15.112
  2017   03    15.179
  2017   04    14.396
  2017   05    12.942
  2017   06    11.461
  2017   07     8.645
  2017   08     6.520
  2017   09     6.139
  2017   10     7.353
  2017   11     9.768
  2017   12    12.241
  2018   01    13.939
  2018   02    14.966
  2018   03    15.032
  2018   04    14.997
  2018   05    13.598
  2018   06    11.168
  2018   07     8.324
  2018   08     6.719
  2018   09     6.370
  2018   10     7.704
  2018   11     9.796
  2018   12    11.908
  2019   01    14.060
  2019   02    14.995
  2019   03    15.378
  2019   04    14.447
  2019   05    13.015
  2019   06    10.981
  2019   07     7.922
  2019   08     5.739
  2019   09     5.574
  2019   10     7.393
  2019   11     9.827
  2019   12    12.123
  2020   01    13.928
  2020   02    14.836
  2020   03    15.170
  2020   04    14.766
  2020   05    13.274
  2020   06    11.035
  2020   07     8.551
  2020   08     5.645
  2020   09     5.008
  2020   10     6.462
  2020   11     9.591
  2020   12    11.601
  2021   01    13.939
  2021   02    14.889
  2021   03    15.368
  2021   04    15.123
  2021   05    14.031
  2021   06    10.922
  2021   07     8.226
  2021   08     5.698
  2021   09     4.956
  2021   10     6.383
  2021   11     9.526
  2021   12    11.761
  2022   01    13.830
  2022   02    14.265
  2022   03    14.235
  2022   04    13.649
  2022   05    12.517
  2022   06    10.574
  2022   07     7.595
  2022   08     5.442
  2022   09     4.827
  2022   10     6.290
  2022   11     9.587
  2022   12    11.385
  2023   01    13.445
  2023   02    14.312
  2023   03    14.555
  2023   04    14.163
  2023   05    12.487
  2023   06    10.521
  2023   07     7.676
  2023   08     5.402
  2023   09     4.864
  2023   10     6.148
  2023   11     8.899
  2023   12    11.306
  2024   01    13.425
  2024   02    13.988
  2024   03    14.250
  2024   04    13.929
  2024   05    12.260
  2024   06     9.712
  2024   07     7.088
  2024   08     4.771
  2024   09     4.088
  2024   10     5.553
  2024   11     8.345
  2024   12    10.987
  2025   01    13.020
  2025   02    14.032
  2025   03    14.368
  2025   04    13.624
  2025   05    12.167
  2025   06    10.004
  2025   07     7.369
  2025   08     4.716
  2025   09     3.958
  2025   10     5.373
  2025   11     9.025
  2025   12    10.834
  2026   01    12.690
  2026   02    13.698
  2026   03    13.990
  2026   04    13.586
  2026   05    12.411
  2026   06    10.053
  2026   07     7.010
  2026   08     4.049
  2026   09     3.527
  2026   10     4.959
  2026   11     8.124
  2026   12    10.076
  2027   01    12.618
  2027   02    13.824
  2027   03    14.028
  2027   04    13.804
  2027   05    11.913
  2027   06     9.334
  2027   07     6.377
  2027   08     3.315
  2027   09     2.868
  2027   10     4.508
  2027   11     7.918
  2027   12    10.119
  2028   01    12.278
  2028   02    13.470
  2028   03    13.724
  2028   04    12.958
  2028   05    11.535
  2028   06     8.777
  2028   07     6.018
  2028   08     3.122
  2028   09     2.579
  2028   10     4.289
  2028   11     7.117
  2028   12    10.194
  2029   01    12.303
  2029   02    13.442
  2029   03    13.780
  2029   04    13.374
  2029   05    11.604
  2029   06     9.255
  2029   07     5.569
  2029   08     2.931
  2029   09     2.389
  2029   10     4.040
  2029   11     6.653
  2029   12    10.157
  2030   01    12.452
  2030   02    13.930
  2030   03    14.324
  2030   04    14.027
  2030   05    12.092
  2030   06     9.457
  2030   07     6.256
  2030   08     2.337
  2030   09     2.395
  2030   10     4.605
  2030   11     8.265
  2030   12    10.751
  2031   01    12.339
  2031   02    13.677
  2031   03    13.850
  2031   04    13.405
  2031   05    11.924
  2031   06     9.127
  2031   07     7.413
  2031   08     5.516
  2031   09     4.838
  2031   10     6.284
  2031   11     8.866
  2031   12    11.030
  2032   01    12.841
  2032   02    13.832
  2032   03    14.086
  2032   04    13.133
  2032   05    11.385
  2032   06     9.278
  2032   07     7.206
  2032   08     5.518
  2032   09     4.893
  2032   10     6.472
  2032   11     8.653
  2032   12    10.552
  2033   01    12.652
  2033   02    13.677
  2033   03    14.168
  2033   04    13.470
  2033   05    12.164
  2033   06     9.699
  2033   07     7.296
  2033   08     5.054
  2033   09     4.483
  2033   10     6.021
  2033   11     8.587
  2033   12    10.891
  2034   01    13.070
  2034   02    13.866
  2034   03    14.289
  2034   04    13.617
  2034   05    12.309
  2034   06    10.343
  2034   07     7.432
  2034   08     4.861
  2034   09     4.005
  2034   10     5.831
  2034   11     9.017
  2034   12    10.882
  2035   01    12.963
  2035   02    13.833
  2035   03    14.269
  2035   04    13.839
  2035   05    12.249
  2035   06     9.534
  2035   07     6.697
  2035   08     4.563
  2035   09     3.514
  2035   10     5.112
  2035   11     7.495
  2035   12    10.284
  2036   01    12.853
  2036   02    13.884
  2036   03    13.916
  2036   04    13.274
  2036   05    11.457
  2036   06     9.173
  2036   07     6.698
  2036   08     4.296
  2036   09     3.861
  2036   10     5.098
  2036   11     8.214
  2036   12    10.406
  2037   01    12.650
  2037   02    14.036
  2037   03    14.515
  2037   04    14.032
  2037   05    12.397
  2037   06     9.869
  2037   07     8.030
  2037   08     5.269
  2037   09     3.537
  2037   10     6.091
  2037   11     8.527
  2037   12    10.558
  2038   01    12.695
  2038   02    13.636
  2038   03    14.087
  2038   04    13.537
  2038   05    11.896
  2038   06     9.851
  2038   07     7.662
  2038   08     4.668
  2038   09     4.298
  2038   10     5.565
  2038   11     8.569
  2038   12    10.491
  2039   01    12.324
  2039   02    13.815
  2039   03    14.231
  2039   04    13.577
  2039   05    11.780
  2039   06     9.612
  2039   07     6.778
  2039   08     3.900
  2039   09     3.138
  2039   10     4.697
  2039   11     8.531
  2039   12    10.763
  2040   01    12.891
  2040   02    13.910
  2040   03    14.051
  2040   04    13.675
  2040   05    12.233
  2040   06     9.289
  2040   07     6.588
  2040   08     4.254
  2040   09     3.500
  2040   10     5.012
  2040   11     7.940
  2040   12    10.230
  2041   01    12.626
  2041   02    13.618
  2041   03    13.982
  2041   04    13.375
  2041   05    11.491
  2041   06     9.344
  2041   07     6.219
  2041   08     3.722
  2041   09     2.998
  2041   10     4.181
  2041   11     7.130
  2041   12    10.533
  2042   01    12.391
  2042   02    13.485
  2042   03    13.864
  2042   04    13.215
  2042   05    11.251
  2042   06     9.320
  2042   07     6.412
  2042   08     3.991
  2042   09     3.349
  2042   10     4.659
  2042   11     8.498
  2042   12    10.378
  2043   01    12.213
  2043   02    13.387
  2043   03    13.482
  2043   04    13.228
  2043   05    11.775
  2043   06     9.551
  2043   07     6.391
  2043   08     4.313
  2043   09     3.671
  2043   10     4.725
  2043   11     8.053
  2043   12    10.576
  2044   01    12.283
  2044   02    13.565
  2044   03    13.853
  2044   04    13.481
  2044   05    12.179
  2044   06     9.650
  2044   07     7.180
  2044   08     3.862
  2044   09     2.715
  2044   10     5.133
  2044   11     7.921
  2044   12    10.782
  2045   01    12.698
  2045   02    13.784
  2045   03    14.131
  2045   04    13.695
  2045   05    12.053
  2045   06     9.442
  2045   07     6.164
  2045   08     3.432
  2045   09     2.719
  2045   10     4.454
  2045   11     7.526
  2045   12    10.281
  2046   01    12.386
  2046   02    13.527
  2046   03    13.756
  2046   04    13.213
  2046   05    11.606
  2046   06     9.203
  2046   07     6.806
  2046   08     3.578
  2046   09     2.769
  2046   10     5.136
  2046   11     8.089
  2046   12    10.335
  2047   01    11.963
  2047   02    12.897
  2047   03    13.212
  2047   04    12.672
  2047   05    11.504
  2047   06     9.184
  2047   07     6.390
  2047   08     2.884
  2047   09     1.957
  2047   10     3.978
  2047   11     7.104
  2047   12    10.088
  2048   01    12.049
  2048   02    13.133
  2048   03    13.450
  2048   04    13.010
  2048   05    11.080
  2048   06     8.856
  2048   07     6.577
  2048   08     3.484
  2048   09     2.754
  2048   10     4.485
  2048   11     7.458
  2048   12     9.831
  2049   01    12.025
  2049   02    13.438
  2049   03    13.622
  2049   04    13.026
  2049   05    11.337
  2049   06     8.997
  2049   07     6.578
  2049   08     2.849
  2049   09     2.446
  2049   10     4.045
  2049   11     7.789
  2049   12    10.524
  2050   01    12.392
  2050   02    13.228
  2050   03    13.654
  2050   04    13.298
  2050   05    11.863
  2050   06     9.365
  2050   07     5.953
  2050   08     2.877
  2050   09     2.178
  2050   10     3.912
  2050   11     7.136
  2050   12    10.207
  2051   01    12.222
  2051   02    13.415
  2051   03    13.673
  2051   04    13.225
  2051   05    11.439
  2051   06     8.924
  2051   07     6.288
  2051   08     2.838
  2051   09     1.377
  2051   10     3.840
  2051   11     7.238
  2051   12     9.840
  2052   01    11.932
  2052   02    13.173
  2052   03    13.452
  2052   04    12.773
  2052   05    11.456
  2052   06     9.010
  2052   07     5.844
  2052   08     2.702
  2052   09     1.749
  2052   10     3.820
  2052   11     7.023
  2052   12     9.908
  2053   01    11.658
  2053   02    12.948
  2053   03    13.351
  2053   04    12.459
  2053   05    10.554
  2053   06     8.646
  2053   07     6.064
  2053   08     2.436
  2053   09     1.554
  2053   10     3.345
  2053   11     7.210
  2053   12    10.230
  2054   01    12.133
  2054   02    13.498
  2054   03    13.531
  2054   04    12.966
  2054   05    11.504
  2054   06     9.140
  2054   07     5.962
  2054   08     3.141
  2054   09     2.390
  2054   10     4.033
  2054   11     7.063
  2054   12     9.763
  2055   01    12.024
  2055   02    13.121
  2055   03    13.721
  2055   04    13.064
  2055   05    10.660
  2055   06     8.538
  2055   07     6.629
  2055   08     2.744
  2055   09     1.571
  2055   10     3.591
  2055   11     7.407
  2055   12     9.819
  2056   01    11.867
  2056   02    13.247
  2056   03    13.519
  2056   04    12.888
  2056   05    11.486
  2056   06     8.954
  2056   07     5.768
  2056   08     2.090
  2056   09     1.027
  2056   10     3.310
  2056   11     6.960
  2056   12     9.629
  2057   01    11.725
  2057   02    13.045
  2057   03    13.359
  2057   04    12.497
  2057   05    10.658
  2057   06     8.679
  2057   07     6.124
  2057   08     2.692
  2057   09     1.298
  2057   10     3.626
  2057   11     6.895
  2057   12     9.680
  2058   01    11.913
  2058   02    13.170
  2058   03    13.190
  2058   04    12.746
  2058   05    11.248
  2058   06     9.047
  2058   07     6.071
  2058   08     2.483
  2058   09     1.929
  2058   10     3.408
  2058   11     7.212
  2058   12     9.683
  2059   01    11.720
  2059   02    13.160
  2059   03    13.499
  2059   04    13.317
  2059   05    11.434
  2059   06     8.920
  2059   07     6.789
  2059   08     3.883
  2059   09     2.783
  2059   10     4.465
  2059   11     7.816
  2059   12    10.095
  2060   01    11.769
  2060   02    13.068
  2060   03    13.514
  2060   04    12.906
  2060   05    11.284
  2060   06     8.693
  2060   07     5.577
  2060   08     2.692
  2060   09     2.298
  2060   10     3.135
  2060   11     6.878
  2060   12     9.448
  2061   01    11.549
  2061   02    12.807
  2061   03    13.209
  2061   04    12.616
  2061   05    10.659
  2061   06     8.283
  2061   07     5.067
  2061   08     1.470
  2061   09     1.135
  2061   10     2.759
  2061   11     5.717
  2061   12     9.189
  2062   01    11.340
  2062   02    12.389
  2062   03    12.692
  2062   04    12.404
  2062   05    11.334
  2062   06     8.979
  2062   07     5.898
  2062   08     3.342
  2062   09     2.449
  2062   10     3.858
  2062   11     6.840
  2062   12     9.590
  2063   01    11.275
  2063   02    12.491
  2063   03    12.629
  2063   04    11.850
  2063   05    10.504
  2063   06     8.899
  2063   07     5.415
  2063   08     2.478
  2063   09     2.027
  2063   10     3.241
  2063   11     6.893
  2063   12     9.822
  2064   01    11.619
  2064   02    12.799
  2064   03    13.089
  2064   04    12.367
  2064   05    10.688
  2064   06     7.741
  2064   07     4.372
  2064   08     1.181
  2064   09     0.494
  2064   10     1.978
  2064   11     4.887
  2064   12     7.568
  2065   01    10.808
  2065   02    12.526
  2065   03    13.087
  2065   04    12.261
  2065   05    10.371
  2065   06     7.886
  2065   07     4.494
  2065   08     0.733
  2065   09     0.423
  2065   10     1.788
  2065   11     5.112
  2065   12     8.728
  2066   01    11.127
  2066   02    12.435
  2066   03    13.291
  2066   04    13.047
  2066   05    11.094
  2066   06     8.334
  2066   07     4.752
  2066   08     0.595
  2066   09     0.315
  2066   10     2.207
  2066   11     5.827
  2066   12     9.419
  2067   01    11.477
  2067   02    12.783
  2067   03    13.037
  2067   04    12.500
  2067   05    11.191
  2067   06     9.053
  2067   07     5.595
  2067   08     2.123
  2067   09     1.276
  2067   10     3.262
  2067   11     7.100
  2067   12     9.902
  2068   01    12.044
  2068   02    12.897
  2068   03    13.365
  2068   04    12.764
  2068   05    11.375
  2068   06     9.007
  2068   07     5.805
  2068   08     1.718
  2068   09     1.314
  2068   10     2.963
  2068   11     7.355
  2068   12     9.468
  2069   01    11.189
  2069   02    12.716
  2069   03    13.127
  2069   04    12.537
  2069   05    10.748
  2069   06     9.170
  2069   07     5.488
  2069   08     1.529
  2069   09     1.096
  2069   10     2.095
  2069   11     5.745
  2069   12     9.254
  2070   01    11.254
  2070   02    12.447
  2070   03    12.701
  2070   04    11.730
  2070   05    10.689
  2070   06     8.611
  2070   07     5.281
  2070   08     1.392
  2070   09     0.480
  2070   10     2.682
  2070   11     6.328
  2070   12     9.204
  2071   01    10.985
  2071   02    12.323
  2071   03    12.568
  2071   04    12.158
  2071   05    10.751
  2071   06     9.019
  2071   07     5.239
  2071   08     1.188
  2071   09     0.787
  2071   10     2.575
  2071   11     6.570
  2071   12     9.553
  2072   01    11.587
  2072   02    12.751
  2072   03    13.183
  2072   04    12.781
  2072   05    11.015
  2072   06     7.884
  2072   07     5.568
  2072   08     1.681
  2072   09     0.390
  2072   10     3.134
  2072   11     6.153
  2072   12     9.046
  2073   01    11.003
  2073   02    12.609
  2073   03    12.854
  2073   04    12.272
  2073   05    10.555
  2073   06     7.953
  2073   07     4.473
  2073   08     0.719
  2073   09     0.537
  2073   10     1.270
  2073   11     5.424
  2073   12     9.097
  2074   01    11.204
  2074   02    12.479
  2074   03    12.565
  2074   04    12.088
  2074   05    10.180
  2074   06     7.865
  2074   07     4.350
  2074   08     0.590
  2074   09     0.574
  2074   10     1.690
  2074   11     5.485
  2074   12     9.193
  2075   01    11.353
  2075   02    12.746
  2075   03    13.119
  2075   04    12.259
  2075   05    10.854
  2075   06     8.048
  2075   07     5.240
  2075   08     0.832
  2075   09     0.898
  2075   10     2.081
  2075   11     6.111
  2075   12     9.396
  2076   01    11.139
  2076   02    12.227
  2076   03    12.403
  2076   04    12.039
  2076   05    10.415
  2076   06     8.263
  2076   07     5.136
  2076   08     2.077
  2076   09     1.199
  2076   10     3.101
  2076   11     6.363
  2076   12     8.698
  2077   01    10.688
  2077   02    12.046
  2077   03    12.350
  2077   04    12.078
  2077   05    10.154
  2077   06     7.816
  2077   07     5.115
  2077   08     1.558
  2077   09     0.761
  2077   10     2.797
  2077   11     6.629
  2077   12     9.137
  2078   01    11.011
  2078   02    12.121
  2078   03    12.612
  2078   04    11.783
  2078   05    10.198
  2078   06     7.890
  2078   07     4.175
  2078   08     1.246
  2078   09     1.051
  2078   10     2.206
  2078   11     4.880
  2078   12     8.491
  2079   01    10.715
  2079   02    11.884
  2079   03    12.345
  2079   04    12.005
  2079   05    10.555
  2079   06     7.871
  2079   07     5.180
  2079   08     1.306
  2079   09     0.763
  2079   10     2.433
  2079   11     4.648
  2079   12     8.690
  2080   01    11.186
  2080   02    12.218
  2080   03    12.491
  2080   04    12.031
  2080   05    10.022
  2080   06     7.461
  2080   07     4.216
  2080   08     1.134
  2080   09     0.893
  2080   10     1.955
  2080   11     4.393
  2080   12     8.386
  2081   01    10.759
  2081   02    11.963
  2081   03    12.453
  2081   04    12.062
  2081   05    10.337
  2081   06     7.286
  2081   07     2.929
  2081   08     0.684
  2081   09     0.614
  2081   10     1.250
  2081   11     3.400
  2081   12     7.795
  2082   01    10.719
  2082   02    12.399
  2082   03    12.872
  2082   04    12.647
  2082   05    10.843
  2082   06     8.079
  2082   07     3.870
  2082   08     0.864
  2082   09     0.570
  2082   10     1.366
  2082   11     4.716
  2082   12     8.614
  2083   01    11.474
  2083   02    12.479
  2083   03    12.923
  2083   04    12.252
  2083   05    10.698
  2083   06     8.325
  2083   07     4.488
  2083   08     1.091
  2083   09     0.688
  2083   10     1.770
  2083   11     4.961
  2083   12     9.045
  2084   01    11.135
  2084   02    12.370
  2084   03    12.732
  2084   04    12.279
  2084   05    11.051
  2084   06     8.153
  2084   07     5.070
  2084   08     0.620
  2084   09     0.320
  2084   10     2.101
  2084   11     6.129
  2084   12     8.728
  2085   01    11.067
  2085   02    12.598
  2085   03    12.984
  2085   04    12.545
  2085   05    10.876
  2085   06     8.776
  2085   07     4.958
  2085   08     0.931
  2085   09     0.703
  2085   10     1.910
  2085   11     5.452
  2085   12     8.906
  2086   01    11.201
  2086   02    12.535
  2086   03    13.104
  2086   04    12.208
  2086   05    10.863
  2086   06     8.255
  2086   07     4.350
  2086   08     0.833
  2086   09     0.522
  2086   10     1.439
  2086   11     5.577
  2086   12     8.957
  2087   01    11.253
  2087   02    12.550
  2087   03    12.884
  2087   04    12.423
  2087   05    10.786
  2087   06     8.395
  2087   07     3.051
  2087   08     1.002
  2087   09     0.833
  2087   10     2.021
  2087   11     4.437
  2087   12     8.617
  2088   01    11.168
  2088   02    12.421
  2088   03    12.731
  2088   04    11.993
  2088   05    10.534
  2088   06     8.008
  2088   07     4.157
  2088   08     1.128
  2088   09     0.711
  2088   10     1.488
  2088   11     4.948
  2088   12     7.969
  2089   01    10.866
  2089   02    11.742
  2089   03    12.101
  2089   04    11.848
  2089   05    10.212
  2089   06     7.560
  2089   07     3.788
  2089   08     0.700
  2089   09     0.542
  2089   10     1.136
  2089   11     4.974
  2089   12     8.282
  2090   01    10.493
  2090   02    11.791
  2090   03    12.137
  2090   04    11.407
  2090   05    10.202
  2090   06     7.211
  2090   07     3.682
  2090   08     0.470
  2090   09     0.406
  2090   10     1.558
  2090   11     4.583
  2090   12     8.287
  2091   01    10.034
  2091   02    11.484
  2091   03    11.853
  2091   04    11.397
  2091   05     9.734
  2091   06     7.430
  2091   07     3.322
  2091   08     0.248
  2091   09     0.072
  2091   10     0.345
  2091   11     3.826
  2091   12     7.573
  2092   01    10.135
  2092   02    11.541
  2092   03    11.935
  2092   04    10.871
  2092   05     9.155
  2092   06     7.112
  2092   07     2.898
  2092   08     0.248
  2092   09     0.139
  2092   10     0.746
  2092   11     3.392
  2092   12     8.406
  2093   01    10.127
  2093   02    11.638
  2093   03    11.870
  2093   04    11.045
  2093   05     9.219
  2093   06     6.946
  2093   07     3.442
  2093   08     0.530
  2093   09     0.554
  2093   10     0.987
  2093   11     4.314
  2093   12     8.142
  2094   01    10.385
  2094   02    11.245
  2094   03    11.673
  2094   04    11.245
  2094   05     9.391
  2094   06     6.781
  2094   07     4.031
  2094   08     0.592
  2094   09     0.506
  2094   10     1.190
  2094   11     5.217
  2094   12     8.356
  2095   01    10.346
  2095   02    11.440
  2095   03    11.909
  2095   04    11.420
  2095   05     9.860
  2095   06     7.158
  2095   07     3.262
  2095   08     1.042
  2095   09     0.826
  2095   10     1.521
  2095   11     3.322
  2095   12     7.750
  2096   01    10.373
  2096   02    11.702
  2096   03    12.239
  2096   04    11.529
  2096   05    10.028
  2096   06     7.580
  2096   07     2.902
  2096   08     0.243
  2096   09     0.117
  2096   10     0.622
  2096   11     3.931
  2096   12     8.533
  2097   01    10.551
  2097   02    11.643
  2097   03    12.290
  2097   04    11.619
  2097   05     9.948
  2097   06     7.086
  2097   07     2.744
  2097   08     0.271
  2097   09     0.255
  2097   10     0.828
  2097   11     4.106
  2097   12     8.296
  2098   01    10.638
  2098   02    11.920
  2098   03    12.535
  2098   04    12.116
  2098   05    10.862
  2098   06     7.923
  2098   07     2.946
  2098   08     0.204
  2098   09     0.156
  2098   10     0.778
  2098   11     4.223
  2098   12     9.156
  2099   01    11.060
  2099   02    12.470
  2099   03    12.740
  2099   04    12.206
  2099   05    10.408
  2099   06     7.816
  2099   07     5.880
  2099   08     1.723
  2099   09     0.405
  2099   10     3.180
  2099   11     6.808
  2099   12     9.296
  2100   01    11.342
  2100   02    12.589
  2100   03    12.932
  2100   04    12.470
  2100   05    10.929
  2100   06     8.117
  2100   07     4.557
  2100   08     1.504
  2100   09     1.135
  2100   10     2.178
  2100   11     5.710
  2100   12     8.996
