  1850   01    14.237
  1850   02    15.029
  1850   03    15.471
  1850   04    15.259
  1850   05    13.913
  1850   06    12.059
  1850   07     9.696
  1850   08     6.298
  1850   09     5.373
  1850   10     7.671
  1850   11    10.432
  1850   12    13.048
  1851   01    14.560
  1851   02    15.084
  1851   03    15.397
  1851   04    14.808
  1851   05    13.616
  1851   06    11.888
  1851   07     9.347
  1851   08     6.132
  1851   09     5.362
  1851   10     6.884
  1851   11     9.327
  1851   12    12.347
  1852   01    14.233
  1852   02    15.125
  1852   03    15.397
  1852   04    15.182
  1852   05    13.684
  1852   06    11.860
  1852   07     9.503
  1852   08     6.808
  1852   09     5.921
  1852   10     7.981
  1852   11    10.135
  1852   12    12.560
  1853   01    14.509
  1853   02    15.371
  1853   03    15.588
  1853   04    15.443
  1853   05    14.109
  1853   06    12.241
  1853   07     9.856
  1853   08     7.597
  1853   09     6.447
  1853   10     8.244
  1853   11    10.584
  1853   12    13.084
  1854   01    14.662
  1854   02    15.507
  1854   03    15.713
  1854   04    15.441
  1854   05    14.341
  1854   06    12.561
  1854   07    10.557
  1854   08     7.706
  1854   09     6.586
  1854   10     8.431
  1854   11    11.000
  1854   12    13.379
  1855   01    14.651
  1855   02    15.481
  1855   03    15.693
  1855   04    15.211
  1855   05    13.970
  1855   06    12.018
  1855   07     9.614
  1855   08     7.267
  1855   09     6.350
  1855   10     7.623
  1855   11    10.307
  1855   12    13.141
  1856   01    14.481
  1856   02    15.475
  1856   03    15.823
  1856   04    15.433
  1856   05    13.912
  1856   06    11.943
  1856   07    10.217
  1856   08     7.111
  1856   09     6.021
  1856   10     8.387
  1856   11    10.386
  1856   12    13.174
  1857   01    14.397
  1857   02    15.118
  1857   03    15.522
  1857   04    15.077
  1857   05    13.814
  1857   06    12.048
  1857   07     9.613
  1857   08     7.392
  1857   09     6.571
  1857   10     8.153
  1857   11    10.508
  1857   12    13.079
  1858   01    14.404
  1858   02    15.361
  1858   03    15.725
  1858   04    15.281
  1858   05    14.217
  1858   06    12.347
  1858   07    10.366
  1858   08     7.256
  1858   09     6.363
  1858   10     8.445
  1858   11    10.613
  1858   12    13.092
  1859   01    14.470
  1859   02    15.097
  1859   03    15.454
  1859   04    15.410
  1859   05    14.413
  1859   06    11.997
  1859   07     9.719
  1859   08     7.116
  1859   09     6.157
  1859   10     7.822
  1859   11    10.299
  1859   12    12.859
  1860   01    14.143
  1860   02    14.828
  1860   03    15.178
  1860   04    15.138
  1860   05    14.062
  1860   06    11.941
  1860   07    10.230
  1860   08     7.408
  1860   09     6.680
  1860   10     8.683
  1860   11    10.296
  1860   12    13.026
  1861   01    14.297
  1861   02    15.019
  1861   03    15.482
  1861   04    15.083
  1861   05    13.710
  1861   06    12.107
  1861   07     9.816
  1861   08     6.967
  1861   09     5.445
  1861   10     7.179
  1861   11    10.445
  1861   12    13.171
  1862   01    14.572
  1862   02    15.257
  1862   03    15.623
  1862   04    15.334
  1862   05    14.097
  1862   06    11.737
  1862   07     9.761
  1862   08     7.311
  1862   09     5.979
  1862   10     8.071
  1862   11    10.206
  1862   12    13.008
  1863   01    14.639
  1863   02    15.743
  1863   03    16.022
  1863   04    15.594
  1863   05    14.315
  1863   06    11.952
  1863   07     9.225
  1863   08     6.794
  1863   09     5.939
  1863   10     7.524
  1863   11    10.206
  1863   12    12.871
  1864   01    14.617
  1864   02    15.448
  1864   03    15.502
  1864   04    15.194
  1864   05    14.078
  1864   06    12.476
  1864   07    10.397
  1864   08     7.714
  1864   09     6.454
  1864   10     8.287
  1864   11    10.674
  1864   12    13.364
  1865   01    14.686
  1865   02    15.571
  1865   03    16.140
  1865   04    15.700
  1865   05    14.419
  1865   06    12.406
  1865   07    10.460
  1865   08     7.841
  1865   09     6.901
  1865   10     8.731
  1865   11    10.487
  1865   12    13.316
  1866   01    14.302
  1866   02    15.297
  1866   03    15.387
  1866   04    15.131
  1866   05    13.792
  1866   06    12.121
  1866   07    10.238
  1866   08     7.506
  1866   09     6.336
  1866   10     8.014
  1866   11    10.625
  1866   12    13.075
  1867   01    14.639
  1867   02    15.280
  1867   03    15.521
  1867   04    15.006
  1867   05    13.986
  1867   06    12.498
  1867   07    10.563
  1867   08     7.107
  1867   09     6.371
  1867   10     8.024
  1867   11    10.871
  1867   12    13.437
  1868   01    14.718
  1868   02    15.608
  1868   03    15.993
  1868   04    15.529
  1868   05    13.909
  1868   06    11.689
  1868   07     9.272
  1868   08     6.521
  1868   09     5.597
  1868   10     6.910
  1868   11     9.937
  1868   12    13.058
  1869   01    14.860
  1869   02    15.773
  1869   03    16.270
  1869   04    15.964
  1869   05    14.653
  1869   06    12.034
  1869   07     9.855
  1869   08     6.647
  1869   09     5.589
  1869   10     7.434
  1869   11     9.714
  1869   12    12.762
  1870   01    14.335
  1870   02    15.145
  1870   03    15.410
  1870   04    15.262
  1870   05    14.109
  1870   06    12.098
  1870   07     9.323
  1870   08     6.799
  1870   09     6.321
  1870   10     8.085
  1870   11    10.524
  1870   12    12.984
  1871   01    14.448
  1871   02    15.365
  1871   03    15.666
  1871   04    15.228
  1871   05    13.914
  1871   06    12.279
  1871   07     9.891
  1871   08     7.441
  1871   09     7.021
  1871   10     8.336
  1871   11    10.662
  1871   12    13.034
  1872   01    14.608
  1872   02    15.486
  1872   03    15.734
  1872   04    15.356
  1872   05    13.999
  1872   06    12.025
  1872   07     9.382
  1872   08     6.695
  1872   09     6.084
  1872   10     7.816
  1872   11    10.624
  1872   12    13.567
  1873   01    14.970
  1873   02    15.669
  1873   03    15.982
  1873   04    15.397
  1873   05    14.468
  1873   06    12.415
  1873   07    10.273
  1873   08     7.104
  1873   09     6.421
  1873   10     8.268
  1873   11    10.428
  1873   12    13.320
  1874   01    14.860
  1874   02    15.565
  1874   03    15.849
  1874   04    15.469
  1874   05    14.409
  1874   06    12.174
  1874   07     9.858
  1874   08     6.778
  1874   09     5.675
  1874   10     7.893
  1874   11    10.401
  1874   12    13.136
  1875   01    14.561
  1875   02    15.252
  1875   03    15.578
  1875   04    15.414
  1875   05    14.255
  1875   06    12.274
  1875   07     9.704
  1875   08     6.316
  1875   09     5.486
  1875   10     7.705
  1875   11    10.428
  1875   12    13.249
  1876   01    14.769
  1876   02    15.776
  1876   03    16.351
  1876   04    16.076
  1876   05    14.771
  1876   06    12.574
  1876   07    10.359
  1876   08     7.498
  1876   09     6.376
  1876   10     8.473
  1876   11    11.048
  1876   12    13.952
  1877   01    15.117
  1877   02    15.911
  1877   03    16.462
  1877   04    16.363
  1877   05    15.064
  1877   06    12.862
  1877   07    10.435
  1877   08     7.633
  1877   09     6.437
  1877   10     7.955
  1877   11    10.602
  1877   12    13.576
  1878   01    15.182
  1878   02    15.923
  1878   03    16.118
  1878   04    15.611
  1878   05    14.230
  1878   06    12.495
  1878   07    10.264
  1878   08     7.014
  1878   09     6.066
  1878   10     8.735
  1878   11    10.747
  1878   12    13.161
  1879   01    14.618
  1879   02    15.475
  1879   03    15.879
  1879   04    15.477
  1879   05    13.900
  1879   06    12.090
  1879   07    10.197
  1879   08     7.607
  1879   09     6.563
  1879   10     8.152
  1879   11    10.442
  1879   12    13.133
  1880   01    14.676
  1880   02    15.501
  1880   03    16.051
  1880   04    15.816
  1880   05    14.841
  1880   06    12.205
  1880   07     9.722
  1880   08     7.589
  1880   09     6.485
  1880   10     8.262
  1880   11    10.595
  1880   12    13.334
  1881   01    14.982
  1881   02    16.127
  1881   03    16.441
  1881   04    16.298
  1881   05    14.874
  1881   06    12.279
  1881   07     9.778
  1881   08     7.510
  1881   09     6.716
  1881   10     8.561
  1881   11    10.582
  1881   12    13.411
  1882   01    15.119
  1882   02    16.146
  1882   03    16.485
  1882   04    16.072
  1882   05    14.637
  1882   06    12.439
  1882   07    10.897
  1882   08     7.909
  1882   09     7.258
  1882   10     9.058
  1882   11    11.011
  1882   12    13.521
  1883   01    14.935
  1883   02    15.835
  1883   03    16.052
  1883   04    15.859
  1883   05    14.644
  1883   06    12.865
  1883   07    10.146
  1883   08     7.855
  1883   09     6.856
  1883   10     8.423
  1883   11    11.146
  1883   12    13.972
  1884   01    15.336
  1884   02    16.122
  1884   03    16.737
  1884   04    16.553
  1884   05    15.009
  1884   06    12.519
  1884   07    10.322
  1884   08     8.485
  1884   09     7.651
  1884   10     9.568
  1884   11    11.496
  1884   12    13.939
  1885   01    16.015
  1885   02    16.969
  1885   03    17.325
  1885   04    16.837
  1885   05    15.477
  1885   06    12.840
  1885   07    10.769
  1885   08     7.729
  1885   09     6.930
  1885   10     8.459
  1885   11    10.801
  1885   12    13.931
  1886   01    15.670
  1886   02    16.335
  1886   03    16.556
  1886   04    16.350
  1886   05    15.134
  1886   06    12.883
  1886   07    10.759
  1886   08     8.070
  1886   09     6.807
  1886   10     8.899
  1886   11    11.202
  1886   12    14.058
  1887   01    15.340
  1887   02    16.429
  1887   03    16.968
  1887   04    16.239
  1887   05    14.723
  1887   06    12.657
  1887   07    10.173
  1887   08     8.040
  1887   09     7.031
  1887   10     8.852
  1887   11    10.990
  1887   12    13.705
  1888   01    15.114
  1888   02    16.223
  1888   03    16.378
  1888   04    15.793
  1888   05    14.510
  1888   06    12.308
  1888   07    10.009
  1888   08     7.511
  1888   09     6.427
  1888   10     8.164
  1888   11    10.907
  1888   12    13.776
  1889   01    15.228
  1889   02    16.058
  1889   03    16.438
  1889   04    15.638
  1889   05    14.169
  1889   06    12.295
  1889   07     9.970
  1889   08     7.434
  1889   09     6.341
  1889   10     8.609
  1889   11    10.882
  1889   12    13.595
  1890   01    15.269
  1890   02    16.219
  1890   03    16.586
  1890   04    16.141
  1890   05    14.371
  1890   06    12.459
  1890   07    10.609
  1890   08     8.382
  1890   09     7.290
  1890   10     9.111
  1890   11    11.005
  1890   12    13.848
  1891   01    15.031
  1891   02    15.975
  1891   03    16.522
  1891   04    15.819
  1891   05    14.582
  1891   06    12.370
  1891   07    10.301
  1891   08     7.534
  1891   09     6.664
  1891   10     8.477
  1891   11    10.906
  1891   12    13.091
  1892   01    14.688
  1892   02    15.722
  1892   03    16.058
  1892   04    15.682
  1892   05    14.166
  1892   06    12.400
  1892   07    10.170
  1892   08     7.817
  1892   09     6.849
  1892   10     8.845
  1892   11    11.058
  1892   12    13.605
  1893   01    14.924
  1893   02    15.352
  1893   03    15.833
  1893   04    15.479
  1893   05    14.252
  1893   06    12.551
  1893   07    10.755
  1893   08     7.793
  1893   09     6.724
  1893   10     9.255
  1893   11    11.115
  1893   12    13.669
  1894   01    15.050
  1894   02    16.009
  1894   03    16.472
  1894   04    16.117
  1894   05    14.696
  1894   06    12.707
  1894   07    10.728
  1894   08     7.587
  1894   09     6.337
  1894   10     8.819
  1894   11    10.807
  1894   12    13.608
  1895   01    15.288
  1895   02    16.199
  1895   03    16.330
  1895   04    15.931
  1895   05    14.454
  1895   06    12.340
  1895   07    10.773
  1895   08     7.949
  1895   09     7.222
  1895   10     9.139
  1895   11    10.762
  1895   12    13.246
  1896   01    14.774
  1896   02    15.751
  1896   03    16.300
  1896   04    15.722
  1896   05    14.598
  1896   06    12.309
  1896   07    10.029
  1896   08     7.293
  1896   09     6.294
  1896   10     8.560
  1896   11    11.055
  1896   12    13.447
  1897   01    14.868
  1897   02    15.716
  1897   03    15.885
  1897   04    15.451
  1897   05    14.344
  1897   06    12.309
  1897   07    10.572
  1897   08     7.146
  1897   09     6.050
  1897   10     8.310
  1897   11    11.026
  1897   12    13.600
  1898   01    14.720
  1898   02    15.521
  1898   03    15.773
  1898   04    15.326
  1898   05    14.242
  1898   06    12.061
  1898   07    10.128
  1898   08     8.020
  1898   09     7.182
  1898   10     9.155
  1898   11    10.767
  1898   12    13.405
  1899   01    14.651
  1899   02    15.603
  1899   03    15.924
  1899   04    15.385
  1899   05    14.165
  1899   06    12.046
  1899   07     9.408
  1899   08     6.992
  1899   09     5.932
  1899   10     7.478
  1899   11    10.539
  1899   12    13.224
  1900   01    14.562
  1900   02    15.383
  1900   03    15.820
  1900   04    15.348
  1900   05    14.578
  1900   06    12.579
  1900   07    10.017
  1900   08     6.981
  1900   09     6.406
  1900   10     7.816
  1900   11    10.795
  1900   12    13.173
  1901   01    14.502
  1901   02    15.320
  1901   03    15.526
  1901   04    15.006
  1901   05    13.862
  1901   06    12.444
  1901   07    10.411
  1901   08     7.344
  1901   09     6.355
  1901   10     7.726
  1901   11    10.779
  1901   12    13.424
  1902   01    14.863
  1902   02    15.630
  1902   03    15.688
  1902   04    15.472
  1902   05    14.163
  1902   06    12.139
  1902   07     9.776
  1902   08     6.892
  1902   09     6.237
  1902   10     7.960
  1902   11    10.352
  1902   12    12.774
  1903   01    14.382
  1903   02    15.153
  1903   03    15.617
  1903   04    15.247
  1903   05    14.046
  1903   06    12.266
  1903   07    10.240
  1903   08     7.544
  1903   09     7.042
  1903   10     9.014
  1903   11    11.234
  1903   12    13.538
  1904   01    14.609
  1904   02    15.239
  1904   03    15.648
  1904   04    15.104
  1904   05    13.645
  1904   06    11.414
  1904   07     9.140
  1904   08     6.412
  1904   09     5.331
  1904   10     7.322
  1904   11     9.902
  1904   12    12.744
  1905   01    14.382
  1905   02    15.356
  1905   03    15.702
  1905   04    15.329
  1905   05    13.779
  1905   06    11.831
  1905   07     9.601
  1905   08     7.121
  1905   09     6.214
  1905   10     8.052
  1905   11    10.466
  1905   12    13.257
  1906   01    14.815
  1906   02    15.796
  1906   03    16.161
  1906   04    15.924
  1906   05    14.420
  1906   06    12.174
  1906   07     9.827
  1906   08     6.418
  1906   09     5.538
  1906   10     7.430
  1906   11    10.467
  1906   12    13.380
  1907   01    14.685
  1907   02    15.593
  1907   03    16.032
  1907   04    15.724
  1907   05    14.293
  1907   06    12.205
  1907   07     9.926
  1907   08     6.879
  1907   09     5.683
  1907   10     7.827
  1907   11    10.601
  1907   12    13.431
  1908   01    14.669
  1908   02    15.361
  1908   03    15.684
  1908   04    15.269
  1908   05    13.695
  1908   06    11.953
  1908   07     9.281
  1908   08     6.730
  1908   09     5.782
  1908   10     7.522
  1908   11    10.091
  1908   12    12.968
  1909   01    14.434
  1909   02    15.329
  1909   03    15.552
  1909   04    15.018
  1909   05    14.026
  1909   06    11.943
  1909   07     9.155
  1909   08     6.443
  1909   09     5.201
  1909   10     6.708
  1909   11    10.252
  1909   12    12.949
  1910   01    14.470
  1910   02    15.457
  1910   03    15.731
  1910   04    15.107
  1910   05    14.066
  1910   06    12.347
  1910   07    10.303
  1910   08     7.160
  1910   09     6.496
  1910   10     7.860
  1910   11    10.425
  1910   12    13.297
  1911   01    14.539
  1911   02    15.145
  1911   03    15.446
  1911   04    15.065
  1911   05    14.191
  1911   06    12.257
  1911   07     9.954
  1911   08     7.047
  1911   09     6.557
  1911   10     8.137
  1911   11    10.470
  1911   12    12.825
  1912   01    14.192
  1912   02    15.218
  1912   03    15.424
  1912   04    15.084
  1912   05    13.734
  1912   06    12.054
  1912   07     9.838
  1912   08     6.988
  1912   09     6.101
  1912   10     8.264
  1912   11    10.726
  1912   12    13.081
  1913   01    14.431
  1913   02    15.275
  1913   03    15.589
  1913   04    15.229
  1913   05    13.951
  1913   06    11.863
  1913   07    10.079
  1913   08     7.839
  1913   09     7.033
  1913   10     8.505
  1913   11    10.447
  1913   12    12.850
  1914   01    14.630
  1914   02    15.584
  1914   03    15.835
  1914   04    15.564
  1914   05    14.206
  1914   06    12.357
  1914   07    10.011
  1914   08     7.451
  1914   09     6.822
  1914   10     8.573
  1914   11    10.642
  1914   12    13.124
  1915   01    14.581
  1915   02    15.285
  1915   03    15.615
  1915   04    15.413
  1915   05    14.080
  1915   06    12.370
  1915   07     9.789
  1915   08     6.936
  1915   09     5.871
  1915   10     8.287
  1915   11    10.760
  1915   12    13.253
  1916   01    14.680
  1916   02    15.602
  1916   03    15.775
  1916   04    15.155
  1916   05    13.800
  1916   06    12.305
  1916   07     9.859
  1916   08     6.801
  1916   09     5.923
  1916   10     7.727
  1916   11    10.125
  1916   12    12.838
  1917   01    14.455
  1917   02    15.179
  1917   03    15.456
  1917   04    15.479
  1917   05    14.500
  1917   06    12.368
  1917   07    10.209
  1917   08     6.830
  1917   09     5.896
  1917   10     8.086
  1917   11    10.774
  1917   12    13.520
  1918   01    14.713
  1918   02    15.326
  1918   03    15.873
  1918   04    15.595
  1918   05    14.560
  1918   06    12.443
  1918   07    10.540
  1918   08     7.563
  1918   09     6.179
  1918   10     8.516
  1918   11    10.524
  1918   12    13.036
  1919   01    14.608
  1919   02    15.588
  1919   03    15.879
  1919   04    15.461
  1919   05    14.402
  1919   06    12.481
  1919   07    10.259
  1919   08     7.720
  1919   09     7.168
  1919   10     8.969
  1919   11    10.626
  1919   12    13.479
  1920   01    14.930
  1920   02    15.707
  1920   03    16.437
  1920   04    16.216
  1920   05    15.013
  1920   06    12.668
  1920   07    10.696
  1920   08     7.914
  1920   09     6.542
  1920   10     8.769
  1920   11    11.373
  1920   12    13.972
  1921   01    15.224
  1921   02    16.198
  1921   03    16.596
  1921   04    15.785
  1921   05    14.737
  1921   06    12.769
  1921   07    10.363
  1921   08     7.618
  1921   09     6.470
  1921   10     8.880
  1921   11    11.121
  1921   12    13.655
  1922   01    15.027
  1922   02    15.545
  1922   03    15.727
  1922   04    15.130
  1922   05    14.000
  1922   06    12.412
  1922   07     9.917
  1922   08     7.614
  1922   09     6.795
  1922   10     8.424
  1922   11    10.562
  1922   12    13.470
  1923   01    14.891
  1923   02    15.789
  1923   03    15.999
  1923   04    15.597
  1923   05    14.436
  1923   06    12.563
  1923   07     9.720
  1923   08     6.916
  1923   09     6.149
  1923   10     7.761
  1923   11    10.557
  1923   12    13.596
  1924   01    15.191
  1924   02    16.367
  1924   03    16.738
  1924   04    16.416
  1924   05    14.615
  1924   06    12.490
  1924   07    10.310
  1924   08     6.308
  1924   09     5.087
  1924   10     8.064
  1924   11    10.780
  1924   12    13.301
  1925   01    14.471
  1925   02    15.425
  1925   03    16.085
  1925   04    15.719
  1925   05    14.388
  1925   06    12.401
  1925   07    10.343
  1925   08     7.303
  1925   09     6.591
  1925   10     8.640
  1925   11    10.718
  1925   12    13.496
  1926   01    14.785
  1926   02    15.671
  1926   03    16.162
  1926   04    15.618
  1926   05    14.674
  1926   06    12.253
  1926   07    10.215
  1926   08     7.429
  1926   09     6.579
  1926   10     8.690
  1926   11    10.610
  1926   12    13.160
  1927   01    15.105
  1927   02    15.713
  1927   03    16.382
  1927   04    16.189
  1927   05    14.958
  1927   06    12.298
  1927   07    10.014
  1927   08     7.638
  1927   09     6.579
  1927   10     8.629
  1927   11    10.786
  1927   12    13.257
  1928   01    15.236
  1928   02    16.380
  1928   03    16.787
  1928   04    16.244
  1928   05    14.788
  1928   06    12.040
  1928   07    10.078
  1928   08     7.766
  1928   09     6.502
  1928   10     8.076
  1928   11    10.605
  1928   12    13.320
  1929   01    15.537
  1929   02    16.498
  1929   03    16.863
  1929   04    16.778
  1929   05    15.166
  1929   06    12.518
  1929   07    10.191
  1929   08     7.397
  1929   09     6.253
  1929   10     8.550
  1929   11    10.539
  1929   12    13.453
  1930   01    14.787
  1930   02    15.986
  1930   03    16.675
  1930   04    16.318
  1930   05    14.901
  1930   06    12.560
  1930   07    10.010
  1930   08     7.220
  1930   09     6.344
  1930   10     7.826
  1930   11    10.574
  1930   12    12.979
  1931   01    15.073
  1931   02    16.100
  1931   03    16.436
  1931   04    15.982
  1931   05    14.680
  1931   06    12.633
  1931   07    10.325
  1931   08     7.689
  1931   09     6.640
  1931   10     8.354
  1931   11    10.640
  1931   12    13.469
  1932   01    15.317
  1932   02    16.356
  1932   03    16.645
  1932   04    15.848
  1932   05    14.730
  1932   06    12.299
  1932   07     9.832
  1932   08     7.313
  1932   09     5.917
  1932   10     8.230
  1932   11    10.691
  1932   12    13.482
  1933   01    14.852
  1933   02    15.497
  1933   03    15.805
  1933   04    15.419
  1933   05    14.266
  1933   06    12.289
  1933   07     9.867
  1933   08     6.526
  1933   09     5.220
  1933   10     7.355
  1933   11    10.130
  1933   12    12.853
  1934   01    14.365
  1934   02    15.372
  1934   03    15.801
  1934   04    15.671
  1934   05    14.448
  1934   06    12.320
  1934   07    10.156
  1934   08     6.799
  1934   09     5.848
  1934   10     8.419
  1934   11    10.761
  1934   12    13.542
  1935   01    14.886
  1935   02    15.728
  1935   03    16.005
  1935   04    15.583
  1935   05    14.728
  1935   06    12.959
  1935   07    10.254
  1935   08     7.303
  1935   09     6.278
  1935   10     7.998
  1935   11    10.485
  1935   12    13.509
  1936   01    14.947
  1936   02    15.548
  1936   03    15.866
  1936   04    15.522
  1936   05    14.527
  1936   06    12.711
  1936   07    10.260
  1936   08     7.158
  1936   09     6.007
  1936   10     7.715
  1936   11    10.749
  1936   12    13.396
  1937   01    14.634
  1937   02    15.409
  1937   03    15.508
  1937   04    15.060
  1937   05    13.877
  1937   06    12.336
  1937   07    10.343
  1937   08     7.870
  1937   09     6.505
  1937   10     8.618
  1937   11    10.825
  1937   12    13.183
  1938   01    14.628
  1938   02    15.376
  1938   03    15.622
  1938   04    15.293
  1938   05    14.070
  1938   06    11.826
  1938   07     9.524
  1938   08     6.920
  1938   09     6.034
  1938   10     7.488
  1938   11    10.285
  1938   12    12.571
  1939   01    14.241
  1939   02    15.034
  1939   03    15.404
  1939   04    15.215
  1939   05    13.776
  1939   06    12.042
  1939   07     9.797
  1939   08     7.320
  1939   09     6.548
  1939   10     8.408
  1939   11    10.829
  1939   12    12.851
  1940   01    13.772
  1940   02    14.675
  1940   03    14.854
  1940   04    14.780
  1940   05    13.917
  1940   06    12.066
  1940   07     9.645
  1940   08     7.372
  1940   09     6.467
  1940   10     8.028
  1940   11    10.367
  1940   12    13.093
  1941   01    14.333
  1941   02    14.862
  1941   03    15.195
  1941   04    15.095
  1941   05    13.777
  1941   06    12.289
  1941   07    10.068
  1941   08     7.013
  1941   09     6.268
  1941   10     7.777
  1941   11    10.407
  1941   12    12.694
  1942   01    14.244
  1942   02    14.815
  1942   03    15.134
  1942   04    14.809
  1942   05    13.833
  1942   06    12.140
  1942   07     9.479
  1942   08     6.348
  1942   09     5.187
  1942   10     6.944
  1942   11    10.389
  1942   12    13.086
  1943   01    14.316
  1943   02    15.044
  1943   03    15.388
  1943   04    14.955
  1943   05    13.949
  1943   06    12.048
  1943   07     9.384
  1943   08     6.484
  1943   09     5.611
  1943   10     7.058
  1943   11    10.320
  1943   12    12.848
  1944   01    14.619
  1944   02    15.535
  1944   03    15.745
  1944   04    15.206
  1944   05    14.268
  1944   06    12.029
  1944   07     9.424
  1944   08     6.544
  1944   09     5.431
  1944   10     7.355
  1944   11    10.285
  1944   12    12.941
  1945   01    14.586
  1945   02    15.589
  1945   03    16.000
  1945   04    15.656
  1945   05    14.245
  1945   06    11.921
  1945   07     9.678
  1945   08     7.042
  1945   09     6.313
  1945   10     8.535
  1945   11    10.804
  1945   12    13.293
  1946   01    14.618
  1946   02    15.769
  1946   03    16.213
  1946   04    15.789
  1946   05    14.377
  1946   06    12.174
  1946   07     9.462
  1946   08     6.907
  1946   09     6.163
  1946   10     7.826
  1946   11    10.022
  1946   12    12.981
  1947   01    15.222
  1947   02    16.168
  1947   03    16.306
  1947   04    15.881
  1947   05    14.238
  1947   06    11.859
  1947   07     9.097
  1947   08     5.583
  1947   09     4.798
  1947   10     6.701
  1947   11     9.880
  1947   12    12.772
  1948   01    14.039
  1948   02    14.922
  1948   03    15.563
  1948   04    15.276
  1948   05    13.917
  1948   06    11.828
  1948   07     9.452
  1948   08     6.046
  1948   09     4.983
  1948   10     7.009
  1948   11     9.973
  1948   12    12.740
  1949   01    14.353
  1949   02    15.464
  1949   03    15.756
  1949   04    15.298
  1949   05    13.833
  1949   06    12.022
  1949   07     9.249
  1949   08     6.448
  1949   09     5.811
  1949   10     7.582
  1949   11    10.580
  1949   12    13.142
  1950   01    14.312
  1950   02    15.032
  1950   03    15.444
  1950   04    14.871
  1950   05    13.371
  1950   06    11.683
  1950   07     9.333
  1950   08     6.344
  1950   09     5.246
  1950   10     7.255
  1950   11     9.556
  1950   12    12.279
  1951   01    14.373
  1951   02    15.394
  1951   03    15.566
  1951   04    15.057
  1951   05    13.877
  1951   06    11.917
  1951   07     9.148
  1951   08     5.403
  1951   09     4.788
  1951   10     6.338
  1951   11     9.936
  1951   12    12.306
  1952   01    13.927
  1952   02    14.648
  1952   03    14.973
  1952   04    14.607
  1952   05    13.420
  1952   06    11.276
  1952   07     8.638
  1952   08     5.834
  1952   09     5.199
  1952   10     6.945
  1952   11     9.608
  1952   12    12.653
  1953   01    14.210
  1953   02    15.021
  1953   03    15.211
  1953   04    14.890
  1953   05    13.787
  1953   06    12.343
  1953   07     9.850
  1953   08     6.788
  1953   09     6.011
  1953   10     8.339
  1953   11    10.415
  1953   12    12.953
  1954   01    14.605
  1954   02    15.400
  1954   03    15.520
  1954   04    15.108
  1954   05    13.711
  1954   06    12.375
  1954   07    10.132
  1954   08     7.999
  1954   09     6.555
  1954   10     9.070
  1954   11    10.963
  1954   12    13.397
  1955   01    14.494
  1955   02    15.039
  1955   03    15.431
  1955   04    14.973
  1955   05    13.847
  1955   06    12.000
  1955   07     9.626
  1955   08     6.437
  1955   09     5.332
  1955   10     7.765
  1955   11    10.569
  1955   12    12.870
  1956   01    14.315
  1956   02    15.033
  1956   03    15.355
  1956   04    14.945
  1956   05    13.807
  1956   06    11.884
  1956   07     9.596
  1956   08     6.354
  1956   09     5.333
  1956   10     7.539
  1956   11     9.925
  1956   12    12.796
  1957   01    14.099
  1957   02    15.120
  1957   03    15.295
  1957   04    14.709
  1957   05    13.659
  1957   06    11.592
  1957   07     9.265
  1957   08     6.691
  1957   09     5.407
  1957   10     7.380
  1957   11    10.248
  1957   12    12.681
  1958   01    14.163
  1958   02    15.056
  1958   03    15.085
  1958   04    14.650
  1958   05    13.675
  1958   06    11.792
  1958   07     8.647
  1958   08     6.218
  1958   09     5.643
  1958   10     6.892
  1958   11    10.148
  1958   12    12.655
  1959   01    14.024
  1959   02    14.973
  1959   03    15.393
  1959   04    14.508
  1959   05    13.352
  1959   06    11.837
  1959   07     9.334
  1959   08     7.291
  1959   09     6.205
  1959   10     8.287
  1959   11    10.342
  1959   12    12.834
  1960   01    14.206
  1960   02    15.080
  1960   03    15.527
  1960   04    14.785
  1960   05    13.729
  1960   06    11.972
  1960   07     9.352
  1960   08     6.418
  1960   09     5.553
  1960   10     6.797
  1960   11     9.731
  1960   12    12.059
  1961   01    14.278
  1961   02    15.599
  1961   03    16.206
  1961   04    15.588
  1961   05    14.094
  1961   06    11.927
  1961   07     8.731
  1961   08     5.541
  1961   09     4.711
  1961   10     6.501
  1961   11     9.806
  1961   12    12.727
  1962   01    14.505
  1962   02    15.270
  1962   03    15.718
  1962   04    15.307
  1962   05    14.272
  1962   06    12.295
  1962   07     8.810
  1962   08     5.600
  1962   09     4.894
  1962   10     6.199
  1962   11    10.194
  1962   12    13.259
  1963   01    14.603
  1963   02    15.185
  1963   03    15.444
  1963   04    14.866
  1963   05    13.824
  1963   06    12.161
  1963   07     9.714
  1963   08     6.655
  1963   09     5.568
  1963   10     7.549
  1963   11    10.659
  1963   12    13.313
  1964   01    14.831
  1964   02    15.982
  1964   03    16.352
  1964   04    15.743
  1964   05    14.621
  1964   06    12.385
  1964   07     9.985
  1964   08     7.252
  1964   09     6.134
  1964   10     8.010
  1964   11    10.389
  1964   12    13.136
  1965   01    15.022
  1965   02    16.124
  1965   03    16.679
  1965   04    15.911
  1965   05    14.154
  1965   06    12.063
  1965   07     9.615
  1965   08     7.291
  1965   09     6.228
  1965   10     7.704
  1965   11    10.531
  1965   12    13.216
  1966   01    15.033
  1966   02    16.055
  1966   03    16.127
  1966   04    15.576
  1966   05    14.234
  1966   06    12.648
  1966   07    10.925
  1966   08     7.394
  1966   09     6.417
  1966   10     8.671
  1966   11    10.762
  1966   12    13.352
  1967   01    15.028
  1967   02    16.051
  1967   03    16.475
  1967   04    16.123
  1967   05    14.697
  1967   06    12.431
  1967   07    10.139
  1967   08     7.104
  1967   09     5.776
  1967   10     7.871
  1967   11    10.486
  1967   12    13.678
  1968   01    15.272
  1968   02    16.149
  1968   03    16.500
  1968   04    16.152
  1968   05    14.692
  1968   06    12.644
  1968   07     9.887
  1968   08     6.516
  1968   09     5.638
  1968   10     7.750
  1968   11    10.439
  1968   12    13.357
  1969   01    14.966
  1969   02    16.205
  1969   03    16.486
  1969   04    15.942
  1969   05    14.360
  1969   06    12.600
  1969   07    10.178
  1969   08     7.381
  1969   09     6.259
  1969   10     8.545
  1969   11    10.630
  1969   12    13.337
  1970   01    15.058
  1970   02    15.980
  1970   03    16.137
  1970   04    15.475
  1970   05    13.655
  1970   06    12.074
  1970   07     9.456
  1970   08     6.477
  1970   09     5.464
  1970   10     6.845
  1970   11     9.682
  1970   12    12.474
  1971   01    14.297
  1971   02    15.293
  1971   03    15.513
  1971   04    15.152
  1971   05    13.790
  1971   06    12.265
  1971   07     9.983
  1971   08     6.627
  1971   09     5.670
  1971   10     7.412
  1971   11    10.034
  1971   12    12.958
  1972   01    14.658
  1972   02    15.738
  1972   03    15.813
  1972   04    15.148
  1972   05    13.736
  1972   06    11.789
  1972   07     9.527
  1972   08     6.354
  1972   09     5.466
  1972   10     7.161
  1972   11    10.412
  1972   12    13.026
  1973   01    14.539
  1973   02    15.172
  1973   03    15.584
  1973   04    14.999
  1973   05    13.881
  1973   06    12.193
  1973   07     9.652
  1973   08     5.876
  1973   09     4.880
  1973   10     6.831
  1973   11    10.037
  1973   12    12.831
  1974   01    14.397
  1974   02    15.265
  1974   03    15.437
  1974   04    14.704
  1974   05    13.586
  1974   06    11.892
  1974   07     9.512
  1974   08     6.392
  1974   09     4.939
  1974   10     7.041
  1974   11    10.010
  1974   12    12.416
  1975   01    14.475
  1975   02    15.216
  1975   03    15.463
  1975   04    14.957
  1975   05    13.568
  1975   06    11.603
  1975   07     8.995
  1975   08     5.999
  1975   09     4.550
  1975   10     6.305
  1975   11     9.537
  1975   12    12.609
  1976   01    14.584
  1976   02    15.398
  1976   03    15.769
  1976   04    15.184
  1976   05    13.482
  1976   06    11.815
  1976   07     9.061
  1976   08     5.501
  1976   09     4.551
  1976   10     6.512
  1976   11     9.608
  1976   12    12.277
  1977   01    14.338
  1977   02    15.417
  1977   03    15.912
  1977   04    15.225
  1977   05    13.755
  1977   06    11.816
  1977   07     8.014
  1977   08     4.129
  1977   09     3.684
  1977   10     4.895
  1977   11     8.972
  1977   12    12.222
  1978   01    14.110
  1978   02    15.169
  1978   03    15.622
  1978   04    15.047
  1978   05    13.852
  1978   06    11.872
  1978   07     9.185
  1978   08     5.804
  1978   09     4.850
  1978   10     6.992
  1978   11     9.992
  1978   12    12.930
  1979   01    14.257
  1979   02    15.058
  1979   03    15.495
  1979   04    15.100
  1979   05    13.784
  1979   06    12.226
  1979   07     9.826
  1979   08     6.467
  1979   09     4.083
  1979   10     7.081
  1979   11    10.089
  1979   12    13.274
  1980   01    14.491
  1980   02    15.337
  1980   03    15.497
  1980   04    15.068
  1980   05    13.696
  1980   06    12.266
  1980   07     9.255
  1980   08     5.431
  1980   09     4.356
  1980   10     6.226
  1980   11    10.220
  1980   12    13.078
  1981   01    14.594
  1981   02    15.397
  1981   03    15.621
  1981   04    14.712
  1981   05    13.840
  1981   06    11.998
  1981   07     9.579
  1981   08     5.803
  1981   09     4.839
  1981   10     6.951
  1981   11     9.861
  1981   12    12.838
  1982   01    14.411
  1982   02    15.466
  1982   03    15.719
  1982   04    15.370
  1982   05    14.216
  1982   06    11.860
  1982   07     8.977
  1982   08     5.852
  1982   09     4.579
  1982   10     6.499
  1982   11     9.862
  1982   12    12.658
  1983   01    14.373
  1983   02    15.191
  1983   03    15.637
  1983   04    15.012
  1983   05    13.566
  1983   06    11.477
  1983   07     9.284
  1983   08     6.320
  1983   09     5.055
  1983   10     7.455
  1983   11    10.001
  1983   12    12.579
  1984   01    14.229
  1984   02    15.227
  1984   03    15.511
  1984   04    15.039
  1984   05    13.444
  1984   06    11.678
  1984   07     8.413
  1984   08     4.633
  1984   09     3.824
  1984   10     5.071
  1984   11     9.341
  1984   12    11.988
  1985   01    13.958
  1985   02    15.003
  1985   03    15.380
  1985   04    15.282
  1985   05    14.177
  1985   06    11.893
  1985   07     8.829
  1985   08     5.341
  1985   09     3.968
  1985   10     6.703
  1985   11     9.919
  1985   12    12.876
  1986   01    14.168
  1986   02    15.179
  1986   03    15.664
  1986   04    15.382
  1986   05    14.202
  1986   06    11.862
  1986   07     9.445
  1986   08     5.643
  1986   09     4.662
  1986   10     6.373
  1986   11    10.021
  1986   12    12.414
  1987   01    14.314
  1987   02    15.200
  1987   03    15.414
  1987   04    14.762
  1987   05    13.628
  1987   06    12.016
  1987   07     9.046
  1987   08     4.491
  1987   09     3.403
  1987   10     5.434
  1987   11     9.359
  1987   12    12.445
  1988   01    13.947
  1988   02    14.955
  1988   03    15.256
  1988   04    14.594
  1988   05    13.558
  1988   06    11.948
  1988   07     8.887
  1988   08     4.665
  1988   09     3.593
  1988   10     5.662
  1988   11     9.243
  1988   12    12.602
  1989   01    14.085
  1989   02    14.615
  1989   03    14.827
  1989   04    14.237
  1989   05    13.104
  1989   06    11.489
  1989   07     8.679
  1989   08     5.722
  1989   09     4.588
  1989   10     5.954
  1989   11     9.400
  1989   12    12.546
  1990   01    14.026
  1990   02    14.838
  1990   03    15.018
  1990   04    14.529
  1990   05    13.679
  1990   06    11.866
  1990   07     8.640
  1990   08     4.755
  1990   09     3.846
  1990   10     4.959
  1990   11     9.173
  1990   12    11.948
  1991   01    13.793
  1991   02    14.915
  1991   03    15.180
  1991   04    14.695
  1991   05    13.637
  1991   06    11.969
  1991   07     9.052
  1991   08     4.461
  1991   09     3.213
  1991   10     5.853
  1991   11     9.022
  1991   12    11.894
  1992   01    13.472
  1992   02    14.413
  1992   03    14.933
  1992   04    14.733
  1992   05    13.216
  1992   06    11.553
  1992   07     8.084
  1992   08     3.789
  1992   09     2.860
  1992   10     4.946
  1992   11     9.109
  1992   12    11.906
  1993   01    13.907
  1993   02    14.844
  1993   03    15.201
  1993   04    14.694
  1993   05    13.372
  1993   06    11.356
  1993   07     8.782
  1993   08     4.996
  1993   09     3.190
  1993   10     6.099
  1993   11     9.805
  1993   12    12.304
  1994   01    13.958
  1994   02    14.775
  1994   03    15.092
  1994   04    14.294
  1994   05    12.997
  1994   06    11.744
  1994   07     8.766
  1994   08     4.750
  1994   09     3.551
  1994   10     5.860
  1994   11     9.537
  1994   12    11.710
  1995   01    13.678
  1995   02    14.276
  1995   03    14.531
  1995   04    14.095
  1995   05    13.458
  1995   06    11.877
  1995   07     8.678
  1995   08     4.766
  1995   09     3.909
  1995   10     5.382
  1995   11     9.619
  1995   12    11.900
  1996   01    13.775
  1996   02    14.502
  1996   03    14.616
  1996   04    13.877
  1996   05    12.538
  1996   06    10.760
  1996   07     8.212
  1996   08     4.806
  1996   09     3.434
  1996   10     5.243
  1996   11     8.943
  1996   12    11.767
  1997   01    13.389
  1997   02    14.173
  1997   03    14.254
  1997   04    13.894
  1997   05    12.905
  1997   06    11.445
  1997   07     8.357
  1997   08     4.997
  1997   09     3.836
  1997   10     5.152
  1997   11     9.352
  1997   12    12.067
  1998   01    13.890
  1998   02    14.566
  1998   03    14.621
  1998   04    14.239
  1998   05    13.044
  1998   06    11.167
  1998   07     8.890
  1998   08     5.610
  1998   09     3.517
  1998   10     6.280
  1998   11     9.438
  1998   12    12.325
  1999   01    13.679
  1999   02    14.349
  1999   03    14.667
  1999   04    14.399
  1999   05    13.453
  1999   06    11.584
  1999   07     9.009
  1999   08     5.821
  1999   09     3.815
  1999   10     6.516
  1999   11     9.521
  1999   12    11.497
  2000   01    13.449
  2000   02    14.522
  2000   03    14.756
  2000   04    13.995
  2000   05    12.890
  2000   06    11.628
  2000   07     8.901
  2000   08     4.788
  2000   09     3.991
  2000   10     5.758
  2000   11     9.451
  2000   12    11.645
  2001   01    13.764
  2001   02    14.508
  2001   03    14.886
  2001   04    14.530
  2001   05    13.220
  2001   06    11.194
  2001   07     8.343
  2001   08     3.402
  2001   09     2.239
  2001   10     4.477
  2001   11     8.616
  2001   12    11.443
  2002   01    13.794
  2002   02    14.883
  2002   03    15.177
  2002   04    14.274
  2002   05    13.122
  2002   06    11.486
  2002   07     8.976
  2002   08     4.521
  2002   09     3.095
  2002   10     5.750
  2002   11     9.228
  2002   12    11.992
  2003   01    13.504
  2003   02    14.279
  2003   03    14.872
  2003   04    14.505
  2003   05    13.245
  2003   06    11.744
  2003   07     8.783
  2003   08     4.381
  2003   09     2.638
  2003   10     5.319
  2003   11     9.022
  2003   12    11.971
  2004   01    13.485
  2004   02    14.613
  2004   03    14.896
  2004   04    14.620
  2004   05    13.239
  2004   06    12.073
  2004   07     8.945
  2004   08     4.129
  2004   09     2.899
  2004   10     5.236
  2004   11     9.338
  2004   12    12.433
  2005   01    14.146
  2005   02    14.800
  2005   03    14.981
  2005   04    14.321
  2005   05    13.033
  2005   06    11.570
  2005   07     7.784
  2005   08     3.903
  2005   09     3.215
  2005   10     4.747
  2005   11     8.407
  2005   12    11.709
  2006   01    13.752
  2006   02    14.496
  2006   03    14.802
  2006   04    14.335
  2006   05    13.245
  2006   06    11.787
  2006   07     8.669
  2006   08     4.094
  2006   09     3.218
  2006   10     4.929
  2006   11     9.264
  2006   12    11.584
  2007   01    13.714
  2007   02    14.676
  2007   03    14.891
  2007   04    14.511
  2007   05    13.433
  2007   06    12.016
  2007   07     8.621
  2007   08     3.581
  2007   09     2.452
  2007   10     4.156
  2007   11     8.596
  2007   12    11.547
  2008   01    13.695
  2008   02    14.406
  2008   03    14.348
  2008   04    13.978
  2008   05    12.836
  2008   06    11.383
  2008   07     8.546
  2008   08     2.962
  2008   09     1.895
  2008   10     4.801
  2008   11     8.682
  2008   12    11.415
  2009   01    13.512
  2009   02    14.322
  2009   03    14.530
  2009   04    14.187
  2009   05    12.947
  2009   06    11.323
  2009   07     8.533
  2009   08     3.694
  2009   09     2.680
  2009   10     4.745
  2009   11     9.115
  2009   12    11.517
  2010   01    13.145
  2010   02    14.138
  2010   03    14.625
  2010   04    14.338
  2010   05    13.218
  2010   06    11.426
  2010   07     7.951
  2010   08     3.434
  2010   09     2.131
  2010   10     4.254
  2010   11     8.520
  2010   12    11.324
  2011   01    13.608
  2011   02    14.334
  2011   03    14.710
  2011   04    14.485
  2011   05    13.455
  2011   06    11.252
  2011   07     7.862
  2011   08     3.889
  2011   09     2.858
  2011   10     4.277
  2011   11     8.044
  2011   12    11.429
  2012   01    13.408
  2012   02    14.589
  2012   03    14.902
  2012   04    14.637
  2012   05    13.325
  2012   06    11.606
  2012   07     8.601
  2012   08     4.687
  2012   09     2.639
  2012   10     5.672
  2012   11     8.732
  2012   12    11.544
  2013   01    13.629
  2013   02    14.435
  2013   03    14.929
  2013   04    14.437
  2013   05    13.130
  2013   06    11.360
  2013   07     7.881
  2013   08     3.803
  2013   09     2.773
  2013   10     4.227
  2013   11     8.127
  2013   12    11.308
  2014   01    13.157
  2014   02    13.864
  2014   03    14.104
  2014   04    13.718
  2014   05    12.689
  2014   06    10.959
  2014   07     8.299
  2014   08     3.714
  2014   09     2.156
  2014   10     4.403
  2014   11     8.876
  2014   12    11.863
  2015   01    13.533
  2015   02    14.120
  2015   03    14.262
  2015   04    13.859
  2015   05    12.817
  2015   06    11.066
  2015   07     8.108
  2015   08     3.369
  2015   09     2.427
  2015   10     4.167
  2015   11     8.497
  2015   12    11.176
  2016   01    13.041
  2016   02    14.016
  2016   03    14.273
  2016   04    13.937
  2016   05    12.580
  2016   06    11.392
  2016   07     8.456
  2016   08     4.641
  2016   09     3.516
  2016   10     5.733
  2016   11     8.900
  2016   12    11.534
  2017   01    13.126
  2017   02    14.005
  2017   03    14.423
  2017   04    13.967
  2017   05    12.523
  2017   06    10.789
  2017   07     7.084
  2017   08     3.481
  2017   09     2.264
  2017   10     3.876
  2017   11     7.571
  2017   12    11.093
  2018   01    13.053
  2018   02    13.931
  2018   03    14.064
  2018   04    13.728
  2018   05    12.616
  2018   06    11.019
  2018   07     7.658
  2018   08     2.589
  2018   09     1.600
  2018   10     3.590
  2018   11     7.660
  2018   12    10.835
  2019   01    13.162
  2019   02    14.027
  2019   03    14.234
  2019   04    13.917
  2019   05    12.748
  2019   06    11.024
  2019   07     7.531
  2019   08     2.149
  2019   09     1.015
  2019   10     2.898
  2019   11     7.843
  2019   12    10.976
  2020   01    13.042
  2020   02    13.573
  2020   03    14.032
  2020   04    13.494
  2020   05    12.408
  2020   06    10.795
  2020   07     7.803
  2020   08     2.291
  2020   09     1.401
  2020   10     3.343
  2020   11     8.168
  2020   12    11.224
  2021   01    13.030
  2021   02    13.926
  2021   03    14.375
  2021   04    13.888
  2021   05    12.706
  2021   06    11.161
  2021   07     7.886
  2021   08     2.296
  2021   09     1.516
  2021   10     3.214
  2021   11     8.082
  2021   12    11.099
  2022   01    13.147
  2022   02    13.661
  2022   03    14.175
  2022   04    14.064
  2022   05    12.419
  2022   06    10.656
  2022   07     7.620
  2022   08     2.408
  2022   09     1.085
  2022   10     3.342
  2022   11     7.958
  2022   12    11.385
  2023   01    12.974
  2023   02    13.566
  2023   03    13.844
  2023   04    13.427
  2023   05    12.574
  2023   06    11.317
  2023   07     8.533
  2023   08     2.980
  2023   09     1.485
  2023   10     3.703
  2023   11     8.348
  2023   12    10.805
  2024   01    12.853
  2024   02    13.868
  2024   03    14.283
  2024   04    13.772
  2024   05    12.766
  2024   06    10.628
  2024   07     7.004
  2024   08     1.241
  2024   09     0.743
  2024   10     2.264
  2024   11     6.451
  2024   12    10.421
  2025   01    12.884
  2025   02    13.841
  2025   03    14.084
  2025   04    13.782
  2025   05    12.251
  2025   06    10.601
  2025   07     6.889
  2025   08     1.287
  2025   09     0.894
  2025   10     1.892
  2025   11     5.015
  2025   12     9.933
  2026   01    12.619
  2026   02    13.262
  2026   03    13.458
  2026   04    13.298
  2026   05    12.215
  2026   06    10.827
  2026   07     6.363
  2026   08     1.008
  2026   09     0.689
  2026   10     1.735
  2026   11     5.185
  2026   12     9.341
  2027   01    12.219
  2027   02    13.475
  2027   03    13.870
  2027   04    13.604
  2027   05    12.308
  2027   06    10.634
  2027   07     6.139
  2027   08     0.761
  2027   09     0.521
  2027   10     1.270
  2027   11     5.990
  2027   12    10.161
  2028   01    12.806
  2028   02    13.600
  2028   03    13.706
  2028   04    13.146
  2028   05    12.130
  2028   06    10.313
  2028   07     5.988
  2028   08     1.040
  2028   09     0.541
  2028   10     1.878
  2028   11     5.406
  2028   12     8.836
  2029   01    12.471
  2029   02    13.207
  2029   03    13.514
  2029   04    13.035
  2029   05    11.888
  2029   06    10.419
  2029   07     6.404
  2029   08     0.665
  2029   09     0.528
  2029   10     1.456
  2029   11     4.676
  2029   12     9.309
  2030   01    12.129
  2030   02    13.285
  2030   03    13.679
  2030   04    13.544
  2030   05    12.297
  2030   06    10.553
  2030   07     6.351
  2030   08     0.530
  2030   09     0.211
  2030   10     1.927
  2030   11     6.265
  2030   12     9.898
  2031   01    12.707
  2031   02    13.380
  2031   03    13.646
  2031   04    13.376
  2031   05    12.302
  2031   06    10.850
  2031   07     6.976
  2031   08     0.933
  2031   09     0.389
  2031   10     1.762
  2031   11     6.087
  2031   12    10.093
  2032   01    12.431
  2032   02    13.088
  2032   03    13.278
  2032   04    13.133
  2032   05    12.253
  2032   06    10.358
  2032   07     5.962
  2032   08     0.854
  2032   09     0.398
  2032   10     1.461
  2032   11     3.741
  2032   12     9.357
  2033   01    12.186
  2033   02    12.998
  2033   03    13.126
  2033   04    12.650
  2033   05    12.038
  2033   06    10.684
  2033   07     7.128
  2033   08     1.809
  2033   09     0.690
  2033   10     2.409
  2033   11     5.553
  2033   12    10.178
  2034   01    12.705
  2034   02    13.710
  2034   03    14.004
  2034   04    13.838
  2034   05    12.852
  2034   06    10.900
  2034   07     6.195
  2034   08     0.470
  2034   09     0.232
  2034   10     0.965
  2034   11     4.762
  2034   12    10.268
  2035   01    12.878
  2035   02    13.443
  2035   03    13.623
  2035   04    13.337
  2035   05    12.449
  2035   06    10.741
  2035   07     5.817
  2035   08     1.352
  2035   09     0.664
  2035   10     2.282
  2035   11     6.460
  2035   12    10.373
  2036   01    12.309
  2036   02    13.320
  2036   03    13.459
  2036   04    13.272
  2036   05    12.245
  2036   06    10.289
  2036   07     6.959
  2036   08     0.726
  2036   09     0.338
  2036   10     1.035
  2036   11     5.701
  2036   12     9.572
  2037   01    12.483
  2037   02    13.404
  2037   03    13.768
  2037   04    13.461
  2037   05    12.214
  2037   06    10.131
  2037   07     6.289
  2037   08     0.551
  2037   09     0.257
  2037   10     1.093
  2037   11     4.432
  2037   12    10.229
  2038   01    12.497
  2038   02    13.209
  2038   03    13.436
  2038   04    13.233
  2038   05    12.038
  2038   06     9.796
  2038   07     5.592
  2038   08     0.434
  2038   09     0.225
  2038   10     0.754
  2038   11     3.036
  2038   12     8.484
  2039   01    11.644
  2039   02    12.830
  2039   03    13.328
  2039   04    13.031
  2039   05    11.921
  2039   06    10.025
  2039   07     6.198
  2039   08     0.531
  2039   09     0.310
  2039   10     0.932
  2039   11     4.066
  2039   12     9.331
  2040   01    12.227
  2040   02    13.287
  2040   03    13.544
  2040   04    13.149
  2040   05    12.015
  2040   06    10.442
  2040   07     6.055
  2040   08     0.298
  2040   09     0.200
  2040   10     0.655
  2040   11     4.179
  2040   12     9.416
  2041   01    12.262
  2041   02    13.195
  2041   03    13.626
  2041   04    13.109
  2041   05    12.136
  2041   06    10.512
  2041   07     5.637
  2041   08     0.439
  2041   09     0.272
  2041   10     0.739
  2041   11     3.021
  2041   12     8.765
  2042   01    12.171
  2042   02    13.156
  2042   03    13.551
  2042   04    13.100
  2042   05    11.828
  2042   06     9.946
  2042   07     5.020
  2042   08     0.383
  2042   09     0.214
  2042   10     0.713
  2042   11     3.435
  2042   12     8.782
  2043   01    12.242
  2043   02    13.018
  2043   03    13.332
  2043   04    13.096
  2043   05    12.123
  2043   06    10.399
  2043   07     7.563
  2043   08     0.408
  2043   09     0.190
  2043   10     1.116
  2043   11     5.488
  2043   12    10.209
  2044   01    12.464
  2044   02    13.133
  2044   03    13.300
  2044   04    13.005
  2044   05    11.945
  2044   06    10.685
  2044   07     6.855
  2044   08     1.896
  2044   09     0.499
  2044   10     2.320
  2044   11     5.919
  2044   12    10.203
  2045   01    11.961
  2045   02    12.594
  2045   03    13.020
  2045   04    12.822
  2045   05    11.899
  2045   06    10.423
  2045   07     6.888
  2045   08     1.599
  2045   09     0.553
  2045   10     1.885
  2045   11     5.468
  2045   12     9.820
  2046   01    12.254
  2046   02    13.023
  2046   03    13.476
  2046   04    13.318
  2046   05    12.262
  2046   06    10.849
  2046   07     6.150
  2046   08     0.518
  2046   09     0.306
  2046   10     1.513
  2046   11     4.517
  2046   12     9.754
  2047   01    12.521
  2047   02    13.303
  2047   03    13.417
  2047   04    13.241
  2047   05    12.124
  2047   06     9.925
  2047   07     4.872
  2047   08     0.327
  2047   09     0.205
  2047   10     0.453
  2047   11     2.383
  2047   12     8.811
  2048   01    12.359
  2048   02    13.301
  2048   03    13.731
  2048   04    13.451
  2048   05    12.573
  2048   06    10.751
  2048   07     5.594
  2048   08     0.190
  2048   09     0.089
  2048   10     0.453
  2048   11     2.830
  2048   12     7.953
  2049   01    11.783
  2049   02    13.394
  2049   03    13.732
  2049   04    13.299
  2049   05    12.272
  2049   06    10.796
  2049   07     7.063
  2049   08     1.115
  2049   09     0.300
  2049   10     2.145
  2049   11     5.781
  2049   12     9.481
  2050   01    12.307
  2050   02    13.297
  2050   03    13.716
  2050   04    13.174
  2050   05    12.040
  2050   06    10.468
  2050   07     6.500
  2050   08     0.854
  2050   09     0.304
  2050   10     1.967
  2050   11     6.300
  2050   12     9.878
  2051   01    12.453
  2051   02    13.389
  2051   03    13.802
  2051   04    13.303
  2051   05    12.086
  2051   06    10.737
  2051   07     6.304
  2051   08     0.625
  2051   09     0.283
  2051   10     1.439
  2051   11     5.026
  2051   12     9.686
  2052   01    12.466
  2052   02    13.091
  2052   03    13.255
  2052   04    13.091
  2052   05    12.135
  2052   06    10.510
  2052   07     4.979
  2052   08     0.245
  2052   09     0.137
  2052   10     0.478
  2052   11     4.242
  2052   12     9.180
  2053   01    12.145
  2053   02    13.026
  2053   03    13.382
  2053   04    13.154
  2053   05    12.162
  2053   06    10.493
  2053   07     5.404
  2053   08     0.139
  2053   09     0.081
  2053   10     0.348
  2053   11     2.989
  2053   12     8.418
  2054   01    11.937
  2054   02    13.005
  2054   03    13.540
  2054   04    13.276
  2054   05    12.013
  2054   06     9.756
  2054   07     5.547
  2054   08     0.146
  2054   09     0.042
  2054   10     0.349
  2054   11     3.083
  2054   12     8.241
  2055   01    12.170
  2055   02    13.117
  2055   03    13.394
  2055   04    13.187
  2055   05    11.961
  2055   06    10.354
  2055   07     6.259
  2055   08     0.796
  2055   09     0.398
  2055   10     1.490
  2055   11     5.912
  2055   12    10.083
  2056   01    12.367
  2056   02    13.005
  2056   03    13.361
  2056   04    12.990
  2056   05    12.070
  2056   06    10.535
  2056   07     7.026
  2056   08     0.986
  2056   09     0.626
  2056   10     1.861
  2056   11     5.354
  2056   12     9.551
  2057   01    12.154
  2057   02    13.030
  2057   03    13.331
  2057   04    13.077
  2057   05    11.921
  2057   06    10.397
  2057   07     5.547
  2057   08     0.598
  2057   09     0.418
  2057   10     1.105
  2057   11     3.908
  2057   12     8.792
  2058   01    12.166
  2058   02    13.141
  2058   03    13.664
  2058   04    13.284
  2058   05    12.057
  2058   06    10.154
  2058   07     6.009
  2058   08     0.512
  2058   09     0.275
  2058   10     2.059
  2058   11     5.985
  2058   12     9.952
  2059   01    12.557
  2059   02    13.477
  2059   03    13.878
  2059   04    13.712
  2059   05    12.600
  2059   06    10.996
  2059   07     8.222
  2059   08     4.075
  2059   09     2.575
  2059   10     4.633
  2059   11     7.800
  2059   12    10.479
  2060   01    12.872
  2060   02    13.558
  2060   03    14.040
  2060   04    13.655
  2060   05    12.180
  2060   06     9.942
  2060   07     6.694
  2060   08     0.705
  2060   09     0.229
  2060   10     1.335
  2060   11     5.859
  2060   12     9.490
  2061   01    12.368
  2061   02    13.151
  2061   03    13.254
  2061   04    12.912
  2061   05    11.968
  2061   06    10.228
  2061   07     6.574
  2061   08     0.981
  2061   09     0.415
  2061   10     1.832
  2061   11     5.699
  2061   12     9.678
  2062   01    12.130
  2062   02    12.825
  2062   03    13.140
  2062   04    12.889
  2062   05    11.941
  2062   06    10.427
  2062   07     5.775
  2062   08     0.458
  2062   09     0.228
  2062   10     1.196
  2062   11     4.414
  2062   12     9.410
  2063   01    12.292
  2063   02    13.225
  2063   03    13.816
  2063   04    13.598
  2063   05    12.485
  2063   06    10.383
  2063   07     5.569
  2063   08     0.189
  2063   09     0.117
  2063   10     0.980
  2063   11     3.810
  2063   12     9.080
  2064   01    12.611
  2064   02    13.368
  2064   03    13.653
  2064   04    13.554
  2064   05    12.446
  2064   06    10.821
  2064   07     6.086
  2064   08     0.410
  2064   09     0.243
  2064   10     1.213
  2064   11     4.620
  2064   12     9.703
  2065   01    12.504
  2065   02    13.224
  2065   03    13.240
  2065   04    12.953
  2065   05    11.833
  2065   06    10.231
  2065   07     5.561
  2065   08     0.499
  2065   09     0.313
  2065   10     0.890
  2065   11     3.685
  2065   12     9.033
  2066   01    12.377
  2066   02    13.230
  2066   03    13.462
  2066   04    13.312
  2066   05    12.078
  2066   06    10.170
  2066   07     5.784
  2066   08     0.418
  2066   09     0.281
  2066   10     1.177
  2066   11     4.873
  2066   12     9.298
  2067   01    11.892
  2067   02    12.884
  2067   03    13.223
  2067   04    12.755
  2067   05    11.802
  2067   06    10.304
  2067   07     5.438
  2067   08     0.363
  2067   09     0.138
  2067   10     0.776
  2067   11     3.329
  2067   12    10.009
  2068   01    12.206
  2068   02    13.225
  2068   03    13.586
  2068   04    13.372
  2068   05    12.290
  2068   06    11.115
  2068   07     5.169
  2068   08     0.257
  2068   09     0.149
  2068   10     0.346
  2068   11     3.491
  2068   12     8.882
  2069   01    12.807
  2069   02    13.520
  2069   03    13.814
  2069   04    13.519
  2069   05    12.337
  2069   06    10.787
  2069   07     6.886
  2069   08     0.251
  2069   09     0.179
  2069   10     0.587
  2069   11     3.242
  2069   12     9.093
  2070   01    11.740
  2070   02    13.128
  2070   03    13.590
  2070   04    13.475
  2070   05    12.183
  2070   06     9.987
  2070   07     6.337
  2070   08     0.242
  2070   09     0.091
  2070   10     0.586
  2070   11     5.293
  2070   12     9.612
  2071   01    12.481
  2071   02    13.495
  2071   03    13.575
  2071   04    12.899
  2071   05    11.788
  2071   06    10.180
  2071   07     5.563
  2071   08     0.343
  2071   09     0.168
  2071   10     0.670
  2071   11     3.536
  2071   12     8.848
  2072   01    12.471
  2072   02    13.372
  2072   03    13.473
  2072   04    13.308
  2072   05    12.302
  2072   06    10.867
  2072   07     6.807
  2072   08     0.670
  2072   09     0.264
  2072   10     1.307
  2072   11     5.157
  2072   12    10.111
  2073   01    12.830
  2073   02    13.616
  2073   03    13.861
  2073   04    13.450
  2073   05    12.368
  2073   06    10.548
  2073   07     6.174
  2073   08     0.763
  2073   09     0.334
  2073   10     1.466
  2073   11     5.283
  2073   12     9.494
  2074   01    12.253
  2074   02    13.270
  2074   03    13.690
  2074   04    13.510
  2074   05    12.676
  2074   06    10.881
  2074   07     7.576
  2074   08     1.682
  2074   09     0.576
  2074   10     2.313
  2074   11     5.916
  2074   12     9.962
  2075   01    12.817
  2075   02    13.761
  2075   03    14.034
  2075   04    13.666
  2075   05    12.546
  2075   06    10.849
  2075   07     5.959
  2075   08     0.764
  2075   09     0.557
  2075   10     1.669
  2075   11     5.167
  2075   12     9.645
  2076   01    12.622
  2076   02    13.833
  2076   03    13.942
  2076   04    13.775
  2076   05    12.805
  2076   06    11.425
  2076   07     8.084
  2076   08     0.711
  2076   09     0.220
  2076   10     2.117
  2076   11     7.450
  2076   12    10.596
  2077   01    13.104
  2077   02    13.867
  2077   03    14.171
  2077   04    13.993
  2077   05    12.685
  2077   06    11.018
  2077   07     5.711
  2077   08     0.941
  2077   09     0.359
  2077   10     1.479
  2077   11     4.383
  2077   12     9.656
  2078   01    12.919
  2078   02    13.786
  2078   03    14.155
  2078   04    13.791
  2078   05    12.603
  2078   06    10.959
  2078   07     6.365
  2078   08     0.595
  2078   09     0.331
  2078   10     1.333
  2078   11     4.153
  2078   12     9.592
  2079   01    12.669
  2079   02    13.577
  2079   03    13.929
  2079   04    13.533
  2079   05    12.334
  2079   06    10.460
  2079   07     5.516
  2079   08     0.205
  2079   09     0.127
  2079   10     0.544
  2079   11     3.214
  2079   12     9.244
  2080   01    12.347
  2080   02    13.298
  2080   03    13.694
  2080   04    13.175
  2080   05    12.351
  2080   06    11.302
  2080   07     6.495
  2080   08     0.568
  2080   09     0.301
  2080   10     1.287
  2080   11     4.559
  2080   12     9.790
  2081   01    12.007
  2081   02    13.031
  2081   03    13.355
  2081   04    12.871
  2081   05    11.681
  2081   06    10.151
  2081   07     6.342
  2081   08     0.779
  2081   09     0.324
  2081   10     1.106
  2081   11     4.125
  2081   12     8.968
  2082   01    12.051
  2082   02    13.058
  2082   03    13.486
  2082   04    12.967
  2082   05    12.323
  2082   06    10.981
  2082   07     6.889
  2082   08     0.948
  2082   09     0.575
  2082   10     1.657
  2082   11     5.840
  2082   12     9.825
  2083   01    12.560
  2083   02    13.299
  2083   03    13.412
  2083   04    12.629
  2083   05    11.935
  2083   06    10.503
  2083   07     5.743
  2083   08     0.664
  2083   09     0.465
  2083   10     1.072
  2083   11     5.056
  2083   12     8.966
  2084   01    11.624
  2084   02    13.092
  2084   03    13.403
  2084   04    13.009
  2084   05    11.956
  2084   06    10.510
  2084   07     5.044
  2084   08     0.664
  2084   09     0.398
  2084   10     1.024
  2084   11     3.594
  2084   12     8.822
  2085   01    12.012
  2085   02    12.984
  2085   03    13.316
  2085   04    13.231
  2085   05    12.131
  2085   06    10.242
  2085   07     6.094
  2085   08     0.362
  2085   09     0.209
  2085   10     0.533
  2085   11     3.862
  2085   12     8.988
  2086   01    11.936
  2086   02    12.862
  2086   03    13.161
  2086   04    12.964
  2086   05    12.112
  2086   06    10.213
  2086   07     7.026
  2086   08     0.578
  2086   09     0.329
  2086   10     1.082
  2086   11     5.385
  2086   12     9.493
  2087   01    12.024
  2087   02    12.991
  2087   03    13.117
  2087   04    12.952
  2087   05    12.000
  2087   06    10.115
  2087   07     5.680
  2087   08     0.488
  2087   09     0.348
  2087   10     1.209
  2087   11     4.584
  2087   12     9.583
  2088   01    12.447
  2088   02    13.339
  2088   03    13.709
  2088   04    13.520
  2088   05    12.340
  2088   06    10.868
  2088   07     7.925
  2088   08     1.232
  2088   09     0.378
  2088   10     2.469
  2088   11     7.396
  2088   12    10.560
  2089   01    12.644
  2089   02    13.521
  2089   03    13.560
  2089   04    13.060
  2089   05    12.230
  2089   06    10.823
  2089   07     7.457
  2089   08     1.601
  2089   09     0.856
  2089   10     2.647
  2089   11     6.614
  2089   12    10.066
  2090   01    12.700
  2090   02    13.523
  2090   03    13.779
  2090   04    13.515
  2090   05    12.690
  2090   06    10.881
  2090   07     7.296
  2090   08     3.038
  2090   09     1.734
  2090   10     3.325
  2090   11     7.127
  2090   12    10.687
  2091   01    12.795
  2091   02    13.409
  2091   03    13.680
  2091   04    13.419
  2091   05    12.217
  2091   06    10.542
  2091   07     6.396
  2091   08     0.647
  2091   09     0.526
  2091   10     1.095
  2091   11     4.518
  2091   12     9.241
  2092   01    12.277
  2092   02    13.326
  2092   03    13.441
  2092   04    13.111
  2092   05    12.330
  2092   06    11.061
  2092   07     6.876
  2092   08     0.486
  2092   09     0.349
  2092   10     1.380
  2092   11     6.640
  2092   12    10.675
  2093   01    12.975
  2093   02    13.609
  2093   03    13.801
  2093   04    13.622
  2093   05    12.406
  2093   06    10.716
  2093   07     7.481
  2093   08     0.866
  2093   09     0.330
  2093   10     1.973
  2093   11     6.579
  2093   12    10.514
  2094   01    12.457
  2094   02    13.279
  2094   03    13.771
  2094   04    13.487
  2094   05    12.259
  2094   06    10.753
  2094   07     6.882
  2094   08     0.713
  2094   09     0.391
  2094   10     0.994
  2094   11     5.000
  2094   12     9.012
  2095   01    12.364
  2095   02    13.382
  2095   03    13.659
  2095   04    12.900
  2095   05    11.957
  2095   06    10.248
  2095   07     5.894
  2095   08     0.462
  2095   09     0.293
  2095   10     0.726
  2095   11     5.286
  2095   12     9.294
  2096   01    12.123
  2096   02    12.783
  2096   03    12.903
  2096   04    12.249
  2096   05    11.346
  2096   06     9.728
  2096   07     5.101
  2096   08     0.539
  2096   09     0.371
  2096   10     1.095
  2096   11     4.098
  2096   12     8.777
  2097   01    11.846
  2097   02    12.833
  2097   03    13.025
  2097   04    12.784
  2097   05    11.502
  2097   06    10.229
  2097   07     6.243
  2097   08     0.764
  2097   09     0.412
  2097   10     1.583
  2097   11     5.245
  2097   12     9.682
  2098   01    12.202
  2098   02    13.078
  2098   03    13.594
  2098   04    13.261
  2098   05    12.163
  2098   06    10.641
  2098   07     6.719
  2098   08     0.626
  2098   09     0.264
  2098   10     1.188
  2098   11     5.911
  2098   12     9.390
  2099   01    12.315
  2099   02    12.996
  2099   03    13.255
  2099   04    12.923
  2099   05    11.969
  2099   06    10.368
  2099   07     6.012
  2099   08     1.354
  2099   09     0.471
  2099   10     2.074
  2099   11     5.790
  2099   12    10.156
  2100   01    12.337
  2100   02    13.289
  2100   03    13.656
  2100   04    13.419
  2100   05    12.105
  2100   06    10.667
  2100   07     6.187
  2100   08     0.712
  2100   09     0.489
  2100   10     1.315
  2100   11     4.285
  2100   12     9.791
