  1850   01    14.927
  1850   02    15.691
  1850   03    16.074
  1850   04    15.519
  1850   05    14.229
  1850   06    11.929
  1850   07     9.099
  1850   08     6.916
  1850   09     5.933
  1850   10     7.416
  1850   11    10.549
  1850   12    13.368
  1851   01    14.886
  1851   02    15.502
  1851   03    15.818
  1851   04    15.284
  1851   05    13.734
  1851   06    11.558
  1851   07     8.438
  1851   08     6.326
  1851   09     5.490
  1851   10     6.728
  1851   11     9.826
  1851   12    12.716
  1852   01    14.516
  1852   02    15.326
  1852   03    15.737
  1852   04    15.269
  1852   05    14.198
  1852   06    12.012
  1852   07     9.164
  1852   08     7.069
  1852   09     5.937
  1852   10     7.269
  1852   11    10.018
  1852   12    12.542
  1853   01    14.105
  1853   02    14.872
  1853   03    15.168
  1853   04    14.752
  1853   05    13.423
  1853   06    12.008
  1853   07     9.055
  1853   08     7.056
  1853   09     5.570
  1853   10     7.193
  1853   11    10.310
  1853   12    13.415
  1854   01    14.860
  1854   02    15.655
  1854   03    15.899
  1854   04    15.565
  1854   05    14.398
  1854   06    12.411
  1854   07    10.072
  1854   08     6.848
  1854   09     6.261
  1854   10     7.671
  1854   11    10.387
  1854   12    13.168
  1855   01    14.528
  1855   02    15.499
  1855   03    15.977
  1855   04    15.468
  1855   05    14.309
  1855   06    12.383
  1855   07     9.801
  1855   08     6.981
  1855   09     5.791
  1855   10     7.397
  1855   11    10.714
  1855   12    13.228
  1856   01    14.825
  1856   02    15.574
  1856   03    15.684
  1856   04    15.173
  1856   05    13.797
  1856   06    12.560
  1856   07    10.124
  1856   08     7.249
  1856   09     5.885
  1856   10     7.318
  1856   11    10.377
  1856   12    13.251
  1857   01    14.677
  1857   02    15.399
  1857   03    15.512
  1857   04    14.878
  1857   05    13.682
  1857   06    12.030
  1857   07     8.705
  1857   08     6.280
  1857   09     5.093
  1857   10     7.311
  1857   11    10.459
  1857   12    13.205
  1858   01    14.536
  1858   02    15.017
  1858   03    15.242
  1858   04    14.868
  1858   05    13.939
  1858   06    12.025
  1858   07     8.701
  1858   08     6.074
  1858   09     4.871
  1858   10     6.468
  1858   11    10.429
  1858   12    13.354
  1859   01    14.537
  1859   02    15.174
  1859   03    15.340
  1859   04    14.774
  1859   05    13.641
  1859   06    11.786
  1859   07     8.831
  1859   08     5.676
  1859   09     4.563
  1859   10     6.118
  1859   11    10.141
  1859   12    13.046
  1860   01    14.464
  1860   02    15.197
  1860   03    15.358
  1860   04    14.814
  1860   05    13.743
  1860   06    11.748
  1860   07     9.053
  1860   08     6.013
  1860   09     4.992
  1860   10     6.954
  1860   11     9.741
  1860   12    12.998
  1861   01    14.440
  1861   02    15.185
  1861   03    15.443
  1861   04    14.865
  1861   05    13.713
  1861   06    11.942
  1861   07     9.403
  1861   08     6.629
  1861   09     5.234
  1861   10     6.328
  1861   11     9.352
  1861   12    12.653
  1862   01    14.444
  1862   02    15.171
  1862   03    15.432
  1862   04    15.027
  1862   05    13.729
  1862   06    11.730
  1862   07     9.613
  1862   08     6.656
  1862   09     5.638
  1862   10     7.367
  1862   11    10.056
  1862   12    12.514
  1863   01    14.641
  1863   02    15.549
  1863   03    15.938
  1863   04    15.411
  1863   05    13.755
  1863   06    12.004
  1863   07     9.024
  1863   08     6.192
  1863   09     5.386
  1863   10     6.863
  1863   11    10.213
  1863   12    12.966
  1864   01    14.514
  1864   02    15.309
  1864   03    15.881
  1864   04    15.299
  1864   05    14.140
  1864   06    12.215
  1864   07     9.605
  1864   08     7.044
  1864   09     6.119
  1864   10     7.556
  1864   11    10.501
  1864   12    13.196
  1865   01    14.935
  1865   02    15.744
  1865   03    16.088
  1865   04    15.652
  1865   05    14.606
  1865   06    12.370
  1865   07     9.999
  1865   08     7.698
  1865   09     6.456
  1865   10     7.885
  1865   11    10.573
  1865   12    13.286
  1866   01    14.532
  1866   02    15.353
  1866   03    15.773
  1866   04    15.274
  1866   05    14.055
  1866   06    11.935
  1866   07     9.792
  1866   08     6.547
  1866   09     5.577
  1866   10     6.948
  1866   11    10.112
  1866   12    13.393
  1867   01    14.842
  1867   02    15.506
  1867   03    15.657
  1867   04    15.210
  1867   05    13.938
  1867   06    12.176
  1867   07     9.401
  1867   08     7.762
  1867   09     6.854
  1867   10     8.403
  1867   11    10.633
  1867   12    12.611
  1868   01    14.183
  1868   02    15.090
  1868   03    15.476
  1868   04    15.258
  1868   05    13.837
  1868   06    12.190
  1868   07     9.786
  1868   08     6.797
  1868   09     5.893
  1868   10     7.459
  1868   11    10.888
  1868   12    13.082
  1869   01    14.110
  1869   02    15.059
  1869   03    15.379
  1869   04    14.831
  1869   05    13.564
  1869   06    11.692
  1869   07     9.613
  1869   08     6.914
  1869   09     6.087
  1869   10     7.546
  1869   11    10.635
  1869   12    13.351
  1870   01    14.640
  1870   02    15.541
  1870   03    15.757
  1870   04    15.133
  1870   05    13.886
  1870   06    12.098
  1870   07     9.990
  1870   08     7.582
  1870   09     6.325
  1870   10     7.807
  1870   11    10.930
  1870   12    14.110
  1871   01    15.267
  1871   02    15.997
  1871   03    16.112
  1871   04    15.814
  1871   05    14.485
  1871   06    12.289
  1871   07     9.435
  1871   08     7.240
  1871   09     5.913
  1871   10     7.045
  1871   11    10.541
  1871   12    13.563
  1872   01    15.273
  1872   02    15.925
  1872   03    16.024
  1872   04    15.764
  1872   05    14.446
  1872   06    11.981
  1872   07     9.115
  1872   08     7.131
  1872   09     6.689
  1872   10     7.783
  1872   11    10.423
  1872   12    13.558
  1873   01    15.136
  1873   02    15.832
  1873   03    16.003
  1873   04    15.360
  1873   05    14.246
  1873   06    11.970
  1873   07     9.919
  1873   08     7.288
  1873   09     5.916
  1873   10     7.676
  1873   11    10.681
  1873   12    13.608
  1874   01    15.112
  1874   02    16.022
  1874   03    16.182
  1874   04    15.797
  1874   05    14.731
  1874   06    12.438
  1874   07     9.938
  1874   08     7.680
  1874   09     6.795
  1874   10     8.345
  1874   11    10.679
  1874   12    13.801
  1875   01    15.271
  1875   02    15.778
  1875   03    15.933
  1875   04    15.360
  1875   05    13.899
  1875   06    11.808
  1875   07     9.252
  1875   08     6.592
  1875   09     5.798
  1875   10     7.684
  1875   11    10.214
  1875   12    12.652
  1876   01    14.465
  1876   02    15.349
  1876   03    15.857
  1876   04    15.327
  1876   05    13.881
  1876   06    12.227
  1876   07     9.767
  1876   08     6.456
  1876   09     5.654
  1876   10     7.378
  1876   11    10.577
  1876   12    13.226
  1877   01    14.959
  1877   02    15.652
  1877   03    16.223
  1877   04    15.486
  1877   05    14.346
  1877   06    12.544
  1877   07     9.491
  1877   08     7.467
  1877   09     6.815
  1877   10     8.147
  1877   11    10.318
  1877   12    13.056
  1878   01    14.828
  1878   02    15.532
  1878   03    15.870
  1878   04    15.505
  1878   05    14.153
  1878   06    11.818
  1878   07     8.757
  1878   08     6.824
  1878   09     5.379
  1878   10     7.482
  1878   11    10.246
  1878   12    13.505
  1879   01    15.241
  1879   02    16.171
  1879   03    16.296
  1879   04    15.878
  1879   05    14.465
  1879   06    12.368
  1879   07     9.136
  1879   08     7.116
  1879   09     5.551
  1879   10     7.604
  1879   11    10.317
  1879   12    13.241
  1880   01    15.025
  1880   02    16.007
  1880   03    16.476
  1880   04    15.849
  1880   05    14.579
  1880   06    13.084
  1880   07    10.450
  1880   08     7.671
  1880   09     7.137
  1880   10     8.705
  1880   11    11.393
  1880   12    13.951
  1881   01    15.662
  1881   02    16.695
  1881   03    16.977
  1881   04    16.542
  1881   05    14.699
  1881   06    12.621
  1881   07     9.903
  1881   08     7.326
  1881   09     6.506
  1881   10     7.955
  1881   11    10.723
  1881   12    13.533
  1882   01    15.334
  1882   02    16.466
  1882   03    16.715
  1882   04    16.128
  1882   05    14.848
  1882   06    12.748
  1882   07     9.875
  1882   08     7.735
  1882   09     6.635
  1882   10     7.992
  1882   11    10.458
  1882   12    13.155
  1883   01    15.407
  1883   02    16.166
  1883   03    16.530
  1883   04    15.913
  1883   05    14.714
  1883   06    12.189
  1883   07     9.347
  1883   08     6.255
  1883   09     5.038
  1883   10     6.518
  1883   11     9.898
  1883   12    12.269
  1884   01    15.342
  1884   02    16.196
  1884   03    16.330
  1884   04    16.085
  1884   05    14.942
  1884   06    12.565
  1884   07     8.613
  1884   08     6.158
  1884   09     5.045
  1884   10     6.697
  1884   11    10.921
  1884   12    13.174
  1885   01    15.087
  1885   02    16.127
  1885   03    16.390
  1885   04    15.767
  1885   05    14.375
  1885   06    12.948
  1885   07     9.948
  1885   08     6.997
  1885   09     5.968
  1885   10     7.909
  1885   11    10.910
  1885   12    13.844
  1886   01    15.423
  1886   02    16.493
  1886   03    16.982
  1886   04    16.337
  1886   05    15.037
  1886   06    13.077
  1886   07    10.873
  1886   08     7.497
  1886   09     6.664
  1886   10     8.488
  1886   11    11.396
  1886   12    14.031
  1887   01    15.224
  1887   02    16.516
  1887   03    16.719
  1887   04    16.236
  1887   05    14.930
  1887   06    12.787
  1887   07    10.250
  1887   08     7.790
  1887   09     6.491
  1887   10     8.456
  1887   11    10.970
  1887   12    13.845
  1888   01    15.675
  1888   02    16.467
  1888   03    16.613
  1888   04    16.135
  1888   05    14.670
  1888   06    12.722
  1888   07    10.934
  1888   08     8.255
  1888   09     7.118
  1888   10     8.656
  1888   11    10.796
  1888   12    13.964
  1889   01    15.510
  1889   02    16.543
  1889   03    16.789
  1889   04    16.186
  1889   05    14.686
  1889   06    12.832
  1889   07    10.525
  1889   08     7.486
  1889   09     6.682
  1889   10     7.948
  1889   11    11.102
  1889   12    13.540
  1890   01    15.420
  1890   02    16.283
  1890   03    16.415
  1890   04    16.112
  1890   05    15.122
  1890   06    12.958
  1890   07    10.091
  1890   08     7.161
  1890   09     6.019
  1890   10     8.148
  1890   11    10.863
  1890   12    14.126
  1891   01    15.811
  1891   02    16.588
  1891   03    16.860
  1891   04    16.397
  1891   05    15.163
  1891   06    13.627
  1891   07    10.832
  1891   08     7.447
  1891   09     6.127
  1891   10     8.484
  1891   11    11.642
  1891   12    14.529
  1892   01    16.254
  1892   02    16.796
  1892   03    17.075
  1892   04    16.536
  1892   05    15.324
  1892   06    13.435
  1892   07    10.328
  1892   08     8.011
  1892   09     7.262
  1892   10     9.777
  1892   11    12.237
  1892   12    14.353
  1893   01    15.669
  1893   02    16.774
  1893   03    17.261
  1893   04    16.562
  1893   05    15.300
  1893   06    13.523
  1893   07    11.187
  1893   08     8.673
  1893   09     7.496
  1893   10     9.202
  1893   11    11.272
  1893   12    14.832
  1894   01    16.030
  1894   02    16.670
  1894   03    16.985
  1894   04    16.359
  1894   05    14.961
  1894   06    13.271
  1894   07    10.535
  1894   08     7.839
  1894   09     7.165
  1894   10     8.894
  1894   11    11.518
  1894   12    14.124
  1895   01    15.612
  1895   02    16.272
  1895   03    16.560
  1895   04    16.069
  1895   05    15.033
  1895   06    13.430
  1895   07    11.231
  1895   08     7.703
  1895   09     6.233
  1895   10     8.359
  1895   11    11.672
  1895   12    14.378
  1896   01    15.619
  1896   02    16.746
  1896   03    16.944
  1896   04    15.944
  1896   05    14.627
  1896   06    13.034
  1896   07    10.129
  1896   08     7.455
  1896   09     6.551
  1896   10     8.042
  1896   11    11.573
  1896   12    14.136
  1897   01    15.534
  1897   02    16.521
  1897   03    16.808
  1897   04    15.906
  1897   05    14.494
  1897   06    12.372
  1897   07    10.628
  1897   08     7.723
  1897   09     6.769
  1897   10     7.921
  1897   11    11.320
  1897   12    14.110
  1898   01    15.756
  1898   02    16.628
  1898   03    16.873
  1898   04    16.184
  1898   05    14.743
  1898   06    12.567
  1898   07    10.209
  1898   08     7.057
  1898   09     6.406
  1898   10     7.952
  1898   11    11.219
  1898   12    13.951
  1899   01    15.280
  1899   02    16.061
  1899   03    16.379
  1899   04    16.089
  1899   05    14.961
  1899   06    13.052
  1899   07    10.108
  1899   08     8.098
  1899   09     6.688
  1899   10     8.840
  1899   11    11.416
  1899   12    13.537
  1900   01    14.900
  1900   02    15.614
  1900   03    16.008
  1900   04    15.679
  1900   05    14.600
  1900   06    12.437
  1900   07     9.747
  1900   08     7.263
  1900   09     6.497
  1900   10     8.042
  1900   11    11.047
  1900   12    14.155
  1901   01    15.678
  1901   02    16.476
  1901   03    16.499
  1901   04    15.884
  1901   05    14.503
  1901   06    12.239
  1901   07     9.665
  1901   08     6.047
  1901   09     4.910
  1901   10     6.375
  1901   11    10.227
  1901   12    13.147
  1902   01    14.953
  1902   02    15.794
  1902   03    16.330
  1902   04    15.691
  1902   05    14.524
  1902   06    12.219
  1902   07     9.260
  1902   08     6.623
  1902   09     4.835
  1902   10     6.760
  1902   11    10.392
  1902   12    13.182
  1903   01    14.979
  1903   02    16.021
  1903   03    16.617
  1903   04    16.002
  1903   05    14.286
  1903   06    12.324
  1903   07     9.762
  1903   08     6.857
  1903   09     6.481
  1903   10     7.765
  1903   11    11.063
  1903   12    13.807
  1904   01    15.469
  1904   02    16.517
  1904   03    17.046
  1904   04    16.481
  1904   05    14.954
  1904   06    12.546
  1904   07    10.256
  1904   08     7.458
  1904   09     6.255
  1904   10     8.191
  1904   11    11.240
  1904   12    13.977
  1905   01    15.436
  1905   02    16.499
  1905   03    16.804
  1905   04    16.164
  1905   05    14.666
  1905   06    12.918
  1905   07    10.674
  1905   08     8.598
  1905   09     7.633
  1905   10     9.291
  1905   11    11.445
  1905   12    14.179
  1906   01    15.536
  1906   02    16.373
  1906   03    16.550
  1906   04    16.139
  1906   05    14.793
  1906   06    12.514
  1906   07    10.759
  1906   08     7.968
  1906   09     6.876
  1906   10     8.240
  1906   11    10.882
  1906   12    13.640
  1907   01    15.264
  1907   02    16.106
  1907   03    16.645
  1907   04    16.053
  1907   05    14.871
  1907   06    12.729
  1907   07     9.514
  1907   08     7.091
  1907   09     6.058
  1907   10     7.717
  1907   11    11.080
  1907   12    13.974
  1908   01    15.259
  1908   02    16.044
  1908   03    16.325
  1908   04    15.799
  1908   05    14.487
  1908   06    12.852
  1908   07     9.899
  1908   08     7.262
  1908   09     6.175
  1908   10     8.124
  1908   11    11.138
  1908   12    13.779
  1909   01    15.172
  1909   02    16.222
  1909   03    16.629
  1909   04    16.208
  1909   05    14.695
  1909   06    12.706
  1909   07     9.876
  1909   08     7.409
  1909   09     6.603
  1909   10     8.012
  1909   11    10.942
  1909   12    13.333
  1910   01    15.231
  1910   02    16.197
  1910   03    16.546
  1910   04    15.893
  1910   05    14.665
  1910   06    12.389
  1910   07     9.859
  1910   08     7.530
  1910   09     6.282
  1910   10     8.059
  1910   11    11.155
  1910   12    13.691
  1911   01    15.513
  1911   02    16.328
  1911   03    16.739
  1911   04    16.155
  1911   05    14.954
  1911   06    12.855
  1911   07     9.837
  1911   08     7.575
  1911   09     6.023
  1911   10     7.598
  1911   11    10.584
  1911   12    13.871
  1912   01    15.843
  1912   02    16.761
  1912   03    16.811
  1912   04    16.323
  1912   05    15.175
  1912   06    13.195
  1912   07     9.657
  1912   08     7.563
  1912   09     6.217
  1912   10     8.421
  1912   11    11.283
  1912   12    14.518
  1913   01    15.994
  1913   02    16.748
  1913   03    17.077
  1913   04    16.255
  1913   05    14.787
  1913   06    12.839
  1913   07    10.473
  1913   08     8.030
  1913   09     6.831
  1913   10     8.774
  1913   11    12.103
  1913   12    14.110
  1914   01    15.738
  1914   02    16.546
  1914   03    16.830
  1914   04    16.327
  1914   05    15.038
  1914   06    12.983
  1914   07    10.652
  1914   08     8.390
  1914   09     7.295
  1914   10     9.058
  1914   11    11.794
  1914   12    14.331
  1915   01    16.007
  1915   02    16.746
  1915   03    17.108
  1915   04    16.696
  1915   05    15.353
  1915   06    13.120
  1915   07    10.841
  1915   08     7.646
  1915   09     6.092
  1915   10     7.880
  1915   11    11.615
  1915   12    14.452
  1916   01    16.070
  1916   02    16.888
  1916   03    17.173
  1916   04    16.722
  1916   05    15.481
  1916   06    13.650
  1916   07    10.304
  1916   08     8.214
  1916   09     7.058
  1916   10     8.330
  1916   11    12.143
  1916   12    14.674
  1917   01    16.152
  1917   02    16.777
  1917   03    16.861
  1917   04    16.146
  1917   05    15.039
  1917   06    13.119
  1917   07    10.666
  1917   08     7.621
  1917   09     6.777
  1917   10     8.693
  1917   11    11.342
  1917   12    14.098
  1918   01    15.601
  1918   02    16.604
  1918   03    16.912
  1918   04    16.173
  1918   05    14.696
  1918   06    13.027
  1918   07    10.462
  1918   08     7.840
  1918   09     6.942
  1918   10     8.296
  1918   11    11.226
  1918   12    14.087
  1919   01    15.608
  1919   02    16.593
  1919   03    16.538
  1919   04    16.116
  1919   05    14.917
  1919   06    13.340
  1919   07    10.568
  1919   08     7.487
  1919   09     6.614
  1919   10     8.077
  1919   11    11.888
  1919   12    14.656
  1920   01    16.187
  1920   02    16.658
  1920   03    16.732
  1920   04    16.167
  1920   05    14.903
  1920   06    13.046
  1920   07    10.159
  1920   08     7.163
  1920   09     6.390
  1920   10     8.414
  1920   11    11.487
  1920   12    14.239
  1921   01    15.675
  1921   02    16.682
  1921   03    16.964
  1921   04    16.355
  1921   05    14.814
  1921   06    12.946
  1921   07    10.001
  1921   08     7.226
  1921   09     6.206
  1921   10     8.397
  1921   11    11.178
  1921   12    14.192
  1922   01    15.607
  1922   02    16.772
  1922   03    16.984
  1922   04    16.363
  1922   05    15.099
  1922   06    13.123
  1922   07    10.466
  1922   08     8.096
  1922   09     7.373
  1922   10     8.808
  1922   11    11.400
  1922   12    14.538
  1923   01    15.962
  1923   02    16.646
  1923   03    16.732
  1923   04    16.450
  1923   05    15.178
  1923   06    13.028
  1923   07    10.647
  1923   08     7.960
  1923   09     6.765
  1923   10     8.562
  1923   11    11.158
  1923   12    14.282
  1924   01    15.505
  1924   02    16.510
  1924   03    16.734
  1924   04    16.330
  1924   05    15.167
  1924   06    13.341
  1924   07    10.331
  1924   08     8.323
  1924   09     7.721
  1924   10     9.155
  1924   11    11.685
  1924   12    14.571
  1925   01    15.884
  1925   02    16.704
  1925   03    16.806
  1925   04    16.323
  1925   05    15.147
  1925   06    12.840
  1925   07    10.098
  1925   08     7.533
  1925   09     6.324
  1925   10     8.427
  1925   11    11.542
  1925   12    14.288
  1926   01    15.600
  1926   02    16.358
  1926   03    16.490
  1926   04    16.176
  1926   05    15.118
  1926   06    13.284
  1926   07    10.967
  1926   08     8.755
  1926   09     7.887
  1926   10     9.893
  1926   11    11.959
  1926   12    13.987
  1927   01    15.357
  1927   02    16.185
  1927   03    16.473
  1927   04    15.675
  1927   05    14.456
  1927   06    12.821
  1927   07    10.784
  1927   08     7.575
  1927   09     6.889
  1927   10     8.651
  1927   11    11.477
  1927   12    13.966
  1928   01    15.392
  1928   02    16.182
  1928   03    16.501
  1928   04    15.964
  1928   05    14.939
  1928   06    12.923
  1928   07    10.395
  1928   08     8.347
  1928   09     7.333
  1928   10     8.872
  1928   11    11.569
  1928   12    14.170
  1929   01    15.607
  1929   02    16.202
  1929   03    16.284
  1929   04    15.868
  1929   05    14.770
  1929   06    13.012
  1929   07     9.790
  1929   08     7.640
  1929   09     6.605
  1929   10     8.184
  1929   11    10.856
  1929   12    13.930
  1930   01    15.746
  1930   02    16.290
  1930   03    16.463
  1930   04    16.052
  1930   05    15.081
  1930   06    12.842
  1930   07    10.258
  1930   08     7.846
  1930   09     6.871
  1930   10     8.982
  1930   11    11.379
  1930   12    14.223
  1931   01    15.614
  1931   02    16.423
  1931   03    16.738
  1931   04    16.365
  1931   05    15.074
  1931   06    13.165
  1931   07    10.947
  1931   08     7.357
  1931   09     6.217
  1931   10     8.546
  1931   11    11.522
  1931   12    14.179
  1932   01    15.993
  1932   02    16.754
  1932   03    17.028
  1932   04    16.632
  1932   05    15.562
  1932   06    12.873
  1932   07     9.736
  1932   08     7.500
  1932   09     6.291
  1932   10     7.395
  1932   11    10.993
  1932   12    13.766
  1933   01    15.776
  1933   02    16.686
  1933   03    16.941
  1933   04    16.171
  1933   05    15.089
  1933   06    13.501
  1933   07    10.419
  1933   08     6.441
  1933   09     5.238
  1933   10     6.953
  1933   11    11.060
  1933   12    14.279
  1934   01    16.297
  1934   02    17.189
  1934   03    17.315
  1934   04    16.631
  1934   05    15.384
  1934   06    13.430
  1934   07    10.220
  1934   08     7.094
  1934   09     6.026
  1934   10     7.886
  1934   11    11.405
  1934   12    14.307
  1935   01    16.241
  1935   02    17.078
  1935   03    17.512
  1935   04    16.893
  1935   05    15.437
  1935   06    13.069
  1935   07    10.345
  1935   08     7.913
  1935   09     6.767
  1935   10     9.006
  1935   11    11.481
  1935   12    13.891
  1936   01    16.226
  1936   02    17.003
  1936   03    17.424
  1936   04    17.058
  1936   05    15.857
  1936   06    13.444
  1936   07    10.683
  1936   08     7.978
  1936   09     7.221
  1936   10     8.939
  1936   11    11.759
  1936   12    14.601
  1937   01    16.150
  1937   02    17.000
  1937   03    17.537
  1937   04    17.019
  1937   05    15.769
  1937   06    13.095
  1937   07    10.519
  1937   08     7.392
  1937   09     6.541
  1937   10     8.189
  1937   11    11.290
  1937   12    14.488
  1938   01    16.432
  1938   02    17.411
  1938   03    17.600
  1938   04    17.173
  1938   05    15.504
  1938   06    13.056
  1938   07     9.969
  1938   08     6.913
  1938   09     5.523
  1938   10     7.393
  1938   11    11.221
  1938   12    14.087
  1939   01    15.856
  1939   02    16.796
  1939   03    16.920
  1939   04    16.455
  1939   05    15.092
  1939   06    12.892
  1939   07    10.379
  1939   08     7.338
  1939   09     6.289
  1939   10     7.901
  1939   11    11.128
  1939   12    13.767
  1940   01    15.667
  1940   02    16.571
  1940   03    17.101
  1940   04    16.690
  1940   05    15.147
  1940   06    13.086
  1940   07    10.540
  1940   08     7.076
  1940   09     5.956
  1940   10     7.439
  1940   11    11.423
  1940   12    14.224
  1941   01    15.776
  1941   02    16.854
  1941   03    17.486
  1941   04    16.882
  1941   05    14.943
  1941   06    12.647
  1941   07     9.437
  1941   08     6.803
  1941   09     5.563
  1941   10     7.412
  1941   11    10.685
  1941   12    14.099
  1942   01    15.710
  1942   02    16.730
  1942   03    17.276
  1942   04    16.590
  1942   05    15.255
  1942   06    13.413
  1942   07    10.439
  1942   08     7.546
  1942   09     6.648
  1942   10     8.089
  1942   11    11.055
  1942   12    14.583
  1943   01    15.822
  1943   02    17.000
  1943   03    17.142
  1943   04    16.595
  1943   05    15.335
  1943   06    13.593
  1943   07    11.060
  1943   08     8.023
  1943   09     6.257
  1943   10     8.783
  1943   11    12.189
  1943   12    14.893
  1944   01    16.460
  1944   02    17.519
  1944   03    17.907
  1944   04    17.091
  1944   05    15.553
  1944   06    13.663
  1944   07    11.127
  1944   08     8.300
  1944   09     6.969
  1944   10     9.067
  1944   11    11.678
  1944   12    14.766
  1945   01    16.421
  1945   02    16.997
  1945   03    17.562
  1945   04    16.931
  1945   05    15.745
  1945   06    13.559
  1945   07    10.734
  1945   08     8.235
  1945   09     7.419
  1945   10     8.469
  1945   11    11.362
  1945   12    14.199
  1946   01    15.767
  1946   02    16.729
  1946   03    16.932
  1946   04    16.479
  1946   05    15.051
  1946   06    13.067
  1946   07    10.748
  1946   08     7.671
  1946   09     6.615
  1946   10     8.309
  1946   11    11.389
  1946   12    14.152
  1947   01    15.463
  1947   02    16.153
  1947   03    16.579
  1947   04    16.111
  1947   05    14.692
  1947   06    12.767
  1947   07    10.072
  1947   08     7.692
  1947   09     6.640
  1947   10     8.209
  1947   11    11.210
  1947   12    14.170
  1948   01    15.796
  1948   02    16.595
  1948   03    17.029
  1948   04    16.559
  1948   05    14.981
  1948   06    12.789
  1948   07    10.723
  1948   08     7.950
  1948   09     6.832
  1948   10     8.923
  1948   11    11.244
  1948   12    14.413
  1949   01    15.765
  1949   02    16.870
  1949   03    16.961
  1949   04    16.213
  1949   05    14.600
  1949   06    12.550
  1949   07    10.648
  1949   08     7.406
  1949   09     6.445
  1949   10     7.643
  1949   11    10.995
  1949   12    13.672
  1950   01    15.298
  1950   02    16.342
  1950   03    16.640
  1950   04    15.990
  1950   05    14.408
  1950   06    12.887
  1950   07     9.939
  1950   08     7.337
  1950   09     6.119
  1950   10     8.185
  1950   11    11.174
  1950   12    13.697
  1951   01    15.630
  1951   02    16.558
  1951   03    16.956
  1951   04    16.512
  1951   05    15.137
  1951   06    12.746
  1951   07    10.110
  1951   08     7.164
  1951   09     6.271
  1951   10     7.617
  1951   11    10.706
  1951   12    14.032
  1952   01    15.734
  1952   02    16.985
  1952   03    17.305
  1952   04    16.662
  1952   05    15.191
  1952   06    12.769
  1952   07    10.107
  1952   08     7.421
  1952   09     6.790
  1952   10     8.509
  1952   11    11.244
  1952   12    13.699
  1953   01    15.395
  1953   02    16.515
  1953   03    16.797
  1953   04    16.291
  1953   05    14.644
  1953   06    12.691
  1953   07    10.184
  1953   08     7.241
  1953   09     6.201
  1953   10     7.998
  1953   11    11.009
  1953   12    13.535
  1954   01    14.754
  1954   02    15.848
  1954   03    16.189
  1954   04    15.660
  1954   05    14.122
  1954   06    12.712
  1954   07     9.919
  1954   08     7.423
  1954   09     6.426
  1954   10     8.240
  1954   11    11.417
  1954   12    13.694
  1955   01    15.269
  1955   02    16.156
  1955   03    16.424
  1955   04    16.101
  1955   05    14.921
  1955   06    12.837
  1955   07    10.347
  1955   08     7.936
  1955   09     6.139
  1955   10     8.035
  1955   11    10.784
  1955   12    13.674
  1956   01    15.524
  1956   02    16.829
  1956   03    16.963
  1956   04    16.171
  1956   05    14.806
  1956   06    12.948
  1956   07    10.191
  1956   08     7.807
  1956   09     6.750
  1956   10     8.485
  1956   11    11.324
  1956   12    14.372
  1957   01    15.686
  1957   02    16.452
  1957   03    16.748
  1957   04    16.106
  1957   05    14.715
  1957   06    12.775
  1957   07     9.688
  1957   08     7.252
  1957   09     6.112
  1957   10     8.034
  1957   11    10.872
  1957   12    14.200
  1958   01    15.618
  1958   02    16.512
  1958   03    16.556
  1958   04    16.034
  1958   05    14.608
  1958   06    12.691
  1958   07     9.652
  1958   08     7.640
  1958   09     6.538
  1958   10     7.867
  1958   11    10.863
  1958   12    13.814
  1959   01    15.587
  1959   02    16.266
  1959   03    16.519
  1959   04    16.037
  1959   05    14.752
  1959   06    12.521
  1959   07     9.809
  1959   08     7.120
  1959   09     6.094
  1959   10     7.809
  1959   11    11.074
  1959   12    13.988
  1960   01    15.609
  1960   02    16.182
  1960   03    16.545
  1960   04    15.877
  1960   05    14.549
  1960   06    12.638
  1960   07     9.784
  1960   08     6.730
  1960   09     5.872
  1960   10     7.772
  1960   11    11.189
  1960   12    13.717
  1961   01    15.461
  1961   02    16.167
  1961   03    16.103
  1961   04    15.602
  1961   05    14.421
  1961   06    12.711
  1961   07     9.413
  1961   08     7.436
  1961   09     6.116
  1961   10     7.592
  1961   11    10.911
  1961   12    13.661
  1962   01    15.241
  1962   02    16.142
  1962   03    16.330
  1962   04    15.828
  1962   05    14.670
  1962   06    12.641
  1962   07    10.360
  1962   08     7.678
  1962   09     6.715
  1962   10     8.191
  1962   11    10.575
  1962   12    13.783
  1963   01    15.235
  1963   02    16.049
  1963   03    16.270
  1963   04    15.584
  1963   05    14.636
  1963   06    12.765
  1963   07    10.151
  1963   08     7.014
  1963   09     5.576
  1963   10     7.285
  1963   11    10.654
  1963   12    14.012
  1964   01    15.424
  1964   02    16.143
  1964   03    16.283
  1964   04    15.622
  1964   05    14.388
  1964   06    12.367
  1964   07     9.622
  1964   08     7.130
  1964   09     6.349
  1964   10     8.019
  1964   11    10.706
  1964   12    13.781
  1965   01    15.280
  1965   02    15.925
  1965   03    16.191
  1965   04    15.660
  1965   05    14.446
  1965   06    12.737
  1965   07    10.119
  1965   08     7.596
  1965   09     6.598
  1965   10     8.094
  1965   11    10.676
  1965   12    14.098
  1966   01    15.146
  1966   02    16.038
  1966   03    16.579
  1966   04    15.938
  1966   05    14.784
  1966   06    12.798
  1966   07    10.483
  1966   08     7.525
  1966   09     6.635
  1966   10     8.052
  1966   11    10.756
  1966   12    13.697
  1967   01    15.281
  1967   02    16.016
  1967   03    16.349
  1967   04    15.741
  1967   05    14.519
  1967   06    12.603
  1967   07     9.626
  1967   08     7.142
  1967   09     5.992
  1967   10     7.987
  1967   11    10.911
  1967   12    13.337
  1968   01    14.895
  1968   02    15.610
  1968   03    15.857
  1968   04    15.392
  1968   05    14.295
  1968   06    12.432
  1968   07    10.137
  1968   08     7.321
  1968   09     6.527
  1968   10     8.297
  1968   11    11.301
  1968   12    13.658
  1969   01    15.055
  1969   02    16.077
  1969   03    16.396
  1969   04    15.517
  1969   05    14.553
  1969   06    12.278
  1969   07     9.458
  1969   08     7.124
  1969   09     6.147
  1969   10     7.924
  1969   11    10.832
  1969   12    13.143
  1970   01    15.168
  1970   02    15.690
  1970   03    16.033
  1970   04    15.607
  1970   05    14.461
  1970   06    12.461
  1970   07     9.593
  1970   08     7.559
  1970   09     6.344
  1970   10     7.972
  1970   11    10.734
  1970   12    13.995
  1971   01    15.613
  1971   02    16.322
  1971   03    16.579
  1971   04    15.949
  1971   05    14.485
  1971   06    11.819
  1971   07     9.132
  1971   08     6.601
  1971   09     5.806
  1971   10     7.427
  1971   11    10.699
  1971   12    13.750
  1972   01    15.243
  1972   02    16.246
  1972   03    16.640
  1972   04    15.905
  1972   05    14.466
  1972   06    12.722
  1972   07    10.169
  1972   08     7.163
  1972   09     6.248
  1972   10     7.355
  1972   11    10.793
  1972   12    13.817
  1973   01    15.350
  1973   02    15.957
  1973   03    16.233
  1973   04    15.617
  1973   05    14.504
  1973   06    12.227
  1973   07     9.330
  1973   08     7.423
  1973   09     6.534
  1973   10     7.751
  1973   11    10.274
  1973   12    13.657
  1974   01    15.232
  1974   02    16.061
  1974   03    16.273
  1974   04    15.411
  1974   05    14.227
  1974   06    12.258
  1974   07     8.983
  1974   08     6.206
  1974   09     5.248
  1974   10     6.461
  1974   11    10.539
  1974   12    13.344
  1975   01    15.250
  1975   02    15.759
  1975   03    16.251
  1975   04    16.120
  1975   05    14.629
  1975   06    12.413
  1975   07    10.050
  1975   08     7.495
  1975   09     6.377
  1975   10     8.080
  1975   11    10.673
  1975   12    13.531
  1976   01    15.274
  1976   02    16.418
  1976   03    16.724
  1976   04    15.800
  1976   05    14.238
  1976   06    12.484
  1976   07    10.407
  1976   08     7.863
  1976   09     6.965
  1976   10     8.388
  1976   11    10.629
  1976   12    13.574
  1977   01    15.343
  1977   02    16.379
  1977   03    16.492
  1977   04    15.918
  1977   05    14.249
  1977   06    12.495
  1977   07     9.989
  1977   08     6.944
  1977   09     5.988
  1977   10     7.500
  1977   11    10.526
  1977   12    13.678
  1978   01    15.193
  1978   02    15.868
  1978   03    16.091
  1978   04    15.551
  1978   05    14.145
  1978   06    12.494
  1978   07    10.097
  1978   08     7.779
  1978   09     6.828
  1978   10     7.671
  1978   11    10.499
  1978   12    12.911
  1979   01    14.687
  1979   02    15.668
  1979   03    16.184
  1979   04    15.589
  1979   05    14.097
  1979   06    12.183
  1979   07     9.282
  1979   08     5.731
  1979   09     4.369
  1979   10     6.123
  1979   11    10.100
  1979   12    13.140
  1980   01    14.897
  1980   02    15.832
  1980   03    16.133
  1980   04    15.561
  1980   05    14.204
  1980   06    12.327
  1980   07     9.851
  1980   08     7.089
  1980   09     6.155
  1980   10     7.712
  1980   11    10.923
  1980   12    13.465
  1981   01    14.943
  1981   02    15.793
  1981   03    16.231
  1981   04    15.618
  1981   05    14.077
  1981   06    12.092
  1981   07     9.322
  1981   08     6.836
  1981   09     5.814
  1981   10     7.257
  1981   11    10.585
  1981   12    13.162
  1982   01    14.594
  1982   02    15.407
  1982   03    15.714
  1982   04    15.400
  1982   05    13.908
  1982   06    11.948
  1982   07     9.359
  1982   08     6.553
  1982   09     4.939
  1982   10     6.600
  1982   11    10.318
  1982   12    13.302
  1983   01    15.078
  1983   02    15.890
  1983   03    16.008
  1983   04    15.462
  1983   05    14.363
  1983   06    12.367
  1983   07     9.444
  1983   08     7.333
  1983   09     5.821
  1983   10     7.594
  1983   11    10.614
  1983   12    13.434
  1984   01    14.720
  1984   02    15.529
  1984   03    15.786
  1984   04    15.207
  1984   05    13.965
  1984   06    12.065
  1984   07     9.350
  1984   08     7.009
  1984   09     5.993
  1984   10     7.644
  1984   11    10.233
  1984   12    12.977
  1985   01    14.739
  1985   02    15.564
  1985   03    15.745
  1985   04    15.177
  1985   05    13.910
  1985   06    12.129
  1985   07     9.628
  1985   08     7.035
  1985   09     5.933
  1985   10     7.338
  1985   11    10.257
  1985   12    12.516
  1986   01    14.817
  1986   02    15.458
  1986   03    15.675
  1986   04    14.998
  1986   05    13.954
  1986   06    11.709
  1986   07     9.353
  1986   08     6.310
  1986   09     5.340
  1986   10     6.597
  1986   11     9.650
  1986   12    12.381
  1987   01    14.514
  1987   02    15.334
  1987   03    15.278
  1987   04    14.611
  1987   05    13.391
  1987   06    12.009
  1987   07     8.856
  1987   08     6.312
  1987   09     5.062
  1987   10     6.555
  1987   11     9.866
  1987   12    12.761
  1988   01    14.549
  1988   02    15.232
  1988   03    15.517
  1988   04    14.814
  1988   05    13.438
  1988   06    11.544
  1988   07     8.484
  1988   08     5.354
  1988   09     4.080
  1988   10     5.810
  1988   11     9.665
  1988   12    12.484
  1989   01    13.838
  1989   02    14.879
  1989   03    15.173
  1989   04    14.487
  1989   05    13.328
  1989   06    11.824
  1989   07     8.584
  1989   08     6.002
  1989   09     4.589
  1989   10     6.363
  1989   11     9.954
  1989   12    12.181
  1990   01    14.180
  1990   02    14.994
  1990   03    15.137
  1990   04    14.544
  1990   05    13.384
  1990   06    11.774
  1990   07     8.955
  1990   08     6.353
  1990   09     4.937
  1990   10     6.633
  1990   11    10.070
  1990   12    12.796
  1991   01    14.160
  1991   02    15.018
  1991   03    15.386
  1991   04    14.898
  1991   05    13.734
  1991   06    12.026
  1991   07     8.766
  1991   08     6.091
  1991   09     5.154
  1991   10     6.023
  1991   11     9.863
  1991   12    12.724
  1992   01    14.128
  1992   02    14.987
  1992   03    15.206
  1992   04    14.881
  1992   05    13.571
  1992   06    11.812
  1992   07     8.875
  1992   08     5.914
  1992   09     5.071
  1992   10     6.792
  1992   11     9.879
  1992   12    12.806
  1993   01    13.966
  1993   02    14.864
  1993   03    15.143
  1993   04    14.704
  1993   05    13.370
  1993   06    11.735
  1993   07     8.789
  1993   08     6.456
  1993   09     5.709
  1993   10     7.076
  1993   11     9.683
  1993   12    12.688
  1994   01    14.173
  1994   02    15.025
  1994   03    15.364
  1994   04    14.719
  1994   05    13.714
  1994   06    11.609
  1994   07     8.769
  1994   08     6.992
  1994   09     6.133
  1994   10     7.120
  1994   11     9.851
  1994   12    12.811
  1995   01    14.510
  1995   02    15.298
  1995   03    15.503
  1995   04    14.860
  1995   05    13.958
  1995   06    11.890
  1995   07     8.825
  1995   08     6.079
  1995   09     4.723
  1995   10     6.740
  1995   11    10.293
  1995   12    12.919
  1996   01    14.208
  1996   02    15.294
  1996   03    15.643
  1996   04    15.232
  1996   05    14.009
  1996   06    11.993
  1996   07     9.432
  1996   08     6.870
  1996   09     5.342
  1996   10     6.717
  1996   11    10.054
  1996   12    13.052
  1997   01    14.461
  1997   02    15.343
  1997   03    15.720
  1997   04    15.030
  1997   05    13.953
  1997   06    11.955
  1997   07     9.354
  1997   08     7.051
  1997   09     5.771
  1997   10     7.591
  1997   11    10.086
  1997   12    12.692
  1998   01    14.785
  1998   02    15.418
  1998   03    15.559
  1998   04    14.944
  1998   05    14.024
  1998   06    12.169
  1998   07     9.333
  1998   08     6.916
  1998   09     5.686
  1998   10     7.196
  1998   11    10.477
  1998   12    13.094
  1999   01    14.398
  1999   02    15.442
  1999   03    15.639
  1999   04    14.948
  1999   05    13.519
  1999   06    11.975
  1999   07     9.470
  1999   08     6.174
  1999   09     4.475
  1999   10     6.147
  1999   11     9.599
  1999   12    13.137
  2000   01    14.272
  2000   02    15.153
  2000   03    15.312
  2000   04    14.874
  2000   05    13.477
  2000   06    12.037
  2000   07     8.986
  2000   08     6.252
  2000   09     5.283
  2000   10     7.418
  2000   11     9.895
  2000   12    12.464
  2001   01    14.178
  2001   02    14.904
  2001   03    15.183
  2001   04    14.819
  2001   05    13.601
  2001   06    11.388
  2001   07     8.969
  2001   08     6.742
  2001   09     5.510
  2001   10     7.121
  2001   11     9.778
  2001   12    12.278
  2002   01    14.520
  2002   02    15.084
  2002   03    15.115
  2002   04    14.823
  2002   05    13.797
  2002   06    11.771
  2002   07     8.400
  2002   08     5.481
  2002   09     3.951
  2002   10     5.317
  2002   11     9.094
  2002   12    12.521
  2003   01    14.539
  2003   02    15.181
  2003   03    15.312
  2003   04    14.685
  2003   05    13.373
  2003   06    11.248
  2003   07     8.227
  2003   08     4.523
  2003   09     2.671
  2003   10     4.506
  2003   11     8.633
  2003   12    11.867
  2004   01    14.186
  2004   02    14.973
  2004   03    15.023
  2004   04    14.596
  2004   05    13.344
  2004   06    10.961
  2004   07     8.079
  2004   08     5.164
  2004   09     3.976
  2004   10     5.334
  2004   11     9.205
  2004   12    12.273
  2005   01    14.438
  2005   02    15.022
  2005   03    14.980
  2005   04    14.679
  2005   05    13.642
  2005   06    11.556
  2005   07     8.636
  2005   08     5.620
  2005   09     4.103
  2005   10     5.889
  2005   11     9.848
  2005   12    12.441
  2006   01    14.369
  2006   02    15.098
  2006   03    15.200
  2006   04    14.735
  2006   05    13.361
  2006   06    11.835
  2006   07     8.714
  2006   08     6.524
  2006   09     4.944
  2006   10     6.184
  2006   11     9.679
  2006   12    12.846
  2007   01    14.215
  2007   02    15.153
  2007   03    15.500
  2007   04    14.977
  2007   05    13.138
  2007   06    11.598
  2007   07     8.212
  2007   08     5.436
  2007   09     4.046
  2007   10     5.892
  2007   11     9.193
  2007   12    11.619
  2008   01    14.301
  2008   02    14.726
  2008   03    15.105
  2008   04    14.726
  2008   05    13.579
  2008   06    11.367
  2008   07     8.482
  2008   08     5.571
  2008   09     4.464
  2008   10     5.933
  2008   11     8.987
  2008   12    11.721
  2009   01    13.956
  2009   02    14.534
  2009   03    14.874
  2009   04    14.496
  2009   05    13.213
  2009   06    11.793
  2009   07     9.002
  2009   08     5.895
  2009   09     4.274
  2009   10     5.984
  2009   11     9.652
  2009   12    12.369
  2010   01    14.005
  2010   02    14.669
  2010   03    14.967
  2010   04    14.449
  2010   05    13.416
  2010   06    11.472
  2010   07     7.931
  2010   08     5.263
  2010   09     3.744
  2010   10     5.156
  2010   11     9.170
  2010   12    11.961
  2011   01    14.036
  2011   02    14.665
  2011   03    14.959
  2011   04    14.470
  2011   05    13.255
  2011   06    11.431
  2011   07     8.716
  2011   08     6.267
  2011   09     5.090
  2011   10     6.275
  2011   11     8.930
  2011   12    11.816
  2012   01    13.985
  2012   02    14.693
  2012   03    14.712
  2012   04    14.265
  2012   05    13.066
  2012   06    10.894
  2012   07     7.260
  2012   08     4.784
  2012   09     3.733
  2012   10     4.554
  2012   11     8.182
  2012   12    11.592
  2013   01    14.172
  2013   02    14.966
  2013   03    15.263
  2013   04    14.738
  2013   05    13.533
  2013   06    11.446
  2013   07     7.795
  2013   08     5.755
  2013   09     4.878
  2013   10     5.887
  2013   11     8.986
  2013   12    11.805
  2014   01    14.039
  2014   02    14.885
  2014   03    15.027
  2014   04    14.468
  2014   05    13.208
  2014   06    11.162
  2014   07     7.790
  2014   08     5.542
  2014   09     4.160
  2014   10     5.556
  2014   11     9.445
  2014   12    12.114
  2015   01    14.242
  2015   02    14.840
  2015   03    15.036
  2015   04    14.624
  2015   05    13.589
  2015   06    11.822
  2015   07     8.570
  2015   08     6.419
  2015   09     5.372
  2015   10     6.184
  2015   11     9.371
  2015   12    12.076
  2016   01    14.232
  2016   02    14.732
  2016   03    14.973
  2016   04    14.571
  2016   05    13.620
  2016   06    11.607
  2016   07     8.538
  2016   08     5.840
  2016   09     4.387
  2016   10     6.321
  2016   11     9.551
  2016   12    12.282
  2017   01    14.196
  2017   02    14.970
  2017   03    14.959
  2017   04    14.375
  2017   05    13.187
  2017   06    11.561
  2017   07     8.479
  2017   08     5.599
  2017   09     4.415
  2017   10     5.766
  2017   11     9.347
  2017   12    12.239
  2018   01    13.752
  2018   02    14.832
  2018   03    14.956
  2018   04    14.219
  2018   05    12.992
  2018   06    11.470
  2018   07     8.591
  2018   08     5.702
  2018   09     3.686
  2018   10     5.672
  2018   11     9.230
  2018   12    12.503
  2019   01    13.875
  2019   02    14.824
  2019   03    14.881
  2019   04    14.459
  2019   05    13.327
  2019   06    11.702
  2019   07     8.539
  2019   08     6.062
  2019   09     4.829
  2019   10     5.971
  2019   11     9.582
  2019   12    11.902
  2020   01    13.890
  2020   02    14.806
  2020   03    14.989
  2020   04    14.597
  2020   05    13.405
  2020   06    11.703
  2020   07     8.321
  2020   08     5.462
  2020   09     4.080
  2020   10     5.787
  2020   11     9.545
  2020   12    12.523
  2021   01    14.303
  2021   02    14.904
  2021   03    14.991
  2021   04    14.505
  2021   05    13.396
  2021   06    11.590
  2021   07     8.242
  2021   08     5.913
  2021   09     4.239
  2021   10     5.706
  2021   11     8.915
  2021   12    12.046
  2022   01    13.770
  2022   02    14.694
  2022   03    15.104
  2022   04    14.547
  2022   05    13.439
  2022   06    11.098
  2022   07     7.856
  2022   08     4.771
  2022   09     2.888
  2022   10     4.320
  2022   11     8.271
  2022   12    11.693
  2023   01    14.070
  2023   02    14.813
  2023   03    14.857
  2023   04    14.545
  2023   05    13.387
  2023   06    10.858
  2023   07     7.831
  2023   08     5.315
  2023   09     4.034
  2023   10     5.157
  2023   11     8.267
  2023   12    11.710
  2024   01    13.757
  2024   02    14.502
  2024   03    14.673
  2024   04    14.431
  2024   05    13.259
  2024   06    11.286
  2024   07     8.271
  2024   08     5.802
  2024   09     4.029
  2024   10     5.741
  2024   11     9.136
  2024   12    11.890
  2025   01    14.176
  2025   02    14.931
  2025   03    15.032
  2025   04    14.605
  2025   05    13.514
  2025   06    11.818
  2025   07     8.302
  2025   08     5.335
  2025   09     4.224
  2025   10     5.763
  2025   11     9.595
  2025   12    12.383
  2026   01    14.487
  2026   02    15.089
  2026   03    15.357
  2026   04    14.743
  2026   05    13.519
  2026   06    11.735
  2026   07     8.352
  2026   08     5.519
  2026   09     3.613
  2026   10     5.009
  2026   11     9.408
  2026   12    11.924
  2027   01    13.588
  2027   02    14.556
  2027   03    14.971
  2027   04    14.375
  2027   05    13.093
  2027   06    11.590
  2027   07     7.875
  2027   08     5.383
  2027   09     3.905
  2027   10     4.986
  2027   11     8.555
  2027   12    11.581
  2028   01    14.248
  2028   02    15.064
  2028   03    15.229
  2028   04    14.869
  2028   05    13.636
  2028   06    11.580
  2028   07     8.518
  2028   08     5.358
  2028   09     4.233
  2028   10     5.797
  2028   11     9.694
  2028   12    12.255
  2029   01    13.822
  2029   02    14.718
  2029   03    14.961
  2029   04    14.481
  2029   05    13.041
  2029   06    11.489
  2029   07     8.019
  2029   08     4.159
  2029   09     1.140
  2029   10     4.198
  2029   11     8.752
  2029   12    11.965
  2030   01    14.078
  2030   02    14.956
  2030   03    15.164
  2030   04    14.427
  2030   05    12.737
  2030   06    11.123
  2030   07     7.012
  2030   08     4.831
  2030   09     3.387
  2030   10     4.790
  2030   11     7.846
  2030   12    11.297
  2031   01    13.773
  2031   02    14.903
  2031   03    15.276
  2031   04    14.797
  2031   05    13.088
  2031   06    11.172
  2031   07     8.184
  2031   08     4.887
  2031   09     2.712
  2031   10     4.123
  2031   11     7.837
  2031   12    11.619
  2032   01    14.390
  2032   02    14.955
  2032   03    15.103
  2032   04    14.611
  2032   05    13.440
  2032   06    11.501
  2032   07     8.347
  2032   08     5.298
  2032   09     4.005
  2032   10     5.114
  2032   11     8.297
  2032   12    12.008
  2033   01    13.911
  2033   02    14.729
  2033   03    15.180
  2033   04    14.706
  2033   05    13.475
  2033   06    11.654
  2033   07     7.802
  2033   08     4.815
  2033   09     2.943
  2033   10     4.656
  2033   11     9.051
  2033   12    12.509
  2034   01    14.615
  2034   02    15.104
  2034   03    15.165
  2034   04    14.847
  2034   05    13.725
  2034   06    11.766
  2034   07     8.888
  2034   08     5.657
  2034   09     4.242
  2034   10     6.006
  2034   11     9.600
  2034   12    12.135
  2035   01    14.544
  2035   02    15.302
  2035   03    15.664
  2035   04    15.216
  2035   05    13.914
  2035   06    12.090
  2035   07     8.715
  2035   08     6.033
  2035   09     4.938
  2035   10     6.272
  2035   11     9.695
  2035   12    12.704
  2036   01    14.059
  2036   02    15.020
  2036   03    15.285
  2036   04    14.750
  2036   05    13.261
  2036   06    11.433
  2036   07     7.892
  2036   08     4.401
  2036   09     2.850
  2036   10     4.145
  2036   11     8.222
  2036   12    11.303
  2037   01    13.980
  2037   02    14.951
  2037   03    15.183
  2037   04    14.736
  2037   05    13.489
  2037   06    11.471
  2037   07     7.849
  2037   08     4.127
  2037   09     2.129
  2037   10     4.005
  2037   11     8.656
  2037   12    11.737
  2038   01    14.140
  2038   02    15.203
  2038   03    15.552
  2038   04    15.111
  2038   05    14.227
  2038   06    12.251
  2038   07     8.852
  2038   08     5.812
  2038   09     4.007
  2038   10     5.969
  2038   11     9.946
  2038   12    12.694
  2039   01    14.554
  2039   02    15.443
  2039   03    15.597
  2039   04    15.338
  2039   05    14.335
  2039   06    12.547
  2039   07     9.383
  2039   08     6.654
  2039   09     4.750
  2039   10     6.565
  2039   11    10.338
  2039   12    12.707
  2040   01    14.776
  2040   02    15.749
  2040   03    16.091
  2040   04    15.755
  2040   05    14.516
  2040   06    12.585
  2040   07     9.406
  2040   08     6.836
  2040   09     5.186
  2040   10     7.307
  2040   11    10.145
  2040   12    12.958
  2041   01    15.017
  2041   02    16.146
  2041   03    16.336
  2041   04    15.915
  2041   05    14.659
  2041   06    12.755
  2041   07     9.759
  2041   08     6.811
  2041   09     5.548
  2041   10     6.552
  2041   11    10.146
  2041   12    13.011
  2042   01    14.812
  2042   02    15.734
  2042   03    16.083
  2042   04    15.573
  2042   05    14.559
  2042   06    12.501
  2042   07     9.732
  2042   08     6.632
  2042   09     4.802
  2042   10     6.842
  2042   11     9.709
  2042   12    12.462
  2043   01    14.820
  2043   02    15.437
  2043   03    15.564
  2043   04    15.161
  2043   05    14.078
  2043   06    11.927
  2043   07     8.905
  2043   08     6.112
  2043   09     5.321
  2043   10     6.082
  2043   11     9.469
  2043   12    12.133
  2044   01    14.139
  2044   02    15.328
  2044   03    15.704
  2044   04    15.202
  2044   05    14.150
  2044   06    11.780
  2044   07     9.386
  2044   08     6.435
  2044   09     4.809
  2044   10     6.727
  2044   11     9.866
  2044   12    12.379
  2045   01    14.456
  2045   02    15.124
  2045   03    15.695
  2045   04    15.406
  2045   05    14.133
  2045   06    12.247
  2045   07     8.583
  2045   08     5.672
  2045   09     4.199
  2045   10     6.396
  2045   11    10.196
  2045   12    13.005
  2046   01    14.640
  2046   02    15.652
  2046   03    16.066
  2046   04    15.513
  2046   05    14.110
  2046   06    12.045
  2046   07     8.852
  2046   08     5.681
  2046   09     4.431
  2046   10     5.850
  2046   11     9.464
  2046   12    12.181
  2047   01    14.485
  2047   02    15.643
  2047   03    15.546
  2047   04    15.154
  2047   05    14.112
  2047   06    12.121
  2047   07     9.266
  2047   08     6.088
  2047   09     4.244
  2047   10     5.932
  2047   11     9.788
  2047   12    12.346
  2048   01    14.525
  2048   02    15.159
  2048   03    15.323
  2048   04    14.842
  2048   05    13.310
  2048   06    11.679
  2048   07     8.374
  2048   08     5.080
  2048   09     3.771
  2048   10     4.742
  2048   11     8.561
  2048   12    11.552
  2049   01    13.634
  2049   02    14.816
  2049   03    15.383
  2049   04    14.874
  2049   05    13.482
  2049   06    10.918
  2049   07     6.985
  2049   08     3.448
  2049   09     1.801
  2049   10     3.032
  2049   11     7.923
  2049   12    11.348
  2050   01    13.739
  2050   02    14.814
  2050   03    14.913
  2050   04    14.747
  2050   05    13.437
  2050   06    10.882
  2050   07     7.946
  2050   08     4.800
  2050   09     3.269
  2050   10     4.596
  2050   11     8.660
  2050   12    11.492
  2051   01    13.925
  2051   02    15.241
  2051   03    15.770
  2051   04    15.213
  2051   05    13.650
  2051   06    11.574
  2051   07     7.640
  2051   08     4.366
  2051   09     2.952
  2051   10     4.644
  2051   11     8.886
  2051   12    11.876
  2052   01    14.498
  2052   02    15.311
  2052   03    15.642
  2052   04    15.250
  2052   05    13.648
  2052   06    11.559
  2052   07     7.484
  2052   08     4.398
  2052   09     2.674
  2052   10     4.171
  2052   11     8.747
  2052   12    11.596
  2053   01    14.098
  2053   02    15.284
  2053   03    15.411
  2053   04    14.944
  2053   05    14.048
  2053   06    11.740
  2053   07     7.909
  2053   08     4.068
  2053   09     2.893
  2053   10     4.022
  2053   11     8.554
  2053   12    12.571
  2054   01    14.384
  2054   02    15.674
  2054   03    15.756
  2054   04    15.274
  2054   05    13.950
  2054   06    12.194
  2054   07     8.205
  2054   08     4.354
  2054   09     2.447
  2054   10     3.596
  2054   11     8.622
  2054   12    11.754
  2055   01    14.384
  2055   02    15.452
  2055   03    15.840
  2055   04    15.224
  2055   05    14.014
  2055   06    11.440
  2055   07     7.722
  2055   08     4.510
  2055   09     2.456
  2055   10     3.600
  2055   11     8.754
  2055   12    11.982
  2056   01    14.336
  2056   02    15.716
  2056   03    15.727
  2056   04    15.407
  2056   05    14.223
  2056   06    11.872
  2056   07     8.434
  2056   08     5.045
  2056   09     3.603
  2056   10     5.052
  2056   11     9.015
  2056   12    11.592
  2057   01    13.949
  2057   02    14.902
  2057   03    15.117
  2057   04    14.627
  2057   05    13.159
  2057   06    10.548
  2057   07     7.932
  2057   08     5.591
  2057   09     4.586
  2057   10     5.369
  2057   11     8.629
  2057   12    11.274
  2058   01    13.744
  2058   02    14.669
  2058   03    15.202
  2058   04    14.535
  2058   05    13.378
  2058   06    11.185
  2058   07     8.160
  2058   08     5.492
  2058   09     4.303
  2058   10     5.285
  2058   11     8.551
  2058   12    11.625
  2059   01    13.980
  2059   02    15.070
  2059   03    15.267
  2059   04    14.762
  2059   05    13.203
  2059   06    11.274
  2059   07     7.499
  2059   08     4.475
  2059   09     2.109
  2059   10     4.288
  2059   11     7.909
  2059   12    10.993
  2060   01    13.641
  2060   02    14.950
  2060   03    15.376
  2060   04    14.736
  2060   05    13.323
  2060   06    11.435
  2060   07     7.756
  2060   08     4.654
  2060   09     2.900
  2060   10     4.265
  2060   11     8.111
  2060   12    11.230
  2061   01    13.835
  2061   02    14.896
  2061   03    15.324
  2061   04    15.165
  2061   05    13.630
  2061   06    11.174
  2061   07     8.317
  2061   08     4.668
  2061   09     2.281
  2061   10     4.448
  2061   11     8.400
  2061   12    11.792
  2062   01    13.976
  2062   02    14.948
  2062   03    15.608
  2062   04    15.214
  2062   05    13.871
  2062   06    11.826
  2062   07     8.364
  2062   08     5.214
  2062   09     3.117
  2062   10     5.187
  2062   11     8.875
  2062   12    11.768
  2063   01    13.918
  2063   02    14.883
  2063   03    15.185
  2063   04    14.763
  2063   05    13.116
  2063   06    11.030
  2063   07     7.853
  2063   08     4.067
  2063   09     2.035
  2063   10     3.870
  2063   11     8.036
  2063   12    11.309
  2064   01    13.495
  2064   02    14.581
  2064   03    15.333
  2064   04    14.981
  2064   05    13.248
  2064   06    10.866
  2064   07     7.439
  2064   08     4.185
  2064   09     3.146
  2064   10     4.714
  2064   11     8.507
  2064   12    11.697
  2065   01    14.256
  2065   02    15.515
  2065   03    15.767
  2065   04    15.312
  2065   05    13.976
  2065   06    11.655
  2065   07     7.621
  2065   08     3.927
  2065   09     2.511
  2065   10     3.675
  2065   11     8.150
  2065   12    11.277
  2066   01    14.256
  2066   02    15.269
  2066   03    15.458
  2066   04    15.163
  2066   05    13.484
  2066   06    10.969
  2066   07     7.613
  2066   08     4.009
  2066   09     2.807
  2066   10     4.029
  2066   11     7.932
  2066   12    11.712
  2067   01    14.075
  2067   02    14.978
  2067   03    15.246
  2067   04    14.505
  2067   05    13.101
  2067   06    11.362
  2067   07     7.467
  2067   08     4.443
  2067   09     2.084
  2067   10     3.275
  2067   11     7.815
  2067   12    11.047
  2068   01    13.395
  2068   02    14.324
  2068   03    14.746
  2068   04    14.396
  2068   05    13.198
  2068   06    11.151
  2068   07     7.685
  2068   08     4.759
  2068   09     3.305
  2068   10     4.650
  2068   11     8.149
  2068   12    10.876
  2069   01    13.188
  2069   02    14.343
  2069   03    14.788
  2069   04    14.452
  2069   05    13.129
  2069   06    11.497
  2069   07     8.077
  2069   08     4.881
  2069   09     2.865
  2069   10     3.971
  2069   11     8.841
  2069   12    10.922
  2070   01    12.971
  2070   02    13.850
  2070   03    14.019
  2070   04    13.622
  2070   05    12.488
  2070   06    10.427
  2070   07     6.516
  2070   08     3.736
  2070   09     2.407
  2070   10     3.804
  2070   11     6.467
  2070   12    10.402
  2071   01    12.453
  2071   02    13.481
  2071   03    14.121
  2071   04    13.707
  2071   05    12.281
  2071   06    10.171
  2071   07     6.697
  2071   08     3.947
  2071   09     2.451
  2071   10     3.426
  2071   11     6.974
  2071   12     9.947
  2072   01    12.854
  2072   02    13.921
  2072   03    14.063
  2072   04    13.720
  2072   05    12.463
  2072   06    10.075
  2072   07     6.386
  2072   08     2.895
  2072   09     1.367
  2072   10     2.300
  2072   11     6.157
  2072   12    10.069
  2073   01    12.694
  2073   02    13.928
  2073   03    14.276
  2073   04    13.882
  2073   05    12.651
  2073   06    10.241
  2073   07     7.044
  2073   08     2.935
  2073   09     1.179
  2073   10     2.962
  2073   11     6.587
  2073   12    10.589
  2074   01    12.729
  2074   02    13.963
  2074   03    14.431
  2074   04    14.128
  2074   05    12.892
  2074   06    10.771
  2074   07     6.761
  2074   08     2.822
  2074   09     1.060
  2074   10     2.102
  2074   11     6.508
  2074   12    10.473
  2075   01    13.039
  2075   02    13.979
  2075   03    14.353
  2075   04    14.053
  2075   05    12.838
  2075   06    10.439
  2075   07     7.099
  2075   08     4.352
  2075   09     3.061
  2075   10     3.987
  2075   11     7.338
  2075   12    11.529
  2076   01    13.583
  2076   02    14.498
  2076   03    14.926
  2076   04    14.405
  2076   05    12.828
  2076   06     9.729
  2076   07     5.730
  2076   08     2.595
  2076   09     0.858
  2076   10     2.271
  2076   11     5.643
  2076   12     9.518
  2077   01    12.426
  2077   02    13.816
  2077   03    14.530
  2077   04    13.712
  2077   05    12.323
  2077   06    10.131
  2077   07     5.674
  2077   08     1.213
  2077   09     0.169
  2077   10     1.128
  2077   11     4.571
  2077   12     8.994
  2078   01    11.643
  2078   02    13.147
  2078   03    13.477
  2078   04    13.206
  2078   05    12.144
  2078   06     9.939
  2078   07     6.002
  2078   08     2.133
  2078   09     0.679
  2078   10     1.112
  2078   11     4.134
  2078   12     8.737
  2079   01    12.266
  2079   02    13.130
  2079   03    13.648
  2079   04    13.305
  2079   05    12.048
  2079   06     9.773
  2079   07     5.319
  2079   08     2.264
  2079   09     1.042
  2079   10     1.138
  2079   11     5.185
  2079   12     9.140
  2080   01    11.990
  2080   02    13.234
  2080   03    13.555
  2080   04    13.076
  2080   05    11.637
  2080   06     9.219
  2080   07     5.548
  2080   08     0.896
  2080   09     0.009
  2080   10     0.110
  2080   11     3.929
  2080   12     8.804
  2081   01    12.110
  2081   02    13.411
  2081   03    13.591
  2081   04    13.009
  2081   05    11.663
  2081   06     9.868
  2081   07     6.219
  2081   08     3.017
  2081   09     2.084
  2081   10     2.787
  2081   11     6.083
  2081   12     9.526
  2082   01    12.293
  2082   02    13.234
  2082   03    13.527
  2082   04    13.187
  2082   05    12.176
  2082   06     9.906
  2082   07     6.169
  2082   08     3.434
  2082   09     1.854
  2082   10     2.676
  2082   11     5.941
  2082   12     9.269
  2083   01    12.306
  2083   02    13.372
  2083   03    13.525
  2083   04    13.118
  2083   05    11.960
  2083   06     9.729
  2083   07     6.279
  2083   08     3.348
  2083   09     1.379
  2083   10     2.324
  2083   11     4.908
  2083   12     8.876
  2084   01    11.908
  2084   02    13.212
  2084   03    13.418
  2084   04    12.956
  2084   05    11.888
  2084   06     9.844
  2084   07     5.459
  2084   08     1.523
  2084   09     0.000
  2084   10     0.238
  2084   11     4.399
  2084   12     9.038
  2085   01    11.907
  2085   02    12.859
  2085   03    13.318
  2085   04    12.618
  2085   05    11.334
  2085   06     8.720
  2085   07     5.292
  2085   08     1.703
  2085   09     0.000
  2085   10     1.041
  2085   11     4.360
  2085   12     8.318
  2086   01    11.782
  2086   02    13.067
  2086   03    13.251
  2086   04    12.852
  2086   05    11.458
  2086   06     8.789
  2086   07     5.688
  2086   08     2.394
  2086   09     1.168
  2086   10     1.822
  2086   11     4.350
  2086   12     8.700
  2087   01    11.852
  2087   02    13.272
  2087   03    13.706
  2087   04    13.272
  2087   05    11.875
  2087   06     9.336
  2087   07     6.437
  2087   08     2.475
  2087   09     0.435
  2087   10     1.363
  2087   11     4.587
  2087   12     9.191
  2088   01    11.745
  2088   02    13.009
  2088   03    13.516
  2088   04    13.215
  2088   05    11.754
  2088   06     9.176
  2088   07     5.634
  2088   08     2.181
  2088   09     0.774
  2088   10     2.032
  2088   11     5.760
  2088   12     9.464
  2089   01    11.891
  2089   02    13.066
  2089   03    13.305
  2089   04    12.831
  2089   05    11.599
  2089   06     8.836
  2089   07     4.914
  2089   08     0.878
  2089   09     0.045
  2089   10     0.296
  2089   11     3.699
  2089   12     8.588
  2090   01    11.861
  2090   02    13.243
  2090   03    13.831
  2090   04    13.281
  2090   05    11.969
  2090   06     9.152
  2090   07     4.764
  2090   08     0.935
  2090   09     0.000
  2090   10     0.210
  2090   11     2.732
  2090   12     8.629
  2091   01    11.829
  2091   02    13.164
  2091   03    13.759
  2091   04    12.947
  2091   05    11.593
  2091   06     8.945
  2091   07     5.096
  2091   08     1.477
  2091   09     0.000
  2091   10     0.296
  2091   11     3.733
  2091   12     9.016
  2092   01    11.601
  2092   02    12.738
  2092   03    13.012
  2092   04    12.481
  2092   05    11.204
  2092   06     8.390
  2092   07     5.196
  2092   08     1.853
  2092   09     0.750
  2092   10     1.335
  2092   11     3.614
  2092   12     7.969
  2093   01    11.368
  2093   02    12.471
  2093   03    12.667
  2093   04    12.385
  2093   05    10.872
  2093   06     8.737
  2093   07     4.902
  2093   08     1.331
  2093   09     0.006
  2093   10     0.005
  2093   11     3.472
  2093   12     8.290
  2094   01    11.080
  2094   02    12.042
  2094   03    12.431
  2094   04    12.064
  2094   05    10.678
  2094   06     8.134
  2094   07     2.604
  2094   08     0.000
  2094   09     0.000
  2094   10     0.007
  2094   11     0.479
  2094   12     5.683
  2095   01    10.216
  2095   02    11.808
  2095   03    12.250
  2095   04    11.835
  2095   05    10.628
  2095   06     7.811
  2095   07     4.357
  2095   08     0.415
  2095   09     0.000
  2095   10     0.009
  2095   11     2.092
  2095   12     7.020
  2096   01    10.401
  2096   02    11.744
  2096   03    12.356
  2096   04    11.973
  2096   05    10.762
  2096   06     8.171
  2096   07     4.783
  2096   08     1.265
  2096   09     0.011
  2096   10     0.301
  2096   11     2.583
  2096   12     6.646
  2097   01     9.970
  2097   02    11.691
  2097   03    12.094
  2097   04    11.856
  2097   05    10.490
  2097   06     7.835
  2097   07     4.279
  2097   08     0.434
  2097   09     0.000
  2097   10     0.129
  2097   11     1.454
  2097   12     6.953
  2098   01     9.283
  2098   02    11.562
  2098   03    12.312
  2098   04    11.939
  2098   05    10.570
  2098   06     7.554
  2098   07     3.299
  2098   08     0.041
  2098   09     0.000
  2098   10     0.118
  2098   11     1.590
  2098   12     6.967
  2099   01    10.808
  2099   02    12.130
  2099   03    12.496
  2099   04    12.102
  2099   05    11.221
  2099   06     9.010
  2099   07     4.838
  2099   08     1.352
  2099   09     0.008
  2099   10     0.270
  2099   11     2.676
  2099   12     7.783
  2100   01    10.617
  2100   02    12.037
  2100   03    12.500
  2100   04    12.176
  2100   05    11.046
  2100   06     8.473
  2100   07     3.134
  2100   08     0.000
  2100   09     0.000
  2100   10     0.005
  2100   11     1.234
  2100   12     7.610
