  1850   01    14.055
  1850   02    15.040
  1850   03    15.218
  1850   04    14.668
  1850   05    13.026
  1850   06    11.039
  1850   07     7.404
  1850   08     1.156
  1850   09     0.616
  1850   10     3.454
  1850   11     8.927
  1850   12    12.002
  1851   01    14.119
  1851   02    14.942
  1851   03    15.233
  1851   04    14.607
  1851   05    12.988
  1851   06    10.515
  1851   07     6.257
  1851   08     0.745
  1851   09     0.683
  1851   10     3.007
  1851   11     8.590
  1851   12    11.633
  1852   01    13.480
  1852   02    14.235
  1852   03    14.571
  1852   04    14.120
  1852   05    12.422
  1852   06     9.792
  1852   07     6.725
  1852   08     0.486
  1852   09     0.422
  1852   10     1.930
  1852   11     8.234
  1852   12    11.650
  1853   01    13.365
  1853   02    14.411
  1853   03    14.680
  1853   04    14.209
  1853   05    12.435
  1853   06     9.975
  1853   07     5.424
  1853   08     1.326
  1853   09     0.743
  1853   10     2.653
  1853   11     7.116
  1853   12    11.004
  1854   01    13.282
  1854   02    14.009
  1854   03    14.396
  1854   04    13.871
  1854   05    12.280
  1854   06    10.124
  1854   07     5.983
  1854   08     0.472
  1854   09     0.462
  1854   10     2.695
  1854   11     8.191
  1854   12    11.268
  1855   01    13.007
  1855   02    13.937
  1855   03    14.146
  1855   04    13.957
  1855   05    12.428
  1855   06    10.542
  1855   07     7.104
  1855   08     0.675
  1855   09     0.548
  1855   10     3.012
  1855   11     8.636
  1855   12    11.662
  1856   01    13.254
  1856   02    13.990
  1856   03    14.098
  1856   04    13.660
  1856   05    11.990
  1856   06    10.014
  1856   07     6.690
  1856   08     0.447
  1856   09     0.330
  1856   10     2.849
  1856   11     8.089
  1856   12    11.547
  1857   01    13.185
  1857   02    14.009
  1857   03    14.263
  1857   04    13.734
  1857   05    12.067
  1857   06     9.978
  1857   07     5.654
  1857   08     0.530
  1857   09     0.443
  1857   10     2.023
  1857   11     6.941
  1857   12    10.846
  1858   01    13.167
  1858   02    14.058
  1858   03    14.303
  1858   04    13.863
  1858   05    12.528
  1858   06     9.880
  1858   07     5.520
  1858   08     0.271
  1858   09     0.213
  1858   10     2.182
  1858   11     7.456
  1858   12    10.674
  1859   01    13.119
  1859   02    14.396
  1859   03    14.546
  1859   04    14.132
  1859   05    12.899
  1859   06    10.523
  1859   07     7.160
  1859   08     0.332
  1859   09     0.233
  1859   10     1.971
  1859   11     8.370
  1859   12    11.685
  1860   01    13.424
  1860   02    14.368
  1860   03    14.607
  1860   04    14.246
  1860   05    12.754
  1860   06     9.815
  1860   07     7.273
  1860   08     0.925
  1860   09     0.284
  1860   10     4.292
  1860   11     9.244
  1860   12    11.609
  1861   01    13.553
  1861   02    14.449
  1861   03    14.595
  1861   04    14.203
  1861   05    12.416
  1861   06    10.304
  1861   07     6.752
  1861   08     0.422
  1861   09     0.310
  1861   10     1.380
  1861   11     8.606
  1861   12    11.745
  1862   01    13.454
  1862   02    14.566
  1862   03    14.706
  1862   04    13.996
  1862   05    12.197
  1862   06    10.123
  1862   07     6.717
  1862   08     0.292
  1862   09     0.149
  1862   10     3.627
  1862   11     7.663
  1862   12    11.102
  1863   01    13.446
  1863   02    14.132
  1863   03    14.609
  1863   04    14.318
  1863   05    12.443
  1863   06     9.512
  1863   07     6.090
  1863   08     0.269
  1863   09     0.190
  1863   10     2.779
  1863   11     7.400
  1863   12    11.340
  1864   01    13.173
  1864   02    14.333
  1864   03    14.711
  1864   04    14.126
  1864   05    12.314
  1864   06    10.136
  1864   07     6.005
  1864   08     0.411
  1864   09     0.299
  1864   10     2.096
  1864   11     7.895
  1864   12    11.322
  1865   01    13.402
  1865   02    14.146
  1865   03    14.436
  1865   04    13.779
  1865   05    11.977
  1865   06     9.454
  1865   07     6.416
  1865   08     0.495
  1865   09     0.351
  1865   10     1.689
  1865   11     7.913
  1865   12    11.317
  1866   01    13.138
  1866   02    14.189
  1866   03    14.393
  1866   04    13.787
  1866   05    12.138
  1866   06     9.799
  1866   07     6.967
  1866   08     0.596
  1866   09     0.416
  1866   10     3.180
  1866   11     8.957
  1866   12    11.467
  1867   01    13.536
  1867   02    14.259
  1867   03    14.512
  1867   04    13.898
  1867   05    12.219
  1867   06    10.033
  1867   07     6.604
  1867   08     0.409
  1867   09     0.265
  1867   10     2.552
  1867   11     8.533
  1867   12    11.093
  1868   01    13.341
  1868   02    14.323
  1868   03    14.671
  1868   04    14.019
  1868   05    12.201
  1868   06     9.949
  1868   07     6.828
  1868   08     0.384
  1868   09     0.330
  1868   10     1.994
  1868   11     8.285
  1868   12    11.179
  1869   01    12.813
  1869   02    13.815
  1869   03    14.057
  1869   04    13.518
  1869   05    11.985
  1869   06     9.819
  1869   07     5.614
  1869   08     0.331
  1869   09     0.192
  1869   10     1.293
  1869   11     7.134
  1869   12    10.829
  1870   01    13.183
  1870   02    13.940
  1870   03    14.287
  1870   04    14.000
  1870   05    12.091
  1870   06     9.792
  1870   07     5.538
  1870   08     0.287
  1870   09     0.254
  1870   10     1.510
  1870   11     7.925
  1870   12    11.046
  1871   01    13.431
  1871   02    14.232
  1871   03    14.595
  1871   04    14.082
  1871   05    12.391
  1871   06     9.741
  1871   07     4.178
  1871   08     0.178
  1871   09     0.113
  1871   10     1.037
  1871   11     6.541
  1871   12    11.173
  1872   01    13.360
  1872   02    14.190
  1872   03    14.445
  1872   04    14.117
  1872   05    12.405
  1872   06    10.147
  1872   07     5.690
  1872   08     0.190
  1872   09     0.081
  1872   10     1.841
  1872   11     7.071
  1872   12    10.951
  1873   01    13.358
  1873   02    14.384
  1873   03    14.611
  1873   04    13.892
  1873   05    12.421
  1873   06     9.714
  1873   07     4.882
  1873   08     0.414
  1873   09     0.224
  1873   10     1.598
  1873   11     6.734
  1873   12    10.380
  1874   01    13.103
  1874   02    14.012
  1874   03    14.459
  1874   04    13.780
  1874   05    12.333
  1874   06    10.188
  1874   07     6.314
  1874   08     0.247
  1874   09     0.076
  1874   10     2.028
  1874   11     7.836
  1874   12    11.515
  1875   01    13.188
  1875   02    13.933
  1875   03    14.035
  1875   04    13.578
  1875   05    12.154
  1875   06    10.022
  1875   07     5.203
  1875   08     0.234
  1875   09     0.205
  1875   10     1.174
  1875   11     6.759
  1875   12    10.471
  1876   01    12.767
  1876   02    14.043
  1876   03    14.148
  1876   04    13.628
  1876   05    12.079
  1876   06     9.423
  1876   07     5.953
  1876   08     0.081
  1876   09     0.053
  1876   10     1.529
  1876   11     7.199
  1876   12    11.038
  1877   01    13.143
  1877   02    13.850
  1877   03    14.214
  1877   04    13.736
  1877   05    11.865
  1877   06     9.700
  1877   07     6.063
  1877   08     0.215
  1877   09     0.085
  1877   10     1.122
  1877   11     7.763
  1877   12    11.263
  1878   01    13.070
  1878   02    14.085
  1878   03    14.484
  1878   04    13.848
  1878   05    12.304
  1878   06    10.141
  1878   07     6.205
  1878   08     0.050
  1878   09     0.032
  1878   10     1.883
  1878   11     8.056
  1878   12    11.596
  1879   01    13.395
  1879   02    14.224
  1879   03    14.413
  1879   04    13.884
  1879   05    12.532
  1879   06    10.346
  1879   07     5.809
  1879   08     0.174
  1879   09     0.058
  1879   10     1.779
  1879   11     7.991
  1879   12    11.478
  1880   01    13.215
  1880   02    13.946
  1880   03    14.139
  1880   04    13.646
  1880   05    12.199
  1880   06    10.241
  1880   07     6.321
  1880   08     0.321
  1880   09     0.225
  1880   10     2.999
  1880   11     8.733
  1880   12    11.717
  1881   01    13.526
  1881   02    14.461
  1881   03    14.740
  1881   04    14.218
  1881   05    12.477
  1881   06    10.148
  1881   07     6.614
  1881   08     0.466
  1881   09     0.267
  1881   10     1.603
  1881   11     7.893
  1881   12    11.296
  1882   01    13.175
  1882   02    14.274
  1882   03    14.650
  1882   04    14.225
  1882   05    12.795
  1882   06    10.786
  1882   07     6.186
  1882   08     0.271
  1882   09     0.142
  1882   10     1.294
  1882   11     7.193
  1882   12    11.137
  1883   01    13.304
  1883   02    14.239
  1883   03    14.707
  1883   04    13.970
  1883   05    12.440
  1883   06    10.646
  1883   07     5.407
  1883   08     0.076
  1883   09     0.071
  1883   10     2.018
  1883   11     7.882
  1883   12    11.617
  1884   01    13.511
  1884   02    14.210
  1884   03    14.202
  1884   04    13.833
  1884   05    12.421
  1884   06    10.201
  1884   07     7.602
  1884   08     1.720
  1884   09     0.793
  1884   10     4.302
  1884   11     8.962
  1884   12    12.107
  1885   01    13.638
  1885   02    14.397
  1885   03    14.800
  1885   04    14.220
  1885   05    12.754
  1885   06    10.552
  1885   07     6.666
  1885   08     0.431
  1885   09     0.317
  1885   10     2.089
  1885   11     8.514
  1885   12    11.920
  1886   01    13.739
  1886   02    14.429
  1886   03    14.919
  1886   04    14.448
  1886   05    12.549
  1886   06    10.166
  1886   07     6.916
  1886   08     0.985
  1886   09     0.519
  1886   10     4.094
  1886   11     8.619
  1886   12    11.539
  1887   01    13.534
  1887   02    14.297
  1887   03    14.485
  1887   04    14.057
  1887   05    12.709
  1887   06    10.750
  1887   07     6.480
  1887   08     0.463
  1887   09     0.328
  1887   10     2.024
  1887   11     8.566
  1887   12    11.865
  1888   01    14.093
  1888   02    14.952
  1888   03    14.975
  1888   04    14.582
  1888   05    13.312
  1888   06    10.482
  1888   07     7.154
  1888   08     0.431
  1888   09     0.270
  1888   10     3.588
  1888   11     8.081
  1888   12    11.934
  1889   01    13.812
  1889   02    14.756
  1889   03    15.053
  1889   04    14.572
  1889   05    13.094
  1889   06    10.054
  1889   07     6.515
  1889   08     0.442
  1889   09     0.285
  1889   10     2.243
  1889   11     8.472
  1889   12    11.556
  1890   01    13.376
  1890   02    14.189
  1890   03    14.489
  1890   04    13.862
  1890   05    12.428
  1890   06    10.569
  1890   07     6.852
  1890   08     0.529
  1890   09     0.261
  1890   10     3.633
  1890   11     8.972
  1890   12    12.208
  1891   01    13.969
  1891   02    14.980
  1891   03    15.278
  1891   04    14.725
  1891   05    13.082
  1891   06    10.492
  1891   07     7.153
  1891   08     0.383
  1891   09     0.237
  1891   10     2.702
  1891   11     8.855
  1891   12    12.213
  1892   01    13.844
  1892   02    14.655
  1892   03    15.150
  1892   04    14.440
  1892   05    12.596
  1892   06    10.646
  1892   07     7.328
  1892   08     0.611
  1892   09     0.309
  1892   10     2.505
  1892   11     8.968
  1892   12    11.647
  1893   01    13.682
  1893   02    14.471
  1893   03    14.687
  1893   04    14.347
  1893   05    12.511
  1893   06    10.463
  1893   07     5.238
  1893   08     0.291
  1893   09     0.246
  1893   10     1.330
  1893   11     5.814
  1893   12    10.704
  1894   01    13.479
  1894   02    14.469
  1894   03    14.707
  1894   04    14.306
  1894   05    12.514
  1894   06     9.909
  1894   07     5.181
  1894   08     0.158
  1894   09     0.099
  1894   10     0.944
  1894   11     7.201
  1894   12    11.187
  1895   01    13.329
  1895   02    14.114
  1895   03    14.562
  1895   04    14.175
  1895   05    12.577
  1895   06     9.951
  1895   07     6.151
  1895   08     0.091
  1895   09     0.028
  1895   10     1.653
  1895   11     8.145
  1895   12    11.408
  1896   01    13.346
  1896   02    14.150
  1896   03    14.287
  1896   04    13.995
  1896   05    11.993
  1896   06    10.091
  1896   07     6.696
  1896   08     0.300
  1896   09     0.197
  1896   10     2.330
  1896   11     8.473
  1896   12    11.299
  1897   01    13.371
  1897   02    14.182
  1897   03    14.491
  1897   04    14.020
  1897   05    12.829
  1897   06     9.841
  1897   07     6.344
  1897   08     0.371
  1897   09     0.116
  1897   10     1.881
  1897   11     7.414
  1897   12    10.929
  1898   01    13.318
  1898   02    14.257
  1898   03    14.509
  1898   04    13.792
  1898   05    12.211
  1898   06     9.620
  1898   07     6.446
  1898   08     0.277
  1898   09     0.147
  1898   10     1.334
  1898   11     7.806
  1898   12    11.136
  1899   01    13.272
  1899   02    13.966
  1899   03    14.285
  1899   04    13.792
  1899   05    12.187
  1899   06    10.181
  1899   07     4.744
  1899   08     0.123
  1899   09     0.079
  1899   10     1.141
  1899   11     7.647
  1899   12    11.111
  1900   01    12.857
  1900   02    13.468
  1900   03    13.733
  1900   04    13.298
  1900   05    12.054
  1900   06    10.110
  1900   07     6.821
  1900   08     0.275
  1900   09     0.117
  1900   10     3.182
  1900   11     8.226
  1900   12    11.598
  1901   01    13.098
  1901   02    13.944
  1901   03    14.033
  1901   04    13.699
  1901   05    11.672
  1901   06     9.418
  1901   07     6.370
  1901   08     0.618
  1901   09     0.414
  1901   10     1.474
  1901   11     6.563
  1901   12    10.231
  1902   01    12.570
  1902   02    13.803
  1902   03    14.111
  1902   04    13.463
  1902   05    11.931
  1902   06     9.060
  1902   07     6.357
  1902   08     0.309
  1902   09     0.162
  1902   10     1.380
  1902   11     7.620
  1902   12    11.048
  1903   01    12.871
  1903   02    13.689
  1903   03    13.864
  1903   04    13.423
  1903   05    12.479
  1903   06    10.415
  1903   07     7.084
  1903   08     1.398
  1903   09     0.413
  1903   10     4.581
  1903   11     8.683
  1903   12    11.713
  1904   01    13.307
  1904   02    14.249
  1904   03    14.473
  1904   04    14.206
  1904   05    12.806
  1904   06    10.355
  1904   07     6.793
  1904   08     0.921
  1904   09     0.624
  1904   10     2.668
  1904   11     8.595
  1904   12    11.342
  1905   01    13.682
  1905   02    14.535
  1905   03    15.082
  1905   04    14.728
  1905   05    13.159
  1905   06    10.752
  1905   07     7.056
  1905   08     0.370
  1905   09     0.223
  1905   10     2.950
  1905   11     9.144
  1905   12    12.055
  1906   01    13.947
  1906   02    14.892
  1906   03    15.450
  1906   04    15.239
  1906   05    13.290
  1906   06    10.264
  1906   07     6.515
  1906   08     0.539
  1906   09     0.423
  1906   10     2.077
  1906   11     8.461
  1906   12    11.511
  1907   01    13.406
  1907   02    14.465
  1907   03    14.732
  1907   04    14.449
  1907   05    13.086
  1907   06    10.568
  1907   07     6.492
  1907   08     0.285
  1907   09     0.186
  1907   10     1.850
  1907   11     8.456
  1907   12    11.824
  1908   01    13.632
  1908   02    14.585
  1908   03    15.098
  1908   04    14.698
  1908   05    13.263
  1908   06    10.347
  1908   07     5.936
  1908   08     0.428
  1908   09     0.268
  1908   10     2.004
  1908   11     7.548
  1908   12    11.514
  1909   01    13.747
  1909   02    14.542
  1909   03    14.884
  1909   04    14.136
  1909   05    12.152
  1909   06     9.863
  1909   07     4.992
  1909   08     0.240
  1909   09     0.240
  1909   10     1.259
  1909   11     6.477
  1909   12    10.419
  1910   01    13.259
  1910   02    14.105
  1910   03    14.525
  1910   04    14.228
  1910   05    12.195
  1910   06     9.848
  1910   07     6.131
  1910   08     0.966
  1910   09     0.579
  1910   10     3.204
  1910   11     8.674
  1910   12    11.704
  1911   01    13.421
  1911   02    14.217
  1911   03    14.651
  1911   04    14.273
  1911   05    12.649
  1911   06     9.474
  1911   07     6.421
  1911   08     0.720
  1911   09     0.495
  1911   10     2.448
  1911   11     8.174
  1911   12    11.162
  1912   01    12.952
  1912   02    13.985
  1912   03    14.441
  1912   04    14.320
  1912   05    12.457
  1912   06     9.349
  1912   07     5.868
  1912   08     0.491
  1912   09     0.164
  1912   10     1.540
  1912   11     8.347
  1912   12    11.026
  1913   01    13.021
  1913   02    14.057
  1913   03    14.520
  1913   04    14.388
  1913   05    12.711
  1913   06     9.902
  1913   07     6.979
  1913   08     0.456
  1913   09     0.143
  1913   10     1.100
  1913   11     8.135
  1913   12    11.091
  1914   01    13.490
  1914   02    14.407
  1914   03    14.813
  1914   04    14.259
  1914   05    12.780
  1914   06    10.160
  1914   07     6.909
  1914   08     0.529
  1914   09     0.256
  1914   10     2.681
  1914   11     7.835
  1914   12    11.698
  1915   01    13.724
  1915   02    14.463
  1915   03    14.744
  1915   04    14.051
  1915   05    12.012
  1915   06    10.235
  1915   07     7.263
  1915   08     0.385
  1915   09     0.261
  1915   10     2.952
  1915   11     8.157
  1915   12    11.183
  1916   01    13.245
  1916   02    13.921
  1916   03    14.203
  1916   04    13.822
  1916   05    12.424
  1916   06    10.229
  1916   07     5.858
  1916   08     0.202
  1916   09     0.086
  1916   10     1.183
  1916   11     7.269
  1916   12    11.447
  1917   01    13.251
  1917   02    13.771
  1917   03    14.006
  1917   04    13.735
  1917   05    12.423
  1917   06     9.932
  1917   07     6.068
  1917   08     0.058
  1917   09     0.010
  1917   10     1.159
  1917   11     7.075
  1917   12    10.846
  1918   01    13.056
  1918   02    13.830
  1918   03    14.141
  1918   04    13.587
  1918   05    12.228
  1918   06    10.015
  1918   07     5.692
  1918   08     0.163
  1918   09     0.083
  1918   10     1.120
  1918   11     6.886
  1918   12    10.638
  1919   01    12.940
  1919   02    13.630
  1919   03    13.962
  1919   04    13.465
  1919   05    11.830
  1919   06     9.828
  1919   07     5.058
  1919   08     0.127
  1919   09     0.082
  1919   10     1.127
  1919   11     7.103
  1919   12    10.650
  1920   01    13.230
  1920   02    14.179
  1920   03    14.574
  1920   04    14.005
  1920   05    12.575
  1920   06    10.207
  1920   07     6.594
  1920   08     0.296
  1920   09     0.261
  1920   10     2.731
  1920   11     8.406
  1920   12    11.579
  1921   01    13.350
  1921   02    14.334
  1921   03    14.540
  1921   04    13.585
  1921   05    11.742
  1921   06     9.622
  1921   07     5.390
  1921   08     0.289
  1921   09     0.283
  1921   10     1.954
  1921   11     6.968
  1921   12    10.495
  1922   01    13.086
  1922   02    13.903
  1922   03    14.263
  1922   04    13.649
  1922   05    12.047
  1922   06     9.300
  1922   07     6.305
  1922   08     0.349
  1922   09     0.159
  1922   10     0.910
  1922   11     6.028
  1922   12    10.865
  1923   01    12.981
  1923   02    13.765
  1923   03    14.284
  1923   04    13.759
  1923   05    12.024
  1923   06     9.767
  1923   07     6.184
  1923   08     0.099
  1923   09     0.019
  1923   10     0.715
  1923   11     7.700
  1923   12    11.444
  1924   01    13.513
  1924   02    14.213
  1924   03    14.547
  1924   04    14.302
  1924   05    12.663
  1924   06    10.656
  1924   07     7.306
  1924   08     0.282
  1924   09     0.150
  1924   10     2.796
  1924   11     8.608
  1924   12    11.899
  1925   01    13.668
  1925   02    14.813
  1925   03    15.395
  1925   04    14.608
  1925   05    13.469
  1925   06    10.681
  1925   07     5.994
  1925   08     0.235
  1925   09     0.180
  1925   10     1.449
  1925   11     7.652
  1925   12    11.510
  1926   01    13.863
  1926   02    14.766
  1926   03    15.140
  1926   04    14.518
  1926   05    12.888
  1926   06    10.285
  1926   07     6.623
  1926   08     0.320
  1926   09     0.150
  1926   10     1.006
  1926   11     6.760
  1926   12    11.414
  1927   01    13.532
  1927   02    14.586
  1927   03    14.974
  1927   04    14.630
  1927   05    12.765
  1927   06    10.108
  1927   07     7.298
  1927   08     0.183
  1927   09     0.063
  1927   10     2.955
  1927   11     8.771
  1927   12    11.968
  1928   01    13.651
  1928   02    14.783
  1928   03    15.048
  1928   04    14.555
  1928   05    12.450
  1928   06    10.368
  1928   07     5.784
  1928   08     0.307
  1928   09     0.222
  1928   10     2.249
  1928   11     8.333
  1928   12    11.144
  1929   01    13.139
  1929   02    14.121
  1929   03    14.568
  1929   04    13.929
  1929   05    12.310
  1929   06     9.994
  1929   07     5.434
  1929   08     0.107
  1929   09     0.105
  1929   10     1.408
  1929   11     7.495
  1929   12    10.850
  1930   01    13.037
  1930   02    14.128
  1930   03    14.497
  1930   04    14.030
  1930   05    12.360
  1930   06     9.961
  1930   07     5.108
  1930   08     0.042
  1930   09     0.057
  1930   10     1.528
  1930   11     7.032
  1930   12    11.326
  1931   01    13.498
  1931   02    14.307
  1931   03    14.761
  1931   04    14.210
  1931   05    12.481
  1931   06    10.352
  1931   07     5.605
  1931   08     0.050
  1931   09     0.029
  1931   10     0.702
  1931   11     7.253
  1931   12    11.282
  1932   01    13.429
  1932   02    14.440
  1932   03    14.560
  1932   04    14.211
  1932   05    12.646
  1932   06    10.194
  1932   07     6.061
  1932   08     0.074
  1932   09     0.032
  1932   10     0.968
  1932   11     8.281
  1932   12    11.433
  1933   01    13.415
  1933   02    14.331
  1933   03    14.726
  1933   04    14.220
  1933   05    12.710
  1933   06    10.465
  1933   07     6.271
  1933   08     0.324
  1933   09     0.200
  1933   10     1.839
  1933   11     8.255
  1933   12    11.700
  1934   01    13.842
  1934   02    14.660
  1934   03    14.596
  1934   04    14.112
  1934   05    12.770
  1934   06    10.721
  1934   07     6.312
  1934   08     0.180
  1934   09     0.101
  1934   10     2.218
  1934   11     8.166
  1934   12    11.958
  1935   01    13.738
  1935   02    14.546
  1935   03    14.867
  1935   04    14.370
  1935   05    12.908
  1935   06    10.578
  1935   07     6.365
  1935   08     0.232
  1935   09     0.151
  1935   10     1.223
  1935   11     7.655
  1935   12    11.664
  1936   01    13.440
  1936   02    14.525
  1936   03    15.115
  1936   04    14.643
  1936   05    12.744
  1936   06    10.494
  1936   07     6.054
  1936   08     0.093
  1936   09     0.022
  1936   10     1.209
  1936   11     7.684
  1936   12    11.615
  1937   01    13.143
  1937   02    14.013
  1937   03    14.473
  1937   04    14.122
  1937   05    12.336
  1937   06    10.269
  1937   07     5.659
  1937   08     0.075
  1937   09     0.065
  1937   10     2.125
  1937   11     7.893
  1937   12    11.279
  1938   01    13.522
  1938   02    14.302
  1938   03    14.783
  1938   04    14.387
  1938   05    12.766
  1938   06    10.307
  1938   07     7.103
  1938   08     0.247
  1938   09     0.076
  1938   10     2.094
  1938   11     8.647
  1938   12    11.922
  1939   01    13.621
  1939   02    14.474
  1939   03    14.690
  1939   04    14.198
  1939   05    12.857
  1939   06    10.300
  1939   07     6.436
  1939   08     0.406
  1939   09     0.175
  1939   10     1.279
  1939   11     8.746
  1939   12    11.508
  1940   01    13.445
  1940   02    14.336
  1940   03    14.601
  1940   04    14.470
  1940   05    12.781
  1940   06    10.335
  1940   07     6.972
  1940   08     0.873
  1940   09     0.446
  1940   10     3.284
  1940   11     8.712
  1940   12    11.654
  1941   01    13.656
  1941   02    14.587
  1941   03    14.780
  1941   04    14.406
  1941   05    13.079
  1941   06    10.439
  1941   07     4.650
  1941   08     0.138
  1941   09     0.077
  1941   10     0.799
  1941   11     7.206
  1941   12    11.592
  1942   01    13.405
  1942   02    14.402
  1942   03    14.776
  1942   04    14.544
  1942   05    13.134
  1942   06    10.515
  1942   07     6.530
  1942   08     0.162
  1942   09     0.172
  1942   10     1.936
  1942   11     8.441
  1942   12    11.917
  1943   01    13.800
  1943   02    14.616
  1943   03    15.145
  1943   04    14.636
  1943   05    13.024
  1943   06    10.912
  1943   07     6.514
  1943   08     0.233
  1943   09     0.191
  1943   10     2.501
  1943   11     8.655
  1943   12    11.547
  1944   01    13.631
  1944   02    14.677
  1944   03    15.112
  1944   04    14.648
  1944   05    13.152
  1944   06    10.361
  1944   07     6.979
  1944   08     0.262
  1944   09     0.086
  1944   10     1.306
  1944   11     7.380
  1944   12    11.479
  1945   01    13.816
  1945   02    14.846
  1945   03    14.966
  1945   04    14.636
  1945   05    12.770
  1945   06    10.147
  1945   07     6.187
  1945   08     0.453
  1945   09     0.303
  1945   10     1.971
  1945   11     8.184
  1945   12    10.725
  1946   01    13.180
  1946   02    13.830
  1946   03    14.351
  1946   04    13.710
  1946   05    12.139
  1946   06    10.193
  1946   07     5.758
  1946   08     0.189
  1946   09     0.092
  1946   10     1.272
  1946   11     7.645
  1946   12    11.174
  1947   01    13.293
  1947   02    14.168
  1947   03    14.466
  1947   04    14.084
  1947   05    12.295
  1947   06    10.119
  1947   07     5.912
  1947   08     0.319
  1947   09     0.193
  1947   10     1.194
  1947   11     6.479
  1947   12    10.797
  1948   01    12.953
  1948   02    13.794
  1948   03    14.203
  1948   04    13.829
  1948   05    12.132
  1948   06     9.254
  1948   07     3.959
  1948   08     0.155
  1948   09     0.159
  1948   10     0.903
  1948   11     5.587
  1948   12    10.651
  1949   01    12.950
  1949   02    13.940
  1949   03    14.285
  1949   04    13.557
  1949   05    12.011
  1949   06     9.192
  1949   07     4.780
  1949   08     0.545
  1949   09     0.246
  1949   10     1.385
  1949   11     5.359
  1949   12     9.797
  1950   01    12.787
  1950   02    13.810
  1950   03    14.029
  1950   04    13.702
  1950   05    12.275
  1950   06     9.785
  1950   07     6.596
  1950   08     0.590
  1950   09     0.458
  1950   10     4.140
  1950   11     8.922
  1950   12    11.707
  1951   01    13.417
  1951   02    14.361
  1951   03    14.547
  1951   04    13.898
  1951   05    12.142
  1951   06     9.950
  1951   07     5.094
  1951   08     0.479
  1951   09     0.286
  1951   10     1.316
  1951   11     5.008
  1951   12     9.676
  1952   01    12.597
  1952   02    13.744
  1952   03    13.979
  1952   04    13.706
  1952   05    12.079
  1952   06     9.279
  1952   07     4.309
  1952   08     0.079
  1952   09     0.034
  1952   10     0.623
  1952   11     5.717
  1952   12     9.703
  1953   01    12.930
  1953   02    13.799
  1953   03    14.144
  1953   04    13.810
  1953   05    12.073
  1953   06     9.493
  1953   07     4.311
  1953   08     0.099
  1953   09     0.038
  1953   10     0.362
  1953   11     5.201
  1953   12    10.084
  1954   01    12.616
  1954   02    13.734
  1954   03    13.793
  1954   04    13.408
  1954   05    11.913
  1954   06     9.749
  1954   07     4.716
  1954   08     0.257
  1954   09     0.209
  1954   10     1.342
  1954   11     6.447
  1954   12    11.032
  1955   01    12.664
  1955   02    13.629
  1955   03    14.019
  1955   04    13.499
  1955   05    11.601
  1955   06     9.415
  1955   07     4.523
  1955   08     0.376
  1955   09     0.267
  1955   10     1.229
  1955   11     5.731
  1955   12    10.114
  1956   01    12.565
  1956   02    13.445
  1956   03    13.798
  1956   04    12.933
  1956   05    11.229
  1956   06     8.634
  1956   07     2.601
  1956   08     0.152
  1956   09     0.109
  1956   10     0.629
  1956   11     5.901
  1956   12     9.790
  1957   01    12.489
  1957   02    13.424
  1957   03    13.814
  1957   04    13.316
  1957   05    11.343
  1957   06     8.321
  1957   07     3.514
  1957   08     0.096
  1957   09     0.037
  1957   10     0.359
  1957   11     5.760
  1957   12    10.111
  1958   01    12.441
  1958   02    13.659
  1958   03    14.014
  1958   04    13.588
  1958   05    12.059
  1958   06     9.288
  1958   07     4.174
  1958   08     0.095
  1958   09     0.034
  1958   10     0.969
  1958   11     6.674
  1958   12    10.908
  1959   01    13.181
  1959   02    14.098
  1959   03    14.588
  1959   04    14.257
  1959   05    12.767
  1959   06     9.855
  1959   07     5.719
  1959   08     0.068
  1959   09     0.096
  1959   10     1.559
  1959   11     7.390
  1959   12    11.160
  1960   01    13.261
  1960   02    14.102
  1960   03    14.437
  1960   04    14.137
  1960   05    12.436
  1960   06    10.414
  1960   07     5.938
  1960   08     0.137
  1960   09     0.129
  1960   10     3.067
  1960   11     8.828
  1960   12    11.718
  1961   01    13.824
  1961   02    14.543
  1961   03    14.607
  1961   04    14.202
  1961   05    12.748
  1961   06    10.347
  1961   07     6.803
  1961   08     0.116
  1961   09     0.129
  1961   10     1.585
  1961   11     8.158
  1961   12    11.376
  1962   01    13.409
  1962   02    14.040
  1962   03    14.368
  1962   04    14.115
  1962   05    12.443
  1962   06    10.085
  1962   07     5.295
  1962   08     0.149
  1962   09     0.192
  1962   10     1.569
  1962   11     6.300
  1962   12    10.503
  1963   01    12.896
  1963   02    13.749
  1963   03    13.931
  1963   04    13.269
  1963   05    11.604
  1963   06     9.423
  1963   07     4.731
  1963   08     0.114
  1963   09     0.091
  1963   10     1.023
  1963   11     6.867
  1963   12    10.654
  1964   01    12.864
  1964   02    13.558
  1964   03    13.840
  1964   04    13.299
  1964   05    11.761
  1964   06     9.675
  1964   07     4.973
  1964   08     0.239
  1964   09     0.063
  1964   10     0.943
  1964   11     6.178
  1964   12    10.299
  1965   01    12.747
  1965   02    13.489
  1965   03    13.821
  1965   04    13.516
  1965   05    11.355
  1965   06     8.886
  1965   07     3.398
  1965   08     0.164
  1965   09     0.097
  1965   10     0.772
  1965   11     5.760
  1965   12     9.980
  1966   01    12.765
  1966   02    13.488
  1966   03    13.815
  1966   04    13.314
  1966   05    11.878
  1966   06     9.722
  1966   07     5.095
  1966   08     0.131
  1966   09     0.098
  1966   10     0.823
  1966   11     6.938
  1966   12    10.539
  1967   01    12.807
  1967   02    13.522
  1967   03    13.504
  1967   04    13.218
  1967   05    11.818
  1967   06     9.219
  1967   07     4.642
  1967   08     0.192
  1967   09     0.095
  1967   10     1.478
  1967   11     7.199
  1967   12    10.308
  1968   01    12.864
  1968   02    13.933
  1968   03    13.912
  1968   04    13.632
  1968   05    11.853
  1968   06     9.106
  1968   07     4.090
  1968   08     0.036
  1968   09     0.033
  1968   10     0.597
  1968   11     5.303
  1968   12     9.665
  1969   01    12.635
  1969   02    13.426
  1969   03    13.783
  1969   04    13.468
  1969   05    11.963
  1969   06     8.778
  1969   07     3.749
  1969   08     0.094
  1969   09     0.031
  1969   10     0.637
  1969   11     5.906
  1969   12    10.010
  1970   01    12.473
  1970   02    13.331
  1970   03    13.676
  1970   04    13.544
  1970   05    11.916
  1970   06     9.630
  1970   07     5.098
  1970   08     0.198
  1970   09     0.095
  1970   10     2.001
  1970   11     7.686
  1970   12    11.093
  1971   01    12.809
  1971   02    13.654
  1971   03    13.898
  1971   04    13.545
  1971   05    12.149
  1971   06    10.206
  1971   07     5.213
  1971   08     0.383
  1971   09     0.350
  1971   10     1.443
  1971   11     6.784
  1971   12    10.998
  1972   01    12.847
  1972   02    13.565
  1972   03    13.923
  1972   04    13.747
  1972   05    12.139
  1972   06     9.617
  1972   07     5.907
  1972   08     0.406
  1972   09     0.197
  1972   10     1.301
  1972   11     7.216
  1972   12    11.261
  1973   01    13.215
  1973   02    13.963
  1973   03    14.289
  1973   04    13.709
  1973   05    11.931
  1973   06     9.258
  1973   07     6.361
  1973   08     0.383
  1973   09     0.200
  1973   10     2.883
  1973   11     7.761
  1973   12    11.193
  1974   01    13.326
  1974   02    14.090
  1974   03    14.063
  1974   04    13.698
  1974   05    12.637
  1974   06     9.957
  1974   07     6.028
  1974   08     0.142
  1974   09     0.118
  1974   10     1.312
  1974   11     7.741
  1974   12    11.208
  1975   01    13.417
  1975   02    14.261
  1975   03    14.654
  1975   04    14.268
  1975   05    12.384
  1975   06     9.727
  1975   07     5.735
  1975   08     0.155
  1975   09     0.110
  1975   10     1.490
  1975   11     7.504
  1975   12    11.265
  1976   01    13.464
  1976   02    14.312
  1976   03    14.416
  1976   04    13.892
  1976   05    12.005
  1976   06     9.776
  1976   07     5.261
  1976   08     0.260
  1976   09     0.146
  1976   10     1.184
  1976   11     7.472
  1976   12    10.873
  1977   01    12.938
  1977   02    13.741
  1977   03    14.171
  1977   04    13.817
  1977   05    12.335
  1977   06     9.505
  1977   07     5.731
  1977   08     0.115
  1977   09     0.102
  1977   10     1.018
  1977   11     6.518
  1977   12     9.741
  1978   01    12.522
  1978   02    13.500
  1978   03    13.967
  1978   04    13.366
  1978   05    11.850
  1978   06     9.562
  1978   07     4.939
  1978   08     0.189
  1978   09     0.138
  1978   10     1.205
  1978   11     7.114
  1978   12    10.645
  1979   01    12.871
  1979   02    13.713
  1979   03    14.038
  1979   04    13.562
  1979   05    11.857
  1979   06     9.423
  1979   07     3.534
  1979   08     0.262
  1979   09     0.231
  1979   10     1.359
  1979   11     5.901
  1979   12    10.540
  1980   01    12.909
  1980   02    13.945
  1980   03    14.023
  1980   04    13.636
  1980   05    12.078
  1980   06     9.416
  1980   07     5.370
  1980   08     0.184
  1980   09     0.083
  1980   10     0.932
  1980   11     7.564
  1980   12    11.276
  1981   01    13.314
  1981   02    14.157
  1981   03    14.411
  1981   04    14.009
  1981   05    11.935
  1981   06     9.351
  1981   07     4.439
  1981   08     0.093
  1981   09     0.030
  1981   10     0.889
  1981   11     7.331
  1981   12    10.319
  1982   01    12.849
  1982   02    13.835
  1982   03    13.940
  1982   04    13.548
  1982   05    12.221
  1982   06     9.788
  1982   07     4.999
  1982   08     0.261
  1982   09     0.168
  1982   10     1.815
  1982   11     7.466
  1982   12    10.902
  1983   01    12.894
  1983   02    13.681
  1983   03    13.718
  1983   04    13.295
  1983   05    11.635
  1983   06     9.764
  1983   07     5.962
  1983   08     0.509
  1983   09     0.225
  1983   10     1.788
  1983   11     8.035
  1983   12    10.667
  1984   01    12.705
  1984   02    13.937
  1984   03    14.305
  1984   04    13.645
  1984   05    12.068
  1984   06     9.584
  1984   07     5.314
  1984   08     0.204
  1984   09     0.099
  1984   10     1.046
  1984   11     7.344
  1984   12    10.783
  1985   01    12.628
  1985   02    13.392
  1985   03    13.593
  1985   04    13.175
  1985   05    11.816
  1985   06     9.424
  1985   07     5.512
  1985   08     0.157
  1985   09     0.133
  1985   10     0.764
  1985   11     6.424
  1985   12    10.556
  1986   01    12.804
  1986   02    13.576
  1986   03    13.601
  1986   04    12.970
  1986   05    11.465
  1986   06     9.106
  1986   07     4.147
  1986   08     0.140
  1986   09     0.091
  1986   10     0.947
  1986   11     4.867
  1986   12     9.883
  1987   01    12.450
  1987   02    13.270
  1987   03    13.525
  1987   04    13.039
  1987   05    11.512
  1987   06     8.969
  1987   07     4.033
  1987   08     0.059
  1987   09     0.016
  1987   10     0.601
  1987   11     5.089
  1987   12     9.184
  1988   01    12.161
  1988   02    13.167
  1988   03    13.399
  1988   04    13.072
  1988   05    11.508
  1988   06     9.108
  1988   07     2.227
  1988   08     0.055
  1988   09     0.006
  1988   10     0.298
  1988   11     4.789
  1988   12     9.931
  1989   01    12.365
  1989   02    13.195
  1989   03    13.491
  1989   04    12.894
  1989   05    11.300
  1989   06     8.412
  1989   07     0.745
  1989   08     0.023
  1989   09     0.003
  1989   10     0.272
  1989   11     2.838
  1989   12     9.029
  1990   01    12.044
  1990   02    12.842
  1990   03    13.001
  1990   04    12.684
  1990   05    11.282
  1990   06     9.281
  1990   07     3.861
  1990   08     0.137
  1990   09     0.102
  1990   10     0.818
  1990   11     6.148
  1990   12    10.176
  1991   01    12.703
  1991   02    13.341
  1991   03    13.684
  1991   04    12.865
  1991   05    10.786
  1991   06     8.268
  1991   07     3.652
  1991   08     0.056
  1991   09     0.034
  1991   10     0.467
  1991   11     4.645
  1991   12     8.951
  1992   01    12.128
  1992   02    13.045
  1992   03    13.368
  1992   04    13.010
  1992   05    11.817
  1992   06     9.587
  1992   07     3.365
  1992   08     0.075
  1992   09     0.035
  1992   10     0.451
  1992   11     5.252
  1992   12     9.618
  1993   01    12.586
  1993   02    13.180
  1993   03    13.477
  1993   04    13.265
  1993   05    12.100
  1993   06     9.686
  1993   07     4.184
  1993   08     0.160
  1993   09     0.083
  1993   10     0.848
  1993   11     4.081
  1993   12    10.020
  1994   01    12.323
  1994   02    13.421
  1994   03    13.680
  1994   04    13.383
  1994   05    11.972
  1994   06     9.046
  1994   07     3.668
  1994   08     0.105
  1994   09     0.064
  1994   10     0.694
  1994   11     6.335
  1994   12    10.379
  1995   01    12.659
  1995   02    13.591
  1995   03    13.909
  1995   04    13.509
  1995   05    12.125
  1995   06     9.451
  1995   07     3.947
  1995   08     0.070
  1995   09     0.022
  1995   10     0.577
  1995   11     5.758
  1995   12    10.449
  1996   01    12.907
  1996   02    13.603
  1996   03    14.097
  1996   04    13.810
  1996   05    12.061
  1996   06     9.512
  1996   07     3.437
  1996   08     0.057
  1996   09     0.019
  1996   10     0.533
  1996   11     5.018
  1996   12    10.398
  1997   01    12.643
  1997   02    13.457
  1997   03    13.839
  1997   04    13.380
  1997   05    11.610
  1997   06     9.051
  1997   07     2.399
  1997   08     0.065
  1997   09     0.013
  1997   10     0.447
  1997   11     3.123
  1997   12     8.155
  1998   01    11.550
  1998   02    13.195
  1998   03    13.542
  1998   04    13.067
  1998   05    11.178
  1998   06     8.750
  1998   07     3.619
  1998   08     0.043
  1998   09     0.008
  1998   10     0.529
  1998   11     4.203
  1998   12     9.796
  1999   01    12.141
  1999   02    13.020
  1999   03    13.441
  1999   04    13.007
  1999   05    11.354
  1999   06     9.044
  1999   07     2.176
  1999   08     0.061
  1999   09     0.016
  1999   10     0.211
  1999   11     3.190
  1999   12     9.244
  2000   01    12.208
  2000   02    13.288
  2000   03    13.470
  2000   04    12.858
  2000   05    11.247
  2000   06     9.181
  2000   07     3.244
  2000   08     0.138
  2000   09     0.085
  2000   10     0.739
  2000   11     3.967
  2000   12     9.270
  2001   01    12.002
  2001   02    13.273
  2001   03    13.480
  2001   04    12.988
  2001   05    11.080
  2001   06     8.673
  2001   07     1.747
  2001   08     0.078
  2001   09     0.024
  2001   10     0.350
  2001   11     3.091
  2001   12     8.742
  2002   01    11.649
  2002   02    12.728
  2002   03    13.033
  2002   04    12.476
  2002   05    10.952
  2002   06     8.406
  2002   07     2.329
  2002   08     0.016
  2002   09     0.002
  2002   10     0.224
  2002   11     3.486
  2002   12     8.659
  2003   01    11.728
  2003   02    13.057
  2003   03    13.277
  2003   04    13.119
  2003   05    11.387
  2003   06     8.691
  2003   07     0.963
  2003   08     0.001
  2003   09     0.000
  2003   10     0.117
  2003   11     2.555
  2003   12     8.073
  2004   01    11.984
  2004   02    13.000
  2004   03    13.402
  2004   04    12.958
  2004   05    11.167
  2004   06     8.814
  2004   07     2.400
  2004   08     0.054
  2004   09     0.005
  2004   10     0.247
  2004   11     2.701
  2004   12     8.947
  2005   01    12.110
  2005   02    13.026
  2005   03    13.473
  2005   04    13.117
  2005   05    11.592
  2005   06     8.673
  2005   07     0.777
  2005   08     0.011
  2005   09     0.000
  2005   10     0.203
  2005   11     2.258
  2005   12     8.135
  2006   01    11.282
  2006   02    12.399
  2006   03    12.695
  2006   04    12.445
  2006   05    10.633
  2006   06     7.680
  2006   07     1.620
  2006   08     0.101
  2006   09     0.046
  2006   10     0.515
  2006   11     2.418
  2006   12     6.506
  2007   01    11.047
  2007   02    12.702
  2007   03    12.850
  2007   04    12.589
  2007   05    10.356
  2007   06     8.085
  2007   07     0.541
  2007   08     0.000
  2007   09     0.000
  2007   10     0.280
  2007   11     1.744
  2007   12     6.090
  2008   01    10.872
  2008   02    12.391
  2008   03    12.766
  2008   04    12.255
  2008   05    10.178
  2008   06     7.444
  2008   07     0.677
  2008   08     0.008
  2008   09     0.000
  2008   10     0.164
  2008   11     1.311
  2008   12     4.732
  2009   01     9.940
  2009   02    12.201
  2009   03    12.688
  2009   04    12.355
  2009   05    10.663
  2009   06     7.760
  2009   07     0.765
  2009   08     0.000
  2009   09     0.000
  2009   10     0.142
  2009   11     2.062
  2009   12     6.619
  2010   01    10.642
  2010   02    12.072
  2010   03    12.710
  2010   04    12.147
  2010   05    10.724
  2010   06     7.916
  2010   07     2.374
  2010   08     0.017
  2010   09     0.007
  2010   10     0.213
  2010   11     3.322
  2010   12     8.711
  2011   01    11.429
  2011   02    12.416
  2011   03    12.719
  2011   04    12.146
  2011   05    10.767
  2011   06     8.040
  2011   07     0.888
  2011   08     0.034
  2011   09     0.014
  2011   10     0.213
  2011   11     1.999
  2011   12     6.484
  2012   01    11.112
  2012   02    12.201
  2012   03    12.679
  2012   04    12.193
  2012   05    10.656
  2012   06     7.702
  2012   07     0.502
  2012   08     0.000
  2012   09     0.000
  2012   10     0.054
  2012   11     1.648
  2012   12     5.942
  2013   01    10.268
  2013   02    12.150
  2013   03    12.378
  2013   04    11.568
  2013   05    10.447
  2013   06     7.588
  2013   07     0.554
  2013   08     0.001
  2013   09     0.000
  2013   10     0.141
  2013   11     1.660
  2013   12     6.464
  2014   01    10.171
  2014   02    11.631
  2014   03    12.150
  2014   04    11.424
  2014   05     9.765
  2014   06     7.554
  2014   07     0.854
  2014   08     0.068
  2014   09     0.008
  2014   10     0.152
  2014   11     1.857
  2014   12     6.491
  2015   01     9.779
  2015   02    12.039
  2015   03    12.254
  2015   04    11.586
  2015   05     9.988
  2015   06     7.143
  2015   07     0.665
  2015   08     0.061
  2015   09     0.007
  2015   10     0.235
  2015   11     1.959
  2015   12     7.278
  2016   01    10.733
  2016   02    12.029
  2016   03    12.465
  2016   04    12.136
  2016   05    10.382
  2016   06     7.488
  2016   07     0.551
  2016   08     0.010
  2016   09     0.000
  2016   10     0.245
  2016   11     2.280
  2016   12     7.168
  2017   01    10.885
  2017   02    12.263
  2017   03    12.805
  2017   04    12.204
  2017   05    10.600
  2017   06     7.902
  2017   07     0.345
  2017   08     0.014
  2017   09     0.002
  2017   10     0.115
  2017   11     2.173
  2017   12     7.861
  2018   01    11.579
  2018   02    12.605
  2018   03    12.741
  2018   04    12.179
  2018   05    11.073
  2018   06     8.263
  2018   07     1.543
  2018   08     0.059
  2018   09     0.014
  2018   10     0.305
  2018   11     3.349
  2018   12     8.066
  2019   01    11.416
  2019   02    12.671
  2019   03    12.968
  2019   04    12.429
  2019   05    10.997
  2019   06     8.581
  2019   07     0.825
  2019   08     0.082
  2019   09     0.034
  2019   10     0.408
  2019   11     2.455
  2019   12     7.311
  2020   01    10.756
  2020   02    12.289
  2020   03    12.751
  2020   04    12.553
  2020   05    10.756
  2020   06     7.649
  2020   07     0.729
  2020   08     0.023
  2020   09     0.000
  2020   10     0.246
  2020   11     3.209
  2020   12     9.015
  2021   01    11.726
  2021   02    13.044
  2021   03    13.411
  2021   04    13.031
  2021   05    11.231
  2021   06     8.671
  2021   07     2.550
  2021   08     0.037
  2021   09     0.011
  2021   10     0.204
  2021   11     2.339
  2021   12     7.316
  2022   01    11.280
  2022   02    12.903
  2022   03    13.181
  2022   04    12.624
  2022   05    10.568
  2022   06     8.255
  2022   07     0.823
  2022   08     0.020
  2022   09     0.010
  2022   10     0.295
  2022   11     2.413
  2022   12     7.046
  2023   01    10.894
  2023   02    12.462
  2023   03    12.956
  2023   04    12.767
  2023   05    11.036
  2023   06     8.198
  2023   07     1.541
  2023   08     0.073
  2023   09     0.018
  2023   10     0.316
  2023   11     3.362
  2023   12     8.677
  2024   01    11.638
  2024   02    12.763
  2024   03    13.260
  2024   04    12.890
  2024   05    11.324
  2024   06     8.595
  2024   07     1.772
  2024   08     0.017
  2024   09     0.000
  2024   10     0.342
  2024   11     3.181
  2024   12     7.955
  2025   01    11.710
  2025   02    12.811
  2025   03    12.844
  2025   04    12.324
  2025   05    10.908
  2025   06     8.406
  2025   07     0.463
  2025   08     0.005
  2025   09     0.000
  2025   10     0.174
  2025   11     2.506
  2025   12     7.839
  2026   01    10.462
  2026   02    12.345
  2026   03    12.633
  2026   04    11.944
  2026   05    10.557
  2026   06     7.889
  2026   07     0.399
  2026   08     0.027
  2026   09     0.000
  2026   10     0.145
  2026   11     1.792
  2026   12     7.643
  2027   01    11.104
  2027   02    12.394
  2027   03    12.965
  2027   04    12.498
  2027   05    10.513
  2027   06     7.900
  2027   07     0.132
  2027   08     0.000
  2027   09     0.000
  2027   10     0.160
  2027   11     2.216
  2027   12     7.905
  2028   01    10.888
  2028   02    12.464
  2028   03    12.847
  2028   04    12.494
  2028   05    10.930
  2028   06     8.351
  2028   07     1.525
  2028   08     0.014
  2028   09     0.000
  2028   10     0.225
  2028   11     2.666
  2028   12     8.342
  2029   01    11.627
  2029   02    12.760
  2029   03    13.005
  2029   04    12.247
  2029   05    11.014
  2029   06     8.506
  2029   07     1.814
  2029   08     0.015
  2029   09     0.000
  2029   10     0.101
  2029   11     2.300
  2029   12     8.240
  2030   01    11.304
  2030   02    12.660
  2030   03    13.102
  2030   04    12.882
  2030   05    11.134
  2030   06     8.572
  2030   07     4.912
  2030   08     0.045
  2030   09     0.008
  2030   10     0.519
  2030   11     5.214
  2030   12    10.066
  2031   01    12.177
  2031   02    12.926
  2031   03    13.040
  2031   04    12.748
  2031   05    11.260
  2031   06     8.800
  2031   07     2.735
  2031   08     0.052
  2031   09     0.032
  2031   10     0.527
  2031   11     3.581
  2031   12     8.803
  2032   01    11.511
  2032   02    12.410
  2032   03    12.580
  2032   04    11.878
  2032   05    10.587
  2032   06     7.547
  2032   07     1.169
  2032   08     0.079
  2032   09     0.020
  2032   10     0.146
  2032   11     1.738
  2032   12     5.782
  2033   01    10.169
  2033   02    11.844
  2033   03    12.303
  2033   04    11.737
  2033   05    10.275
  2033   06     6.966
  2033   07     0.290
  2033   08     0.012
  2033   09     0.000
  2033   10     0.126
  2033   11     1.828
  2033   12     5.226
  2034   01     9.883
  2034   02    11.772
  2034   03    12.232
  2034   04    12.000
  2034   05    10.569
  2034   06     7.529
  2034   07     0.124
  2034   08     0.001
  2034   09     0.000
  2034   10     0.039
  2034   11     1.284
  2034   12     4.405
  2035   01     9.827
  2035   02    11.622
  2035   03    12.173
  2035   04    11.854
  2035   05    10.104
  2035   06     7.240
  2035   07     0.166
  2035   08     0.000
  2035   09     0.000
  2035   10     0.077
  2035   11     1.230
  2035   12     5.712
  2036   01    10.428
  2036   02    11.665
  2036   03    11.755
  2036   04    11.336
  2036   05     9.822
  2036   06     7.029
  2036   07     0.332
  2036   08     0.044
  2036   09     0.002
  2036   10     0.219
  2036   11     1.942
  2036   12     6.093
  2037   01    10.107
  2037   02    11.836
  2037   03    12.167
  2037   04    11.499
  2037   05     9.967
  2037   06     6.633
  2037   07     0.298
  2037   08     0.012
  2037   09     0.000
  2037   10     0.058
  2037   11     1.368
  2037   12     5.100
  2038   01     9.434
  2038   02    11.180
  2038   03    11.828
  2038   04    11.054
  2038   05     9.887
  2038   06     6.332
  2038   07     0.136
  2038   08     0.007
  2038   09     0.000
  2038   10     0.013
  2038   11     1.182
  2038   12     3.670
  2039   01     8.933
  2039   02    11.435
  2039   03    11.935
  2039   04    11.612
  2039   05    10.113
  2039   06     6.498
  2039   07     0.039
  2039   08     0.000
  2039   09     0.000
  2039   10     0.028
  2039   11     1.052
  2039   12     3.609
  2040   01     8.132
  2040   02    10.888
  2040   03    11.789
  2040   04    11.255
  2040   05     9.677
  2040   06     6.847
  2040   07     0.053
  2040   08     0.000
  2040   09     0.000
  2040   10     0.046
  2040   11     1.234
  2040   12     4.461
  2041   01    10.010
  2041   02    11.939
  2041   03    12.346
  2041   04    12.039
  2041   05    10.080
  2041   06     7.010
  2041   07     0.307
  2041   08     0.013
  2041   09     0.000
  2041   10     0.156
  2041   11     1.522
  2041   12     5.764
  2042   01    10.383
  2042   02    11.758
  2042   03    11.809
  2042   04    11.645
  2042   05     9.876
  2042   06     6.933
  2042   07     0.504
  2042   08     0.008
  2042   09     0.000
  2042   10     0.086
  2042   11     1.028
  2042   12     4.175
  2043   01     9.539
  2043   02    11.530
  2043   03    12.076
  2043   04    11.811
  2043   05    10.059
  2043   06     7.266
  2043   07     0.136
  2043   08     0.000
  2043   09     0.000
  2043   10     0.039
  2043   11     1.184
  2043   12     3.753
  2044   01     9.286
  2044   02    11.660
  2044   03    12.120
  2044   04    11.879
  2044   05     9.942
  2044   06     6.862
  2044   07     0.017
  2044   08     0.000
  2044   09     0.000
  2044   10     0.021
  2044   11     0.706
  2044   12     2.974
  2045   01     8.526
  2045   02    10.978
  2045   03    11.727
  2045   04    11.444
  2045   05     9.718
  2045   06     6.814
  2045   07     0.043
  2045   08     0.000
  2045   09     0.000
  2045   10     0.024
  2045   11     1.047
  2045   12     3.755
  2046   01     9.158
  2046   02    11.246
  2046   03    11.669
  2046   04    11.211
  2046   05     9.506
  2046   06     6.349
  2046   07     0.199
  2046   08     0.002
  2046   09     0.000
  2046   10     0.114
  2046   11     1.317
  2046   12     3.878
  2047   01     9.228
  2047   02    11.335
  2047   03    11.866
  2047   04    11.176
  2047   05     9.178
  2047   06     6.580
  2047   07     0.060
  2047   08     0.000
  2047   09     0.000
  2047   10     0.048
  2047   11     1.195
  2047   12     3.703
  2048   01     7.850
  2048   02    10.529
  2048   03    11.112
  2048   04    10.761
  2048   05     9.223
  2048   06     5.392
  2048   07     0.055
  2048   08     0.000
  2048   09     0.000
  2048   10     0.053
  2048   11     0.867
  2048   12     3.537
  2049   01     7.752
  2049   02     9.784
  2049   03    10.983
  2049   04    10.303
  2049   05     8.205
  2049   06     4.240
  2049   07     0.187
  2049   08     0.002
  2049   09     0.000
  2049   10     0.060
  2049   11     0.975
  2049   12     3.142
  2050   01     6.411
  2050   02     9.645
  2050   03    10.718
  2050   04    10.362
  2050   05     9.016
  2050   06     5.009
  2050   07     0.066
  2050   08     0.000
  2050   09     0.000
  2050   10     0.000
  2050   11     0.644
  2050   12     2.867
  2051   01     6.354
  2051   02     9.217
  2051   03    10.798
  2051   04    10.724
  2051   05     9.081
  2051   06     4.188
  2051   07     0.125
  2051   08     0.003
  2051   09     0.000
  2051   10     0.018
  2051   11     0.848
  2051   12     3.044
  2052   01     6.356
  2052   02     9.341
  2052   03    10.454
  2052   04    10.051
  2052   05     9.134
  2052   06     4.799
  2052   07     0.003
  2052   08     0.000
  2052   09     0.000
  2052   10     0.000
  2052   11     0.633
  2052   12     2.902
  2053   01     5.679
  2053   02     9.836
  2053   03    10.840
  2053   04    10.357
  2053   05     8.761
  2053   06     5.056
  2053   07     0.077
  2053   08     0.008
  2053   09     0.000
  2053   10     0.013
  2053   11     0.637
  2053   12     2.485
  2054   01     5.074
  2054   02     9.259
  2054   03    10.532
  2054   04    10.261
  2054   05     8.340
  2054   06     4.047
  2054   07     0.009
  2054   08     0.000
  2054   09     0.000
  2054   10     0.024
  2054   11     0.390
  2054   12     2.607
  2055   01     5.470
  2055   02     8.528
  2055   03    11.090
  2055   04    10.686
  2055   05     8.943
  2055   06     4.792
  2055   07     0.054
  2055   08     0.000
  2055   09     0.000
  2055   10     0.005
  2055   11     0.977
  2055   12     3.437
  2056   01     6.781
  2056   02    10.391
  2056   03    11.378
  2056   04    11.255
  2056   05     9.471
  2056   06     5.868
  2056   07     0.002
  2056   08     0.000
  2056   09     0.000
  2056   10     0.007
  2056   11     0.696
  2056   12     2.928
  2057   01     6.781
  2057   02    10.824
  2057   03    11.319
  2057   04    10.927
  2057   05     9.171
  2057   06     6.102
  2057   07     0.072
  2057   08     0.000
  2057   09     0.000
  2057   10     0.013
  2057   11     0.524
  2057   12     3.117
  2058   01     7.382
  2058   02    10.724
  2058   03    11.529
  2058   04    10.798
  2058   05     9.267
  2058   06     6.480
  2058   07     0.042
  2058   08     0.000
  2058   09     0.000
  2058   10     0.000
  2058   11     0.433
  2058   12     2.749
  2059   01     6.746
  2059   02     9.785
  2059   03    10.951
  2059   04    10.557
  2059   05     9.115
  2059   06     5.838
  2059   07     0.036
  2059   08     0.000
  2059   09     0.000
  2059   10     0.005
  2059   11     0.360
  2059   12     2.451
  2060   01     5.735
  2060   02     9.227
  2060   03    10.474
  2060   04    10.208
  2060   05     8.397
  2060   06     3.503
  2060   07     0.025
  2060   08     0.000
  2060   09     0.000
  2060   10     0.024
  2060   11     0.839
  2060   12     2.732
  2061   01     6.318
  2061   02     9.577
  2061   03    10.695
  2061   04    10.335
  2061   05     8.563
  2061   06     4.558
  2061   07     0.026
  2061   08     0.000
  2061   09     0.000
  2061   10     0.005
  2061   11     0.426
  2061   12     2.342
  2062   01     5.031
  2062   02     8.381
  2062   03     9.614
  2062   04     9.567
  2062   05     7.701
  2062   06     3.174
  2062   07     0.008
  2062   08     0.000
  2062   09     0.000
  2062   10     0.002
  2062   11     0.305
  2062   12     1.995
  2063   01     4.016
  2063   02     6.543
  2063   03     9.433
  2063   04     9.398
  2063   05     6.936
  2063   06     1.797
  2063   07     0.035
  2063   08     0.000
  2063   09     0.000
  2063   10     0.000
  2063   11     0.386
  2063   12     1.832
  2064   01     4.047
  2064   02     6.311
  2064   03     8.343
  2064   04     9.324
  2064   05     7.211
  2064   06     2.175
  2064   07     0.009
  2064   08     0.000
  2064   09     0.000
  2064   10     0.000
  2064   11     0.310
  2064   12     1.952
  2065   01     4.365
  2065   02     6.867
  2065   03     9.137
  2065   04     9.779
  2065   05     7.833
  2065   06     1.602
  2065   07     0.000
  2065   08     0.000
  2065   09     0.000
  2065   10     0.000
  2065   11     0.357
  2065   12     2.012
  2066   01     4.364
  2066   02     6.544
  2066   03     8.774
  2066   04     9.089
  2066   05     7.272
  2066   06     0.987
  2066   07     0.000
  2066   08     0.000
  2066   09     0.000
  2066   10     0.000
  2066   11     0.218
  2066   12     1.850
  2067   01     3.909
  2067   02     5.923
  2067   03     7.881
  2067   04     8.052
  2067   05     5.556
  2067   06     1.045
  2067   07     0.010
  2067   08     0.000
  2067   09     0.000
  2067   10     0.002
  2067   11     0.149
  2067   12     1.737
  2068   01     3.890
  2068   02     5.896
  2068   03     6.912
  2068   04     7.081
  2068   05     4.556
  2068   06     0.759
  2068   07     0.004
  2068   08     0.000
  2068   09     0.000
  2068   10     0.000
  2068   11     0.075
  2068   12     1.025
  2069   01     2.601
  2069   02     4.969
  2069   03     7.080
  2069   04     7.224
  2069   05     5.208
  2069   06     1.175
  2069   07     0.000
  2069   08     0.000
  2069   09     0.000
  2069   10     0.002
  2069   11     0.215
  2069   12     1.507
  2070   01     3.904
  2070   02     6.624
  2070   03     8.308
  2070   04     8.564
  2070   05     6.543
  2070   06     1.962
  2070   07     0.017
  2070   08     0.000
  2070   09     0.000
  2070   10     0.000
  2070   11     0.325
  2070   12     2.160
  2071   01     4.989
  2071   02     8.088
  2071   03    10.446
  2071   04     9.961
  2071   05     8.007
  2071   06     3.332
  2071   07     0.000
  2071   08     0.000
  2071   09     0.000
  2071   10     0.000
  2071   11     0.375
  2071   12     2.219
  2072   01     5.398
  2072   02     9.466
  2072   03    10.145
  2072   04     9.598
  2072   05     7.469
  2072   06     4.168
  2072   07     0.067
  2072   08     0.000
  2072   09     0.000
  2072   10     0.010
  2072   11     0.442
  2072   12     2.364
  2073   01     4.844
  2073   02     8.916
  2073   03     9.818
  2073   04     9.376
  2073   05     7.263
  2073   06     3.216
  2073   07     0.019
  2073   08     0.000
  2073   09     0.000
  2073   10     0.000
  2073   11     0.217
  2073   12     1.878
  2074   01     4.155
  2074   02     6.461
  2074   03     8.556
  2074   04     8.198
  2074   05     6.104
  2074   06     1.503
  2074   07     0.043
  2074   08     0.002
  2074   09     0.000
  2074   10     0.000
  2074   11     0.114
  2074   12     1.474
  2075   01     3.462
  2075   02     5.626
  2075   03     7.020
  2075   04     7.267
  2075   05     4.566
  2075   06     1.420
  2075   07     0.000
  2075   08     0.000
  2075   09     0.000
  2075   10     0.000
  2075   11     0.360
  2075   12     1.366
  2076   01     3.481
  2076   02     5.050
  2076   03     6.000
  2076   04     5.678
  2076   05     3.896
  2076   06     0.785
  2076   07     0.000
  2076   08     0.000
  2076   09     0.000
  2076   10     0.000
  2076   11     0.245
  2076   12     1.362
  2077   01     3.211
  2077   02     4.514
  2077   03     5.870
  2077   04     5.567
  2077   05     3.940
  2077   06     0.615
  2077   07     0.000
  2077   08     0.000
  2077   09     0.000
  2077   10     0.000
  2077   11     0.225
  2077   12     1.728
  2078   01     3.554
  2078   02     5.175
  2078   03     6.644
  2078   04     6.270
  2078   05     3.943
  2078   06     0.775
  2078   07     0.008
  2078   08     0.000
  2078   09     0.000
  2078   10     0.000
  2078   11     0.135
  2078   12     1.377
  2079   01     2.806
  2079   02     4.580
  2079   03     5.220
  2079   04     4.847
  2079   05     2.877
  2079   06     0.500
  2079   07     0.000
  2079   08     0.000
  2079   09     0.000
  2079   10     0.000
  2079   11     0.052
  2079   12     0.977
  2080   01     2.697
  2080   02     4.325
  2080   03     5.009
  2080   04     4.661
  2080   05     3.030
  2080   06     0.464
  2080   07     0.000
  2080   08     0.000
  2080   09     0.000
  2080   10     0.000
  2080   11     0.166
  2080   12     1.166
  2081   01     2.982
  2081   02     4.351
  2081   03     5.148
  2081   04     4.408
  2081   05     3.270
  2081   06     0.310
  2081   07     0.000
  2081   08     0.000
  2081   09     0.000
  2081   10     0.000
  2081   11     0.082
  2081   12     0.975
  2082   01     2.597
  2082   02     4.025
  2082   03     5.046
  2082   04     4.610
  2082   05     3.014
  2082   06     0.123
  2082   07     0.000
  2082   08     0.000
  2082   09     0.000
  2082   10     0.000
  2082   11     0.064
  2082   12     0.941
  2083   01     2.627
  2083   02     4.108
  2083   03     4.914
  2083   04     4.511
  2083   05     2.918
  2083   06     0.095
  2083   07     0.000
  2083   08     0.000
  2083   09     0.000
  2083   10     0.000
  2083   11     0.106
  2083   12     0.939
  2084   01     2.553
  2084   02     4.266
  2084   03     4.808
  2084   04     4.534
  2084   05     2.736
  2084   06     0.153
  2084   07     0.000
  2084   08     0.000
  2084   09     0.000
  2084   10     0.000
  2084   11     0.024
  2084   12     0.901
  2085   01     2.470
  2085   02     4.087
  2085   03     4.592
  2085   04     4.180
  2085   05     2.680
  2085   06     0.332
  2085   07     0.000
  2085   08     0.000
  2085   09     0.000
  2085   10     0.000
  2085   11     0.024
  2085   12     0.729
  2086   01     2.136
  2086   02     3.519
  2086   03     4.356
  2086   04     3.819
  2086   05     2.489
  2086   06     0.411
  2086   07     0.000
  2086   08     0.000
  2086   09     0.000
  2086   10     0.000
  2086   11     0.044
  2086   12     0.674
  2087   01     2.183
  2087   02     4.080
  2087   03     5.065
  2087   04     4.779
  2087   05     3.152
  2087   06     0.262
  2087   07     0.000
  2087   08     0.000
  2087   09     0.000
  2087   10     0.000
  2087   11     0.054
  2087   12     0.809
  2088   01     2.334
  2088   02     4.542
  2088   03     5.779
  2088   04     5.272
  2088   05     3.344
  2088   06     0.297
  2088   07     0.000
  2088   08     0.000
  2088   09     0.000
  2088   10     0.000
  2088   11     0.102
  2088   12     1.225
  2089   01     3.057
  2089   02     4.626
  2089   03     5.455
  2089   04     4.643
  2089   05     2.490
  2089   06     0.030
  2089   07     0.000
  2089   08     0.000
  2089   09     0.000
  2089   10     0.000
  2089   11     0.052
  2089   12     0.889
  2090   01     2.043
  2090   02     3.633
  2090   03     4.221
  2090   04     3.682
  2090   05     2.406
  2090   06     0.045
  2090   07     0.000
  2090   08     0.000
  2090   09     0.000
  2090   10     0.000
  2090   11     0.073
  2090   12     0.788
  2091   01     2.167
  2091   02     3.470
  2091   03     4.102
  2091   04     3.356
  2091   05     2.240
  2091   06     0.018
  2091   07     0.000
  2091   08     0.000
  2091   09     0.000
  2091   10     0.000
  2091   11     0.048
  2091   12     0.745
  2092   01     1.761
  2092   02     3.114
  2092   03     3.725
  2092   04     3.228
  2092   05     2.081
  2092   06     0.256
  2092   07     0.000
  2092   08     0.000
  2092   09     0.000
  2092   10     0.000
  2092   11     0.085
  2092   12     0.704
  2093   01     2.019
  2093   02     3.633
  2093   03     4.524
  2093   04     4.137
  2093   05     2.495
  2093   06     0.190
  2093   07     0.000
  2093   08     0.000
  2093   09     0.000
  2093   10     0.000
  2093   11     0.072
  2093   12     0.877
  2094   01     2.116
  2094   02     3.733
  2094   03     4.545
  2094   04     4.053
  2094   05     2.681
  2094   06     0.005
  2094   07     0.000
  2094   08     0.000
  2094   09     0.000
  2094   10     0.000
  2094   11     0.063
  2094   12     0.619
  2095   01     1.830
  2095   02     3.466
  2095   03     3.818
  2095   04     3.222
  2095   05     1.978
  2095   06     0.013
  2095   07     0.000
  2095   08     0.000
  2095   09     0.000
  2095   10     0.000
  2095   11     0.004
  2095   12     0.353
  2096   01     1.208
  2096   02     2.225
  2096   03     2.830
  2096   04     2.448
  2096   05     1.063
  2096   06     0.028
  2096   07     0.000
  2096   08     0.000
  2096   09     0.000
  2096   10     0.000
  2096   11     0.016
  2096   12     0.544
  2097   01     1.264
  2097   02     2.404
  2097   03     3.108
  2097   04     2.744
  2097   05     1.474
  2097   06     0.003
  2097   07     0.000
  2097   08     0.000
  2097   09     0.000
  2097   10     0.000
  2097   11     0.028
  2097   12     0.554
  2098   01     1.473
  2098   02     2.413
  2098   03     3.018
  2098   04     2.634
  2098   05     1.466
  2098   06     0.013
  2098   07     0.000
  2098   08     0.000
  2098   09     0.000
  2098   10     0.000
  2098   11     0.000
  2098   12     0.468
  2099   01     1.442
  2099   02     2.275
  2099   03     2.677
  2099   04     2.295
  2099   05     1.072
  2099   06     0.020
  2099   07     0.000
  2099   08     0.000
  2099   09     0.000
  2099   10     0.000
  2099   11     0.026
  2099   12     0.360
  2100   01     1.068
  2100   02     2.006
  2100   03     2.466
  2100   04     2.221
  2100   05     0.737
  2100   06     0.000
  2100   07     0.000
  2100   08     0.000
  2100   09     0.000
  2100   10     0.000
  2100   11     0.000
  2100   12     0.340
