  1850   01    16.011
  1850   02    17.155
  1850   03    17.179
  1850   04    16.521
  1850   05    15.277
  1850   06    13.045
  1850   07    10.271
  1850   08     7.621
  1850   09     7.188
  1850   10     8.982
  1850   11    11.545
  1850   12    14.384
  1851   01    15.913
  1851   02    17.050
  1851   03    17.565
  1851   04    17.201
  1851   05    15.360
  1851   06    13.021
  1851   07    10.306
  1851   08     8.035
  1851   09     8.028
  1851   10     9.317
  1851   11    11.336
  1851   12    14.357
  1852   01    16.362
  1852   02    17.586
  1852   03    17.685
  1852   04    16.950
  1852   05    15.350
  1852   06    12.921
  1852   07     9.205
  1852   08     7.324
  1852   09     7.178
  1852   10     8.502
  1852   11    10.936
  1852   12    14.049
  1853   01    15.724
  1853   02    16.852
  1853   03    17.108
  1853   04    16.692
  1853   05    15.090
  1853   06    12.229
  1853   07     9.472
  1853   08     8.127
  1853   09     7.928
  1853   10     9.249
  1853   11    11.422
  1853   12    13.788
  1854   01    15.578
  1854   02    16.558
  1854   03    16.906
  1854   04    16.648
  1854   05    14.868
  1854   06    12.940
  1854   07    10.183
  1854   08     7.782
  1854   09     7.496
  1854   10     9.262
  1854   11    11.663
  1854   12    14.213
  1855   01    16.060
  1855   02    16.952
  1855   03    16.889
  1855   04    16.255
  1855   05    14.179
  1855   06    12.026
  1855   07    10.016
  1855   08     8.579
  1855   09     8.345
  1855   10     9.964
  1855   11    11.991
  1855   12    13.961
  1856   01    15.778
  1856   02    16.679
  1856   03    17.021
  1856   04    16.425
  1856   05    15.271
  1856   06    13.140
  1856   07    10.280
  1856   08     7.803
  1856   09     7.588
  1856   10     9.516
  1856   11    11.964
  1856   12    14.307
  1857   01    15.846
  1857   02    17.017
  1857   03    17.282
  1857   04    16.411
  1857   05    14.982
  1857   06    12.829
  1857   07    10.584
  1857   08     8.077
  1857   09     7.604
  1857   10     9.123
  1857   11    12.007
  1857   12    14.523
  1858   01    16.180
  1858   02    17.218
  1858   03    17.258
  1858   04    16.918
  1858   05    15.595
  1858   06    13.034
  1858   07    10.799
  1858   08     8.003
  1858   09     7.468
  1858   10     9.955
  1858   11    12.106
  1858   12    14.593
  1859   01    16.565
  1859   02    17.518
  1859   03    17.668
  1859   04    17.071
  1859   05    15.732
  1859   06    12.196
  1859   07     9.602
  1859   08     7.783
  1859   09     7.616
  1859   10     9.621
  1859   11    11.844
  1859   12    14.248
  1860   01    16.403
  1860   02    17.519
  1860   03    17.564
  1860   04    16.925
  1860   05    15.025
  1860   06    12.487
  1860   07    10.740
  1860   08     8.426
  1860   09     8.295
  1860   10    10.188
  1860   11    11.786
  1860   12    14.499
  1861   01    16.251
  1861   02    17.101
  1861   03    17.329
  1861   04    16.588
  1861   05    14.712
  1861   06    12.709
  1861   07    10.494
  1861   08     8.593
  1861   09     8.068
  1861   10     9.837
  1861   11    12.007
  1861   12    14.326
  1862   01    16.298
  1862   02    17.469
  1862   03    17.697
  1862   04    17.063
  1862   05    15.551
  1862   06    12.492
  1862   07     9.979
  1862   08     8.017
  1862   09     7.689
  1862   10     9.572
  1862   11    11.626
  1862   12    14.079
  1863   01    15.939
  1863   02    17.081
  1863   03    17.557
  1863   04    16.899
  1863   05    15.145
  1863   06    12.484
  1863   07     9.987
  1863   08     8.208
  1863   09     7.519
  1863   10     8.926
  1863   11    11.665
  1863   12    14.555
  1864   01    16.083
  1864   02    17.040
  1864   03    17.395
  1864   04    16.884
  1864   05    15.577
  1864   06    12.975
  1864   07    10.491
  1864   08     8.155
  1864   09     7.726
  1864   10     9.297
  1864   11    11.579
  1864   12    14.385
  1865   01    16.213
  1865   02    17.309
  1865   03    17.665
  1865   04    17.028
  1865   05    15.230
  1865   06    12.377
  1865   07     9.870
  1865   08     7.928
  1865   09     7.588
  1865   10     9.036
  1865   11    11.720
  1865   12    14.198
  1866   01    16.033
  1866   02    16.960
  1866   03    17.266
  1866   04    16.769
  1866   05    15.169
  1866   06    11.433
  1866   07     8.765
  1866   08     7.472
  1866   09     7.282
  1866   10     8.860
  1866   11    10.755
  1866   12    13.664
  1867   01    15.623
  1867   02    16.533
  1867   03    16.782
  1867   04    16.555
  1867   05    15.084
  1867   06    11.649
  1867   07     9.716
  1867   08     8.050
  1867   09     7.902
  1867   10     8.996
  1867   11    11.106
  1867   12    13.615
  1868   01    15.803
  1868   02    16.765
  1868   03    16.833
  1868   04    16.329
  1868   05    15.444
  1868   06    12.538
  1868   07    10.085
  1868   08     7.489
  1868   09     7.062
  1868   10     8.845
  1868   11    11.177
  1868   12    13.901
  1869   01    15.872
  1869   02    16.971
  1869   03    17.077
  1869   04    16.325
  1869   05    14.696
  1869   06    12.215
  1869   07    10.386
  1869   08     7.990
  1869   09     7.536
  1869   10     9.237
  1869   11    11.632
  1869   12    14.271
  1870   01    16.024
  1870   02    16.422
  1870   03    16.775
  1870   04    16.330
  1870   05    15.120
  1870   06    12.253
  1870   07     9.551
  1870   08     7.118
  1870   09     6.808
  1870   10     8.735
  1870   11    11.826
  1870   12    14.319
  1871   01    16.087
  1871   02    16.885
  1871   03    17.252
  1871   04    16.531
  1871   05    14.854
  1871   06    12.612
  1871   07    10.377
  1871   08     8.605
  1871   09     8.176
  1871   10     9.745
  1871   11    11.555
  1871   12    14.286
  1872   01    15.721
  1872   02    16.721
  1872   03    17.056
  1872   04    16.438
  1872   05    15.041
  1872   06    12.529
  1872   07    10.325
  1872   08     8.233
  1872   09     8.219
  1872   10    10.007
  1872   11    12.079
  1872   12    14.188
  1873   01    15.593
  1873   02    16.650
  1873   03    16.934
  1873   04    16.278
  1873   05    14.873
  1873   06    12.230
  1873   07     9.704
  1873   08     8.388
  1873   09     8.253
  1873   10     9.359
  1873   11    11.528
  1873   12    14.259
  1874   01    15.734
  1874   02    16.570
  1874   03    17.066
  1874   04    16.741
  1874   05    15.138
  1874   06    12.655
  1874   07    10.353
  1874   08     8.342
  1874   09     7.999
  1874   10     9.738
  1874   11    11.685
  1874   12    13.987
  1875   01    15.648
  1875   02    16.397
  1875   03    16.894
  1875   04    16.573
  1875   05    15.343
  1875   06    12.907
  1875   07    10.234
  1875   08     8.139
  1875   09     7.811
  1875   10     9.411
  1875   11    12.253
  1875   12    14.861
  1876   01    16.362
  1876   02    17.389
  1876   03    17.868
  1876   04    17.439
  1876   05    16.032
  1876   06    13.507
  1876   07    10.560
  1876   08     8.189
  1876   09     7.576
  1876   10     9.219
  1876   11    11.906
  1876   12    14.558
  1877   01    16.616
  1877   02    17.810
  1877   03    17.979
  1877   04    17.516
  1877   05    16.310
  1877   06    13.534
  1877   07    10.957
  1877   08     8.741
  1877   09     8.023
  1877   10     9.570
  1877   11    12.067
  1877   12    14.733
  1878   01    16.495
  1878   02    17.752
  1878   03    18.167
  1878   04    17.689
  1878   05    16.269
  1878   06    13.744
  1878   07    10.964
  1878   08     8.760
  1878   09     7.627
  1878   10     9.150
  1878   11    12.060
  1878   12    14.892
  1879   01    16.736
  1879   02    17.637
  1879   03    17.922
  1879   04    17.608
  1879   05    15.779
  1879   06    13.093
  1879   07    10.024
  1879   08     7.774
  1879   09     7.091
  1879   10     8.715
  1879   11    11.575
  1879   12    13.948
  1880   01    15.951
  1880   02    16.920
  1880   03    17.135
  1880   04    16.874
  1880   05    15.356
  1880   06    12.878
  1880   07     9.703
  1880   08     7.698
  1880   09     7.281
  1880   10     9.055
  1880   11    11.412
  1880   12    14.356
  1881   01    16.324
  1881   02    17.367
  1881   03    17.605
  1881   04    17.343
  1881   05    15.909
  1881   06    12.948
  1881   07     9.900
  1881   08     7.995
  1881   09     7.540
  1881   10     9.452
  1881   11    11.835
  1881   12    14.424
  1882   01    16.092
  1882   02    17.216
  1882   03    17.644
  1882   04    17.061
  1882   05    15.467
  1882   06    12.638
  1882   07    10.055
  1882   08     8.098
  1882   09     7.376
  1882   10     9.535
  1882   11    11.860
  1882   12    14.551
  1883   01    16.231
  1883   02    16.992
  1883   03    17.044
  1883   04    16.844
  1883   05    15.312
  1883   06    12.891
  1883   07    10.328
  1883   08     8.388
  1883   09     7.693
  1883   10     9.212
  1883   11    11.872
  1883   12    14.719
  1884   01    16.203
  1884   02    17.479
  1884   03    17.612
  1884   04    17.301
  1884   05    15.592
  1884   06    12.874
  1884   07    10.306
  1884   08     8.500
  1884   09     8.130
  1884   10     9.733
  1884   11    11.917
  1884   12    14.905
  1885   01    16.645
  1885   02    17.722
  1885   03    17.868
  1885   04    17.419
  1885   05    15.946
  1885   06    13.035
  1885   07    10.408
  1885   08     8.638
  1885   09     8.226
  1885   10    10.210
  1885   11    12.301
  1885   12    14.715
  1886   01    16.634
  1886   02    17.472
  1886   03    17.330
  1886   04    17.110
  1886   05    15.470
  1886   06    13.001
  1886   07    10.436
  1886   08     8.152
  1886   09     7.861
  1886   10     9.901
  1886   11    11.995
  1886   12    14.778
  1887   01    16.238
  1887   02    17.016
  1887   03    17.364
  1887   04    16.996
  1887   05    15.589
  1887   06    13.068
  1887   07    10.638
  1887   08     8.855
  1887   09     8.722
  1887   10    10.229
  1887   11    12.186
  1887   12    14.713
  1888   01    16.678
  1888   02    17.485
  1888   03    17.619
  1888   04    17.184
  1888   05    16.108
  1888   06    13.397
  1888   07    10.521
  1888   08     8.504
  1888   09     7.925
  1888   10     9.167
  1888   11    11.814
  1888   12    14.573
  1889   01    16.798
  1889   02    17.411
  1889   03    17.623
  1889   04    17.169
  1889   05    15.643
  1889   06    13.641
  1889   07    11.005
  1889   08     9.211
  1889   09     8.572
  1889   10    10.189
  1889   11    12.129
  1889   12    14.876
  1890   01    16.556
  1890   02    17.576
  1890   03    18.025
  1890   04    17.213
  1890   05    15.657
  1890   06    13.418
  1890   07    10.619
  1890   08     9.122
  1890   09     8.683
  1890   10    10.363
  1890   11    12.043
  1890   12    14.756
  1891   01    16.065
  1891   02    17.091
  1891   03    17.256
  1891   04    16.987
  1891   05    15.709
  1891   06    13.605
  1891   07    10.613
  1891   08     8.419
  1891   09     7.980
  1891   10     9.348
  1891   11    11.904
  1891   12    14.396
  1892   01    16.083
  1892   02    17.006
  1892   03    17.339
  1892   04    16.185
  1892   05    15.051
  1892   06    12.860
  1892   07    10.282
  1892   08     8.412
  1892   09     8.061
  1892   10     9.632
  1892   11    11.937
  1892   12    14.493
  1893   01    16.292
  1893   02    17.069
  1893   03    17.406
  1893   04    16.546
  1893   05    14.973
  1893   06    12.956
  1893   07    11.105
  1893   08     9.120
  1893   09     8.855
  1893   10    10.238
  1893   11    12.469
  1893   12    14.803
  1894   01    16.685
  1894   02    17.537
  1894   03    17.795
  1894   04    17.101
  1894   05    15.776
  1894   06    13.631
  1894   07    10.879
  1894   08     9.140
  1894   09     8.726
  1894   10    10.220
  1894   11    12.135
  1894   12    14.316
  1895   01    16.360
  1895   02    17.406
  1895   03    17.489
  1895   04    17.196
  1895   05    15.499
  1895   06    13.505
  1895   07    10.564
  1895   08     8.146
  1895   09     7.940
  1895   10     9.782
  1895   11    11.740
  1895   12    14.401
  1896   01    16.308
  1896   02    17.570
  1896   03    17.647
  1896   04    17.007
  1896   05    15.544
  1896   06    12.646
  1896   07     9.764
  1896   08     7.571
  1896   09     6.989
  1896   10     9.223
  1896   11    11.280
  1896   12    14.147
  1897   01    15.628
  1897   02    16.741
  1897   03    16.954
  1897   04    16.164
  1897   05    15.000
  1897   06    11.971
  1897   07     9.499
  1897   08     7.868
  1897   09     7.376
  1897   10     8.830
  1897   11    11.253
  1897   12    13.581
  1898   01    15.900
  1898   02    16.866
  1898   03    16.971
  1898   04    16.371
  1898   05    15.011
  1898   06    12.902
  1898   07    10.265
  1898   08     8.021
  1898   09     7.528
  1898   10     9.399
  1898   11    11.245
  1898   12    13.430
  1899   01    15.343
  1899   02    16.226
  1899   03    16.723
  1899   04    16.049
  1899   05    14.884
  1899   06    12.575
  1899   07     9.347
  1899   08     7.120
  1899   09     7.025
  1899   10     8.694
  1899   11    11.419
  1899   12    13.914
  1900   01    15.906
  1900   02    16.792
  1900   03    16.879
  1900   04    16.030
  1900   05    14.359
  1900   06    12.328
  1900   07    10.369
  1900   08     8.533
  1900   09     7.983
  1900   10     9.599
  1900   11    11.343
  1900   12    14.160
  1901   01    15.907
  1901   02    16.860
  1901   03    17.006
  1901   04    16.465
  1901   05    14.854
  1901   06    12.674
  1901   07    10.643
  1901   08     8.948
  1901   09     8.504
  1901   10    10.065
  1901   11    12.204
  1901   12    14.587
  1902   01    16.053
  1902   02    16.798
  1902   03    16.971
  1902   04    16.428
  1902   05    14.886
  1902   06    12.541
  1902   07    10.236
  1902   08     8.146
  1902   09     8.167
  1902   10     9.999
  1902   11    11.900
  1902   12    14.088
  1903   01    16.150
  1903   02    16.940
  1903   03    17.163
  1903   04    16.981
  1903   05    15.267
  1903   06    12.499
  1903   07    10.177
  1903   08     8.475
  1903   09     8.642
  1903   10     9.830
  1903   11    12.206
  1903   12    14.729
  1904   01    16.290
  1904   02    17.113
  1904   03    17.483
  1904   04    16.756
  1904   05    15.210
  1904   06    12.636
  1904   07    10.649
  1904   08     8.491
  1904   09     7.859
  1904   10     9.662
  1904   11    11.786
  1904   12    14.421
  1905   01    16.220
  1905   02    17.240
  1905   03    17.329
  1905   04    16.568
  1905   05    14.858
  1905   06    12.548
  1905   07    10.611
  1905   08     8.978
  1905   09     8.753
  1905   10    10.197
  1905   11    11.771
  1905   12    14.348
  1906   01    15.921
  1906   02    17.085
  1906   03    17.303
  1906   04    16.533
  1906   05    15.040
  1906   06    12.288
  1906   07    10.514
  1906   08     8.621
  1906   09     8.151
  1906   10    10.329
  1906   11    11.752
  1906   12    13.993
  1907   01    15.833
  1907   02    16.783
  1907   03    16.813
  1907   04    16.392
  1907   05    14.573
  1907   06    12.389
  1907   07    10.063
  1907   08     8.522
  1907   09     8.200
  1907   10     9.699
  1907   11    11.262
  1907   12    13.812
  1908   01    15.946
  1908   02    16.883
  1908   03    17.088
  1908   04    16.530
  1908   05    14.976
  1908   06    12.363
  1908   07     9.930
  1908   08     7.958
  1908   09     7.346
  1908   10     8.898
  1908   11    11.651
  1908   12    14.056
  1909   01    15.933
  1909   02    17.010
  1909   03    17.308
  1909   04    16.767
  1909   05    15.352
  1909   06    12.512
  1909   07    10.050
  1909   08     8.346
  1909   09     7.936
  1909   10     9.718
  1909   11    12.068
  1909   12    14.383
  1910   01    16.127
  1910   02    17.306
  1910   03    17.516
  1910   04    16.811
  1910   05    15.661
  1910   06    13.152
  1910   07    10.639
  1910   08     8.657
  1910   09     8.051
  1910   10     9.732
  1910   11    12.076
  1910   12    14.416
  1911   01    16.193
  1911   02    16.934
  1911   03    16.626
  1911   04    16.392
  1911   05    14.764
  1911   06    13.321
  1911   07    10.994
  1911   08     9.139
  1911   09     8.670
  1911   10    10.270
  1911   11    12.210
  1911   12    14.512
  1912   01    16.225
  1912   02    17.113
  1912   03    16.804
  1912   04    15.879
  1912   05    14.182
  1912   06    12.734
  1912   07    10.608
  1912   08     8.933
  1912   09     8.787
  1912   10    10.180
  1912   11    12.131
  1912   12    14.763
  1913   01    16.169
  1913   02    17.369
  1913   03    17.469
  1913   04    17.310
  1913   05    15.849
  1913   06    13.239
  1913   07    10.803
  1913   08     8.648
  1913   09     8.217
  1913   10     9.719
  1913   11    12.594
  1913   12    15.327
  1914   01    16.962
  1914   02    18.098
  1914   03    18.190
  1914   04    17.596
  1914   05    16.056
  1914   06    13.850
  1914   07    11.479
  1914   08     9.246
  1914   09     8.743
  1914   10    10.230
  1914   11    12.703
  1914   12    15.365
  1915   01    17.090
  1915   02    18.311
  1915   03    18.311
  1915   04    17.854
  1915   05    16.145
  1915   06    13.682
  1915   07    10.939
  1915   08     9.375
  1915   09     8.890
  1915   10    10.468
  1915   11    12.915
  1915   12    15.291
  1916   01    17.144
  1916   02    17.928
  1916   03    17.924
  1916   04    17.249
  1916   05    15.923
  1916   06    13.784
  1916   07    11.495
  1916   08     9.083
  1916   09     8.880
  1916   10    10.131
  1916   11    12.033
  1916   12    14.584
  1917   01    16.411
  1917   02    17.438
  1917   03    17.697
  1917   04    16.987
  1917   05    15.688
  1917   06    13.073
  1917   07    10.190
  1917   08     8.047
  1917   09     8.151
  1917   10     9.504
  1917   11    11.870
  1917   12    14.755
  1918   01    16.268
  1918   02    17.059
  1918   03    17.310
  1918   04    16.694
  1918   05    15.630
  1918   06    13.008
  1918   07    10.713
  1918   08     9.368
  1918   09     9.147
  1918   10    10.220
  1918   11    12.411
  1918   12    14.436
  1919   01    16.434
  1919   02    17.361
  1919   03    17.271
  1919   04    16.743
  1919   05    15.522
  1919   06    13.481
  1919   07    10.439
  1919   08     8.486
  1919   09     7.880
  1919   10     9.525
  1919   11    12.163
  1919   12    14.240
  1920   01    16.178
  1920   02    17.191
  1920   03    17.580
  1920   04    17.111
  1920   05    15.447
  1920   06    12.738
  1920   07    10.387
  1920   08     8.974
  1920   09     8.900
  1920   10    10.355
  1920   11    12.161
  1920   12    14.649
  1921   01    16.500
  1921   02    17.289
  1921   03    17.681
  1921   04    17.549
  1921   05    15.886
  1921   06    13.144
  1921   07    10.848
  1921   08     8.823
  1921   09     8.210
  1921   10     9.828
  1921   11    12.278
  1921   12    14.739
  1922   01    16.282
  1922   02    17.274
  1922   03    17.125
  1922   04    16.511
  1922   05    15.472
  1922   06    13.149
  1922   07    10.933
  1922   08     8.190
  1922   09     7.498
  1922   10     9.432
  1922   11    12.138
  1922   12    14.585
  1923   01    15.965
  1923   02    17.019
  1923   03    17.277
  1923   04    16.618
  1923   05    14.254
  1923   06    12.247
  1923   07     9.716
  1923   08     8.150
  1923   09     7.851
  1923   10     9.264
  1923   11    11.350
  1923   12    14.328
  1924   01    16.150
  1924   02    17.285
  1924   03    17.399
  1924   04    16.310
  1924   05    14.447
  1924   06    12.065
  1924   07     9.577
  1924   08     8.201
  1924   09     7.960
  1924   10     9.391
  1924   11    11.372
  1924   12    13.468
  1925   01    16.012
  1925   02    16.991
  1925   03    17.168
  1925   04    16.425
  1925   05    14.941
  1925   06    12.195
  1925   07     9.852
  1925   08     8.414
  1925   09     8.049
  1925   10     9.426
  1925   11    11.580
  1925   12    13.668
  1926   01    15.687
  1926   02    16.800
  1926   03    17.033
  1926   04    16.311
  1926   05    14.870
  1926   06    12.169
  1926   07    10.139
  1926   08     9.017
  1926   09     8.652
  1926   10     9.967
  1926   11    11.522
  1926   12    14.209
  1927   01    15.778
  1927   02    16.788
  1927   03    16.882
  1927   04    16.917
  1927   05    15.718
  1927   06    13.078
  1927   07    10.325
  1927   08     8.444
  1927   09     7.993
  1927   10     9.806
  1927   11    11.700
  1927   12    14.345
  1928   01    15.622
  1928   02    16.984
  1928   03    16.949
  1928   04    16.236
  1928   05    14.698
  1928   06    12.471
  1928   07    10.351
  1928   08     8.571
  1928   09     8.286
  1928   10     9.857
  1928   11    11.778
  1928   12    14.108
  1929   01    15.834
  1929   02    16.832
  1929   03    17.182
  1929   04    16.441
  1929   05    14.749
  1929   06    12.815
  1929   07    10.121
  1929   08     7.984
  1929   09     7.592
  1929   10     9.292
  1929   11    11.974
  1929   12    14.283
  1930   01    15.867
  1930   02    16.693
  1930   03    17.133
  1930   04    16.811
  1930   05    15.671
  1930   06    13.065
  1930   07    10.582
  1930   08     7.726
  1930   09     7.401
  1930   10     9.189
  1930   11    11.714
  1930   12    14.336
  1931   01    16.057
  1931   02    16.910
  1931   03    17.128
  1931   04    16.418
  1931   05    15.132
  1931   06    12.582
  1931   07    10.156
  1931   08     8.772
  1931   09     8.533
  1931   10    10.010
  1931   11    11.516
  1931   12    14.198
  1932   01    15.759
  1932   02    16.626
  1932   03    16.983
  1932   04    16.713
  1932   05    15.196
  1932   06    12.833
  1932   07    10.691
  1932   08     9.063
  1932   09     8.543
  1932   10     9.890
  1932   11    12.158
  1932   12    14.446
  1933   01    15.831
  1933   02    17.198
  1933   03    17.288
  1933   04    16.354
  1933   05    15.469
  1933   06    13.208
  1933   07    10.699
  1933   08     8.624
  1933   09     8.286
  1933   10     9.685
  1933   11    11.159
  1933   12    13.606
  1934   01    15.650
  1934   02    17.007
  1934   03    17.306
  1934   04    16.343
  1934   05    14.881
  1934   06    12.841
  1934   07    10.358
  1934   08     8.081
  1934   09     7.852
  1934   10     9.698
  1934   11    12.059
  1934   12    14.277
  1935   01    15.689
  1935   02    16.852
  1935   03    17.103
  1935   04    16.408
  1935   05    15.236
  1935   06    12.388
  1935   07     9.893
  1935   08     8.408
  1935   09     8.179
  1935   10     9.484
  1935   11    11.682
  1935   12    14.333
  1936   01    15.648
  1936   02    16.807
  1936   03    17.214
  1936   04    16.644
  1936   05    14.890
  1936   06    12.383
  1936   07    10.446
  1936   08     8.601
  1936   09     8.501
  1936   10    10.283
  1936   11    11.818
  1936   12    14.151
  1937   01    15.860
  1937   02    16.769
  1937   03    16.767
  1937   04    16.228
  1937   05    15.012
  1937   06    12.808
  1937   07    10.279
  1937   08     8.628
  1937   09     8.001
  1937   10     9.918
  1937   11    11.702
  1937   12    13.949
  1938   01    15.341
  1938   02    16.507
  1938   03    16.710
  1938   04    16.227
  1938   05    14.843
  1938   06    12.670
  1938   07    10.287
  1938   08     8.809
  1938   09     8.289
  1938   10     9.605
  1938   11    11.310
  1938   12    13.733
  1939   01    15.407
  1939   02    16.480
  1939   03    16.770
  1939   04    16.220
  1939   05    14.878
  1939   06    12.627
  1939   07    10.299
  1939   08     7.996
  1939   09     7.622
  1939   10     9.078
  1939   11    11.505
  1939   12    14.136
  1940   01    15.659
  1940   02    16.538
  1940   03    16.993
  1940   04    16.466
  1940   05    14.834
  1940   06    12.217
  1940   07    10.038
  1940   08     8.374
  1940   09     8.298
  1940   10     9.416
  1940   11    11.302
  1940   12    13.677
  1941   01    15.424
  1941   02    16.422
  1941   03    16.577
  1941   04    15.780
  1941   05    14.535
  1941   06    11.959
  1941   07     9.624
  1941   08     8.289
  1941   09     8.274
  1941   10     9.680
  1941   11    11.653
  1941   12    13.928
  1942   01    15.190
  1942   02    16.065
  1942   03    16.366
  1942   04    16.030
  1942   05    14.717
  1942   06    12.374
  1942   07    10.544
  1942   08     8.163
  1942   09     8.083
  1942   10    10.014
  1942   11    12.134
  1942   12    14.643
  1943   01    15.778
  1943   02    16.900
  1943   03    16.555
  1943   04    15.846
  1943   05    14.538
  1943   06    12.954
  1943   07    10.364
  1943   08     9.059
  1943   09     8.444
  1943   10     9.575
  1943   11    11.596
  1943   12    13.965
  1944   01    15.815
  1944   02    16.723
  1944   03    16.937
  1944   04    16.030
  1944   05    14.743
  1944   06    12.327
  1944   07    10.037
  1944   08     8.105
  1944   09     8.113
  1944   10     9.769
  1944   11    11.732
  1944   12    14.262
  1945   01    15.889
  1945   02    17.107
  1945   03    17.072
  1945   04    16.446
  1945   05    14.868
  1945   06    12.868
  1945   07    10.717
  1945   08     8.564
  1945   09     7.824
  1945   10     9.539
  1945   11    11.687
  1945   12    14.354
  1946   01    16.050
  1946   02    17.114
  1946   03    17.346
  1946   04    16.691
  1946   05    15.716
  1946   06    13.358
  1946   07    10.463
  1946   08     8.765
  1946   09     8.428
  1946   10     9.706
  1946   11    11.281
  1946   12    13.854
  1947   01    16.055
  1947   02    17.022
  1947   03    16.894
  1947   04    16.381
  1947   05    15.136
  1947   06    12.902
  1947   07    10.529
  1947   08     8.725
  1947   09     8.502
  1947   10    10.019
  1947   11    11.651
  1947   12    14.197
  1948   01    16.056
  1948   02    17.188
  1948   03    17.407
  1948   04    16.780
  1948   05    15.094
  1948   06    12.734
  1948   07    10.280
  1948   08     7.978
  1948   09     7.498
  1948   10     9.231
  1948   11    11.626
  1948   12    14.254
  1949   01    15.966
  1949   02    16.938
  1949   03    17.151
  1949   04    16.697
  1949   05    15.126
  1949   06    12.827
  1949   07    10.522
  1949   08     8.215
  1949   09     7.727
  1949   10     9.224
  1949   11    11.820
  1949   12    14.694
  1950   01    16.193
  1950   02    17.385
  1950   03    17.482
  1950   04    17.044
  1950   05    15.758
  1950   06    13.593
  1950   07     9.832
  1950   08     7.197
  1950   09     6.900
  1950   10     8.675
  1950   11    11.820
  1950   12    14.227
  1951   01    16.052
  1951   02    17.257
  1951   03    17.577
  1951   04    16.997
  1951   05    15.634
  1951   06    12.994
  1951   07    10.493
  1951   08     8.513
  1951   09     7.800
  1951   10     9.336
  1951   11    12.018
  1951   12    14.656
  1952   01    16.300
  1952   02    17.290
  1952   03    17.392
  1952   04    16.972
  1952   05    15.208
  1952   06    12.764
  1952   07    10.028
  1952   08     8.545
  1952   09     8.054
  1952   10     9.413
  1952   11    11.712
  1952   12    14.422
  1953   01    16.422
  1953   02    17.393
  1953   03    17.822
  1953   04    17.309
  1953   05    16.178
  1953   06    13.564
  1953   07    10.075
  1953   08     8.129
  1953   09     8.007
  1953   10     9.668
  1953   11    11.473
  1953   12    13.984
  1954   01    16.363
  1954   02    17.167
  1954   03    17.556
  1954   04    16.728
  1954   05    15.268
  1954   06    12.448
  1954   07     9.963
  1954   08     8.495
  1954   09     7.921
  1954   10     9.822
  1954   11    11.513
  1954   12    14.329
  1955   01    16.063
  1955   02    17.122
  1955   03    17.414
  1955   04    16.979
  1955   05    15.676
  1955   06    13.074
  1955   07    10.438
  1955   08     7.831
  1955   09     7.586
  1955   10     9.485
  1955   11    11.813
  1955   12    14.509
  1956   01    16.458
  1956   02    17.441
  1956   03    17.544
  1956   04    16.721
  1956   05    15.212
  1956   06    12.608
  1956   07    10.338
  1956   08     8.760
  1956   09     8.368
  1956   10     9.780
  1956   11    11.456
  1956   12    13.930
  1957   01    15.852
  1957   02    16.963
  1957   03    17.284
  1957   04    16.619
  1957   05    15.147
  1957   06    13.240
  1957   07    10.466
  1957   08     8.846
  1957   09     8.736
  1957   10    10.270
  1957   11    12.278
  1957   12    14.863
  1958   01    16.222
  1958   02    17.419
  1958   03    17.582
  1958   04    16.886
  1958   05    15.666
  1958   06    13.000
  1958   07    10.291
  1958   08     9.057
  1958   09     9.040
  1958   10     9.967
  1958   11    11.908
  1958   12    14.441
  1959   01    16.222
  1959   02    17.253
  1959   03    17.684
  1959   04    16.436
  1959   05    15.136
  1959   06    13.181
  1959   07    10.775
  1959   08     8.287
  1959   09     7.611
  1959   10     9.496
  1959   11    11.955
  1959   12    14.609
  1960   01    16.275
  1960   02    17.248
  1960   03    16.992
  1960   04    16.549
  1960   05    14.736
  1960   06    12.618
  1960   07     9.556
  1960   08     7.963
  1960   09     7.817
  1960   10     9.103
  1960   11    11.496
  1960   12    14.013
  1961   01    15.824
  1961   02    16.693
  1961   03    16.901
  1961   04    16.503
  1961   05    14.786
  1961   06    12.579
  1961   07    10.275
  1961   08     7.944
  1961   09     7.451
  1961   10     9.556
  1961   11    11.813
  1961   12    13.881
  1962   01    16.183
  1962   02    17.298
  1962   03    17.466
  1962   04    16.590
  1962   05    15.476
  1962   06    13.379
  1962   07    10.538
  1962   08     8.932
  1962   09     8.812
  1962   10    10.211
  1962   11    12.488
  1962   12    14.732
  1963   01    16.459
  1963   02    17.762
  1963   03    17.929
  1963   04    17.130
  1963   05    15.708
  1963   06    13.548
  1963   07    11.005
  1963   08     8.613
  1963   09     8.213
  1963   10    10.547
  1963   11    12.355
  1963   12    14.791
  1964   01    16.397
  1964   02    17.444
  1964   03    17.736
  1964   04    16.983
  1964   05    15.412
  1964   06    13.318
  1964   07    10.701
  1964   08     8.671
  1964   09     8.679
  1964   10     9.946
  1964   11    11.726
  1964   12    14.761
  1965   01    16.375
  1965   02    17.097
  1965   03    17.431
  1965   04    16.976
  1965   05    15.201
  1965   06    13.024
  1965   07    10.974
  1965   08     9.037
  1965   09     8.757
  1965   10    10.075
  1965   11    12.377
  1965   12    14.616
  1966   01    16.075
  1966   02    16.781
  1966   03    16.559
  1966   04    16.096
  1966   05    14.823
  1966   06    12.532
  1966   07    10.639
  1966   08     8.863
  1966   09     8.760
  1966   10    10.181
  1966   11    12.651
  1966   12    15.058
  1967   01    16.634
  1967   02    17.409
  1967   03    17.472
  1967   04    16.791
  1967   05    15.383
  1967   06    13.379
  1967   07    11.216
  1967   08     9.838
  1967   09     9.336
  1967   10    10.426
  1967   11    12.501
  1967   12    15.345
  1968   01    16.629
  1968   02    17.427
  1968   03    17.948
  1968   04    17.309
  1968   05    15.775
  1968   06    13.208
  1968   07    10.442
  1968   08     8.616
  1968   09     8.444
  1968   10     9.849
  1968   11    11.481
  1968   12    14.716
  1969   01    16.497
  1969   02    17.814
  1969   03    18.017
  1969   04    17.435
  1969   05    15.059
  1969   06    12.463
  1969   07    10.136
  1969   08     8.621
  1969   09     8.282
  1969   10     9.742
  1969   11    11.547
  1969   12    14.448
  1970   01    16.844
  1970   02    17.830
  1970   03    17.934
  1970   04    17.290
  1970   05    16.000
  1970   06    13.694
  1970   07    10.621
  1970   08     8.377
  1970   09     8.054
  1970   10     9.892
  1970   11    12.335
  1970   12    15.079
  1971   01    16.556
  1971   02    17.629
  1971   03    17.733
  1971   04    16.759
  1971   05    15.135
  1971   06    12.564
  1971   07     9.697
  1971   08     8.731
  1971   09     8.567
  1971   10     9.931
  1971   11    12.158
  1971   12    14.528
  1972   01    16.499
  1972   02    17.567
  1972   03    17.550
  1972   04    17.025
  1972   05    15.787
  1972   06    13.211
  1972   07    10.498
  1972   08     8.607
  1972   09     8.107
  1972   10    10.115
  1972   11    11.819
  1972   12    14.138
  1973   01    15.869
  1973   02    17.071
  1973   03    17.445
  1973   04    17.010
  1973   05    15.404
  1973   06    13.020
  1973   07    10.352
  1973   08     8.953
  1973   09     8.557
  1973   10    10.029
  1973   11    11.689
  1973   12    14.704
  1974   01    16.352
  1974   02    17.279
  1974   03    17.425
  1974   04    16.522
  1974   05    15.577
  1974   06    13.306
  1974   07    10.837
  1974   08     9.281
  1974   09     9.066
  1974   10    10.480
  1974   11    12.087
  1974   12    14.818
  1975   01    16.238
  1975   02    17.436
  1975   03    17.685
  1975   04    17.072
  1975   05    15.148
  1975   06    13.288
  1975   07    10.845
  1975   08     8.908
  1975   09     8.323
  1975   10     9.606
  1975   11    12.177
  1975   12    14.826
  1976   01    16.134
  1976   02    17.206
  1976   03    17.232
  1976   04    16.612
  1976   05    14.948
  1976   06    12.448
  1976   07    10.272
  1976   08     7.755
  1976   09     7.549
  1976   10     9.017
  1976   11    11.453
  1976   12    14.145
  1977   01    16.147
  1977   02    16.855
  1977   03    17.110
  1977   04    16.417
  1977   05    14.889
  1977   06    12.455
  1977   07     9.695
  1977   08     7.473
  1977   09     6.973
  1977   10     9.005
  1977   11    11.702
  1977   12    14.255
  1978   01    16.152
  1978   02    16.709
  1978   03    17.077
  1978   04    16.694
  1978   05    15.521
  1978   06    13.375
  1978   07    10.853
  1978   08     8.518
  1978   09     7.904
  1978   10     9.130
  1978   11    11.491
  1978   12    14.326
  1979   01    16.155
  1979   02    17.509
  1979   03    17.731
  1979   04    17.194
  1979   05    15.820
  1979   06    13.037
  1979   07    11.188
  1979   08     9.046
  1979   09     8.764
  1979   10    10.274
  1979   11    12.115
  1979   12    14.730
  1980   01    16.551
  1980   02    17.361
  1980   03    17.322
  1980   04    16.960
  1980   05    15.817
  1980   06    13.464
  1980   07    10.192
  1980   08     8.472
  1980   09     8.203
  1980   10     9.895
  1980   11    11.510
  1980   12    14.424
  1981   01    15.988
  1981   02    17.040
  1981   03    17.163
  1981   04    16.633
  1981   05    15.336
  1981   06    13.349
  1981   07    10.648
  1981   08     8.335
  1981   09     7.804
  1981   10    10.138
  1981   11    11.740
  1981   12    14.327
  1982   01    16.018
  1982   02    16.991
  1982   03    17.023
  1982   04    16.431
  1982   05    15.083
  1982   06    12.470
  1982   07    10.363
  1982   08     8.582
  1982   09     8.117
  1982   10     9.468
  1982   11    11.573
  1982   12    13.987
  1983   01    15.615
  1983   02    16.584
  1983   03    17.057
  1983   04    16.699
  1983   05    15.276
  1983   06    12.798
  1983   07    10.516
  1983   08     8.429
  1983   09     8.159
  1983   10     9.697
  1983   11    11.439
  1983   12    14.160
  1984   01    15.706
  1984   02    16.905
  1984   03    16.903
  1984   04    16.552
  1984   05    15.041
  1984   06    12.860
  1984   07    10.247
  1984   08     8.389
  1984   09     8.159
  1984   10     9.625
  1984   11    11.537
  1984   12    13.999
  1985   01    15.659
  1985   02    17.092
  1985   03    16.993
  1985   04    16.278
  1985   05    14.945
  1985   06    12.758
  1985   07    10.274
  1985   08     8.680
  1985   09     8.511
  1985   10     9.814
  1985   11    11.778
  1985   12    14.269
  1986   01    15.743
  1986   02    16.813
  1986   03    17.044
  1986   04    16.532
  1986   05    15.158
  1986   06    13.426
  1986   07    10.845
  1986   08     8.341
  1986   09     7.809
  1986   10     9.612
  1986   11    11.578
  1986   12    14.114
  1987   01    15.608
  1987   02    16.458
  1987   03    16.953
  1987   04    16.167
  1987   05    14.845
  1987   06    12.796
  1987   07    10.252
  1987   08     7.913
  1987   09     7.366
  1987   10     8.747
  1987   11    11.004
  1987   12    14.023
  1988   01    16.149
  1988   02    17.133
  1988   03    17.433
  1988   04    16.467
  1988   05    14.841
  1988   06    12.671
  1988   07    10.601
  1988   08     8.734
  1988   09     8.126
  1988   10    10.103
  1988   11    11.859
  1988   12    14.391
  1989   01    15.901
  1989   02    16.882
  1989   03    17.005
  1989   04    16.748
  1989   05    15.384
  1989   06    13.227
  1989   07    10.986
  1989   08     8.855
  1989   09     8.784
  1989   10    10.039
  1989   11    12.233
  1989   12    14.539
  1990   01    16.035
  1990   02    17.340
  1990   03    17.505
  1990   04    16.913
  1990   05    15.387
  1990   06    12.842
  1990   07     9.921
  1990   08     7.317
  1990   09     6.946
  1990   10     8.910
  1990   11    11.402
  1990   12    13.955
  1991   01    15.695
  1991   02    16.852
  1991   03    16.731
  1991   04    16.236
  1991   05    14.940
  1991   06    12.751
  1991   07    10.186
  1991   08     7.511
  1991   09     6.940
  1991   10     8.900
  1991   11    11.112
  1991   12    14.073
  1992   01    15.857
  1992   02    16.497
  1992   03    17.092
  1992   04    16.437
  1992   05    14.470
  1992   06    12.254
  1992   07    10.064
  1992   08     8.018
  1992   09     7.642
  1992   10     9.414
  1992   11    11.771
  1992   12    14.713
  1993   01    16.290
  1993   02    17.357
  1993   03    17.502
  1993   04    16.996
  1993   05    15.586
  1993   06    13.189
  1993   07    10.672
  1993   08     8.365
  1993   09     7.803
  1993   10     9.836
  1993   11    12.381
  1993   12    14.621
  1994   01    16.122
  1994   02    17.215
  1994   03    17.495
  1994   04    16.934
  1994   05    15.552
  1994   06    13.157
  1994   07    10.026
  1994   08     8.286
  1994   09     7.548
  1994   10     9.553
  1994   11    11.383
  1994   12    14.260
  1995   01    16.074
  1995   02    17.133
  1995   03    17.221
  1995   04    16.521
  1995   05    15.120
  1995   06    12.201
  1995   07     9.910
  1995   08     8.576
  1995   09     8.047
  1995   10     9.373
  1995   11    11.403
  1995   12    14.156
  1996   01    16.065
  1996   02    16.828
  1996   03    17.398
  1996   04    16.810
  1996   05    15.499
  1996   06    13.397
  1996   07    10.277
  1996   08     8.176
  1996   09     7.532
  1996   10     8.970
  1996   11    11.769
  1996   12    14.231
  1997   01    15.803
  1997   02    17.115
  1997   03    17.133
  1997   04    16.568
  1997   05    15.103
  1997   06    12.817
  1997   07    10.553
  1997   08     8.016
  1997   09     7.362
  1997   10     9.291
  1997   11    10.994
  1997   12    13.559
  1998   01    15.541
  1998   02    16.304
  1998   03    16.508
  1998   04    16.217
  1998   05    14.658
  1998   06    11.776
  1998   07     9.319
  1998   08     6.901
  1998   09     6.561
  1998   10     8.063
  1998   11    10.865
  1998   12    12.943
  1999   01    14.926
  1999   02    15.882
  1999   03    16.221
  1999   04    16.009
  1999   05    14.604
  1999   06    12.100
  1999   07     8.779
  1999   08     6.149
  1999   09     5.698
  1999   10     7.287
  1999   11    10.477
  1999   12    12.971
  2000   01    14.734
  2000   02    15.623
  2000   03    15.897
  2000   04    15.507
  2000   05    14.294
  2000   06    11.807
  2000   07     9.294
  2000   08     7.267
  2000   09     6.686
  2000   10     8.599
  2000   11    10.898
  2000   12    12.967
  2001   01    14.980
  2001   02    15.728
  2001   03    15.994
  2001   04    15.263
  2001   05    13.730
  2001   06    11.796
  2001   07     9.306
  2001   08     7.475
  2001   09     7.332
  2001   10     8.454
  2001   11    10.876
  2001   12    13.019
  2002   01    14.838
  2002   02    15.617
  2002   03    16.043
  2002   04    15.430
  2002   05    13.633
  2002   06    11.433
  2002   07     9.078
  2002   08     7.514
  2002   09     6.666
  2002   10     8.240
  2002   11    10.907
  2002   12    13.631
  2003   01    15.025
  2003   02    15.867
  2003   03    16.018
  2003   04    15.821
  2003   05    14.453
  2003   06    12.359
  2003   07     9.034
  2003   08     6.106
  2003   09     5.767
  2003   10     8.032
  2003   11    10.896
  2003   12    13.036
  2004   01    15.546
  2004   02    16.259
  2004   03    16.669
  2004   04    16.511
  2004   05    15.345
  2004   06    12.826
  2004   07     9.343
  2004   08     7.596
  2004   09     6.963
  2004   10     8.495
  2004   11    11.012
  2004   12    13.546
  2005   01    15.558
  2005   02    16.487
  2005   03    16.658
  2005   04    16.329
  2005   05    14.513
  2005   06    12.088
  2005   07     9.429
  2005   08     7.489
  2005   09     6.589
  2005   10     8.522
  2005   11    11.048
  2005   12    13.430
  2006   01    15.311
  2006   02    16.300
  2006   03    16.533
  2006   04    16.210
  2006   05    14.965
  2006   06    12.550
  2006   07     9.902
  2006   08     7.963
  2006   09     7.235
  2006   10     9.092
  2006   11    11.222
  2006   12    13.586
  2007   01    15.318
  2007   02    15.952
  2007   03    16.170
  2007   04    15.764
  2007   05    14.473
  2007   06    11.603
  2007   07     9.665
  2007   08     7.562
  2007   09     6.849
  2007   10     8.731
  2007   11    10.616
  2007   12    13.192
  2008   01    14.595
  2008   02    15.874
  2008   03    16.322
  2008   04    15.846
  2008   05    14.345
  2008   06    11.817
  2008   07     9.417
  2008   08     6.894
  2008   09     6.123
  2008   10     8.272
  2008   11    10.807
  2008   12    12.788
  2009   01    14.687
  2009   02    15.503
  2009   03    15.911
  2009   04    15.738
  2009   05    14.395
  2009   06    11.891
  2009   07     9.298
  2009   08     6.741
  2009   09     5.841
  2009   10     8.156
  2009   11    10.446
  2009   12    12.671
  2010   01    14.397
  2010   02    15.450
  2010   03    15.604
  2010   04    15.331
  2010   05    14.096
  2010   06    11.804
  2010   07     9.074
  2010   08     7.027
  2010   09     6.661
  2010   10     7.921
  2010   11    10.366
  2010   12    12.507
  2011   01    14.219
  2011   02    14.863
  2011   03    15.126
  2011   04    14.460
  2011   05    12.818
  2011   06    11.045
  2011   07     8.855
  2011   08     7.140
  2011   09     7.079
  2011   10     8.378
  2011   11    10.470
  2011   12    12.105
  2012   01    14.277
  2012   02    15.164
  2012   03    15.091
  2012   04    14.474
  2012   05    13.311
  2012   06    11.235
  2012   07     9.210
  2012   08     6.645
  2012   09     6.380
  2012   10     7.841
  2012   11     9.930
  2012   12    12.534
  2013   01    14.602
  2013   02    15.291
  2013   03    15.309
  2013   04    14.976
  2013   05    13.157
  2013   06    10.798
  2013   07     8.228
  2013   08     6.501
  2013   09     5.768
  2013   10     7.588
  2013   11     9.968
  2013   12    12.074
  2014   01    14.369
  2014   02    15.060
  2014   03    15.386
  2014   04    14.809
  2014   05    13.127
  2014   06    10.742
  2014   07     8.372
  2014   08     6.781
  2014   09     6.036
  2014   10     7.782
  2014   11     9.993
  2014   12    11.731
  2015   01    13.920
  2015   02    14.931
  2015   03    15.212
  2015   04    14.581
  2015   05    13.218
  2015   06    10.672
  2015   07     8.585
  2015   08     6.333
  2015   09     6.046
  2015   10     7.487
  2015   11     9.871
  2015   12    12.124
  2016   01    13.931
  2016   02    14.707
  2016   03    15.094
  2016   04    14.331
  2016   05    13.023
  2016   06    11.219
  2016   07     8.616
  2016   08     6.754
  2016   09     6.320
  2016   10     8.353
  2016   11    10.076
  2016   12    11.527
  2017   01    13.252
  2017   02    14.298
  2017   03    14.606
  2017   04    14.571
  2017   05    12.742
  2017   06     9.960
  2017   07     8.202
  2017   08     6.155
  2017   09     6.016
  2017   10     7.487
  2017   11     9.375
  2017   12    11.466
  2018   01    13.221
  2018   02    13.680
  2018   03    14.058
  2018   04    13.955
  2018   05    12.307
  2018   06    10.136
  2018   07     8.099
  2018   08     6.648
  2018   09     6.435
  2018   10     7.912
  2018   11     9.465
  2018   12    11.354
  2019   01    13.488
  2019   02    14.305
  2019   03    14.543
  2019   04    14.096
  2019   05    12.738
  2019   06    10.514
  2019   07     7.789
  2019   08     6.109
  2019   09     5.469
  2019   10     6.691
  2019   11     8.985
  2019   12    11.760
  2020   01    13.598
  2020   02    14.207
  2020   03    14.633
  2020   04    14.307
  2020   05    12.953
  2020   06    10.883
  2020   07     8.007
  2020   08     5.247
  2020   09     4.788
  2020   10     6.468
  2020   11     9.360
  2020   12    11.761
  2021   01    14.150
  2021   02    14.811
  2021   03    15.038
  2021   04    14.726
  2021   05    13.243
  2021   06    10.351
  2021   07     7.758
  2021   08     5.365
  2021   09     4.602
  2021   10     6.400
  2021   11     9.749
  2021   12    11.828
  2022   01    13.975
  2022   02    14.564
  2022   03    14.446
  2022   04    13.760
  2022   05    12.719
  2022   06     9.938
  2022   07     7.228
  2022   08     5.288
  2022   09     4.770
  2022   10     6.053
  2022   11     8.589
  2022   12    10.763
  2023   01    12.672
  2023   02    13.756
  2023   03    13.991
  2023   04    13.533
  2023   05    11.714
  2023   06     9.550
  2023   07     7.222
  2023   08     5.010
  2023   09     4.471
  2023   10     5.846
  2023   11     8.277
  2023   12    10.914
  2024   01    13.120
  2024   02    13.993
  2024   03    14.005
  2024   04    13.135
  2024   05    11.780
  2024   06     9.406
  2024   07     6.929
  2024   08     4.284
  2024   09     3.335
  2024   10     5.050
  2024   11     8.363
  2024   12    10.102
  2025   01    12.116
  2025   02    13.591
  2025   03    13.988
  2025   04    13.463
  2025   05    11.515
  2025   06     8.874
  2025   07     6.037
  2025   08     3.484
  2025   09     2.031
  2025   10     4.049
  2025   11     7.502
  2025   12     9.999
  2026   01    12.646
  2026   02    13.698
  2026   03    14.065
  2026   04    13.296
  2026   05    11.599
  2026   06     8.872
  2026   07     6.276
  2026   08     3.323
  2026   09     2.944
  2026   10     4.333
  2026   11     7.631
  2026   12    10.433
  2027   01    12.260
  2027   02    13.562
  2027   03    13.923
  2027   04    13.316
  2027   05    11.898
  2027   06     9.284
  2027   07     6.616
  2027   08     4.122
  2027   09     3.352
  2027   10     4.688
  2027   11     8.074
  2027   12    10.495
  2028   01    12.381
  2028   02    13.378
  2028   03    13.722
  2028   04    13.306
  2028   05    11.806
  2028   06     8.885
  2028   07     7.024
  2028   08     4.858
  2028   09     3.803
  2028   10     5.584
  2028   11     8.071
  2028   12    10.167
  2029   01    12.793
  2029   02    13.731
  2029   03    13.891
  2029   04    13.385
  2029   05    11.668
  2029   06     9.159
  2029   07     7.033
  2029   08     4.147
  2029   09     3.280
  2029   10     5.154
  2029   11     8.429
  2029   12    10.443
  2030   01    12.779
  2030   02    13.505
  2030   03    13.813
  2030   04    13.478
  2030   05    11.936
  2030   06     9.609
  2030   07     6.959
  2030   08     4.821
  2030   09     4.253
  2030   10     5.275
  2030   11     8.402
  2030   12    10.692
  2031   01    12.589
  2031   02    13.482
  2031   03    13.349
  2031   04    12.940
  2031   05    11.657
  2031   06     9.640
  2031   07     7.012
  2031   08     4.217
  2031   09     3.353
  2031   10     4.933
  2031   11     7.923
  2031   12    10.567
  2032   01    12.218
  2032   02    13.182
  2032   03    13.388
  2032   04    12.816
  2032   05    11.348
  2032   06     9.527
  2032   07     6.185
  2032   08     2.940
  2032   09     2.444
  2032   10     3.912
  2032   11     7.034
  2032   12    10.231
  2033   01    11.861
  2033   02    13.347
  2033   03    13.880
  2033   04    13.279
  2033   05    11.824
  2033   06     8.170
  2033   07     5.165
  2033   08     2.277
  2033   09     1.755
  2033   10     3.245
  2033   11     6.000
  2033   12     9.135
  2034   01    11.389
  2034   02    13.003
  2034   03    13.327
  2034   04    13.077
  2034   05    11.556
  2034   06     8.485
  2034   07     6.015
  2034   08     1.717
  2034   09     1.404
  2034   10     3.650
  2034   11     8.206
  2034   12    10.162
  2035   01    12.028
  2035   02    13.307
  2035   03    13.870
  2035   04    13.191
  2035   05    11.410
  2035   06     8.722
  2035   07     6.523
  2035   08     3.139
  2035   09     2.028
  2035   10     4.222
  2035   11     7.496
  2035   12    10.026
  2036   01    12.008
  2036   02    13.498
  2036   03    13.572
  2036   04    13.123
  2036   05    11.523
  2036   06     9.167
  2036   07     6.275
  2036   08     3.350
  2036   09     2.787
  2036   10     4.023
  2036   11     7.389
  2036   12    10.189
  2037   01    12.178
  2037   02    13.566
  2037   03    13.816
  2037   04    12.725
  2037   05    11.245
  2037   06     8.711
  2037   07     6.726
  2037   08     3.368
  2037   09     2.090
  2037   10     4.051
  2037   11     7.285
  2037   12     9.922
  2038   01    12.316
  2038   02    13.251
  2038   03    13.672
  2038   04    13.444
  2038   05    11.935
  2038   06     9.491
  2038   07     6.319
  2038   08     2.795
  2038   09     1.955
  2038   10     3.594
  2038   11     7.071
  2038   12     9.691
  2039   01    11.843
  2039   02    13.108
  2039   03    13.324
  2039   04    12.816
  2039   05    11.247
  2039   06     8.751
  2039   07     6.188
  2039   08     2.332
  2039   09     1.492
  2039   10     3.244
  2039   11     7.161
  2039   12     9.707
  2040   01    12.034
  2040   02    12.984
  2040   03    13.139
  2040   04    12.620
  2040   05    11.073
  2040   06     8.598
  2040   07     6.524
  2040   08     2.772
  2040   09     2.224
  2040   10     3.749
  2040   11     7.478
  2040   12    10.071
  2041   01    11.761
  2041   02    13.014
  2041   03    13.147
  2041   04    12.802
  2041   05    11.203
  2041   06     8.876
  2041   07     6.676
  2041   08     3.275
  2041   09     2.862
  2041   10     4.211
  2041   11     7.360
  2041   12     9.517
  2042   01    11.490
  2042   02    12.625
  2042   03    13.314
  2042   04    12.494
  2042   05    10.255
  2042   06     8.171
  2042   07     5.845
  2042   08     3.318
  2042   09     2.555
  2042   10     3.845
  2042   11     6.177
  2042   12     8.686
  2043   01    11.053
  2043   02    12.418
  2043   03    13.135
  2043   04    12.619
  2043   05    10.876
  2043   06     8.953
  2043   07     5.705
  2043   08     2.517
  2043   09     1.977
  2043   10     3.411
  2043   11     6.559
  2043   12     9.809
  2044   01    11.728
  2044   02    12.838
  2044   03    13.298
  2044   04    12.682
  2044   05    11.133
  2044   06     8.709
  2044   07     4.959
  2044   08     2.687
  2044   09     2.018
  2044   10     3.156
  2044   11     5.624
  2044   12     8.963
  2045   01    11.493
  2045   02    12.740
  2045   03    12.975
  2045   04    12.260
  2045   05    11.155
  2045   06     8.080
  2045   07     4.986
  2045   08     2.288
  2045   09     1.438
  2045   10     2.862
  2045   11     5.219
  2045   12     8.753
  2046   01    11.258
  2046   02    12.276
  2046   03    12.540
  2046   04    12.203
  2046   05    10.605
  2046   06     8.177
  2046   07     5.755
  2046   08     1.848
  2046   09     1.292
  2046   10     2.842
  2046   11     6.291
  2046   12     9.190
  2047   01    11.107
  2047   02    12.220
  2047   03    12.726
  2047   04    11.874
  2047   05    10.668
  2047   06     8.319
  2047   07     5.165
  2047   08     1.304
  2047   09     0.794
  2047   10     2.390
  2047   11     5.674
  2047   12     8.858
  2048   01    10.918
  2048   02    11.921
  2048   03    12.257
  2048   04    11.569
  2048   05     9.746
  2048   06     7.868
  2048   07     4.831
  2048   08     0.644
  2048   09     0.384
  2048   10     1.096
  2048   11     5.020
  2048   12     7.985
  2049   01     9.964
  2049   02    11.117
  2049   03    11.945
  2049   04    11.753
  2049   05     9.647
  2049   06     7.078
  2049   07     3.423
  2049   08     0.617
  2049   09     0.384
  2049   10     1.314
  2049   11     3.158
  2049   12     6.210
  2050   01     9.248
  2050   02    10.905
  2050   03    11.539
  2050   04    10.930
  2050   05     9.036
  2050   06     6.871
  2050   07     3.083
  2050   08     0.375
  2050   09     0.118
  2050   10     0.661
  2050   11     3.254
  2050   12     6.692
  2051   01     8.905
  2051   02    10.134
  2051   03    10.743
  2051   04    10.506
  2051   05     9.024
  2051   06     6.784
  2051   07     2.356
  2051   08     0.267
  2051   09     0.206
  2051   10     0.762
  2051   11     2.790
  2051   12     6.854
  2052   01     9.469
  2052   02    10.965
  2052   03    11.402
  2052   04    10.720
  2052   05     9.017
  2052   06     6.609
  2052   07     3.636
  2052   08     0.620
  2052   09     0.361
  2052   10     1.457
  2052   11     4.185
  2052   12     7.886
  2053   01     9.961
  2053   02    11.617
  2053   03    11.692
  2053   04    11.368
  2053   05     9.609
  2053   06     7.484
  2053   07     3.025
  2053   08     0.858
  2053   09     0.705
  2053   10     1.386
  2053   11     3.130
  2053   12     6.592
  2054   01     8.950
  2054   02    10.560
  2054   03    11.159
  2054   04    10.381
  2054   05     8.815
  2054   06     6.808
  2054   07     2.350
  2054   08     0.375
  2054   09     0.275
  2054   10     0.738
  2054   11     2.578
  2054   12     6.744
  2055   01     9.377
  2055   02    10.882
  2055   03    11.495
  2055   04    10.833
  2055   05     8.969
  2055   06     7.092
  2055   07     2.496
  2055   08     0.526
  2055   09     0.393
  2055   10     0.959
  2055   11     2.268
  2055   12     5.685
  2056   01     9.239
  2056   02    10.677
  2056   03    11.432
  2056   04    10.636
  2056   05     9.103
  2056   06     7.133
  2056   07     3.656
  2056   08     0.203
  2056   09     0.063
  2056   10     0.693
  2056   11     3.885
  2056   12     7.288
  2057   01     9.761
  2057   02    11.082
  2057   03    11.769
  2057   04    11.369
  2057   05     9.631
  2057   06     7.074
  2057   07     2.532
  2057   08     0.757
  2057   09     0.634
  2057   10     1.080
  2057   11     2.426
  2057   12     6.901
  2058   01     9.526
  2058   02    11.043
  2058   03    11.566
  2058   04    11.333
  2058   05     9.631
  2058   06     7.120
  2058   07     2.804
  2058   08     0.200
  2058   09     0.180
  2058   10     0.574
  2058   11     3.414
  2058   12     6.689
  2059   01     9.847
  2059   02    11.287
  2059   03    11.937
  2059   04    11.516
  2059   05    10.088
  2059   06     7.240
  2059   07     3.237
  2059   08     0.444
  2059   09     0.211
  2059   10     0.973
  2059   11     2.768
  2059   12     6.488
  2060   01     9.729
  2060   02    11.015
  2060   03    11.270
  2060   04    10.812
  2060   05     9.052
  2060   06     6.358
  2060   07     1.809
  2060   08     0.351
  2060   09     0.195
  2060   10     0.532
  2060   11     1.928
  2060   12     4.973
  2061   01     8.706
  2061   02    10.636
  2061   03    11.299
  2061   04    10.590
  2061   05     8.253
  2061   06     6.015
  2061   07     0.835
  2061   08     0.008
  2061   09     0.000
  2061   10     0.140
  2061   11     0.918
  2061   12     3.206
  2062   01     8.885
  2062   02    10.499
  2062   03    11.029
  2062   04    10.342
  2062   05     8.546
  2062   06     6.294
  2062   07     2.479
  2062   08     0.183
  2062   09     0.073
  2062   10     0.551
  2062   11     2.245
  2062   12     5.828
  2063   01     8.857
  2063   02    10.503
  2063   03    10.930
  2063   04    10.345
  2063   05     8.341
  2063   06     6.016
  2063   07     2.517
  2063   08     0.326
  2063   09     0.378
  2063   10     0.855
  2063   11     2.297
  2063   12     5.655
  2064   01     8.584
  2064   02    10.449
  2064   03    11.166
  2064   04    10.502
  2064   05     8.632
  2064   06     6.540
  2064   07     1.332
  2064   08     0.132
  2064   09     0.097
  2064   10     0.335
  2064   11     1.384
  2064   12     5.417
  2065   01     8.812
  2065   02    10.204
  2065   03    10.500
  2065   04     9.640
  2065   05     8.023
  2065   06     6.191
  2065   07     1.661
  2065   08     0.195
  2065   09     0.064
  2065   10     0.354
  2065   11     1.492
  2065   12     4.973
  2066   01     8.042
  2066   02     9.653
  2066   03    10.369
  2066   04     9.816
  2066   05     7.288
  2066   06     4.702
  2066   07     1.192
  2066   08     0.199
  2066   09     0.161
  2066   10     0.539
  2066   11     1.566
  2066   12     3.531
  2067   01     6.742
  2067   02     9.198
  2067   03    10.344
  2067   04     9.325
  2067   05     6.866
  2067   06     3.472
  2067   07     0.671
  2067   08     0.069
  2067   09     0.007
  2067   10     0.163
  2067   11     0.869
  2067   12     2.328
  2068   01     5.039
  2068   02     7.808
  2068   03     9.199
  2068   04     8.585
  2068   05     6.659
  2068   06     3.448
  2068   07     0.709
  2068   08     0.084
  2068   09     0.031
  2068   10     0.197
  2068   11     0.875
  2068   12     3.575
  2069   01     5.992
  2069   02     8.703
  2069   03    10.086
  2069   04     9.433
  2069   05     7.581
  2069   06     4.384
  2069   07     0.606
  2069   08     0.010
  2069   09     0.006
  2069   10     0.110
  2069   11     0.766
  2069   12     4.438
  2070   01     6.620
  2070   02     9.104
  2070   03    10.071
  2070   04     9.689
  2070   05     8.356
  2070   06     5.579
  2070   07     0.726
  2070   08     0.037
  2070   09     0.014
  2070   10     0.230
  2070   11     1.066
  2070   12     3.858
  2071   01     7.163
  2071   02    10.032
  2071   03    10.451
  2071   04     9.948
  2071   05     8.226
  2071   06     6.086
  2071   07     0.690
  2071   08     0.017
  2071   09     0.000
  2071   10     0.061
  2071   11     0.525
  2071   12     3.767
  2072   01     8.443
  2072   02     9.837
  2072   03    10.080
  2072   04     9.813
  2072   05     8.535
  2072   06     6.751
  2072   07     0.959
  2072   08     0.008
  2072   09     0.002
  2072   10     0.111
  2072   11     0.619
  2072   12     5.250
  2073   01     7.804
  2073   02     9.643
  2073   03     9.985
  2073   04     9.510
  2073   05     8.382
  2073   06     5.606
  2073   07     0.732
  2073   08     0.015
  2073   09     0.000
  2073   10     0.071
  2073   11     0.591
  2073   12     3.845
  2074   01     7.102
  2074   02     9.245
  2074   03     9.510
  2074   04     8.920
  2074   05     7.822
  2074   06     5.423
  2074   07     0.873
  2074   08     0.042
  2074   09     0.002
  2074   10     0.096
  2074   11     0.862
  2074   12     2.898
  2075   01     6.076
  2075   02     8.569
  2075   03     9.148
  2075   04     8.648
  2075   05     7.210
  2075   06     4.582
  2075   07     0.338
  2075   08     0.003
  2075   09     0.000
  2075   10     0.059
  2075   11     0.578
  2075   12     3.243
  2076   01     6.370
  2076   02     8.223
  2076   03     9.460
  2076   04     9.053
  2076   05     7.707
  2076   06     4.908
  2076   07     0.427
  2076   08     0.016
  2076   09     0.007
  2076   10     0.209
  2076   11     0.740
  2076   12     2.746
  2077   01     5.187
  2077   02     8.065
  2077   03     9.227
  2077   04     8.532
  2077   05     6.274
  2077   06     3.238
  2077   07     0.299
  2077   08     0.038
  2077   09     0.022
  2077   10     0.193
  2077   11     0.606
  2077   12     2.187
  2078   01     4.186
  2078   02     6.042
  2078   03     7.764
  2078   04     7.167
  2078   05     5.013
  2078   06     2.122
  2078   07     0.237
  2078   08     0.040
  2078   09     0.022
  2078   10     0.093
  2078   11     0.307
  2078   12     1.823
  2079   01     4.129
  2079   02     5.550
  2079   03     6.354
  2079   04     5.549
  2079   05     4.092
  2079   06     1.962
  2079   07     0.117
  2079   08     0.011
  2079   09     0.000
  2079   10     0.007
  2079   11     0.257
  2079   12     1.558
  2080   01     3.874
  2080   02     5.545
  2080   03     7.599
  2080   04     7.469
  2080   05     5.170
  2080   06     2.153
  2080   07     0.178
  2080   08     0.009
  2080   09     0.000
  2080   10     0.007
  2080   11     0.347
  2080   12     1.904
  2081   01     3.723
  2081   02     6.429
  2081   03     7.478
  2081   04     6.869
  2081   05     4.987
  2081   06     2.270
  2081   07     0.075
  2081   08     0.002
  2081   09     0.000
  2081   10     0.065
  2081   11     0.179
  2081   12     1.372
  2082   01     3.506
  2082   02     5.349
  2082   03     6.806
  2082   04     6.267
  2082   05     4.649
  2082   06     1.782
  2082   07     0.060
  2082   08     0.000
  2082   09     0.000
  2082   10     0.051
  2082   11     0.217
  2082   12     1.675
  2083   01     3.663
  2083   02     5.069
  2083   03     6.812
  2083   04     6.768
  2083   05     4.979
  2083   06     1.511
  2083   07     0.014
  2083   08     0.000
  2083   09     0.000
  2083   10     0.007
  2083   11     0.230
  2083   12     1.297
  2084   01     3.181
  2084   02     4.764
  2084   03     5.569
  2084   04     4.845
  2084   05     3.391
  2084   06     1.291
  2084   07     0.108
  2084   08     0.000
  2084   09     0.000
  2084   10     0.037
  2084   11     0.194
  2084   12     1.144
  2085   01     3.347
  2085   02     4.800
  2085   03     5.831
  2085   04     4.998
  2085   05     3.672
  2085   06     1.059
  2085   07     0.019
  2085   08     0.000
  2085   09     0.000
  2085   10     0.049
  2085   11     0.133
  2085   12     0.818
  2086   01     2.628
  2086   02     4.053
  2086   03     5.491
  2086   04     4.979
  2086   05     3.491
  2086   06     1.005
  2086   07     0.100
  2086   08     0.010
  2086   09     0.000
  2086   10     0.038
  2086   11     0.110
  2086   12     0.908
  2087   01     2.480
  2087   02     3.557
  2087   03     4.200
  2087   04     3.911
  2087   05     2.617
  2087   06     1.060
  2087   07     0.103
  2087   08     0.006
  2087   09     0.002
  2087   10     0.033
  2087   11     0.088
  2087   12     0.868
  2088   01     2.838
  2088   02     4.136
  2088   03     5.209
  2088   04     4.762
  2088   05     3.112
  2088   06     1.269
  2088   07     0.038
  2088   08     0.004
  2088   09     0.000
  2088   10     0.002
  2088   11     0.098
  2088   12     1.354
  2089   01     2.971
  2089   02     4.441
  2089   03     5.157
  2089   04     4.850
  2089   05     3.619
  2089   06     0.967
  2089   07     0.021
  2089   08     0.008
  2089   09     0.004
  2089   10     0.026
  2089   11     0.090
  2089   12     0.650
  2090   01     2.052
  2090   02     3.782
  2090   03     4.182
  2090   04     3.775
  2090   05     2.582
  2090   06     0.697
  2090   07     0.067
  2090   08     0.008
  2090   09     0.000
  2090   10     0.049
  2090   11     0.164
  2090   12     0.700
  2091   01     2.146
  2091   02     3.458
  2091   03     4.297
  2091   04     3.823
  2091   05     2.749
  2091   06     0.903
  2091   07     0.050
  2091   08     0.000
  2091   09     0.000
  2091   10     0.042
  2091   11     0.149
  2091   12     0.966
  2092   01     2.601
  2092   02     3.585
  2092   03     4.429
  2092   04     3.987
  2092   05     2.697
  2092   06     0.553
  2092   07     0.017
  2092   08     0.002
  2092   09     0.000
  2092   10     0.010
  2092   11     0.077
  2092   12     0.929
  2093   01     2.449
  2093   02     3.836
  2093   03     4.444
  2093   04     4.146
  2093   05     2.857
  2093   06     0.586
  2093   07     0.008
  2093   08     0.000
  2093   09     0.000
  2093   10     0.000
  2093   11     0.079
  2093   12     0.692
  2094   01     2.583
  2094   02     3.930
  2094   03     4.317
  2094   04     3.721
  2094   05     2.599
  2094   06     0.752
  2094   07     0.052
  2094   08     0.006
  2094   09     0.000
  2094   10     0.000
  2094   11     0.077
  2094   12     0.813
  2095   01     2.266
  2095   02     4.070
  2095   03     4.771
  2095   04     4.366
  2095   05     2.848
  2095   06     0.830
  2095   07     0.020
  2095   08     0.002
  2095   09     0.000
  2095   10     0.005
  2095   11     0.084
  2095   12     0.897
  2096   01     2.803
  2096   02     4.266
  2096   03     5.180
  2096   04     4.786
  2096   05     3.158
  2096   06     0.868
  2096   07     0.021
  2096   08     0.000
  2096   09     0.000
  2096   10     0.012
  2096   11     0.103
  2096   12     0.681
  2097   01     2.469
  2097   02     4.018
  2097   03     4.431
  2097   04     3.743
  2097   05     2.612
  2097   06     1.052
  2097   07     0.057
  2097   08     0.004
  2097   09     0.000
  2097   10     0.023
  2097   11     0.097
  2097   12     0.672
  2098   01     2.123
  2098   02     3.297
  2098   03     3.964
  2098   04     3.470
  2098   05     2.455
  2098   06     0.442
  2098   07     0.009
  2098   08     0.000
  2098   09     0.000
  2098   10     0.000
  2098   11     0.073
  2098   12     0.515
  2099   01     2.080
  2099   02     3.281
  2099   03     3.936
  2099   04     3.745
  2099   05     2.615
  2099   06     0.364
  2099   07     0.007
  2099   08     0.000
  2099   09     0.000
  2099   10     0.000
  2099   11     0.047
  2099   12     0.256
  2100   01     1.693
  2100   02     3.140
  2100   03     3.570
  2100   04     2.982
  2100   05     2.326
  2100   06     0.322
  2100   07     0.000
  2100   08     0.000
  2100   09     0.000
  2100   10     0.000
  2100   11     0.002
  2100   12     0.252
