  1850   01    14.769
  1850   02    15.237
  1850   03    15.412
  1850   04    14.902
  1850   05    13.819
  1850   06    12.457
  1850   07    10.814
  1850   08     7.640
  1850   09     6.539
  1850   10     8.593
  1850   11    10.755
  1850   12    13.223
  1851   01    14.780
  1851   02    15.551
  1851   03    15.834
  1851   04    15.242
  1851   05    14.263
  1851   06    12.473
  1851   07    10.900
  1851   08     8.297
  1851   09     7.072
  1851   10     8.667
  1851   11    10.972
  1851   12    13.281
  1852   01    14.480
  1852   02    15.376
  1852   03    15.696
  1852   04    15.295
  1852   05    14.550
  1852   06    12.541
  1852   07    10.703
  1852   08     8.295
  1852   09     7.195
  1852   10     8.559
  1852   11    10.497
  1852   12    13.330
  1853   01    14.595
  1853   02    15.340
  1853   03    15.474
  1853   04    15.261
  1853   05    13.814
  1853   06    12.228
  1853   07    10.780
  1853   08     8.678
  1853   09     7.765
  1853   10     9.294
  1853   11    10.796
  1853   12    13.287
  1854   01    14.509
  1854   02    15.305
  1854   03    15.473
  1854   04    15.140
  1854   05    13.984
  1854   06    12.213
  1854   07    10.613
  1854   08     8.923
  1854   09     8.125
  1854   10     9.609
  1854   11    11.273
  1854   12    13.312
  1855   01    14.725
  1855   02    15.517
  1855   03    15.852
  1855   04    15.320
  1855   05    14.388
  1855   06    12.353
  1855   07    10.262
  1855   08     8.584
  1855   09     7.718
  1855   10     9.267
  1855   11    11.250
  1855   12    13.847
  1856   01    15.325
  1856   02    15.976
  1856   03    16.241
  1856   04    15.753
  1856   05    14.794
  1856   06    12.449
  1856   07    10.530
  1856   08     8.910
  1856   09     7.903
  1856   10     9.365
  1856   11    10.783
  1856   12    13.186
  1857   01    14.728
  1857   02    15.636
  1857   03    16.070
  1857   04    15.872
  1857   05    14.710
  1857   06    12.652
  1857   07    10.876
  1857   08     8.277
  1857   09     7.323
  1857   10     9.009
  1857   11    11.014
  1857   12    13.669
  1858   01    15.038
  1858   02    15.438
  1858   03    15.751
  1858   04    15.684
  1858   05    15.059
  1858   06    12.898
  1858   07    11.186
  1858   08     9.295
  1858   09     8.457
  1858   10     9.906
  1858   11    11.596
  1858   12    14.062
  1859   01    15.090
  1859   02    15.551
  1859   03    15.819
  1859   04    15.551
  1859   05    14.807
  1859   06    13.225
  1859   07    11.394
  1859   08     9.210
  1859   09     8.248
  1859   10     9.991
  1859   11    11.483
  1859   12    13.838
  1860   01    15.355
  1860   02    16.452
  1860   03    16.633
  1860   04    16.076
  1860   05    14.728
  1860   06    13.023
  1860   07    10.807
  1860   08     8.344
  1860   09     7.138
  1860   10     8.881
  1860   11    11.281
  1860   12    13.689
  1861   01    15.241
  1861   02    16.112
  1861   03    16.361
  1861   04    15.795
  1861   05    14.583
  1861   06    12.597
  1861   07    10.945
  1861   08     8.460
  1861   09     7.729
  1861   10     9.267
  1861   11    11.079
  1861   12    13.349
  1862   01    14.570
  1862   02    15.295
  1862   03    15.448
  1862   04    15.222
  1862   05    14.072
  1862   06    12.486
  1862   07    11.525
  1862   08     8.884
  1862   09     7.804
  1862   10     9.456
  1862   11    11.450
  1862   12    13.594
  1863   01    14.673
  1863   02    15.319
  1863   03    15.522
  1863   04    15.035
  1863   05    13.721
  1863   06    12.095
  1863   07    10.819
  1863   08     7.939
  1863   09     6.871
  1863   10     8.784
  1863   11    11.043
  1863   12    13.654
  1864   01    14.798
  1864   02    15.589
  1864   03    15.986
  1864   04    15.696
  1864   05    14.445
  1864   06    12.471
  1864   07    10.688
  1864   08     8.783
  1864   09     7.709
  1864   10     9.552
  1864   11    11.025
  1864   12    13.263
  1865   01    14.416
  1865   02    14.783
  1865   03    15.147
  1865   04    15.003
  1865   05    14.166
  1865   06    12.689
  1865   07    10.647
  1865   08     8.972
  1865   09     7.730
  1865   10     9.660
  1865   11    11.489
  1865   12    13.580
  1866   01    14.306
  1866   02    14.806
  1866   03    14.868
  1866   04    14.623
  1866   05    13.782
  1866   06    12.576
  1866   07    11.325
  1866   08     8.627
  1866   09     7.156
  1866   10     9.365
  1866   11    10.988
  1866   12    13.640
  1867   01    14.916
  1867   02    15.385
  1867   03    15.539
  1867   04    14.956
  1867   05    14.133
  1867   06    12.361
  1867   07    10.535
  1867   08     8.327
  1867   09     7.174
  1867   10     9.185
  1867   11    10.988
  1867   12    13.404
  1868   01    14.451
  1868   02    15.135
  1868   03    15.572
  1868   04    15.517
  1868   05    14.344
  1868   06    12.753
  1868   07    10.347
  1868   08     8.667
  1868   09     8.050
  1868   10     9.092
  1868   11    10.700
  1868   12    13.032
  1869   01    14.323
  1869   02    15.010
  1869   03    15.371
  1869   04    15.108
  1869   05    13.977
  1869   06    12.312
  1869   07    10.854
  1869   08     8.525
  1869   09     7.674
  1869   10     9.123
  1869   11    10.915
  1869   12    13.233
  1870   01    14.588
  1870   02    15.357
  1870   03    15.570
  1870   04    15.206
  1870   05    14.290
  1870   06    12.284
  1870   07    10.457
  1870   08     8.414
  1870   09     7.450
  1870   10     9.274
  1870   11    10.866
  1870   12    13.280
  1871   01    14.759
  1871   02    15.635
  1871   03    15.776
  1871   04    15.630
  1871   05    14.349
  1871   06    12.528
  1871   07    10.438
  1871   08     8.450
  1871   09     7.324
  1871   10     9.123
  1871   11    11.068
  1871   12    13.307
  1872   01    14.230
  1872   02    14.688
  1872   03    15.094
  1872   04    14.772
  1872   05    13.774
  1872   06    12.167
  1872   07    10.966
  1872   08     8.106
  1872   09     7.313
  1872   10     9.007
  1872   11    10.498
  1872   12    12.961
  1873   01    13.991
  1873   02    14.721
  1873   03    15.174
  1873   04    14.926
  1873   05    13.956
  1873   06    12.197
  1873   07    10.083
  1873   08     7.269
  1873   09     6.789
  1873   10     8.780
  1873   11    10.726
  1873   12    13.061
  1874   01    14.294
  1874   02    14.740
  1874   03    14.909
  1874   04    14.399
  1874   05    13.548
  1874   06    11.733
  1874   07    10.118
  1874   08     8.274
  1874   09     7.357
  1874   10     7.944
  1874   11    10.081
  1874   12    12.729
  1875   01    14.345
  1875   02    15.242
  1875   03    15.687
  1875   04    15.256
  1875   05    14.275
  1875   06    12.322
  1875   07     9.703
  1875   08     8.051
  1875   09     7.237
  1875   10     9.055
  1875   11    10.886
  1875   12    13.034
  1876   01    14.179
  1876   02    15.306
  1876   03    15.496
  1876   04    14.960
  1876   05    13.920
  1876   06    12.055
  1876   07    10.475
  1876   08     8.598
  1876   09     6.933
  1876   10     9.050
  1876   11    10.581
  1876   12    12.795
  1877   01    14.184
  1877   02    14.851
  1877   03    15.386
  1877   04    15.072
  1877   05    13.804
  1877   06    11.816
  1877   07     9.948
  1877   08     7.913
  1877   09     7.066
  1877   10     9.067
  1877   11    10.509
  1877   12    12.953
  1878   01    13.962
  1878   02    14.854
  1878   03    15.141
  1878   04    14.923
  1878   05    13.845
  1878   06    12.355
  1878   07    10.512
  1878   08     7.847
  1878   09     7.013
  1878   10     8.460
  1878   11    10.573
  1878   12    12.410
  1879   01    14.225
  1879   02    15.211
  1879   03    15.856
  1879   04    15.659
  1879   05    14.510
  1879   06    12.315
  1879   07    10.054
  1879   08     7.572
  1879   09     6.708
  1879   10     8.500
  1879   11    10.502
  1879   12    12.822
  1880   01    14.411
  1880   02    14.992
  1880   03    15.155
  1880   04    15.251
  1880   05    14.411
  1880   06    12.299
  1880   07    10.318
  1880   08     7.737
  1880   09     6.642
  1880   10     8.136
  1880   11    10.540
  1880   12    13.135
  1881   01    14.851
  1881   02    15.285
  1881   03    15.658
  1881   04    15.287
  1881   05    14.284
  1881   06    12.238
  1881   07    10.666
  1881   08     7.834
  1881   09     6.093
  1881   10     8.596
  1881   11    10.650
  1881   12    13.002
  1882   01    14.464
  1882   02    15.165
  1882   03    15.569
  1882   04    14.788
  1882   05    13.679
  1882   06    12.443
  1882   07    11.155
  1882   08     8.726
  1882   09     6.993
  1882   10     9.332
  1882   11    10.860
  1882   12    13.344
  1883   01    14.433
  1883   02    15.149
  1883   03    15.590
  1883   04    15.030
  1883   05    13.870
  1883   06    11.936
  1883   07    10.471
  1883   08     7.990
  1883   09     7.126
  1883   10     9.295
  1883   11    10.539
  1883   12    13.133
  1884   01    14.363
  1884   02    15.453
  1884   03    15.829
  1884   04    15.701
  1884   05    14.792
  1884   06    12.591
  1884   07    10.823
  1884   08     9.086
  1884   09     8.441
  1884   10     9.966
  1884   11    11.257
  1884   12    13.620
  1885   01    14.990
  1885   02    15.754
  1885   03    16.190
  1885   04    15.866
  1885   05    14.767
  1885   06    12.530
  1885   07    11.280
  1885   08     9.442
  1885   09     8.740
  1885   10    10.026
  1885   11    11.420
  1885   12    13.419
  1886   01    14.656
  1886   02    15.475
  1886   03    15.969
  1886   04    15.714
  1886   05    14.570
  1886   06    12.286
  1886   07    10.734
  1886   08     9.163
  1886   09     8.506
  1886   10     9.855
  1886   11    11.231
  1886   12    13.589
  1887   01    14.439
  1887   02    15.300
  1887   03    15.724
  1887   04    15.320
  1887   05    14.407
  1887   06    12.664
  1887   07    11.308
  1887   08     9.150
  1887   09     8.574
  1887   10     9.611
  1887   11    11.083
  1887   12    13.570
  1888   01    14.770
  1888   02    15.656
  1888   03    15.988
  1888   04    15.766
  1888   05    14.471
  1888   06    12.478
  1888   07    10.368
  1888   08     8.406
  1888   09     7.552
  1888   10     8.762
  1888   11    11.021
  1888   12    13.590
  1889   01    14.977
  1889   02    15.687
  1889   03    15.777
  1889   04    15.169
  1889   05    14.254
  1889   06    12.530
  1889   07    10.930
  1889   08     9.241
  1889   09     8.321
  1889   10     9.499
  1889   11    10.974
  1889   12    13.427
  1890   01    14.835
  1890   02    15.613
  1890   03    16.025
  1890   04    15.681
  1890   05    14.683
  1890   06    12.683
  1890   07    11.014
  1890   08     8.717
  1890   09     7.673
  1890   10     8.665
  1890   11    10.785
  1890   12    13.218
  1891   01    14.592
  1891   02    15.518
  1891   03    15.950
  1891   04    15.481
  1891   05    14.380
  1891   06    12.390
  1891   07    10.526
  1891   08     8.431
  1891   09     7.305
  1891   10     9.098
  1891   11    10.948
  1891   12    13.336
  1892   01    14.990
  1892   02    15.672
  1892   03    15.742
  1892   04    15.550
  1892   05    14.459
  1892   06    12.519
  1892   07    10.039
  1892   08     8.243
  1892   09     7.469
  1892   10     9.190
  1892   11    10.727
  1892   12    13.251
  1893   01    14.691
  1893   02    15.492
  1893   03    15.730
  1893   04    15.429
  1893   05    14.339
  1893   06    12.108
  1893   07    10.356
  1893   08     8.649
  1893   09     7.670
  1893   10     9.021
  1893   11    11.086
  1893   12    13.374
  1894   01    15.182
  1894   02    16.519
  1894   03    16.901
  1894   04    16.566
  1894   05    15.777
  1894   06    12.632
  1894   07    10.386
  1894   08     8.583
  1894   09     7.457
  1894   10     9.153
  1894   11    10.837
  1894   12    13.282
  1895   01    15.120
  1895   02    16.037
  1895   03    16.153
  1895   04    15.656
  1895   05    14.547
  1895   06    12.429
  1895   07    10.428
  1895   08     8.358
  1895   09     7.410
  1895   10     9.208
  1895   11    10.813
  1895   12    13.387
  1896   01    14.820
  1896   02    15.350
  1896   03    15.758
  1896   04    15.794
  1896   05    14.803
  1896   06    12.687
  1896   07    10.861
  1896   08     8.506
  1896   09     7.574
  1896   10     9.644
  1896   11    11.056
  1896   12    13.594
  1897   01    14.834
  1897   02    15.579
  1897   03    16.127
  1897   04    15.885
  1897   05    14.396
  1897   06    12.062
  1897   07    10.643
  1897   08     8.453
  1897   09     7.733
  1897   10     9.332
  1897   11    10.864
  1897   12    12.839
  1898   01    13.972
  1898   02    15.145
  1898   03    15.421
  1898   04    15.153
  1898   05    13.936
  1898   06    12.096
  1898   07    10.644
  1898   08     8.194
  1898   09     7.542
  1898   10     9.036
  1898   11    10.907
  1898   12    13.271
  1899   01    14.412
  1899   02    14.558
  1899   03    14.956
  1899   04    14.711
  1899   05    14.009
  1899   06    12.594
  1899   07    10.822
  1899   08     8.459
  1899   09     7.491
  1899   10     9.388
  1899   11    11.203
  1899   12    13.566
  1900   01    14.581
  1900   02    15.306
  1900   03    15.809
  1900   04    15.148
  1900   05    14.104
  1900   06    12.180
  1900   07    10.453
  1900   08     8.381
  1900   09     7.307
  1900   10     8.722
  1900   11    10.348
  1900   12    12.883
  1901   01    14.467
  1901   02    15.555
  1901   03    15.958
  1901   04    15.733
  1901   05    14.701
  1901   06    12.550
  1901   07    10.379
  1901   08     8.619
  1901   09     7.687
  1901   10     9.283
  1901   11    10.843
  1901   12    13.171
  1902   01    15.006
  1902   02    16.166
  1902   03    16.403
  1902   04    16.172
  1902   05    14.873
  1902   06    12.893
  1902   07    10.353
  1902   08     8.336
  1902   09     7.615
  1902   10     9.012
  1902   11    10.756
  1902   12    13.610
  1903   01    15.328
  1903   02    16.029
  1903   03    16.414
  1903   04    16.053
  1903   05    14.989
  1903   06    12.600
  1903   07    11.131
  1903   08     9.071
  1903   09     8.399
  1903   10     9.533
  1903   11    11.705
  1903   12    13.986
  1904   01    15.144
  1904   02    15.963
  1904   03    16.389
  1904   04    16.058
  1904   05    14.982
  1904   06    12.754
  1904   07    11.260
  1904   08     8.769
  1904   09     8.081
  1904   10     9.181
  1904   11    11.142
  1904   12    13.352
  1905   01    15.233
  1905   02    16.016
  1905   03    16.466
  1905   04    16.118
  1905   05    14.120
  1905   06    12.593
  1905   07    10.851
  1905   08     8.148
  1905   09     7.501
  1905   10     9.161
  1905   11    10.800
  1905   12    13.539
  1906   01    14.825
  1906   02    15.568
  1906   03    16.034
  1906   04    15.566
  1906   05    14.703
  1906   06    12.779
  1906   07    11.397
  1906   08     8.718
  1906   09     7.938
  1906   10     9.422
  1906   11    11.244
  1906   12    13.663
  1907   01    14.944
  1907   02    15.794
  1907   03    16.141
  1907   04    15.367
  1907   05    14.547
  1907   06    12.649
  1907   07    10.937
  1907   08     9.304
  1907   09     8.485
  1907   10     9.785
  1907   11    11.086
  1907   12    13.624
  1908   01    15.042
  1908   02    15.642
  1908   03    15.989
  1908   04    15.624
  1908   05    14.470
  1908   06    12.687
  1908   07    10.843
  1908   08     8.546
  1908   09     7.970
  1908   10     9.150
  1908   11    11.056
  1908   12    13.602
  1909   01    14.911
  1909   02    15.781
  1909   03    16.021
  1909   04    15.388
  1909   05    14.261
  1909   06    12.598
  1909   07    10.785
  1909   08     8.370
  1909   09     7.533
  1909   10     8.868
  1909   11    11.112
  1909   12    13.365
  1910   01    14.838
  1910   02    15.660
  1910   03    16.285
  1910   04    15.868
  1910   05    14.820
  1910   06    12.437
  1910   07    10.996
  1910   08     8.549
  1910   09     7.588
  1910   10     9.195
  1910   11    11.161
  1910   12    13.479
  1911   01    14.947
  1911   02    15.688
  1911   03    16.084
  1911   04    15.843
  1911   05    14.904
  1911   06    12.695
  1911   07    10.664
  1911   08     8.689
  1911   09     6.925
  1911   10     9.531
  1911   11    11.025
  1911   12    13.570
  1912   01    14.677
  1912   02    15.348
  1912   03    15.613
  1912   04    15.306
  1912   05    14.170
  1912   06    12.487
  1912   07    10.703
  1912   08     8.764
  1912   09     7.918
  1912   10     9.508
  1912   11    11.681
  1912   12    13.810
  1913   01    14.635
  1913   02    15.282
  1913   03    15.569
  1913   04    15.347
  1913   05    14.357
  1913   06    12.662
  1913   07    11.347
  1913   08     8.609
  1913   09     7.786
  1913   10     9.539
  1913   11    11.430
  1913   12    13.274
  1914   01    14.580
  1914   02    15.424
  1914   03    15.740
  1914   04    15.168
  1914   05    14.091
  1914   06    12.863
  1914   07    11.378
  1914   08     8.516
  1914   09     7.505
  1914   10     9.902
  1914   11    11.440
  1914   12    13.957
  1915   01    14.951
  1915   02    15.631
  1915   03    16.009
  1915   04    15.464
  1915   05    14.469
  1915   06    12.676
  1915   07    11.251
  1915   08     9.197
  1915   09     8.409
  1915   10     9.691
  1915   11    11.181
  1915   12    13.551
  1916   01    14.760
  1916   02    15.701
  1916   03    15.985
  1916   04    15.631
  1916   05    14.354
  1916   06    12.552
  1916   07    10.443
  1916   08     8.224
  1916   09     6.888
  1916   10     9.300
  1916   11    10.730
  1916   12    13.273
  1917   01    14.821
  1917   02    15.268
  1917   03    15.422
  1917   04    15.349
  1917   05    14.578
  1917   06    12.457
  1917   07     9.969
  1917   08     8.205
  1917   09     7.440
  1917   10     8.308
  1917   11    10.604
  1917   12    12.755
  1918   01    13.959
  1918   02    14.773
  1918   03    14.856
  1918   04    14.692
  1918   05    13.917
  1918   06    12.335
  1918   07    10.916
  1918   08     9.286
  1918   09     7.937
  1918   10     9.521
  1918   11    10.928
  1918   12    13.102
  1919   01    14.536
  1919   02    15.137
  1919   03    15.451
  1919   04    15.129
  1919   05    14.159
  1919   06    12.431
  1919   07    10.564
  1919   08     8.760
  1919   09     7.774
  1919   10     9.458
  1919   11    11.501
  1919   12    13.476
  1920   01    14.610
  1920   02    15.073
  1920   03    15.289
  1920   04    15.167
  1920   05    14.181
  1920   06    12.447
  1920   07    10.861
  1920   08     8.555
  1920   09     7.487
  1920   10     8.947
  1920   11    11.041
  1920   12    13.178
  1921   01    14.641
  1921   02    15.731
  1921   03    16.041
  1921   04    15.480
  1921   05    14.318
  1921   06    12.430
  1921   07    10.721
  1921   08     8.011
  1921   09     7.059
  1921   10     8.724
  1921   11    10.794
  1921   12    13.404
  1922   01    15.082
  1922   02    15.903
  1922   03    15.927
  1922   04    15.435
  1922   05    14.554
  1922   06    12.851
  1922   07    10.210
  1922   08     7.797
  1922   09     6.764
  1922   10     9.025
  1922   11    10.943
  1922   12    13.370
  1923   01    14.952
  1923   02    15.452
  1923   03    15.915
  1923   04    15.526
  1923   05    14.726
  1923   06    12.705
  1923   07    10.348
  1923   08     8.537
  1923   09     6.872
  1923   10     9.362
  1923   11    10.947
  1923   12    13.506
  1924   01    14.908
  1924   02    15.756
  1924   03    16.030
  1924   04    15.658
  1924   05    14.337
  1924   06    12.138
  1924   07    10.360
  1924   08     8.666
  1924   09     8.097
  1924   10     9.610
  1924   11    11.540
  1924   12    13.679
  1925   01    15.080
  1925   02    15.974
  1925   03    16.349
  1925   04    15.676
  1925   05    14.239
  1925   06    12.694
  1925   07    11.029
  1925   08     8.790
  1925   09     7.984
  1925   10     9.913
  1925   11    11.183
  1925   12    13.250
  1926   01    14.692
  1926   02    15.401
  1926   03    15.842
  1926   04    15.476
  1926   05    14.254
  1926   06    12.493
  1926   07    10.966
  1926   08     9.038
  1926   09     7.801
  1926   10     9.661
  1926   11    11.336
  1926   12    13.681
  1927   01    14.946
  1927   02    16.106
  1927   03    16.383
  1927   04    15.967
  1927   05    14.574
  1927   06    12.753
  1927   07    10.671
  1927   08     8.231
  1927   09     7.198
  1927   10     9.384
  1927   11    10.981
  1927   12    13.728
  1928   01    15.184
  1928   02    15.947
  1928   03    15.983
  1928   04    15.632
  1928   05    14.663
  1928   06    12.642
  1928   07    10.765
  1928   08     8.484
  1928   09     7.719
  1928   10     9.534
  1928   11    11.129
  1928   12    13.444
  1929   01    14.798
  1929   02    15.517
  1929   03    15.991
  1929   04    15.973
  1929   05    15.122
  1929   06    13.098
  1929   07    10.350
  1929   08     8.538
  1929   09     7.878
  1929   10     9.596
  1929   11    11.396
  1929   12    13.553
  1930   01    15.068
  1930   02    15.865
  1930   03    16.247
  1930   04    15.650
  1930   05    14.552
  1930   06    12.675
  1930   07    11.434
  1930   08     8.917
  1930   09     7.967
  1930   10     9.729
  1930   11    11.036
  1930   12    13.543
  1931   01    14.932
  1931   02    15.841
  1931   03    15.903
  1931   04    15.675
  1931   05    14.522
  1931   06    12.310
  1931   07    10.512
  1931   08     8.123
  1931   09     6.976
  1931   10     8.698
  1931   11    10.985
  1931   12    13.570
  1932   01    14.767
  1932   02    15.475
  1932   03    15.616
  1932   04    15.332
  1932   05    14.143
  1932   06    12.464
  1932   07    10.938
  1932   08     7.992
  1932   09     7.405
  1932   10     8.882
  1932   11    10.714
  1932   12    13.446
  1933   01    15.274
  1933   02    16.261
  1933   03    16.560
  1933   04    16.335
  1933   05    15.201
  1933   06    12.673
  1933   07    10.654
  1933   08     8.514
  1933   09     7.647
  1933   10     9.772
  1933   11    11.132
  1933   12    13.523
  1934   01    14.771
  1934   02    15.502
  1934   03    15.818
  1934   04    15.589
  1934   05    14.749
  1934   06    12.696
  1934   07    10.734
  1934   08     8.622
  1934   09     7.887
  1934   10     9.152
  1934   11    11.186
  1934   12    13.800
  1935   01    15.338
  1935   02    16.243
  1935   03    16.360
  1935   04    15.898
  1935   05    14.157
  1935   06    12.384
  1935   07    11.016
  1935   08     9.187
  1935   09     8.025
  1935   10     9.920
  1935   11    11.072
  1935   12    13.679
  1936   01    14.769
  1936   02    15.595
  1936   03    16.178
  1936   04    15.907
  1936   05    14.842
  1936   06    12.528
  1936   07    10.715
  1936   08     8.722
  1936   09     7.724
  1936   10     9.287
  1936   11    10.978
  1936   12    13.331
  1937   01    14.703
  1937   02    15.249
  1937   03    15.651
  1937   04    15.257
  1937   05    14.061
  1937   06    12.475
  1937   07    10.799
  1937   08     9.003
  1937   09     8.121
  1937   10     9.415
  1937   11    11.402
  1937   12    13.607
  1938   01    14.742
  1938   02    15.491
  1938   03    16.036
  1938   04    15.927
  1938   05    14.807
  1938   06    12.628
  1938   07    11.064
  1938   08     9.103
  1938   09     8.450
  1938   10     9.901
  1938   11    11.215
  1938   12    13.625
  1939   01    15.031
  1939   02    16.097
  1939   03    16.712
  1939   04    16.169
  1939   05    14.642
  1939   06    12.715
  1939   07    10.541
  1939   08     8.901
  1939   09     8.384
  1939   10     9.198
  1939   11    11.090
  1939   12    13.694
  1940   01    15.100
  1940   02    16.052
  1940   03    16.440
  1940   04    16.037
  1940   05    14.810
  1940   06    12.771
  1940   07    10.979
  1940   08     8.682
  1940   09     7.845
  1940   10     9.442
  1940   11    11.604
  1940   12    13.772
  1941   01    15.352
  1941   02    16.300
  1941   03    16.878
  1941   04    16.605
  1941   05    14.999
  1941   06    12.581
  1941   07    10.721
  1941   08     8.545
  1941   09     7.582
  1941   10     9.653
  1941   11    11.463
  1941   12    13.538
  1942   01    15.308
  1942   02    16.228
  1942   03    16.605
  1942   04    16.324
  1942   05    15.240
  1942   06    12.732
  1942   07    10.566
  1942   08     8.774
  1942   09     7.832
  1942   10     9.268
  1942   11    11.394
  1942   12    13.959
  1943   01    15.030
  1943   02    15.892
  1943   03    16.037
  1943   04    15.513
  1943   05    14.285
  1943   06    12.489
  1943   07    10.690
  1943   08     8.727
  1943   09     7.638
  1943   10     9.758
  1943   11    11.165
  1943   12    13.296
  1944   01    15.297
  1944   02    16.186
  1944   03    16.406
  1944   04    15.975
  1944   05    14.495
  1944   06    12.778
  1944   07    11.037
  1944   08     8.205
  1944   09     7.349
  1944   10     8.897
  1944   11    11.144
  1944   12    13.496
  1945   01    14.678
  1945   02    15.369
  1945   03    15.797
  1945   04    15.559
  1945   05    14.517
  1945   06    12.818
  1945   07    11.120
  1945   08     8.961
  1945   09     7.805
  1945   10     9.694
  1945   11    11.385
  1945   12    13.443
  1946   01    14.591
  1946   02    15.204
  1946   03    15.393
  1946   04    14.942
  1946   05    14.178
  1946   06    13.011
  1946   07    11.365
  1946   08     8.755
  1946   09     7.932
  1946   10     9.479
  1946   11    11.159
  1946   12    13.701
  1947   01    15.074
  1947   02    15.894
  1947   03    16.360
  1947   04    16.038
  1947   05    14.851
  1947   06    12.954
  1947   07    10.734
  1947   08     9.477
  1947   09     8.810
  1947   10    10.080
  1947   11    11.405
  1947   12    13.869
  1948   01    14.946
  1948   02    15.571
  1948   03    15.777
  1948   04    15.665
  1948   05    14.607
  1948   06    12.740
  1948   07    10.988
  1948   08     8.841
  1948   09     8.002
  1948   10     9.688
  1948   11    11.083
  1948   12    13.885
  1949   01    15.336
  1949   02    16.105
  1949   03    16.211
  1949   04    16.025
  1949   05    14.936
  1949   06    12.690
  1949   07    10.958
  1949   08     9.120
  1949   09     8.237
  1949   10     9.653
  1949   11    10.865
  1949   12    13.386
  1950   01    14.889
  1950   02    15.715
  1950   03    16.211
  1950   04    15.879
  1950   05    14.731
  1950   06    12.532
  1950   07    10.895
  1950   08     8.443
  1950   09     7.286
  1950   10     9.463
  1950   11    11.468
  1950   12    13.770
  1951   01    15.318
  1951   02    16.505
  1951   03    16.927
  1951   04    16.615
  1951   05    15.419
  1951   06    12.620
  1951   07    11.070
  1951   08     9.252
  1951   09     8.718
  1951   10     9.435
  1951   11    11.576
  1951   12    14.277
  1952   01    15.718
  1952   02    16.458
  1952   03    16.652
  1952   04    16.174
  1952   05    15.159
  1952   06    12.887
  1952   07    11.133
  1952   08     8.824
  1952   09     8.149
  1952   10     9.454
  1952   11    11.372
  1952   12    13.801
  1953   01    15.330
  1953   02    15.751
  1953   03    15.916
  1953   04    15.519
  1953   05    14.609
  1953   06    12.634
  1953   07    10.486
  1953   08     8.884
  1953   09     8.326
  1953   10     9.377
  1953   11    10.784
  1953   12    13.398
  1954   01    14.914
  1954   02    15.526
  1954   03    15.797
  1954   04    15.587
  1954   05    14.420
  1954   06    12.715
  1954   07    11.205
  1954   08     8.737
  1954   09     7.537
  1954   10     9.228
  1954   11    11.151
  1954   12    13.901
  1955   01    14.999
  1955   02    15.494
  1955   03    15.956
  1955   04    15.704
  1955   05    14.714
  1955   06    12.423
  1955   07    10.535
  1955   08     8.045
  1955   09     7.274
  1955   10     9.347
  1955   11    11.031
  1955   12    13.858
  1956   01    14.820
  1956   02    15.880
  1956   03    16.254
  1956   04    15.911
  1956   05    14.195
  1956   06    12.456
  1956   07    11.004
  1956   08     9.033
  1956   09     8.058
  1956   10     9.758
  1956   11    11.510
  1956   12    13.731
  1957   01    14.813
  1957   02    15.569
  1957   03    16.196
  1957   04    15.696
  1957   05    14.542
  1957   06    12.989
  1957   07    11.366
  1957   08     8.429
  1957   09     7.478
  1957   10     9.477
  1957   11    11.546
  1957   12    13.891
  1958   01    14.931
  1958   02    15.764
  1958   03    16.314
  1958   04    16.028
  1958   05    15.165
  1958   06    12.742
  1958   07    10.602
  1958   08     8.600
  1958   09     7.812
  1958   10     9.000
  1958   11    11.545
  1958   12    13.606
  1959   01    15.042
  1959   02    16.259
  1959   03    16.661
  1959   04    16.473
  1959   05    15.341
  1959   06    12.876
  1959   07    10.868
  1959   08     9.207
  1959   09     8.037
  1959   10     9.818
  1959   11    11.420
  1959   12    14.029
  1960   01    15.479
  1960   02    16.291
  1960   03    16.699
  1960   04    16.266
  1960   05    14.988
  1960   06    12.607
  1960   07    10.753
  1960   08     8.757
  1960   09     7.703
  1960   10     9.768
  1960   11    10.911
  1960   12    13.302
  1961   01    14.817
  1961   02    15.936
  1961   03    16.393
  1961   04    16.177
  1961   05    14.961
  1961   06    12.574
  1961   07    10.570
  1961   08     8.833
  1961   09     7.920
  1961   10     9.335
  1961   11    10.968
  1961   12    13.454
  1962   01    15.037
  1962   02    15.821
  1962   03    16.268
  1962   04    15.743
  1962   05    14.438
  1962   06    12.433
  1962   07    11.117
  1962   08     8.473
  1962   09     7.616
  1962   10     9.196
  1962   11    11.192
  1962   12    13.847
  1963   01    15.365
  1963   02    16.208
  1963   03    16.622
  1963   04    16.262
  1963   05    14.788
  1963   06    12.476
  1963   07    10.908
  1963   08     8.834
  1963   09     8.125
  1963   10     9.833
  1963   11    11.496
  1963   12    13.431
  1964   01    14.797
  1964   02    15.807
  1964   03    16.184
  1964   04    15.587
  1964   05    14.068
  1964   06    12.469
  1964   07    11.009
  1964   08     8.839
  1964   09     8.215
  1964   10     9.403
  1964   11    11.093
  1964   12    13.346
  1965   01    14.745
  1965   02    15.422
  1965   03    15.813
  1965   04    15.251
  1965   05    14.621
  1965   06    13.118
  1965   07    11.710
  1965   08     9.969
  1965   09     9.153
  1965   10    10.661
  1965   11    12.203
  1965   12    14.098
  1966   01    15.134
  1966   02    15.942
  1966   03    16.183
  1966   04    15.733
  1966   05    14.803
  1966   06    12.599
  1966   07    10.946
  1966   08     9.112
  1966   09     8.037
  1966   10     9.878
  1966   11    11.814
  1966   12    14.155
  1967   01    15.403
  1967   02    16.098
  1967   03    16.140
  1967   04    15.807
  1967   05    14.457
  1967   06    12.530
  1967   07    10.815
  1967   08     8.797
  1967   09     8.030
  1967   10     9.457
  1967   11    11.542
  1967   12    13.837
  1968   01    15.153
  1968   02    16.010
  1968   03    16.226
  1968   04    16.031
  1968   05    14.839
  1968   06    12.983
  1968   07    11.413
  1968   08     9.238
  1968   09     8.267
  1968   10    10.007
  1968   11    12.030
  1968   12    14.115
  1969   01    15.252
  1969   02    16.187
  1969   03    16.382
  1969   04    15.896
  1969   05    14.663
  1969   06    12.666
  1969   07    11.101
  1969   08     9.569
  1969   09     8.655
  1969   10    10.278
  1969   11    11.647
  1969   12    13.761
  1970   01    15.093
  1970   02    15.972
  1970   03    16.009
  1970   04    15.648
  1970   05    14.682
  1970   06    12.942
  1970   07    11.163
  1970   08     8.842
  1970   09     8.265
  1970   10     9.979
  1970   11    11.686
  1970   12    13.926
  1971   01    15.016
  1971   02    15.824
  1971   03    16.186
  1971   04    15.518
  1971   05    14.330
  1971   06    12.760
  1971   07    11.452
  1971   08     9.558
  1971   09     9.030
  1971   10    10.340
  1971   11    11.872
  1971   12    14.032
  1972   01    15.114
  1972   02    15.948
  1972   03    16.232
  1972   04    15.867
  1972   05    14.548
  1972   06    12.861
  1972   07    11.556
  1972   08     9.851
  1972   09     8.769
  1972   10    10.467
  1972   11    12.531
  1972   12    14.065
  1973   01    15.250
  1973   02    16.047
  1973   03    16.317
  1973   04    15.947
  1973   05    14.498
  1973   06    12.805
  1973   07    11.515
  1973   08     9.787
  1973   09     9.166
  1973   10    10.502
  1973   11    11.816
  1973   12    14.045
  1974   01    15.274
  1974   02    16.008
  1974   03    16.144
  1974   04    15.817
  1974   05    14.799
  1974   06    12.738
  1974   07    11.576
  1974   08     9.382
  1974   09     8.635
  1974   10    10.364
  1974   11    11.878
  1974   12    13.941
  1975   01    15.184
  1975   02    15.888
  1975   03    15.943
  1975   04    15.327
  1975   05    14.446
  1975   06    12.882
  1975   07    11.763
  1975   08     9.479
  1975   09     8.887
  1975   10    10.018
  1975   11    11.831
  1975   12    14.036
  1976   01    15.247
  1976   02    15.756
  1976   03    16.192
  1976   04    15.950
  1976   05    14.957
  1976   06    13.158
  1976   07    11.978
  1976   08     9.639
  1976   09     8.905
  1976   10    10.415
  1976   11    12.388
  1976   12    14.189
  1977   01    15.226
  1977   02    16.151
  1977   03    16.335
  1977   04    16.226
  1977   05    14.975
  1977   06    12.691
  1977   07    11.451
  1977   08    10.136
  1977   09     9.513
  1977   10    10.549
  1977   11    11.901
  1977   12    13.738
  1978   01    15.038
  1978   02    15.806
  1978   03    16.353
  1978   04    15.980
  1978   05    15.144
  1978   06    13.328
  1978   07    11.512
  1978   08     9.456
  1978   09     8.774
  1978   10    10.225
  1978   11    11.544
  1978   12    14.395
  1979   01    15.537
  1979   02    16.431
  1979   03    16.761
  1979   04    16.509
  1979   05    15.342
  1979   06    12.960
  1979   07    10.878
  1979   08     9.305
  1979   09     8.669
  1979   10    10.179
  1979   11    11.502
  1979   12    14.151
  1980   01    15.758
  1980   02    16.310
  1980   03    16.774
  1980   04    16.591
  1980   05    15.398
  1980   06    12.891
  1980   07    11.468
  1980   08     9.233
  1980   09     8.241
  1980   10    10.243
  1980   11    11.724
  1980   12    13.961
  1981   01    15.357
  1981   02    16.123
  1981   03    16.771
  1981   04    16.424
  1981   05    15.434
  1981   06    13.392
  1981   07    11.318
  1981   08     9.059
  1981   09     8.589
  1981   10    10.095
  1981   11    11.652
  1981   12    14.215
  1982   01    16.097
  1982   02    17.048
  1982   03    17.293
  1982   04    17.153
  1982   05    15.871
  1982   06    12.999
  1982   07    11.028
  1982   08     9.220
  1982   09     8.422
  1982   10    10.149
  1982   11    11.811
  1982   12    14.126
  1983   01    15.553
  1983   02    16.335
  1983   03    16.758
  1983   04    16.225
  1983   05    15.176
  1983   06    12.397
  1983   07    11.019
  1983   08     8.766
  1983   09     7.966
  1983   10     9.953
  1983   11    11.505
  1983   12    13.717
  1984   01    15.300
  1984   02    16.425
  1984   03    17.042
  1984   04    16.873
  1984   05    15.564
  1984   06    13.158
  1984   07    11.303
  1984   08     9.096
  1984   09     8.304
  1984   10     9.982
  1984   11    11.439
  1984   12    13.575
  1985   01    15.470
  1985   02    16.170
  1985   03    16.394
  1985   04    16.171
  1985   05    15.219
  1985   06    12.487
  1985   07    10.792
  1985   08     8.274
  1985   09     7.322
  1985   10     8.824
  1985   11    11.146
  1985   12    13.825
  1986   01    15.009
  1986   02    15.885
  1986   03    16.179
  1986   04    16.002
  1986   05    14.723
  1986   06    12.849
  1986   07    11.091
  1986   08     9.214
  1986   09     7.856
  1986   10     9.832
  1986   11    11.681
  1986   12    13.499
  1987   01    14.624
  1987   02    15.535
  1987   03    15.875
  1987   04    15.623
  1987   05    14.455
  1987   06    12.521
  1987   07    10.975
  1987   08     8.416
  1987   09     7.736
  1987   10     9.556
  1987   11    11.225
  1987   12    13.445
  1988   01    14.728
  1988   02    15.672
  1988   03    16.354
  1988   04    15.823
  1988   05    14.457
  1988   06    12.091
  1988   07    10.204
  1988   08     8.092
  1988   09     7.323
  1988   10     9.061
  1988   11    10.538
  1988   12    13.136
  1989   01    14.565
  1989   02    15.454
  1989   03    15.817
  1989   04    15.605
  1989   05    14.266
  1989   06    12.444
  1989   07    10.462
  1989   08     8.307
  1989   09     6.984
  1989   10     9.090
  1989   11    11.156
  1989   12    13.386
  1990   01    14.821
  1990   02    15.727
  1990   03    16.069
  1990   04    15.659
  1990   05    14.199
  1990   06    12.453
  1990   07    10.264
  1990   08     8.042
  1990   09     6.970
  1990   10     9.168
  1990   11    11.087
  1990   12    13.546
  1991   01    14.572
  1991   02    15.368
  1991   03    15.941
  1991   04    15.829
  1991   05    14.716
  1991   06    12.517
  1991   07    10.733
  1991   08     8.743
  1991   09     7.735
  1991   10     9.316
  1991   11    10.926
  1991   12    13.223
  1992   01    14.530
  1992   02    15.457
  1992   03    15.652
  1992   04    15.256
  1992   05    14.367
  1992   06    12.460
  1992   07    10.964
  1992   08     9.411
  1992   09     8.731
  1992   10     9.913
  1992   11    11.279
  1992   12    13.865
  1993   01    14.946
  1993   02    15.770
  1993   03    16.328
  1993   04    15.816
  1993   05    14.487
  1993   06    12.644
  1993   07    11.043
  1993   08     8.436
  1993   09     7.641
  1993   10     9.500
  1993   11    11.243
  1993   12    13.298
  1994   01    14.936
  1994   02    15.858
  1994   03    15.998
  1994   04    15.389
  1994   05    14.227
  1994   06    12.278
  1994   07    10.725
  1994   08     8.744
  1994   09     7.837
  1994   10     9.195
  1994   11    11.341
  1994   12    12.944
  1995   01    14.490
  1995   02    15.409
  1995   03    15.872
  1995   04    15.556
  1995   05    14.220
  1995   06    12.760
  1995   07    11.083
  1995   08     8.280
  1995   09     7.367
  1995   10     9.064
  1995   11    10.823
  1995   12    13.439
  1996   01    14.570
  1996   02    15.291
  1996   03    15.580
  1996   04    15.099
  1996   05    14.232
  1996   06    12.325
  1996   07    10.851
  1996   08     8.531
  1996   09     7.269
  1996   10     8.901
  1996   11    10.837
  1996   12    12.829
  1997   01    13.922
  1997   02    14.729
  1997   03    14.916
  1997   04    14.473
  1997   05    13.307
  1997   06    11.518
  1997   07     9.749
  1997   08     7.664
  1997   09     6.950
  1997   10     8.050
  1997   11    10.049
  1997   12    12.225
  1998   01    13.679
  1998   02    14.491
  1998   03    15.012
  1998   04    14.884
  1998   05    13.603
  1998   06    11.815
  1998   07     9.844
  1998   08     7.342
  1998   09     6.370
  1998   10     7.972
  1998   11    10.149
  1998   12    12.781
  1999   01    13.827
  1999   02    14.646
  1999   03    15.209
  1999   04    15.037
  1999   05    13.693
  1999   06    11.919
  1999   07    10.005
  1999   08     7.395
  1999   09     6.281
  1999   10     8.041
  1999   11    10.432
  1999   12    12.666
  2000   01    13.898
  2000   02    14.858
  2000   03    15.407
  2000   04    15.238
  2000   05    13.812
  2000   06    11.991
  2000   07    10.468
  2000   08     7.965
  2000   09     6.685
  2000   10     8.445
  2000   11    10.340
  2000   12    12.427
  2001   01    13.934
  2001   02    14.857
  2001   03    15.303
  2001   04    14.877
  2001   05    13.913
  2001   06    12.167
  2001   07    10.045
  2001   08     7.918
  2001   09     7.191
  2001   10     8.865
  2001   11    10.296
  2001   12    12.651
  2002   01    14.078
  2002   02    15.210
  2002   03    15.644
  2002   04    15.391
  2002   05    14.315
  2002   06    12.428
  2002   07    10.669
  2002   08     8.569
  2002   09     7.705
  2002   10     9.217
  2002   11    10.951
  2002   12    13.385
  2003   01    14.907
  2003   02    15.920
  2003   03    16.369
  2003   04    16.124
  2003   05    15.035
  2003   06    12.496
  2003   07    10.457
  2003   08     8.702
  2003   09     8.052
  2003   10     9.319
  2003   11    10.756
  2003   12    13.094
  2004   01    14.296
  2004   02    15.016
  2004   03    15.359
  2004   04    14.848
  2004   05    13.638
  2004   06    12.286
  2004   07    10.498
  2004   08     8.165
  2004   09     7.534
  2004   10     8.661
  2004   11    10.953
  2004   12    13.098
  2005   01    13.969
  2005   02    14.983
  2005   03    15.327
  2005   04    15.029
  2005   05    13.779
  2005   06    11.841
  2005   07     9.741
  2005   08     7.609
  2005   09     6.831
  2005   10     7.819
  2005   11    10.392
  2005   12    12.828
  2006   01    14.057
  2006   02    14.697
  2006   03    15.124
  2006   04    14.767
  2006   05    13.686
  2006   06    12.552
  2006   07    10.430
  2006   08     6.738
  2006   09     5.670
  2006   10     7.140
  2006   11    10.266
  2006   12    12.313
  2007   01    14.123
  2007   02    14.779
  2007   03    15.125
  2007   04    14.666
  2007   05    13.767
  2007   06    12.002
  2007   07     9.806
  2007   08     7.431
  2007   09     6.738
  2007   10     8.690
  2007   11    10.337
  2007   12    12.652
  2008   01    13.832
  2008   02    14.400
  2008   03    14.665
  2008   04    14.237
  2008   05    13.477
  2008   06    11.751
  2008   07    10.119
  2008   08     7.099
  2008   09     5.947
  2008   10     7.583
  2008   11    10.169
  2008   12    12.272
  2009   01    13.771
  2009   02    14.414
  2009   03    14.691
  2009   04    14.409
  2009   05    13.256
  2009   06    12.149
  2009   07     9.323
  2009   08     6.909
  2009   09     5.904
  2009   10     7.679
  2009   11    10.117
  2009   12    12.521
  2010   01    13.974
  2010   02    14.759
  2010   03    14.904
  2010   04    14.464
  2010   05    13.503
  2010   06    11.835
  2010   07     9.518
  2010   08     7.136
  2010   09     5.653
  2010   10     7.414
  2010   11    10.401
  2010   12    12.713
  2011   01    13.736
  2011   02    14.294
  2011   03    14.454
  2011   04    14.223
  2011   05    13.479
  2011   06    11.851
  2011   07     9.793
  2011   08     6.729
  2011   09     5.521
  2011   10     8.511
  2011   11    10.566
  2011   12    12.710
  2012   01    13.838
  2012   02    14.456
  2012   03    14.706
  2012   04    14.492
  2012   05    13.298
  2012   06    11.592
  2012   07     9.962
  2012   08     6.691
  2012   09     4.784
  2012   10     6.967
  2012   11    10.110
  2012   12    12.426
  2013   01    13.340
  2013   02    13.840
  2013   03    14.160
  2013   04    13.801
  2013   05    12.978
  2013   06    11.712
  2013   07     9.108
  2013   08     6.361
  2013   09     5.257
  2013   10     7.435
  2013   11     9.918
  2013   12    12.232
  2014   01    13.325
  2014   02    14.085
  2014   03    14.285
  2014   04    13.965
  2014   05    13.065
  2014   06    11.832
  2014   07     9.248
  2014   08     6.559
  2014   09     5.638
  2014   10     7.414
  2014   11    10.084
  2014   12    12.255
  2015   01    13.518
  2015   02    14.335
  2015   03    14.870
  2015   04    14.579
  2015   05    13.476
  2015   06    11.604
  2015   07     9.049
  2015   08     6.655
  2015   09     5.866
  2015   10     7.551
  2015   11     9.861
  2015   12    12.090
  2016   01    13.614
  2016   02    14.192
  2016   03    14.118
  2016   04    13.690
  2016   05    12.668
  2016   06    11.244
  2016   07     9.108
  2016   08     6.335
  2016   09     5.159
  2016   10     6.975
  2016   11     9.675
  2016   12    11.890
  2017   01    13.347
  2017   02    14.171
  2017   03    14.392
  2017   04    14.099
  2017   05    13.075
  2017   06    11.682
  2017   07     9.572
  2017   08     6.958
  2017   09     5.617
  2017   10     7.600
  2017   11    10.068
  2017   12    12.138
  2018   01    13.830
  2018   02    14.672
  2018   03    14.928
  2018   04    14.538
  2018   05    13.442
  2018   06    11.801
  2018   07     9.929
  2018   08     7.186
  2018   09     5.374
  2018   10     7.549
  2018   11    10.139
  2018   12    12.498
  2019   01    13.803
  2019   02    14.663
  2019   03    15.089
  2019   04    14.760
  2019   05    13.652
  2019   06    12.047
  2019   07     9.731
  2019   08     7.221
  2019   09     5.672
  2019   10     7.813
  2019   11    10.055
  2019   12    12.558
  2020   01    14.035
  2020   02    14.678
  2020   03    14.768
  2020   04    14.452
  2020   05    13.521
  2020   06    11.826
  2020   07    10.141
  2020   08     7.488
  2020   09     5.783
  2020   10     7.559
  2020   11    10.059
  2020   12    11.818
  2021   01    13.736
  2021   02    14.389
  2021   03    14.778
  2021   04    14.541
  2021   05    13.365
  2021   06    11.299
  2021   07     9.142
  2021   08     6.860
  2021   09     5.144
  2021   10     7.154
  2021   11     9.396
  2021   12    11.653
  2022   01    13.227
  2022   02    14.015
  2022   03    14.299
  2022   04    14.075
  2022   05    13.109
  2022   06    11.394
  2022   07     8.998
  2022   08     6.177
  2022   09     4.832
  2022   10     6.901
  2022   11     9.591
  2022   12    11.852
  2023   01    13.593
  2023   02    14.174
  2023   03    14.217
  2023   04    13.998
  2023   05    13.119
  2023   06    11.477
  2023   07     8.781
  2023   08     5.677
  2023   09     4.176
  2023   10     5.778
  2023   11     9.227
  2023   12    11.535
  2024   01    13.601
  2024   02    14.357
  2024   03    14.830
  2024   04    14.379
  2024   05    13.385
  2024   06    11.401
  2024   07     9.274
  2024   08     6.246
  2024   09     4.129
  2024   10     6.837
  2024   11     9.846
  2024   12    11.938
  2025   01    13.610
  2025   02    14.303
  2025   03    14.477
  2025   04    14.295
  2025   05    13.419
  2025   06    11.909
  2025   07     9.093
  2025   08     5.957
  2025   09     4.268
  2025   10     6.681
  2025   11     9.756
  2025   12    12.301
  2026   01    13.640
  2026   02    14.444
  2026   03    14.606
  2026   04    14.535
  2026   05    13.555
  2026   06    11.910
  2026   07     9.505
  2026   08     5.488
  2026   09     3.286
  2026   10     6.389
  2026   11     9.796
  2026   12    11.969
  2027   01    13.560
  2027   02    14.226
  2027   03    14.555
  2027   04    14.160
  2027   05    13.406
  2027   06    11.863
  2027   07     9.126
  2027   08     5.156
  2027   09     2.864
  2027   10     5.303
  2027   11     9.053
  2027   12    11.990
  2028   01    13.199
  2028   02    13.899
  2028   03    13.914
  2028   04    13.580
  2028   05    12.722
  2028   06    11.528
  2028   07     8.518
  2028   08     4.665
  2028   09     2.406
  2028   10     4.852
  2028   11     8.648
  2028   12    11.567
  2029   01    13.436
  2029   02    14.170
  2029   03    14.324
  2029   04    13.980
  2029   05    12.828
  2029   06    11.599
  2029   07     9.341
  2029   08     5.306
  2029   09     3.583
  2029   10     6.106
  2029   11     9.474
  2029   12    11.755
  2030   01    13.539
  2030   02    14.459
  2030   03    14.752
  2030   04    14.774
  2030   05    13.822
  2030   06    11.664
  2030   07     8.965
  2030   08     5.803
  2030   09     3.891
  2030   10     6.479
  2030   11     9.527
  2030   12    11.787
  2031   01    13.738
  2031   02    14.330
  2031   03    14.632
  2031   04    14.316
  2031   05    13.435
  2031   06    11.412
  2031   07     9.013
  2031   08     6.200
  2031   09     4.364
  2031   10     6.724
  2031   11     9.513
  2031   12    11.341
  2032   01    13.160
  2032   02    13.870
  2032   03    14.210
  2032   04    14.089
  2032   05    13.512
  2032   06    11.473
  2032   07     8.964
  2032   08     5.701
  2032   09     3.756
  2032   10     6.236
  2032   11     8.644
  2032   12    11.353
  2033   01    13.210
  2033   02    14.008
  2033   03    14.379
  2033   04    14.159
  2033   05    13.306
  2033   06    11.387
  2033   07     8.628
  2033   08     5.075
  2033   09     3.645
  2033   10     5.640
  2033   11     8.639
  2033   12    11.335
  2034   01    13.219
  2034   02    14.062
  2034   03    14.611
  2034   04    14.580
  2034   05    13.388
  2034   06    11.247
  2034   07     8.850
  2034   08     5.743
  2034   09     3.044
  2034   10     6.053
  2034   11     9.521
  2034   12    11.639
  2035   01    13.327
  2035   02    13.685
  2035   03    14.010
  2035   04    13.780
  2035   05    12.758
  2035   06    11.535
  2035   07     8.917
  2035   08     5.396
  2035   09     3.943
  2035   10     5.581
  2035   11     9.027
  2035   12    11.510
  2036   01    12.966
  2036   02    13.719
  2036   03    13.756
  2036   04    13.150
  2036   05    11.904
  2036   06    10.576
  2036   07     7.969
  2036   08     3.733
  2036   09     1.737
  2036   10     4.072
  2036   11     8.302
  2036   12    10.506
  2037   01    12.636
  2037   02    13.530
  2037   03    13.617
  2037   04    13.460
  2037   05    12.373
  2037   06    10.733
  2037   07     7.784
  2037   08     4.394
  2037   09     3.108
  2037   10     5.331
  2037   11     8.126
  2037   12    10.930
  2038   01    13.270
  2038   02    14.156
  2038   03    14.349
  2038   04    14.123
  2038   05    13.145
  2038   06    11.312
  2038   07     7.822
  2038   08     2.953
  2038   09     1.412
  2038   10     3.689
  2038   11     7.963
  2038   12    10.673
  2039   01    13.039
  2039   02    13.907
  2039   03    14.205
  2039   04    13.897
  2039   05    13.091
  2039   06    11.155
  2039   07     8.636
  2039   08     4.517
  2039   09     2.432
  2039   10     5.122
  2039   11     8.831
  2039   12    11.314
  2040   01    12.909
  2040   02    13.590
  2040   03    13.798
  2040   04    13.378
  2040   05    12.266
  2040   06    10.758
  2040   07     8.276
  2040   08     3.941
  2040   09     2.458
  2040   10     4.544
  2040   11     8.863
  2040   12    11.063
  2041   01    12.956
  2041   02    13.805
  2041   03    13.727
  2041   04    13.410
  2041   05    12.474
  2041   06    11.250
  2041   07     8.020
  2041   08     2.885
  2041   09     1.159
  2041   10     3.737
  2041   11     8.061
  2041   12    10.807
  2042   01    12.627
  2042   02    13.733
  2042   03    14.256
  2042   04    14.053
  2042   05    13.013
  2042   06    11.041
  2042   07     7.968
  2042   08     1.969
  2042   09     0.721
  2042   10     3.108
  2042   11     8.018
  2042   12    11.364
  2043   01    13.017
  2043   02    13.788
  2043   03    13.833
  2043   04    13.493
  2043   05    12.674
  2043   06    11.133
  2043   07     8.507
  2043   08     2.736
  2043   09     0.798
  2043   10     3.444
  2043   11     8.140
  2043   12    11.175
  2044   01    12.710
  2044   02    13.573
  2044   03    14.002
  2044   04    13.561
  2044   05    12.554
  2044   06    11.091
  2044   07     7.894
  2044   08     2.357
  2044   09     0.736
  2044   10     2.713
  2044   11     7.105
  2044   12    10.499
  2045   01    12.662
  2045   02    13.688
  2045   03    14.099
  2045   04    13.747
  2045   05    12.461
  2045   06    10.677
  2045   07     7.426
  2045   08     2.885
  2045   09     0.682
  2045   10     3.079
  2045   11     7.463
  2045   12    10.635
  2046   01    12.887
  2046   02    13.843
  2046   03    14.254
  2046   04    13.932
  2046   05    12.994
  2046   06    10.841
  2046   07     7.804
  2046   08     4.191
  2046   09     2.201
  2046   10     4.567
  2046   11     7.417
  2046   12    10.816
  2047   01    12.908
  2047   02    13.934
  2047   03    14.178
  2047   04    13.908
  2047   05    12.802
  2047   06    11.157
  2047   07     7.234
  2047   08     3.054
  2047   09     1.347
  2047   10     2.841
  2047   11     7.057
  2047   12    10.316
  2048   01    12.878
  2048   02    13.868
  2048   03    14.123
  2048   04    13.816
  2048   05    12.673
  2048   06    11.054
  2048   07     8.284
  2048   08     2.896
  2048   09     0.987
  2048   10     3.697
  2048   11     7.474
  2048   12    10.123
  2049   01    12.217
  2049   02    13.268
  2049   03    13.612
  2049   04    13.410
  2049   05    12.545
  2049   06    11.122
  2049   07     8.147
  2049   08     3.726
  2049   09     1.650
  2049   10     4.407
  2049   11     8.174
  2049   12    10.930
  2050   01    12.915
  2050   02    13.677
  2050   03    13.858
  2050   04    13.479
  2050   05    12.431
  2050   06    11.000
  2050   07     8.249
  2050   08     2.587
  2050   09     0.667
  2050   10     3.181
  2050   11     7.754
  2050   12    10.570
  2051   01    12.692
  2051   02    13.443
  2051   03    13.940
  2051   04    13.578
  2051   05    12.667
  2051   06    11.071
  2051   07     7.748
  2051   08     2.569
  2051   09     0.657
  2051   10     3.185
  2051   11     7.130
  2051   12    10.343
  2052   01    12.425
  2052   02    13.310
  2052   03    13.739
  2052   04    13.298
  2052   05    12.121
  2052   06    11.069
  2052   07     7.448
  2052   08     2.105
  2052   09     1.038
  2052   10     2.720
  2052   11     6.955
  2052   12    10.024
  2053   01    12.380
  2053   02    13.626
  2053   03    13.643
  2053   04    13.361
  2053   05    12.227
  2053   06    10.903
  2053   07     7.152
  2053   08     1.663
  2053   09     0.451
  2053   10     2.632
  2053   11     6.693
  2053   12    10.276
  2054   01    12.820
  2054   02    13.160
  2054   03    13.557
  2054   04    13.226
  2054   05    12.313
  2054   06    10.795
  2054   07     7.827
  2054   08     1.488
  2054   09     0.565
  2054   10     2.631
  2054   11     7.263
  2054   12    10.470
  2055   01    12.504
  2055   02    13.521
  2055   03    13.735
  2055   04    13.176
  2055   05    12.048
  2055   06    10.504
  2055   07     8.067
  2055   08     3.000
  2055   09     1.456
  2055   10     3.268
  2055   11     7.906
  2055   12     9.929
  2056   01    11.916
  2056   02    12.936
  2056   03    13.423
  2056   04    13.352
  2056   05    12.543
  2056   06    10.603
  2056   07     7.071
  2056   08     1.541
  2056   09     0.543
  2056   10     2.840
  2056   11     7.609
  2056   12    10.707
  2057   01    12.454
  2057   02    13.444
  2057   03    13.742
  2057   04    13.309
  2057   05    12.319
  2057   06    10.956
  2057   07     7.172
  2057   08     0.939
  2057   09     0.427
  2057   10     1.445
  2057   11     5.776
  2057   12     9.829
  2058   01    11.841
  2058   02    12.692
  2058   03    13.149
  2058   04    12.948
  2058   05    12.071
  2058   06    10.450
  2058   07     7.675
  2058   08     0.758
  2058   09     0.476
  2058   10     2.014
  2058   11     6.832
  2058   12     9.992
  2059   01    12.105
  2059   02    13.024
  2059   03    13.406
  2059   04    12.977
  2059   05    11.783
  2059   06    10.218
  2059   07     6.431
  2059   08     0.563
  2059   09     0.370
  2059   10     1.124
  2059   11     4.449
  2059   12     8.994
  2060   01    11.829
  2060   02    13.007
  2060   03    13.463
  2060   04    13.441
  2060   05    12.593
  2060   06    10.306
  2060   07     6.867
  2060   08     0.534
  2060   09     0.178
  2060   10     0.666
  2060   11     5.272
  2060   12     8.814
  2061   01    11.985
  2061   02    12.871
  2061   03    13.160
  2061   04    12.879
  2061   05    12.108
  2061   06    10.762
  2061   07     7.701
  2061   08     3.231
  2061   09     0.180
  2061   10     3.295
  2061   11     6.766
  2061   12    10.132
  2062   01    12.295
  2062   02    13.215
  2062   03    13.346
  2062   04    13.059
  2062   05    11.880
  2062   06    10.584
  2062   07     7.266
  2062   08     1.851
  2062   09     0.293
  2062   10     2.004
  2062   11     5.470
  2062   12     8.657
  2063   01    11.445
  2063   02    13.003
  2063   03    13.266
  2063   04    13.167
  2063   05    12.330
  2063   06    10.670
  2063   07     7.414
  2063   08     0.525
  2063   09     0.227
  2063   10     0.892
  2063   11     4.929
  2063   12     8.836
  2064   01    11.965
  2064   02    12.693
  2064   03    12.876
  2064   04    12.387
  2064   05    11.686
  2064   06    10.510
  2064   07     6.509
  2064   08     1.859
  2064   09     0.668
  2064   10     2.390
  2064   11     5.417
  2064   12     9.198
  2065   01    11.864
  2065   02    12.775
  2065   03    13.147
  2065   04    13.082
  2065   05    12.116
  2065   06    10.543
  2065   07     6.527
  2065   08     1.646
  2065   09     0.356
  2065   10     1.918
  2065   11     5.796
  2065   12     9.473
  2066   01    12.062
  2066   02    12.795
  2066   03    13.036
  2066   04    12.897
  2066   05    12.015
  2066   06    10.780
  2066   07     6.392
  2066   08     0.405
  2066   09     0.257
  2066   10     0.713
  2066   11     3.160
  2066   12     8.549
  2067   01    11.726
  2067   02    12.735
  2067   03    12.924
  2067   04    12.748
  2067   05    11.770
  2067   06     9.767
  2067   07     5.126
  2067   08     0.733
  2067   09     0.324
  2067   10     1.055
  2067   11     3.206
  2067   12     7.644
  2068   01    11.470
  2068   02    12.520
  2068   03    12.883
  2068   04    12.730
  2068   05    11.563
  2068   06     9.356
  2068   07     6.597
  2068   08     0.414
  2068   09     0.142
  2068   10     0.617
  2068   11     4.770
  2068   12     8.880
  2069   01    11.745
  2069   02    12.876
  2069   03    12.885
  2069   04    12.710
  2069   05    11.821
  2069   06    10.195
  2069   07     6.299
  2069   08     0.479
  2069   09     0.224
  2069   10     1.507
  2069   11     4.679
  2069   12     8.971
  2070   01    11.463
  2070   02    12.413
  2070   03    12.800
  2070   04    12.498
  2070   05    11.728
  2070   06    10.279
  2070   07     5.074
  2070   08     0.206
  2070   09     0.131
  2070   10     0.516
  2070   11     2.420
  2070   12     7.917
  2071   01    11.463
  2071   02    12.671
  2071   03    13.138
  2071   04    13.069
  2071   05    12.154
  2071   06     9.999
  2071   07     4.995
  2071   08     0.097
  2071   09     0.014
  2071   10     0.141
  2071   11     3.239
  2071   12     7.783
  2072   01    10.998
  2072   02    12.746
  2072   03    13.252
  2072   04    13.190
  2072   05    12.209
  2072   06    10.638
  2072   07     6.470
  2072   08     1.655
  2072   09     0.057
  2072   10     1.819
  2072   11     5.692
  2072   12     9.357
  2073   01    11.563
  2073   02    12.983
  2073   03    13.338
  2073   04    13.218
  2073   05    12.297
  2073   06    10.435
  2073   07     5.949
  2073   08     1.396
  2073   09     0.435
  2073   10     1.846
  2073   11     4.208
  2073   12     8.547
  2074   01    11.326
  2074   02    12.543
  2074   03    13.240
  2074   04    13.040
  2074   05    12.196
  2074   06    10.140
  2074   07     4.794
  2074   08     0.381
  2074   09     0.221
  2074   10     0.817
  2074   11     3.134
  2074   12     7.743
  2075   01    11.242
  2075   02    12.901
  2075   03    13.286
  2075   04    13.114
  2075   05    12.237
  2075   06    10.052
  2075   07     5.849
  2075   08     0.234
  2075   09     0.104
  2075   10     0.538
  2075   11     4.027
  2075   12     8.136
  2076   01    10.989
  2076   02    12.595
  2076   03    12.928
  2076   04    12.539
  2076   05    11.493
  2076   06    10.037
  2076   07     7.007
  2076   08     1.825
  2076   09     0.147
  2076   10     1.680
  2076   11     6.154
  2076   12     9.118
  2077   01    11.700
  2077   02    12.524
  2077   03    12.897
  2077   04    12.684
  2077   05    11.853
  2077   06     9.968
  2077   07     6.533
  2077   08     0.745
  2077   09     0.274
  2077   10     0.927
  2077   11     3.503
  2077   12     7.842
  2078   01    10.579
  2078   02    12.188
  2078   03    12.516
  2078   04    12.308
  2078   05    11.332
  2078   06     9.266
  2078   07     4.325
  2078   08     0.246
  2078   09     0.084
  2078   10     0.302
  2078   11     1.704
  2078   12     5.631
  2079   01     9.845
  2079   02    11.707
  2079   03    12.243
  2079   04    12.053
  2079   05    11.345
  2079   06     9.033
  2079   07     5.734
  2079   08     0.272
  2079   09     0.102
  2079   10     0.655
  2079   11     3.863
  2079   12     7.594
  2080   01    10.894
  2080   02    12.305
  2080   03    12.739
  2080   04    12.268
  2080   05    11.606
  2080   06     9.415
  2080   07     5.095
  2080   08     0.193
  2080   09     0.064
  2080   10     0.487
  2080   11     2.622
  2080   12     7.416
  2081   01    10.626
  2081   02    12.310
  2081   03    12.596
  2081   04    12.321
  2081   05    11.434
  2081   06     9.703
  2081   07     5.204
  2081   08     0.246
  2081   09     0.106
  2081   10     0.390
  2081   11     2.714
  2081   12     7.578
  2082   01    10.757
  2082   02    11.878
  2082   03    12.332
  2082   04    12.037
  2082   05    11.095
  2082   06     9.192
  2082   07     5.162
  2082   08     0.162
  2082   09     0.048
  2082   10     0.240
  2082   11     2.081
  2082   12     6.827
  2083   01    10.805
  2083   02    12.154
  2083   03    12.571
  2083   04    12.222
  2083   05    11.322
  2083   06     9.316
  2083   07     5.952
  2083   08     0.182
  2083   09     0.058
  2083   10     0.336
  2083   11     2.238
  2083   12     7.124
  2084   01    10.422
  2084   02    11.790
  2084   03    12.389
  2084   04    12.077
  2084   05    11.157
  2084   06     8.684
  2084   07     3.143
  2084   08     0.102
  2084   09     0.004
  2084   10     0.104
  2084   11     1.491
  2084   12     5.608
  2085   01    10.284
  2085   02    11.942
  2085   03    12.408
  2085   04    12.160
  2085   05    11.245
  2085   06     9.664
  2085   07     2.532
  2085   08     0.138
  2085   09     0.016
  2085   10     0.131
  2085   11     1.053
  2085   12     6.510
  2086   01    10.514
  2086   02    12.027
  2086   03    12.541
  2086   04    12.240
  2086   05    11.506
  2086   06    10.126
  2086   07     4.586
  2086   08     0.146
  2086   09     0.048
  2086   10     0.217
  2086   11     1.534
  2086   12     6.830
  2087   01    10.859
  2087   02    12.092
  2087   03    12.239
  2087   04    12.156
  2087   05    11.274
  2087   06     9.287
  2087   07     3.451
  2087   08     0.074
  2087   09     0.007
  2087   10     0.106
  2087   11     1.234
  2087   12     5.233
  2088   01    10.688
  2088   02    12.223
  2088   03    12.663
  2088   04    12.447
  2088   05    11.584
  2088   06     9.633
  2088   07     4.743
  2088   08     0.253
  2088   09     0.109
  2088   10     0.542
  2088   11     2.413
  2088   12     5.910
  2089   01    10.749
  2089   02    12.038
  2089   03    12.378
  2089   04    12.106
  2089   05    11.382
  2089   06     9.845
  2089   07     5.248
  2089   08     0.257
  2089   09     0.080
  2089   10     0.533
  2089   11     3.195
  2089   12     7.772
  2090   01    11.015
  2090   02    12.244
  2090   03    12.825
  2090   04    12.682
  2090   05    11.675
  2090   06     9.792
  2090   07     3.846
  2090   08     0.192
  2090   09     0.045
  2090   10     0.253
  2090   11     1.753
  2090   12     6.883
  2091   01    10.713
  2091   02    12.177
  2091   03    12.573
  2091   04    12.250
  2091   05    11.659
  2091   06    10.263
  2091   07     5.454
  2091   08     0.122
  2091   09     0.080
  2091   10     0.340
  2091   11     3.307
  2091   12     6.993
  2092   01    10.407
  2092   02    11.919
  2092   03    12.211
  2092   04    11.895
  2092   05    11.275
  2092   06     9.772
  2092   07     4.608
  2092   08     0.266
  2092   09     0.138
  2092   10     0.631
  2092   11     3.141
  2092   12     7.813
  2093   01    10.483
  2093   02    12.123
  2093   03    12.556
  2093   04    12.407
  2093   05    11.589
  2093   06     9.095
  2093   07     5.628
  2093   08     0.170
  2093   09     0.085
  2093   10     0.218
  2093   11     1.678
  2093   12     7.494
  2094   01    10.424
  2094   02    12.039
  2094   03    11.987
  2094   04    11.803
  2094   05    11.315
  2094   06     8.878
  2094   07     5.188
  2094   08     0.214
  2094   09     0.117
  2094   10     0.261
  2094   11     1.643
  2094   12     6.661
  2095   01    10.128
  2095   02    11.719
  2095   03    12.112
  2095   04    11.749
  2095   05    11.081
  2095   06     9.047
  2095   07     3.824
  2095   08     0.121
  2095   09     0.018
  2095   10     0.302
  2095   11     2.228
  2095   12     5.323
  2096   01     9.967
  2096   02    11.228
  2096   03    11.771
  2096   04    11.419
  2096   05    10.437
  2096   06     8.570
  2096   07     2.954
  2096   08     0.128
  2096   09     0.015
  2096   10     0.186
  2096   11     1.250
  2096   12     5.307
  2097   01     9.226
  2097   02    11.437
  2097   03    11.771
  2097   04    11.614
  2097   05    11.204
  2097   06     9.226
  2097   07     3.969
  2097   08     0.072
  2097   09     0.002
  2097   10     0.170
  2097   11     1.126
  2097   12     4.726
  2098   01     8.787
  2098   02    11.239
  2098   03    11.945
  2098   04    11.682
  2098   05    10.773
  2098   06     8.736
  2098   07     3.470
  2098   08     0.039
  2098   09     0.000
  2098   10     0.011
  2098   11     0.727
  2098   12     4.358
  2099   01     8.327
  2099   02    11.064
  2099   03    11.871
  2099   04    11.806
  2099   05    11.150
  2099   06     9.216
  2099   07     4.157
  2099   08     0.178
  2099   09     0.067
  2099   10     0.462
  2099   11     1.906
  2099   12     6.337
  2100   01     9.514
  2100   02    11.813
  2100   03    12.167
  2100   04    11.837
  2100   05    10.889
  2100   06     9.091
  2100   07     4.908
  2100   08     0.071
  2100   09     0.003
  2100   10     0.198
  2100   11     1.243
  2100   12     6.084
