  1850   01    16.021
  1850   02    17.775
  1850   03    18.170
  1850   04    18.107
  1850   05    16.661
  1850   06    13.916
  1850   07    11.188
  1850   08     8.523
  1850   09     7.652
  1850   10     9.389
  1850   11    11.666
  1850   12    14.259
  1851   01    15.987
  1851   02    17.447
  1851   03    17.964
  1851   04    17.709
  1851   05    16.352
  1851   06    14.191
  1851   07    11.770
  1851   08     9.228
  1851   09     7.873
  1851   10     9.605
  1851   11    11.514
  1851   12    14.777
  1852   01    16.243
  1852   02    17.209
  1852   03    17.716
  1852   04    17.449
  1852   05    16.276
  1852   06    13.749
  1852   07    11.478
  1852   08     8.554
  1852   09     7.131
  1852   10     9.284
  1852   11    11.404
  1852   12    13.789
  1853   01    15.232
  1853   02    16.634
  1853   03    17.180
  1853   04    16.739
  1853   05    15.489
  1853   06    13.143
  1853   07    10.929
  1853   08     8.237
  1853   09     7.607
  1853   10     9.100
  1853   11    11.154
  1853   12    13.525
  1854   01    14.974
  1854   02    16.209
  1854   03    17.058
  1854   04    16.689
  1854   05    15.594
  1854   06    13.585
  1854   07    10.896
  1854   08     8.438
  1854   09     7.282
  1854   10     9.362
  1854   11    11.431
  1854   12    13.879
  1855   01    15.186
  1855   02    16.105
  1855   03    16.550
  1855   04    16.633
  1855   05    15.535
  1855   06    13.355
  1855   07    11.430
  1855   08     9.090
  1855   09     8.799
  1855   10     9.792
  1855   11    11.541
  1855   12    14.013
  1856   01    15.615
  1856   02    16.608
  1856   03    16.956
  1856   04    16.324
  1856   05    15.294
  1856   06    13.411
  1856   07    11.438
  1856   08     9.314
  1856   09     8.565
  1856   10    10.210
  1856   11    12.019
  1856   12    14.434
  1857   01    15.879
  1857   02    16.945
  1857   03    17.273
  1857   04    16.860
  1857   05    15.670
  1857   06    13.524
  1857   07    11.611
  1857   08     9.513
  1857   09     8.718
  1857   10     9.844
  1857   11    11.520
  1857   12    14.074
  1858   01    15.439
  1858   02    16.095
  1858   03    16.644
  1858   04    16.501
  1858   05    15.185
  1858   06    13.407
  1858   07    11.182
  1858   08     8.601
  1858   09     7.650
  1858   10     9.684
  1858   11    11.693
  1858   12    14.217
  1859   01    15.442
  1859   02    16.381
  1859   03    17.202
  1859   04    16.883
  1859   05    15.446
  1859   06    13.070
  1859   07    11.018
  1859   08     8.583
  1859   09     8.081
  1859   10     9.133
  1859   11    11.113
  1859   12    13.646
  1860   01    15.040
  1860   02    15.894
  1860   03    16.470
  1860   04    16.344
  1860   05    15.033
  1860   06    12.849
  1860   07    10.495
  1860   08     8.238
  1860   09     7.608
  1860   10     8.750
  1860   11    11.296
  1860   12    13.598
  1861   01    15.022
  1861   02    16.247
  1861   03    16.121
  1861   04    15.847
  1861   05    14.946
  1861   06    12.885
  1861   07    10.631
  1861   08     7.713
  1861   09     7.537
  1861   10     8.872
  1861   11    10.744
  1861   12    13.022
  1862   01    14.669
  1862   02    15.536
  1862   03    16.174
  1862   04    15.976
  1862   05    14.895
  1862   06    12.555
  1862   07    10.111
  1862   08     7.922
  1862   09     7.153
  1862   10     8.692
  1862   11    10.712
  1862   12    13.235
  1863   01    14.766
  1863   02    15.725
  1863   03    16.254
  1863   04    16.026
  1863   05    15.031
  1863   06    12.854
  1863   07    10.746
  1863   08     7.991
  1863   09     7.007
  1863   10     9.112
  1863   11    10.793
  1863   12    13.005
  1864   01    15.007
  1864   02    15.927
  1864   03    16.520
  1864   04    16.077
  1864   05    14.717
  1864   06    13.027
  1864   07    10.267
  1864   08     8.057
  1864   09     7.379
  1864   10     8.832
  1864   11    11.114
  1864   12    13.445
  1865   01    15.105
  1865   02    16.197
  1865   03    16.612
  1865   04    16.412
  1865   05    15.689
  1865   06    13.947
  1865   07    10.344
  1865   08     7.747
  1865   09     7.284
  1865   10     9.073
  1865   11    11.395
  1865   12    13.721
  1866   01    15.150
  1866   02    16.288
  1866   03    16.620
  1866   04    16.552
  1866   05    15.543
  1866   06    13.196
  1866   07    10.831
  1866   08     7.745
  1866   09     7.377
  1866   10     9.266
  1866   11    11.717
  1866   12    14.103
  1867   01    15.682
  1867   02    16.738
  1867   03    17.270
  1867   04    16.368
  1867   05    15.507
  1867   06    13.725
  1867   07    10.662
  1867   08     7.846
  1867   09     7.002
  1867   10     9.046
  1867   11    11.493
  1867   12    14.403
  1868   01    16.043
  1868   02    17.198
  1868   03    17.773
  1868   04    17.589
  1868   05    16.133
  1868   06    13.764
  1868   07    10.871
  1868   08     8.314
  1868   09     7.551
  1868   10     9.260
  1868   11    11.737
  1868   12    14.098
  1869   01    15.700
  1869   02    16.822
  1869   03    17.248
  1869   04    17.152
  1869   05    16.125
  1869   06    14.092
  1869   07    10.277
  1869   08     8.121
  1869   09     7.344
  1869   10     9.020
  1869   11    11.612
  1869   12    14.448
  1870   01    16.099
  1870   02    17.339
  1870   03    17.697
  1870   04    17.628
  1870   05    16.512
  1870   06    13.964
  1870   07    11.107
  1870   08     8.823
  1870   09     7.928
  1870   10     9.719
  1870   11    11.583
  1870   12    14.411
  1871   01    16.205
  1871   02    17.230
  1871   03    17.602
  1871   04    17.696
  1871   05    16.401
  1871   06    13.860
  1871   07    10.884
  1871   08     8.432
  1871   09     7.759
  1871   10     9.335
  1871   11    12.020
  1871   12    14.201
  1872   01    16.001
  1872   02    17.492
  1872   03    18.038
  1872   04    17.580
  1872   05    16.005
  1872   06    13.498
  1872   07    10.916
  1872   08     8.435
  1872   09     7.705
  1872   10     8.951
  1872   11    10.961
  1872   12    13.469
  1873   01    15.299
  1873   02    16.435
  1873   03    17.406
  1873   04    17.409
  1873   05    16.241
  1873   06    13.667
  1873   07    10.034
  1873   08     8.063
  1873   09     7.596
  1873   10     8.987
  1873   11    11.209
  1873   12    13.629
  1874   01    15.336
  1874   02    16.455
  1874   03    16.885
  1874   04    16.818
  1874   05    15.753
  1874   06    13.357
  1874   07    10.570
  1874   08     8.413
  1874   09     7.840
  1874   10     9.384
  1874   11    11.521
  1874   12    13.921
  1875   01    15.808
  1875   02    16.723
  1875   03    17.105
  1875   04    16.689
  1875   05    15.533
  1875   06    13.325
  1875   07    10.227
  1875   08     8.075
  1875   09     7.677
  1875   10     9.083
  1875   11    11.518
  1875   12    13.807
  1876   01    15.396
  1876   02    16.481
  1876   03    17.099
  1876   04    17.012
  1876   05    15.794
  1876   06    13.719
  1876   07    10.979
  1876   08     8.788
  1876   09     8.440
  1876   10     9.416
  1876   11    11.569
  1876   12    13.876
  1877   01    15.679
  1877   02    16.713
  1877   03    17.096
  1877   04    17.014
  1877   05    16.189
  1877   06    13.829
  1877   07    10.673
  1877   08     7.851
  1877   09     6.978
  1877   10     8.545
  1877   11    11.325
  1877   12    14.098
  1878   01    15.870
  1878   02    16.930
  1878   03    17.513
  1878   04    17.277
  1878   05    16.301
  1878   06    13.430
  1878   07    10.432
  1878   08     7.950
  1878   09     7.232
  1878   10     8.629
  1878   11    10.804
  1878   12    13.037
  1879   01    15.180
  1879   02    16.520
  1879   03    16.952
  1879   04    17.051
  1879   05    16.341
  1879   06    13.293
  1879   07     9.560
  1879   08     7.532
  1879   09     7.055
  1879   10     8.174
  1879   11    10.509
  1879   12    13.355
  1880   01    15.909
  1880   02    16.909
  1880   03    17.534
  1880   04    17.226
  1880   05    15.766
  1880   06    13.553
  1880   07    10.258
  1880   08     8.238
  1880   09     7.553
  1880   10     9.027
  1880   11    11.233
  1880   12    13.303
  1881   01    15.269
  1881   02    16.746
  1881   03    17.244
  1881   04    17.085
  1881   05    15.646
  1881   06    13.528
  1881   07    10.875
  1881   08     8.392
  1881   09     7.715
  1881   10     9.501
  1881   11    11.203
  1881   12    13.763
  1882   01    15.512
  1882   02    16.706
  1882   03    17.063
  1882   04    16.594
  1882   05    15.332
  1882   06    13.315
  1882   07    10.510
  1882   08     8.121
  1882   09     7.701
  1882   10     9.369
  1882   11    12.146
  1882   12    14.145
  1883   01    15.428
  1883   02    16.332
  1883   03    16.894
  1883   04    15.704
  1883   05    14.135
  1883   06    12.716
  1883   07    11.160
  1883   08     8.630
  1883   09     8.072
  1883   10     9.552
  1883   11    11.334
  1883   12    13.509
  1884   01    15.091
  1884   02    16.016
  1884   03    16.577
  1884   04    16.047
  1884   05    14.591
  1884   06    13.087
  1884   07    11.289
  1884   08     9.038
  1884   09     8.391
  1884   10     9.840
  1884   11    11.535
  1884   12    13.763
  1885   01    14.909
  1885   02    15.997
  1885   03    16.266
  1885   04    15.812
  1885   05    14.514
  1885   06    12.622
  1885   07    10.957
  1885   08     8.987
  1885   09     8.645
  1885   10     9.643
  1885   11    11.345
  1885   12    13.487
  1886   01    14.767
  1886   02    15.769
  1886   03    16.128
  1886   04    15.951
  1886   05    14.902
  1886   06    12.818
  1886   07    10.924
  1886   08     7.919
  1886   09     7.140
  1886   10     9.436
  1886   11    11.338
  1886   12    13.521
  1887   01    14.798
  1887   02    16.040
  1887   03    16.341
  1887   04    15.782
  1887   05    14.674
  1887   06    12.935
  1887   07    10.549
  1887   08     8.138
  1887   09     7.696
  1887   10     8.643
  1887   11    10.913
  1887   12    13.553
  1888   01    15.030
  1888   02    16.042
  1888   03    16.400
  1888   04    16.340
  1888   05    15.285
  1888   06    13.039
  1888   07    10.501
  1888   08     7.834
  1888   09     7.336
  1888   10     8.580
  1888   11    10.981
  1888   12    13.692
  1889   01    15.045
  1889   02    16.129
  1889   03    16.731
  1889   04    16.497
  1889   05    15.335
  1889   06    13.144
  1889   07    10.735
  1889   08     8.225
  1889   09     7.677
  1889   10     9.113
  1889   11    11.192
  1889   12    13.663
  1890   01    15.037
  1890   02    16.125
  1890   03    16.597
  1890   04    16.219
  1890   05    15.253
  1890   06    12.980
  1890   07    10.716
  1890   08     8.559
  1890   09     8.134
  1890   10     9.013
  1890   11    11.464
  1890   12    13.687
  1891   01    15.306
  1891   02    16.344
  1891   03    16.956
  1891   04    16.674
  1891   05    15.303
  1891   06    12.828
  1891   07    11.082
  1891   08     8.165
  1891   09     7.183
  1891   10     9.039
  1891   11    11.724
  1891   12    14.201
  1892   01    15.768
  1892   02    17.030
  1892   03    17.551
  1892   04    17.064
  1892   05    15.325
  1892   06    13.501
  1892   07    10.963
  1892   08     8.260
  1892   09     7.654
  1892   10     9.394
  1892   11    11.382
  1892   12    13.803
  1893   01    15.322
  1893   02    16.227
  1893   03    16.895
  1893   04    16.613
  1893   05    15.795
  1893   06    14.054
  1893   07    10.228
  1893   08     8.296
  1893   09     7.926
  1893   10     9.641
  1893   11    11.498
  1893   12    13.749
  1894   01    15.336
  1894   02    16.248
  1894   03    16.808
  1894   04    16.409
  1894   05    15.290
  1894   06    13.257
  1894   07    11.443
  1894   08     9.073
  1894   09     8.673
  1894   10     9.785
  1894   11    11.565
  1894   12    14.189
  1895   01    15.359
  1895   02    16.450
  1895   03    16.807
  1895   04    16.408
  1895   05    15.213
  1895   06    13.297
  1895   07    11.264
  1895   08     9.061
  1895   09     8.318
  1895   10     9.894
  1895   11    11.935
  1895   12    14.271
  1896   01    15.529
  1896   02    16.774
  1896   03    17.341
  1896   04    16.980
  1896   05    15.525
  1896   06    13.622
  1896   07    11.324
  1896   08     8.886
  1896   09     8.116
  1896   10     9.353
  1896   11    11.442
  1896   12    14.241
  1897   01    15.772
  1897   02    16.680
  1897   03    16.944
  1897   04    16.807
  1897   05    15.640
  1897   06    13.536
  1897   07    11.179
  1897   08     8.733
  1897   09     7.683
  1897   10     9.580
  1897   11    11.639
  1897   12    14.621
  1898   01    15.933
  1898   02    17.127
  1898   03    17.638
  1898   04    17.298
  1898   05    16.364
  1898   06    14.144
  1898   07    11.487
  1898   08     9.179
  1898   09     8.542
  1898   10    10.396
  1898   11    11.920
  1898   12    14.354
  1899   01    15.763
  1899   02    16.997
  1899   03    17.379
  1899   04    17.155
  1899   05    15.693
  1899   06    13.859
  1899   07    10.944
  1899   08     8.669
  1899   09     8.185
  1899   10     9.351
  1899   11    11.849
  1899   12    14.506
  1900   01    15.963
  1900   02    17.129
  1900   03    17.477
  1900   04    16.951
  1900   05    15.605
  1900   06    13.589
  1900   07    11.057
  1900   08     8.876
  1900   09     8.283
  1900   10    10.090
  1900   11    11.784
  1900   12    14.529
  1901   01    16.187
  1901   02    17.156
  1901   03    17.743
  1901   04    17.345
  1901   05    15.728
  1901   06    13.687
  1901   07    11.195
  1901   08     8.971
  1901   09     8.401
  1901   10     9.707
  1901   11    11.847
  1901   12    14.454
  1902   01    15.608
  1902   02    16.828
  1902   03    17.507
  1902   04    16.952
  1902   05    15.397
  1902   06    13.449
  1902   07    11.080
  1902   08     8.599
  1902   09     8.036
  1902   10     9.656
  1902   11    11.721
  1902   12    14.348
  1903   01    15.831
  1903   02    16.970
  1903   03    17.571
  1903   04    17.191
  1903   05    16.101
  1903   06    13.732
  1903   07    11.254
  1903   08     8.648
  1903   09     8.090
  1903   10     9.954
  1903   11    11.854
  1903   12    14.383
  1904   01    15.951
  1904   02    17.189
  1904   03    17.456
  1904   04    17.113
  1904   05    15.806
  1904   06    13.786
  1904   07    11.297
  1904   08     8.826
  1904   09     8.067
  1904   10     9.745
  1904   11    11.785
  1904   12    14.884
  1905   01    16.445
  1905   02    17.338
  1905   03    17.550
  1905   04    17.094
  1905   05    15.375
  1905   06    13.434
  1905   07    10.607
  1905   08     8.290
  1905   09     7.682
  1905   10     9.004
  1905   11    11.402
  1905   12    14.013
  1906   01    15.312
  1906   02    16.258
  1906   03    16.746
  1906   04    16.652
  1906   05    15.695
  1906   06    13.404
  1906   07    10.381
  1906   08     8.666
  1906   09     8.019
  1906   10     9.383
  1906   11    11.585
  1906   12    14.285
  1907   01    15.684
  1907   02    16.629
  1907   03    17.260
  1907   04    17.106
  1907   05    15.795
  1907   06    13.590
  1907   07    11.033
  1907   08     8.218
  1907   09     7.731
  1907   10     9.484
  1907   11    11.662
  1907   12    14.557
  1908   01    15.984
  1908   02    17.224
  1908   03    17.514
  1908   04    17.047
  1908   05    15.714
  1908   06    13.198
  1908   07    11.324
  1908   08     9.230
  1908   09     8.758
  1908   10    10.088
  1908   11    11.633
  1908   12    13.849
  1909   01    15.807
  1909   02    17.172
  1909   03    17.581
  1909   04    17.663
  1909   05    15.870
  1909   06    13.188
  1909   07    10.906
  1909   08     8.597
  1909   09     8.257
  1909   10     9.167
  1909   11    11.514
  1909   12    13.803
  1910   01    15.137
  1910   02    16.578
  1910   03    16.980
  1910   04    16.472
  1910   05    15.011
  1910   06    13.041
  1910   07    10.737
  1910   08     8.687
  1910   09     8.330
  1910   10     9.658
  1910   11    11.549
  1910   12    14.004
  1911   01    15.314
  1911   02    16.340
  1911   03    16.789
  1911   04    16.755
  1911   05    15.384
  1911   06    13.345
  1911   07    11.249
  1911   08     8.967
  1911   09     8.356
  1911   10     9.549
  1911   11    11.496
  1911   12    13.952
  1912   01    15.617
  1912   02    16.570
  1912   03    16.991
  1912   04    16.551
  1912   05    15.466
  1912   06    13.297
  1912   07    11.280
  1912   08     9.023
  1912   09     8.795
  1912   10    10.042
  1912   11    11.676
  1912   12    14.157
  1913   01    15.723
  1913   02    16.574
  1913   03    16.956
  1913   04    16.370
  1913   05    15.448
  1913   06    13.681
  1913   07    11.429
  1913   08     9.036
  1913   09     8.362
  1913   10    10.046
  1913   11    11.739
  1913   12    14.026
  1914   01    15.240
  1914   02    16.358
  1914   03    16.899
  1914   04    16.625
  1914   05    15.431
  1914   06    13.623
  1914   07    11.187
  1914   08     8.514
  1914   09     8.002
  1914   10     9.679
  1914   11    11.866
  1914   12    14.359
  1915   01    15.903
  1915   02    17.221
  1915   03    17.703
  1915   04    17.178
  1915   05    15.968
  1915   06    13.739
  1915   07    11.062
  1915   08     9.147
  1915   09     8.704
  1915   10    10.064
  1915   11    11.692
  1915   12    13.856
  1916   01    15.518
  1916   02    16.519
  1916   03    17.083
  1916   04    17.106
  1916   05    16.069
  1916   06    14.120
  1916   07    11.148
  1916   08     8.804
  1916   09     8.448
  1916   10     9.392
  1916   11    11.662
  1916   12    14.304
  1917   01    15.841
  1917   02    17.004
  1917   03    17.436
  1917   04    16.631
  1917   05    15.555
  1917   06    14.036
  1917   07    11.632
  1917   08     9.451
  1917   09     8.997
  1917   10    10.328
  1917   11    12.227
  1917   12    14.420
  1918   01    15.913
  1918   02    17.036
  1918   03    17.325
  1918   04    17.114
  1918   05    15.110
  1918   06    13.509
  1918   07    11.392
  1918   08     9.210
  1918   09     8.774
  1918   10     9.735
  1918   11    11.751
  1918   12    14.059
  1919   01    15.672
  1919   02    17.241
  1919   03    17.554
  1919   04    17.195
  1919   05    15.851
  1919   06    13.408
  1919   07    10.726
  1919   08     9.351
  1919   09     8.851
  1919   10     9.852
  1919   11    11.631
  1919   12    14.509
  1920   01    16.074
  1920   02    17.156
  1920   03    17.388
  1920   04    16.902
  1920   05    16.025
  1920   06    14.003
  1920   07    11.554
  1920   08    10.100
  1920   09     9.099
  1920   10    10.624
  1920   11    12.280
  1920   12    14.442
  1921   01    16.116
  1921   02    16.851
  1921   03    17.278
  1921   04    16.983
  1921   05    16.037
  1921   06    13.958
  1921   07    11.934
  1921   08     9.363
  1921   09     8.540
  1921   10    10.574
  1921   11    12.071
  1921   12    14.512
  1922   01    15.895
  1922   02    16.993
  1922   03    17.682
  1922   04    17.407
  1922   05    16.454
  1922   06    14.258
  1922   07    12.176
  1922   08     9.351
  1922   09     8.222
  1922   10    10.117
  1922   11    11.988
  1922   12    15.044
  1923   01    16.305
  1923   02    17.559
  1923   03    18.212
  1923   04    17.972
  1923   05    16.327
  1923   06    14.206
  1923   07    11.767
  1923   08     9.051
  1923   09     8.506
  1923   10    10.035
  1923   11    12.538
  1923   12    14.669
  1924   01    16.006
  1924   02    17.380
  1924   03    17.643
  1924   04    17.323
  1924   05    16.113
  1924   06    13.456
  1924   07    11.023
  1924   08     9.043
  1924   09     8.421
  1924   10     9.508
  1924   11    11.553
  1924   12    14.085
  1925   01    15.853
  1925   02    17.250
  1925   03    17.405
  1925   04    16.891
  1925   05    15.443
  1925   06    13.552
  1925   07    10.878
  1925   08     8.149
  1925   09     8.206
  1925   10     9.005
  1925   11    11.690
  1925   12    14.205
  1926   01    15.774
  1926   02    16.883
  1926   03    17.277
  1926   04    16.550
  1926   05    15.128
  1926   06    13.288
  1926   07    11.212
  1926   08     8.799
  1926   09     8.342
  1926   10     9.647
  1926   11    11.941
  1926   12    14.048
  1927   01    15.719
  1927   02    16.985
  1927   03    17.292
  1927   04    16.871
  1927   05    15.559
  1927   06    13.612
  1927   07    10.650
  1927   08     8.827
  1927   09     8.432
  1927   10     9.659
  1927   11    11.778
  1927   12    14.873
  1928   01    16.436
  1928   02    17.430
  1928   03    17.862
  1928   04    17.508
  1928   05    16.338
  1928   06    14.298
  1928   07    11.291
  1928   08     9.159
  1928   09     8.534
  1928   10    10.150
  1928   11    11.977
  1928   12    14.717
  1929   01    16.161
  1929   02    17.318
  1929   03    17.840
  1929   04    17.671
  1929   05    16.162
  1929   06    14.310
  1929   07    11.371
  1929   08     9.637
  1929   09     8.773
  1929   10    10.165
  1929   11    11.770
  1929   12    14.702
  1930   01    16.171
  1930   02    17.191
  1930   03    17.806
  1930   04    17.394
  1930   05    16.623
  1930   06    14.011
  1930   07    10.938
  1930   08     8.995
  1930   09     8.052
  1930   10     9.840
  1930   11    11.999
  1930   12    14.717
  1931   01    15.956
  1931   02    16.980
  1931   03    17.492
  1931   04    17.235
  1931   05    15.929
  1931   06    13.824
  1931   07    11.111
  1931   08     8.884
  1931   09     8.424
  1931   10     9.996
  1931   11    11.871
  1931   12    14.335
  1932   01    16.231
  1932   02    17.265
  1932   03    17.952
  1932   04    17.288
  1932   05    16.195
  1932   06    14.161
  1932   07    11.829
  1932   08     9.133
  1932   09     8.877
  1932   10    10.467
  1932   11    12.283
  1932   12    14.644
  1933   01    16.009
  1933   02    17.253
  1933   03    17.747
  1933   04    17.619
  1933   05    16.069
  1933   06    13.903
  1933   07    11.831
  1933   08     9.410
  1933   09     8.920
  1933   10    10.184
  1933   11    11.927
  1933   12    14.495
  1934   01    15.936
  1934   02    16.945
  1934   03    17.510
  1934   04    17.269
  1934   05    16.363
  1934   06    14.144
  1934   07    11.312
  1934   08     9.250
  1934   09     8.629
  1934   10     9.654
  1934   11    11.756
  1934   12    14.178
  1935   01    15.711
  1935   02    16.758
  1935   03    16.997
  1935   04    16.764
  1935   05    15.816
  1935   06    13.537
  1935   07    11.596
  1935   08     8.699
  1935   09     8.010
  1935   10     9.719
  1935   11    11.535
  1935   12    14.371
  1936   01    16.410
  1936   02    17.743
  1936   03    18.383
  1936   04    17.734
  1936   05    16.505
  1936   06    14.378
  1936   07    12.045
  1936   08     8.939
  1936   09     8.200
  1936   10     9.847
  1936   11    12.010
  1936   12    14.429
  1937   01    15.803
  1937   02    16.890
  1937   03    17.520
  1937   04    17.128
  1937   05    15.847
  1937   06    13.924
  1937   07    11.635
  1937   08     8.866
  1937   09     8.026
  1937   10     9.603
  1937   11    11.744
  1937   12    14.207
  1938   01    15.602
  1938   02    16.592
  1938   03    17.056
  1938   04    16.756
  1938   05    15.930
  1938   06    14.130
  1938   07    11.977
  1938   08     9.064
  1938   09     8.267
  1938   10    10.275
  1938   11    12.452
  1938   12    14.645
  1939   01    16.048
  1939   02    16.994
  1939   03    17.330
  1939   04    16.671
  1939   05    15.598
  1939   06    14.086
  1939   07    12.141
  1939   08     9.632
  1939   09     8.939
  1939   10    10.110
  1939   11    12.475
  1939   12    14.545
  1940   01    15.798
  1940   02    17.106
  1940   03    17.777
  1940   04    17.688
  1940   05    16.578
  1940   06    14.349
  1940   07    11.559
  1940   08     9.431
  1940   09     8.749
  1940   10    10.429
  1940   11    12.302
  1940   12    14.942
  1941   01    16.643
  1941   02    17.572
  1941   03    18.107
  1941   04    18.080
  1941   05    16.583
  1941   06    14.516
  1941   07    11.790
  1941   08     9.038
  1941   09     8.432
  1941   10     9.805
  1941   11    12.273
  1941   12    14.930
  1942   01    16.446
  1942   02    17.845
  1942   03    18.180
  1942   04    17.545
  1942   05    16.564
  1942   06    13.867
  1942   07    11.198
  1942   08     8.751
  1942   09     8.048
  1942   10     9.796
  1942   11    11.937
  1942   12    14.629
  1943   01    16.509
  1943   02    17.797
  1943   03    18.279
  1943   04    17.777
  1943   05    16.393
  1943   06    14.004
  1943   07    11.709
  1943   08     8.997
  1943   09     8.528
  1943   10    10.216
  1943   11    11.708
  1943   12    14.072
  1944   01    15.503
  1944   02    16.571
  1944   03    17.279
  1944   04    17.035
  1944   05    16.077
  1944   06    13.394
  1944   07    11.120
  1944   08     8.780
  1944   09     8.357
  1944   10     9.657
  1944   11    11.921
  1944   12    14.287
  1945   01    15.574
  1945   02    16.868
  1945   03    17.043
  1945   04    16.386
  1945   05    15.172
  1945   06    13.171
  1945   07    11.120
  1945   08     8.449
  1945   09     8.229
  1945   10     9.283
  1945   11    11.542
  1945   12    14.238
  1946   01    15.779
  1946   02    16.833
  1946   03    17.478
  1946   04    17.402
  1946   05    15.989
  1946   06    13.836
  1946   07    10.379
  1946   08     8.972
  1946   09     8.552
  1946   10     9.608
  1946   11    11.083
  1946   12    13.619
  1947   01    16.023
  1947   02    17.613
  1947   03    18.336
  1947   04    17.947
  1947   05    16.402
  1947   06    13.930
  1947   07    10.982
  1947   08     8.548
  1947   09     7.953
  1947   10     9.013
  1947   11    11.273
  1947   12    14.327
  1948   01    16.068
  1948   02    17.281
  1948   03    17.664
  1948   04    17.507
  1948   05    16.694
  1948   06    14.556
  1948   07    11.006
  1948   08     8.268
  1948   09     7.626
  1948   10     9.532
  1948   11    11.871
  1948   12    14.787
  1949   01    16.568
  1949   02    17.632
  1949   03    18.040
  1949   04    17.681
  1949   05    15.885
  1949   06    13.552
  1949   07    11.093
  1949   08     9.075
  1949   09     8.339
  1949   10     9.945
  1949   11    11.731
  1949   12    14.435
  1950   01    16.135
  1950   02    17.355
  1950   03    17.807
  1950   04    17.162
  1950   05    15.939
  1950   06    13.822
  1950   07    11.401
  1950   08     8.903
  1950   09     8.399
  1950   10    10.397
  1950   11    12.038
  1950   12    14.605
  1951   01    16.095
  1951   02    16.817
  1951   03    17.467
  1951   04    17.357
  1951   05    16.204
  1951   06    13.772
  1951   07    10.989
  1951   08     8.802
  1951   09     8.156
  1951   10     9.831
  1951   11    12.212
  1951   12    14.611
  1952   01    16.099
  1952   02    17.279
  1952   03    17.639
  1952   04    17.099
  1952   05    15.548
  1952   06    13.312
  1952   07    11.246
  1952   08     8.856
  1952   09     7.953
  1952   10     9.825
  1952   11    11.688
  1952   12    14.068
  1953   01    15.553
  1953   02    16.425
  1953   03    17.098
  1953   04    16.764
  1953   05    15.126
  1953   06    13.483
  1953   07    11.701
  1953   08     9.433
  1953   09     8.611
  1953   10    10.503
  1953   11    12.243
  1953   12    14.336
  1954   01    15.742
  1954   02    16.449
  1954   03    16.625
  1954   04    16.729
  1954   05    15.911
  1954   06    13.742
  1954   07    11.436
  1954   08     9.469
  1954   09     8.621
  1954   10     9.777
  1954   11    11.949
  1954   12    14.351
  1955   01    15.593
  1955   02    16.776
  1955   03    17.326
  1955   04    16.899
  1955   05    15.939
  1955   06    13.975
  1955   07    11.431
  1955   08     9.165
  1955   09     8.561
  1955   10    10.091
  1955   11    12.160
  1955   12    14.372
  1956   01    15.953
  1956   02    17.169
  1956   03    17.529
  1956   04    17.158
  1956   05    16.040
  1956   06    13.852
  1956   07    11.303
  1956   08     9.062
  1956   09     8.697
  1956   10    10.194
  1956   11    12.018
  1956   12    14.406
  1957   01    15.826
  1957   02    16.985
  1957   03    17.394
  1957   04    16.809
  1957   05    15.601
  1957   06    13.673
  1957   07    11.513
  1957   08     9.086
  1957   09     8.268
  1957   10     9.871
  1957   11    11.947
  1957   12    14.607
  1958   01    16.296
  1958   02    17.193
  1958   03    17.265
  1958   04    16.897
  1958   05    15.662
  1958   06    13.747
  1958   07    11.251
  1958   08     9.320
  1958   09     8.491
  1958   10     9.809
  1958   11    12.032
  1958   12    14.696
  1959   01    16.334
  1959   02    17.468
  1959   03    17.681
  1959   04    17.001
  1959   05    16.005
  1959   06    13.876
  1959   07    11.771
  1959   08     9.394
  1959   09     8.755
  1959   10    10.307
  1959   11    12.244
  1959   12    14.540
  1960   01    15.876
  1960   02    16.895
  1960   03    17.530
  1960   04    17.240
  1960   05    15.678
  1960   06    13.887
  1960   07    11.227
  1960   08     8.597
  1960   09     8.155
  1960   10     9.478
  1960   11    11.818
  1960   12    14.633
  1961   01    15.865
  1961   02    16.877
  1961   03    17.244
  1961   04    16.725
  1961   05    15.414
  1961   06    13.841
  1961   07    11.965
  1961   08     9.374
  1961   09     8.778
  1961   10     9.799
  1961   11    11.788
  1961   12    14.317
  1962   01    15.776
  1962   02    16.824
  1962   03    17.148
  1962   04    16.916
  1962   05    15.981
  1962   06    13.845
  1962   07    10.970
  1962   08     9.195
  1962   09     8.787
  1962   10    10.145
  1962   11    11.708
  1962   12    14.355
  1963   01    15.819
  1963   02    16.861
  1963   03    17.487
  1963   04    17.244
  1963   05    16.158
  1963   06    13.988
  1963   07    11.366
  1963   08     9.562
  1963   09     8.740
  1963   10    10.175
  1963   11    12.099
  1963   12    14.477
  1964   01    15.684
  1964   02    17.109
  1964   03    17.672
  1964   04    17.283
  1964   05    15.824
  1964   06    13.862
  1964   07    11.632
  1964   08     9.889
  1964   09     9.280
  1964   10    10.574
  1964   11    12.502
  1964   12    14.801
  1965   01    16.218
  1965   02    17.468
  1965   03    17.681
  1965   04    17.156
  1965   05    16.064
  1965   06    14.088
  1965   07    12.390
  1965   08     9.948
  1965   09     9.402
  1965   10    10.391
  1965   11    12.844
  1965   12    15.040
  1966   01    16.565
  1966   02    17.871
  1966   03    18.176
  1966   04    18.032
  1966   05    16.771
  1966   06    14.647
  1966   07    12.690
  1966   08    10.359
  1966   09     9.666
  1966   10    10.737
  1966   11    12.794
  1966   12    15.350
  1967   01    16.885
  1967   02    18.307
  1967   03    18.982
  1967   04    18.783
  1967   05    17.380
  1967   06    15.023
  1967   07    12.422
  1967   08    10.357
  1967   09     9.625
  1967   10    11.047
  1967   11    12.989
  1967   12    15.765
  1968   01    17.223
  1968   02    18.335
  1968   03    18.922
  1968   04    18.350
  1968   05    17.024
  1968   06    15.079
  1968   07    12.651
  1968   08    10.159
  1968   09     9.549
  1968   10    10.790
  1968   11    12.955
  1968   12    15.428
  1969   01    17.033
  1969   02    18.060
  1969   03    18.570
  1969   04    18.225
  1969   05    17.132
  1969   06    14.904
  1969   07    12.718
  1969   08    10.202
  1969   09     9.792
  1969   10    10.803
  1969   11    12.674
  1969   12    15.341
  1970   01    16.588
  1970   02    17.752
  1970   03    18.414
  1970   04    18.292
  1970   05    16.991
  1970   06    15.023
  1970   07    12.977
  1970   08    10.479
  1970   09     9.980
  1970   10    11.144
  1970   11    13.651
  1970   12    15.653
  1971   01    17.132
  1971   02    18.383
  1971   03    18.571
  1971   04    18.215
  1971   05    17.255
  1971   06    15.023
  1971   07    12.829
  1971   08     9.986
  1971   09     9.507
  1971   10    11.214
  1971   11    13.292
  1971   12    15.869
  1972   01    17.281
  1972   02    18.532
  1972   03    18.653
  1972   04    18.141
  1972   05    16.408
  1972   06    14.821
  1972   07    12.410
  1972   08    10.249
  1972   09     9.858
  1972   10    11.192
  1972   11    13.147
  1972   12    15.388
  1973   01    16.933
  1973   02    18.143
  1973   03    18.441
  1973   04    17.982
  1973   05    16.782
  1973   06    14.448
  1973   07    12.709
  1973   08    10.672
  1973   09     9.661
  1973   10    11.054
  1973   11    13.230
  1973   12    15.236
  1974   01    16.473
  1974   02    17.308
  1974   03    17.949
  1974   04    17.653
  1974   05    16.431
  1974   06    14.324
  1974   07    12.518
  1974   08     9.885
  1974   09     9.516
  1974   10    11.118
  1974   11    13.232
  1974   12    15.311
  1975   01    16.808
  1975   02    17.690
  1975   03    18.067
  1975   04    18.016
  1975   05    16.743
  1975   06    14.625
  1975   07    12.152
  1975   08     9.905
  1975   09     9.415
  1975   10    10.982
  1975   11    13.333
  1975   12    15.699
  1976   01    16.991
  1976   02    18.289
  1976   03    18.732
  1976   04    18.543
  1976   05    16.983
  1976   06    15.113
  1976   07    12.794
  1976   08    10.152
  1976   09     9.058
  1976   10    10.916
  1976   11    12.935
  1976   12    15.627
  1977   01    17.216
  1977   02    18.484
  1977   03    19.057
  1977   04    18.792
  1977   05    17.813
  1977   06    15.213
  1977   07    13.087
  1977   08    10.392
  1977   09     9.430
  1977   10    11.008
  1977   11    13.606
  1977   12    15.857
  1978   01    17.759
  1978   02    18.821
  1978   03    19.109
  1978   04    19.030
  1978   05    17.521
  1978   06    15.458
  1978   07    12.657
  1978   08    10.895
  1978   09     9.819
  1978   10    10.953
  1978   11    13.011
  1978   12    15.516
  1979   01    17.226
  1979   02    18.568
  1979   03    18.758
  1979   04    18.321
  1979   05    16.891
  1979   06    14.810
  1979   07    12.237
  1979   08    10.012
  1979   09     9.510
  1979   10    10.671
  1979   11    12.799
  1979   12    14.688
  1980   01    16.641
  1980   02    17.935
  1980   03    18.229
  1980   04    17.623
  1980   05    16.251
  1980   06    14.197
  1980   07    12.084
  1980   08     9.549
  1980   09     9.036
  1980   10    10.403
  1980   11    12.957
  1980   12    15.046
  1981   01    16.323
  1981   02    17.364
  1981   03    17.773
  1981   04    17.671
  1981   05    16.593
  1981   06    14.693
  1981   07    12.247
  1981   08     9.540
  1981   09     9.070
  1981   10    10.843
  1981   11    12.817
  1981   12    15.109
  1982   01    16.915
  1982   02    18.100
  1982   03    18.524
  1982   04    18.016
  1982   05    16.331
  1982   06    14.230
  1982   07    11.978
  1982   08     9.271
  1982   09     8.982
  1982   10    10.676
  1982   11    12.824
  1982   12    14.837
  1983   01    16.439
  1983   02    17.436
  1983   03    18.031
  1983   04    17.784
  1983   05    16.101
  1983   06    14.263
  1983   07    11.937
  1983   08     9.630
  1983   09     8.805
  1983   10    10.305
  1983   11    12.887
  1983   12    15.133
  1984   01    16.859
  1984   02    18.272
  1984   03    18.387
  1984   04    18.177
  1984   05    16.282
  1984   06    14.229
  1984   07    12.103
  1984   08     9.797
  1984   09     9.182
  1984   10    10.730
  1984   11    13.105
  1984   12    15.179
  1985   01    16.961
  1985   02    17.975
  1985   03    18.245
  1985   04    17.698
  1985   05    16.229
  1985   06    14.045
  1985   07    11.701
  1985   08     9.709
  1985   09     9.133
  1985   10    10.608
  1985   11    12.718
  1985   12    15.277
  1986   01    16.670
  1986   02    17.552
  1986   03    17.795
  1986   04    17.405
  1986   05    16.395
  1986   06    13.984
  1986   07    11.882
  1986   08     9.220
  1986   09     8.718
  1986   10    10.497
  1986   11    12.740
  1986   12    15.390
  1987   01    16.716
  1987   02    17.731
  1987   03    17.999
  1987   04    17.508
  1987   05    16.338
  1987   06    14.175
  1987   07    11.798
  1987   08     9.100
  1987   09     8.666
  1987   10     9.801
  1987   11    11.719
  1987   12    14.618
  1988   01    16.343
  1988   02    17.412
  1988   03    17.545
  1988   04    17.349
  1988   05    15.962
  1988   06    13.987
  1988   07    11.948
  1988   08     9.671
  1988   09     8.969
  1988   10    10.362
  1988   11    12.489
  1988   12    15.067
  1989   01    16.346
  1989   02    17.408
  1989   03    17.823
  1989   04    17.630
  1989   05    16.460
  1989   06    14.319
  1989   07    12.005
  1989   08     9.734
  1989   09     8.500
  1989   10     9.955
  1989   11    12.443
  1989   12    14.796
  1990   01    16.159
  1990   02    17.199
  1990   03    17.391
  1990   04    17.090
  1990   05    16.051
  1990   06    13.928
  1990   07    11.504
  1990   08     8.860
  1990   09     8.033
  1990   10     9.701
  1990   11    11.588
  1990   12    14.368
  1991   01    15.953
  1991   02    17.066
  1991   03    17.499
  1991   04    17.273
  1991   05    15.600
  1991   06    13.128
  1991   07    10.348
  1991   08     8.200
  1991   09     7.568
  1991   10     8.995
  1991   11    11.222
  1991   12    13.934
  1992   01    15.725
  1992   02    16.767
  1992   03    17.031
  1992   04    16.954
  1992   05    16.102
  1992   06    13.849
  1992   07    11.078
  1992   08     8.786
  1992   09     8.100
  1992   10     9.704
  1992   11    11.804
  1992   12    14.314
  1993   01    16.151
  1993   02    17.002
  1993   03    17.503
  1993   04    17.314
  1993   05    15.976
  1993   06    13.386
  1993   07    11.406
  1993   08     8.670
  1993   09     8.028
  1993   10     9.911
  1993   11    11.600
  1993   12    14.270
  1994   01    16.142
  1994   02    17.464
  1994   03    18.231
  1994   04    18.002
  1994   05    16.110
  1994   06    13.758
  1994   07    11.515
  1994   08     8.802
  1994   09     7.511
  1994   10     9.567
  1994   11    11.740
  1994   12    14.307
  1995   01    15.823
  1995   02    16.631
  1995   03    16.937
  1995   04    16.445
  1995   05    15.209
  1995   06    12.694
  1995   07    10.329
  1995   08     8.147
  1995   09     7.701
  1995   10     8.919
  1995   11    11.088
  1995   12    13.719
  1996   01    15.170
  1996   02    16.297
  1996   03    17.020
  1996   04    16.903
  1996   05    15.534
  1996   06    13.391
  1996   07    10.738
  1996   08     8.504
  1996   09     7.699
  1996   10     9.096
  1996   11    11.152
  1996   12    13.749
  1997   01    15.158
  1997   02    16.098
  1997   03    16.624
  1997   04    16.295
  1997   05    15.125
  1997   06    12.676
  1997   07    10.813
  1997   08     8.621
  1997   09     7.965
  1997   10     9.772
  1997   11    11.634
  1997   12    13.529
  1998   01    14.922
  1998   02    15.981
  1998   03    16.218
  1998   04    16.001
  1998   05    14.785
  1998   06    12.734
  1998   07    10.785
  1998   08     7.716
  1998   09     7.111
  1998   10     8.910
  1998   11    10.993
  1998   12    13.590
  1999   01    14.772
  1999   02    15.746
  1999   03    16.297
  1999   04    15.877
  1999   05    14.916
  1999   06    13.040
  1999   07    10.564
  1999   08     7.831
  1999   09     7.131
  1999   10     8.980
  1999   11    10.859
  1999   12    13.242
  2000   01    14.395
  2000   02    15.193
  2000   03    15.671
  2000   04    15.578
  2000   05    14.464
  2000   06    12.532
  2000   07    10.069
  2000   08     7.606
  2000   09     7.193
  2000   10     8.904
  2000   11    10.618
  2000   12    13.355
  2001   01    14.410
  2001   02    15.357
  2001   03    15.785
  2001   04    15.377
  2001   05    14.617
  2001   06    12.919
  2001   07    10.775
  2001   08     7.827
  2001   09     7.134
  2001   10     8.603
  2001   11    10.868
  2001   12    13.376
  2002   01    14.982
  2002   02    15.728
  2002   03    16.092
  2002   04    15.897
  2002   05    15.045
  2002   06    13.024
  2002   07     9.565
  2002   08     7.928
  2002   09     7.471
  2002   10     8.900
  2002   11    10.929
  2002   12    13.496
  2003   01    14.857
  2003   02    15.896
  2003   03    16.279
  2003   04    15.861
  2003   05    14.962
  2003   06    12.908
  2003   07    10.027
  2003   08     7.877
  2003   09     7.661
  2003   10     9.217
  2003   11    11.218
  2003   12    13.539
  2004   01    14.859
  2004   02    15.839
  2004   03    16.111
  2004   04    15.914
  2004   05    14.864
  2004   06    13.042
  2004   07    10.464
  2004   08     7.565
  2004   09     7.321
  2004   10     9.083
  2004   11    11.084
  2004   12    13.693
  2005   01    15.016
  2005   02    15.960
  2005   03    16.177
  2005   04    15.976
  2005   05    14.719
  2005   06    12.718
  2005   07    10.697
  2005   08     7.698
  2005   09     6.533
  2005   10     8.995
  2005   11    10.652
  2005   12    13.219
  2006   01    14.566
  2006   02    15.441
  2006   03    15.732
  2006   04    15.573
  2006   05    14.656
  2006   06    13.060
  2006   07    10.029
  2006   08     7.944
  2006   09     7.826
  2006   10     9.272
  2006   11    11.200
  2006   12    13.484
  2007   01    15.135
  2007   02    15.619
  2007   03    15.962
  2007   04    15.702
  2007   05    14.685
  2007   06    12.810
  2007   07    10.685
  2007   08     8.948
  2007   09     8.042
  2007   10     9.325
  2007   11    10.866
  2007   12    13.186
  2008   01    14.454
  2008   02    15.395
  2008   03    15.563
  2008   04    15.122
  2008   05    14.183
  2008   06    12.556
  2008   07    10.370
  2008   08     8.672
  2008   09     8.222
  2008   10     9.552
  2008   11    10.980
  2008   12    12.992
  2009   01    14.444
  2009   02    15.272
  2009   03    15.449
  2009   04    15.016
  2009   05    14.165
  2009   06    12.416
  2009   07     9.883
  2009   08     8.153
  2009   09     7.659
  2009   10     9.069
  2009   11    10.452
  2009   12    12.825
  2010   01    14.479
  2010   02    15.261
  2010   03    15.640
  2010   04    15.375
  2010   05    14.703
  2010   06    12.408
  2010   07    10.064
  2010   08     7.748
  2010   09     7.377
  2010   10     9.158
  2010   11    10.861
  2010   12    13.278
  2011   01    14.508
  2011   02    15.218
  2011   03    15.591
  2011   04    15.186
  2011   05    14.092
  2011   06    12.370
  2011   07     9.607
  2011   08     7.295
  2011   09     6.664
  2011   10     8.412
  2011   11    10.769
  2011   12    12.978
  2012   01    14.196
  2012   02    15.228
  2012   03    15.615
  2012   04    15.218
  2012   05    14.234
  2012   06    12.449
  2012   07    10.220
  2012   08     7.729
  2012   09     6.823
  2012   10     8.681
  2012   11    10.482
  2012   12    13.017
  2013   01    14.385
  2013   02    15.320
  2013   03    15.637
  2013   04    15.113
  2013   05    14.201
  2013   06    12.310
  2013   07     9.038
  2013   08     6.704
  2013   09     6.076
  2013   10     7.671
  2013   11    10.248
  2013   12    12.878
  2014   01    14.406
  2014   02    14.954
  2014   03    15.232
  2014   04    14.782
  2014   05    13.984
  2014   06    11.927
  2014   07     9.194
  2014   08     7.432
  2014   09     6.983
  2014   10     7.717
  2014   11     9.818
  2014   12    12.010
  2015   01    13.973
  2015   02    14.869
  2015   03    15.212
  2015   04    15.050
  2015   05    14.132
  2015   06    12.120
  2015   07     9.107
  2015   08     6.947
  2015   09     6.566
  2015   10     7.984
  2015   11    10.729
  2015   12    13.282
  2016   01    14.429
  2016   02    15.142
  2016   03    15.429
  2016   04    14.905
  2016   05    13.884
  2016   06    12.303
  2016   07     9.527
  2016   08     7.267
  2016   09     6.385
  2016   10     7.825
  2016   11    10.197
  2016   12    12.213
  2017   01    13.914
  2017   02    14.766
  2017   03    14.991
  2017   04    14.658
  2017   05    13.821
  2017   06    11.642
  2017   07     9.254
  2017   08     6.766
  2017   09     6.177
  2017   10     7.987
  2017   11    10.351
  2017   12    12.393
  2018   01    13.867
  2018   02    14.728
  2018   03    15.187
  2018   04    14.929
  2018   05    13.633
  2018   06    11.564
  2018   07     8.868
  2018   08     6.232
  2018   09     5.325
  2018   10     6.903
  2018   11     9.680
  2018   12    12.280
  2019   01    13.649
  2019   02    14.597
  2019   03    15.013
  2019   04    14.820
  2019   05    13.406
  2019   06    11.355
  2019   07     8.521
  2019   08     6.471
  2019   09     5.283
  2019   10     7.379
  2019   11     9.691
  2019   12    12.030
  2020   01    13.570
  2020   02    14.362
  2020   03    14.983
  2020   04    14.444
  2020   05    13.512
  2020   06    11.551
  2020   07     8.316
  2020   08     5.890
  2020   09     5.483
  2020   10     7.680
  2020   11    10.071
  2020   12    12.194
  2021   01    13.638
  2021   02    14.211
  2021   03    14.548
  2021   04    14.321
  2021   05    13.358
  2021   06    11.531
  2021   07     9.053
  2021   08     6.507
  2021   09     5.498
  2021   10     7.073
  2021   11     9.521
  2021   12    11.680
  2022   01    13.405
  2022   02    14.096
  2022   03    14.617
  2022   04    14.332
  2022   05    13.180
  2022   06    11.212
  2022   07     8.200
  2022   08     5.905
  2022   09     4.823
  2022   10     6.876
  2022   11     9.008
  2022   12    11.417
  2023   01    13.059
  2023   02    13.955
  2023   03    14.269
  2023   04    13.930
  2023   05    12.841
  2023   06    11.151
  2023   07     8.875
  2023   08     6.464
  2023   09     5.646
  2023   10     7.358
  2023   11     9.272
  2023   12    11.678
  2024   01    12.974
  2024   02    13.805
  2024   03    14.245
  2024   04    14.056
  2024   05    12.944
  2024   06    11.471
  2024   07     8.817
  2024   08     6.409
  2024   09     5.537
  2024   10     6.956
  2024   11     9.730
  2024   12    11.443
  2025   01    13.415
  2025   02    14.059
  2025   03    13.911
  2025   04    13.768
  2025   05    12.995
  2025   06    10.981
  2025   07     8.371
  2025   08     6.766
  2025   09     5.730
  2025   10     7.240
  2025   11     9.484
  2025   12    11.290
  2026   01    13.267
  2026   02    14.421
  2026   03    14.792
  2026   04    14.463
  2026   05    12.949
  2026   06    10.815
  2026   07     7.965
  2026   08     6.085
  2026   09     5.162
  2026   10     6.424
  2026   11     9.270
  2026   12    11.466
  2027   01    12.842
  2027   02    13.828
  2027   03    14.203
  2027   04    13.847
  2027   05    12.980
  2027   06    11.318
  2027   07     8.825
  2027   08     6.497
  2027   09     5.672
  2027   10     6.868
  2027   11     9.746
  2027   12    11.747
  2028   01    13.464
  2028   02    14.365
  2028   03    14.538
  2028   04    14.156
  2028   05    13.083
  2028   06    11.198
  2028   07     7.883
  2028   08     5.211
  2028   09     3.761
  2028   10     5.702
  2028   11     8.794
  2028   12    11.070
  2029   01    13.193
  2029   02    14.147
  2029   03    14.502
  2029   04    14.285
  2029   05    13.287
  2029   06    11.346
  2029   07     8.007
  2029   08     4.532
  2029   09     3.483
  2029   10     5.716
  2029   11     9.056
  2029   12    11.258
  2030   01    13.405
  2030   02    14.039
  2030   03    14.269
  2030   04    13.881
  2030   05    12.841
  2030   06    11.285
  2030   07     7.814
  2030   08     4.475
  2030   09     3.312
  2030   10     5.553
  2030   11     8.825
  2030   12    11.385
  2031   01    13.281
  2031   02    14.024
  2031   03    14.251
  2031   04    13.986
  2031   05    13.227
  2031   06    10.896
  2031   07     7.647
  2031   08     4.770
  2031   09     3.404
  2031   10     5.293
  2031   11     8.274
  2031   12    10.747
  2032   01    12.862
  2032   02    13.754
  2032   03    14.010
  2032   04    13.881
  2032   05    13.315
  2032   06    11.082
  2032   07     7.936
  2032   08     5.166
  2032   09     3.137
  2032   10     5.987
  2032   11     8.787
  2032   12    11.299
  2033   01    13.108
  2033   02    13.866
  2033   03    14.065
  2033   04    13.769
  2033   05    13.108
  2033   06    11.466
  2033   07     8.040
  2033   08     2.394
  2033   09     1.065
  2033   10     3.944
  2033   11     8.028
  2033   12    10.718
  2034   01    13.093
  2034   02    14.157
  2034   03    14.402
  2034   04    14.314
  2034   05    13.325
  2034   06    11.336
  2034   07     7.592
  2034   08     3.380
  2034   09     1.458
  2034   10     4.664
  2034   11     8.292
  2034   12    10.829
  2035   01    13.063
  2035   02    13.933
  2035   03    14.178
  2035   04    13.885
  2035   05    12.982
  2035   06    11.603
  2035   07     8.198
  2035   08     2.439
  2035   09     0.792
  2035   10     4.304
  2035   11     9.059
  2035   12    11.471
  2036   01    13.473
  2036   02    14.386
  2036   03    14.633
  2036   04    14.328
  2036   05    13.653
  2036   06    11.666
  2036   07     7.848
  2036   08     3.029
  2036   09     1.373
  2036   10     3.799
  2036   11     8.101
  2036   12    10.673
  2037   01    13.271
  2037   02    14.199
  2037   03    14.599
  2037   04    14.268
  2037   05    13.175
  2037   06    11.472
  2037   07     7.892
  2037   08     3.170
  2037   09     1.368
  2037   10     5.071
  2037   11     8.765
  2037   12    11.244
  2038   01    13.068
  2038   02    13.768
  2038   03    13.872
  2038   04    13.867
  2038   05    13.093
  2038   06    11.439
  2038   07     8.310
  2038   08     3.109
  2038   09     1.131
  2038   10     4.277
  2038   11     8.469
  2038   12    11.050
  2039   01    13.082
  2039   02    13.974
  2039   03    14.411
  2039   04    13.914
  2039   05    12.898
  2039   06    11.545
  2039   07     7.937
  2039   08     1.867
  2039   09     0.716
  2039   10     3.954
  2039   11     8.593
  2039   12    11.060
  2040   01    12.768
  2040   02    13.632
  2040   03    14.001
  2040   04    13.749
  2040   05    12.882
  2040   06    11.081
  2040   07     8.117
  2040   08     3.020
  2040   09     1.277
  2040   10     4.301
  2040   11     8.492
  2040   12    10.747
  2041   01    12.626
  2041   02    13.708
  2041   03    14.005
  2041   04    13.658
  2041   05    12.608
  2041   06    10.630
  2041   07     6.874
  2041   08     1.806
  2041   09     0.421
  2041   10     2.892
  2041   11     6.986
  2041   12    10.528
  2042   01    12.547
  2042   02    13.492
  2042   03    13.685
  2042   04    13.104
  2042   05    11.993
  2042   06    10.951
  2042   07     7.084
  2042   08     0.763
  2042   09     0.651
  2042   10     1.285
  2042   11     6.956
  2042   12     9.989
  2043   01    11.961
  2043   02    12.809
  2043   03    13.145
  2043   04    12.908
  2043   05    11.931
  2043   06    10.316
  2043   07     5.288
  2043   08     1.222
  2043   09     0.578
  2043   10     3.127
  2043   11     7.526
  2043   12    10.138
  2044   01    12.147
  2044   02    13.064
  2044   03    13.418
  2044   04    13.082
  2044   05    12.185
  2044   06    10.209
  2044   07     5.676
  2044   08     0.853
  2044   09     0.274
  2044   10     2.069
  2044   11     6.664
  2044   12     9.822
  2045   01    12.271
  2045   02    13.248
  2045   03    13.599
  2045   04    13.412
  2045   05    12.230
  2045   06    10.337
  2045   07     6.276
  2045   08     0.893
  2045   09     0.217
  2045   10     1.621
  2045   11     6.465
  2045   12     9.736
  2046   01    12.182
  2046   02    13.355
  2046   03    13.710
  2046   04    13.586
  2046   05    12.609
  2046   06    10.327
  2046   07     6.984
  2046   08     0.365
  2046   09     0.236
  2046   10     1.631
  2046   11     6.489
  2046   12     9.554
  2047   01    11.729
  2047   02    13.173
  2047   03    13.736
  2047   04    13.584
  2047   05    12.507
  2047   06    10.825
  2047   07     7.123
  2047   08     1.219
  2047   09     0.134
  2047   10     2.705
  2047   11     6.640
  2047   12    10.012
  2048   01    12.095
  2048   02    13.448
  2048   03    13.921
  2048   04    13.417
  2048   05    12.572
  2048   06    10.987
  2048   07     7.239
  2048   08     1.427
  2048   09     0.323
  2048   10     3.187
  2048   11     8.246
  2048   12    10.724
  2049   01    12.937
  2049   02    13.861
  2049   03    14.104
  2049   04    14.007
  2049   05    12.798
  2049   06    11.054
  2049   07     7.142
  2049   08     0.560
  2049   09     0.342
  2049   10     1.394
  2049   11     7.186
  2049   12    10.060
  2050   01    12.229
  2050   02    13.428
  2050   03    13.735
  2050   04    13.613
  2050   05    12.828
  2050   06    10.773
  2050   07     6.752
  2050   08     0.570
  2050   09     0.293
  2050   10     1.210
  2050   11     6.961
  2050   12    10.337
  2051   01    12.722
  2051   02    13.645
  2051   03    13.783
  2051   04    13.313
  2051   05    12.172
  2051   06    10.275
  2051   07     6.900
  2051   08     0.850
  2051   09     0.321
  2051   10     1.940
  2051   11     6.794
  2051   12    10.261
  2052   01    12.267
  2052   02    12.989
  2052   03    13.370
  2052   04    12.820
  2052   05    12.178
  2052   06    10.709
  2052   07     7.335
  2052   08     1.588
  2052   09     0.822
  2052   10     2.214
  2052   11     6.312
  2052   12     9.810
  2053   01    11.951
  2053   02    13.212
  2053   03    13.500
  2053   04    13.101
  2053   05    12.126
  2053   06     9.673
  2053   07     5.500
  2053   08     0.367
  2053   09     0.211
  2053   10     0.969
  2053   11     5.507
  2053   12     8.957
  2054   01    11.419
  2054   02    12.525
  2054   03    13.174
  2054   04    13.049
  2054   05    11.950
  2054   06    10.222
  2054   07     6.521
  2054   08     0.406
  2054   09     0.170
  2054   10     1.272
  2054   11     6.258
  2054   12     9.475
  2055   01    11.696
  2055   02    12.763
  2055   03    13.145
  2055   04    12.691
  2055   05    11.744
  2055   06     9.682
  2055   07     6.214
  2055   08     0.351
  2055   09     0.176
  2055   10     1.209
  2055   11     5.830
  2055   12     9.088
  2056   01    11.966
  2056   02    13.031
  2056   03    13.329
  2056   04    12.855
  2056   05    11.887
  2056   06     9.677
  2056   07     5.635
  2056   08     0.292
  2056   09     0.250
  2056   10     0.976
  2056   11     5.564
  2056   12     8.763
  2057   01    10.947
  2057   02    12.619
  2057   03    12.957
  2057   04    12.882
  2057   05    11.837
  2057   06    10.047
  2057   07     5.606
  2057   08     0.302
  2057   09     0.198
  2057   10     0.671
  2057   11     4.742
  2057   12     9.209
  2058   01    11.480
  2058   02    12.533
  2058   03    13.220
  2058   04    12.977
  2058   05    11.857
  2058   06     9.874
  2058   07     5.486
  2058   08     0.225
  2058   09     0.123
  2058   10     1.019
  2058   11     4.886
  2058   12     8.875
  2059   01    11.702
  2059   02    12.793
  2059   03    13.328
  2059   04    13.005
  2059   05    11.914
  2059   06    10.096
  2059   07     5.391
  2059   08     0.045
  2059   09     0.016
  2059   10     0.565
  2059   11     4.271
  2059   12     8.599
  2060   01    11.684
  2060   02    12.756
  2060   03    12.989
  2060   04    12.867
  2060   05    11.923
  2060   06     9.800
  2060   07     4.642
  2060   08     0.104
  2060   09     0.086
  2060   10     0.558
  2060   11     4.179
  2060   12     8.563
  2061   01    11.405
  2061   02    13.031
  2061   03    13.424
  2061   04    13.122
  2061   05    12.370
  2061   06    10.531
  2061   07     5.166
  2061   08     0.321
  2061   09     0.054
  2061   10     2.190
  2061   11     6.589
  2061   12     9.730
  2062   01    12.446
  2062   02    13.488
  2062   03    13.906
  2062   04    13.743
  2062   05    12.573
  2062   06    10.306
  2062   07     5.533
  2062   08     0.752
  2062   09     0.490
  2062   10     1.521
  2062   11     5.223
  2062   12     9.513
  2063   01    11.846
  2063   02    13.194
  2063   03    13.546
  2063   04    13.298
  2063   05    12.286
  2063   06     9.601
  2063   07     6.451
  2063   08     0.783
  2063   09     0.127
  2063   10     0.996
  2063   11     5.289
  2063   12     8.973
  2064   01    11.405
  2064   02    12.666
  2064   03    13.113
  2064   04    12.720
  2064   05    11.997
  2064   06    10.123
  2064   07     6.638
  2064   08     0.242
  2064   09     0.155
  2064   10     2.076
  2064   11     7.389
  2064   12     9.374
  2065   01    11.391
  2065   02    12.521
  2065   03    12.958
  2065   04    12.774
  2065   05    12.005
  2065   06    10.146
  2065   07     6.261
  2065   08     1.586
  2065   09     0.554
  2065   10     2.672
  2065   11     6.631
  2065   12     9.309
  2066   01    11.860
  2066   02    12.807
  2066   03    13.447
  2066   04    13.244
  2066   05    12.255
  2066   06    10.239
  2066   07     6.374
  2066   08     0.399
  2066   09     0.206
  2066   10     0.844
  2066   11     6.071
  2066   12     9.058
  2067   01    11.667
  2067   02    12.604
  2067   03    12.637
  2067   04    12.568
  2067   05    11.649
  2067   06     9.757
  2067   07     5.741
  2067   08     0.310
  2067   09     0.058
  2067   10     1.256
  2067   11     5.300
  2067   12     8.775
  2068   01    11.381
  2068   02    12.518
  2068   03    12.828
  2068   04    12.641
  2068   05    11.837
  2068   06     9.767
  2068   07     5.444
  2068   08     0.717
  2068   09     0.295
  2068   10     1.054
  2068   11     5.284
  2068   12     8.693
  2069   01    11.256
  2069   02    12.565
  2069   03    12.928
  2069   04    12.748
  2069   05    12.087
  2069   06    10.099
  2069   07     6.505
  2069   08     0.534
  2069   09     0.284
  2069   10     0.827
  2069   11     5.816
  2069   12     8.963
  2070   01    11.586
  2070   02    12.851
  2070   03    13.243
  2070   04    13.100
  2070   05    12.008
  2070   06     9.834
  2070   07     6.357
  2070   08     0.216
  2070   09     0.043
  2070   10     1.072
  2070   11     6.035
  2070   12     9.507
  2071   01    11.545
  2071   02    12.510
  2071   03    12.702
  2071   04    12.360
  2071   05    11.638
  2071   06    10.010
  2071   07     6.467
  2071   08     0.519
  2071   09     0.197
  2071   10     1.473
  2071   11     5.864
  2071   12     9.176
  2072   01    11.833
  2072   02    12.419
  2072   03    12.822
  2072   04    12.466
  2072   05    11.743
  2072   06     9.735
  2072   07     5.956
  2072   08     0.276
  2072   09     0.058
  2072   10     0.607
  2072   11     6.081
  2072   12     9.204
  2073   01    11.223
  2073   02    12.257
  2073   03    12.680
  2073   04    12.343
  2073   05    11.623
  2073   06     9.751
  2073   07     6.181
  2073   08     0.623
  2073   09     0.141
  2073   10     0.613
  2073   11     6.018
  2073   12     9.149
  2074   01    11.437
  2074   02    12.474
  2074   03    12.590
  2074   04    12.314
  2074   05    11.440
  2074   06     9.247
  2074   07     5.587
  2074   08     0.134
  2074   09     0.058
  2074   10     0.402
  2074   11     6.040
  2074   12     8.929
  2075   01    10.688
  2075   02    12.007
  2075   03    12.211
  2075   04    12.006
  2075   05    11.160
  2075   06     8.638
  2075   07     5.115
  2075   08     0.092
  2075   09     0.033
  2075   10     0.488
  2075   11     3.115
  2075   12     8.058
  2076   01    10.791
  2076   02    12.126
  2076   03    12.600
  2076   04    12.435
  2076   05    11.444
  2076   06     8.961
  2076   07     5.686
  2076   08     0.155
  2076   09     0.050
  2076   10     0.461
  2076   11     4.538
  2076   12     8.578
  2077   01    11.249
  2077   02    12.126
  2077   03    12.576
  2077   04    12.029
  2077   05    11.171
  2077   06     9.096
  2077   07     4.861
  2077   08     0.119
  2077   09     0.027
  2077   10     0.435
  2077   11     5.513
  2077   12     8.927
  2078   01    10.806
  2078   02    12.213
  2078   03    12.457
  2078   04    12.278
  2078   05    11.315
  2078   06     9.504
  2078   07     5.166
  2078   08     0.060
  2078   09     0.011
  2078   10     0.385
  2078   11     4.900
  2078   12     8.336
  2079   01    11.229
  2079   02    12.175
  2079   03    12.414
  2079   04    12.037
  2079   05    10.994
  2079   06     9.237
  2079   07     5.483
  2079   08     0.299
  2079   09     0.093
  2079   10     0.509
  2079   11     4.241
  2079   12     8.283
  2080   01    10.743
  2080   02    11.876
  2080   03    12.310
  2080   04    12.207
  2080   05    11.472
  2080   06     9.107
  2080   07     5.103
  2080   08     0.073
  2080   09     0.037
  2080   10     0.254
  2080   11     5.092
  2080   12     8.261
  2081   01    10.777
  2081   02    11.975
  2081   03    12.189
  2081   04    11.762
  2081   05    11.048
  2081   06     9.130
  2081   07     4.834
  2081   08     0.130
  2081   09     0.042
  2081   10     0.495
  2081   11     4.025
  2081   12     8.230
  2082   01    10.807
  2082   02    12.035
  2082   03    12.177
  2082   04    11.796
  2082   05    11.089
  2082   06     8.895
  2082   07     5.516
  2082   08     0.102
  2082   09     0.037
  2082   10     0.334
  2082   11     3.456
  2082   12     8.418
  2083   01    10.759
  2083   02    11.663
  2083   03    12.132
  2083   04    11.936
  2083   05    11.097
  2083   06     9.300
  2083   07     4.805
  2083   08     0.122
  2083   09     0.026
  2083   10     0.484
  2083   11     3.715
  2083   12     8.098
  2084   01    10.760
  2084   02    11.748
  2084   03    11.961
  2084   04    11.521
  2084   05    10.904
  2084   06     9.156
  2084   07     4.067
  2084   08     0.124
  2084   09     0.052
  2084   10     0.443
  2084   11     3.177
  2084   12     8.386
  2085   01    10.791
  2085   02    11.905
  2085   03    12.282
  2085   04    11.917
  2085   05    10.853
  2085   06     9.020
  2085   07     4.597
  2085   08     0.171
  2085   09     0.082
  2085   10     0.646
  2085   11     4.256
  2085   12     8.270
  2086   01    10.363
  2086   02    11.592
  2086   03    11.876
  2086   04    11.782
  2086   05    10.998
  2086   06     9.028
  2086   07     4.794
  2086   08     0.092
  2086   09     0.009
  2086   10     0.349
  2086   11     5.194
  2086   12     8.594
  2087   01    10.872
  2087   02    11.955
  2087   03    12.179
  2087   04    12.017
  2087   05    11.364
  2087   06     9.524
  2087   07     6.045
  2087   08     0.158
  2087   09     0.081
  2087   10     0.556
  2087   11     5.483
  2087   12     9.173
  2088   01    11.201
  2088   02    12.262
  2088   03    12.471
  2088   04    12.192
  2088   05    11.489
  2088   06     9.506
  2088   07     6.275
  2088   08     0.411
  2088   09     0.076
  2088   10     0.769
  2088   11     5.698
  2088   12     8.624
  2089   01    11.245
  2089   02    12.569
  2089   03    12.739
  2089   04    12.490
  2089   05    11.299
  2089   06     9.198
  2089   07     5.673
  2089   08     0.122
  2089   09     0.041
  2089   10     0.197
  2089   11     5.000
  2089   12     8.804
  2090   01    11.280
  2090   02    12.170
  2090   03    12.246
  2090   04    12.171
  2090   05    11.534
  2090   06     9.030
  2090   07     5.694
  2090   08     0.774
  2090   09     0.192
  2090   10     1.368
  2090   11     5.755
  2090   12     8.850
  2091   01    11.221
  2091   02    12.530
  2091   03    12.807
  2091   04    12.435
  2091   05    11.719
  2091   06     9.691
  2091   07     4.890
  2091   08     0.409
  2091   09     0.072
  2091   10     0.567
  2091   11     5.189
  2091   12     8.950
  2092   01    11.419
  2092   02    12.366
  2092   03    12.701
  2092   04    12.161
  2092   05    11.279
  2092   06     8.870
  2092   07     4.676
  2092   08     0.157
  2092   09     0.076
  2092   10     0.436
  2092   11     4.018
  2092   12     8.380
  2093   01    10.902
  2093   02    12.035
  2093   03    12.304
  2093   04    12.242
  2093   05    11.244
  2093   06     8.683
  2093   07     5.017
  2093   08     0.116
  2093   09     0.060
  2093   10     0.532
  2093   11     4.754
  2093   12     8.408
  2094   01    10.867
  2094   02    11.740
  2094   03    11.925
  2094   04    11.645
  2094   05    10.582
  2094   06     8.555
  2094   07     4.773
  2094   08     0.092
  2094   09     0.036
  2094   10     0.310
  2094   11     4.009
  2094   12     8.044
  2095   01    10.692
  2095   02    12.302
  2095   03    12.631
  2095   04    12.480
  2095   05    11.555
  2095   06     9.046
  2095   07     4.352
  2095   08     0.069
  2095   09     0.015
  2095   10     0.443
  2095   11     4.763
  2095   12     8.463
  2096   01    10.861
  2096   02    12.006
  2096   03    12.272
  2096   04    12.149
  2096   05    11.330
  2096   06     9.263
  2096   07     5.018
  2096   08     0.115
  2096   09     0.022
  2096   10     0.440
  2096   11     4.482
  2096   12     8.469
  2097   01    10.617
  2097   02    12.101
  2097   03    12.388
  2097   04    12.192
  2097   05    11.361
  2097   06     9.237
  2097   07     4.943
  2097   08     0.069
  2097   09     0.011
  2097   10     0.681
  2097   11     4.312
  2097   12     8.667
  2098   01    10.833
  2098   02    11.998
  2098   03    12.265
  2098   04    12.000
  2098   05    11.162
  2098   06     9.240
  2098   07     5.486
  2098   08     0.139
  2098   09     0.089
  2098   10     0.573
  2098   11     4.636
  2098   12     8.389
  2099   01    10.855
  2099   02    11.925
  2099   03    12.495
  2099   04    12.196
  2099   05    11.024
  2099   06     8.894
  2099   07     4.097
  2099   08     0.096
  2099   09     0.024
  2099   10     0.546
  2099   11     4.601
  2099   12     8.023
  2100   01    10.506
  2100   02    11.765
  2100   03    12.238
  2100   04    12.133
  2100   05    11.207
  2100   06     8.381
  2100   07     4.348
  2100   08     0.064
  2100   09     0.008
  2100   10     0.240
  2100   11     3.430
  2100   12     7.350
