  1850   01    19.478
  1850   02    20.734
  1850   03    21.433
  1850   04    20.451
  1850   05    18.943
  1850   06    16.145
  1850   07    13.112
  1850   08    10.796
  1850   09    11.408
  1850   10    12.944
  1850   11    15.430
  1850   12    17.919
  1851   01    19.906
  1851   02    20.876
  1851   03    21.323
  1851   04    20.487
  1851   05    18.265
  1851   06    15.708
  1851   07    12.824
  1851   08    10.167
  1851   09     9.855
  1851   10    12.514
  1851   11    15.605
  1851   12    18.299
  1852   01    19.827
  1852   02    20.943
  1852   03    20.646
  1852   04    19.791
  1852   05    17.724
  1852   06    15.464
  1852   07    13.204
  1852   08    10.407
  1852   09    10.043
  1852   10    12.519
  1852   11    14.939
  1852   12    17.727
  1853   01    19.331
  1853   02    20.212
  1853   03    20.483
  1853   04    19.821
  1853   05    17.859
  1853   06    15.030
  1853   07    13.018
  1853   08    11.465
  1853   09    10.994
  1853   10    13.840
  1853   11    15.547
  1853   12    17.210
  1854   01    18.641
  1854   02    19.458
  1854   03    19.435
  1854   04    18.912
  1854   05    17.439
  1854   06    15.982
  1854   07    13.063
  1854   08    10.907
  1854   09    10.790
  1854   10    12.158
  1854   11    15.046
  1854   12    17.636
  1855   01    18.983
  1855   02    19.813
  1855   03    20.060
  1855   04    19.876
  1855   05    18.272
  1855   06    16.031
  1855   07    12.769
  1855   08    10.933
  1855   09    10.537
  1855   10    12.846
  1855   11    15.364
  1855   12    18.108
  1856   01    19.129
  1856   02    19.878
  1856   03    20.130
  1856   04    19.598
  1856   05    18.115
  1856   06    16.059
  1856   07    13.534
  1856   08    11.633
  1856   09    12.232
  1856   10    13.956
  1856   11    15.794
  1856   12    17.806
  1857   01    19.348
  1857   02    20.103
  1857   03    20.484
  1857   04    20.117
  1857   05    18.239
  1857   06    15.264
  1857   07    13.314
  1857   08    11.069
  1857   09    10.998
  1857   10    12.897
  1857   11    15.373
  1857   12    17.445
  1858   01    19.289
  1858   02    20.301
  1858   03    20.614
  1858   04    20.183
  1858   05    17.663
  1858   06    15.283
  1858   07    13.131
  1858   08    10.537
  1858   09    10.635
  1858   10    12.728
  1858   11    15.089
  1858   12    17.658
  1859   01    19.367
  1859   02    20.038
  1859   03    20.312
  1859   04    19.968
  1859   05    18.679
  1859   06    15.991
  1859   07    13.903
  1859   08    11.009
  1859   09    10.887
  1859   10    12.999
  1859   11    15.452
  1859   12    17.530
  1860   01    19.183
  1860   02    20.208
  1860   03    20.489
  1860   04    19.918
  1860   05    18.454
  1860   06    15.759
  1860   07    12.883
  1860   08    11.000
  1860   09    10.947
  1860   10    12.797
  1860   11    15.144
  1860   12    17.592
  1861   01    19.063
  1861   02    19.431
  1861   03    20.039
  1861   04    19.322
  1861   05    17.512
  1861   06    15.296
  1861   07    13.144
  1861   08    10.397
  1861   09    10.515
  1861   10    12.579
  1861   11    15.340
  1861   12    17.712
  1862   01    19.168
  1862   02    19.968
  1862   03    20.221
  1862   04    19.603
  1862   05    18.366
  1862   06    15.321
  1862   07    12.950
  1862   08    10.733
  1862   09    10.254
  1862   10    12.240
  1862   11    14.905
  1862   12    17.483
  1863   01    18.815
  1863   02    19.498
  1863   03    19.751
  1863   04    19.135
  1863   05    17.653
  1863   06    15.850
  1863   07    13.526
  1863   08    10.365
  1863   09    10.255
  1863   10    12.897
  1863   11    15.200
  1863   12    17.435
  1864   01    19.110
  1864   02    20.162
  1864   03    20.337
  1864   04    19.887
  1864   05    18.068
  1864   06    15.699
  1864   07    12.858
  1864   08    10.750
  1864   09    10.690
  1864   10    12.278
  1864   11    15.095
  1864   12    17.464
  1865   01    19.003
  1865   02    19.957
  1865   03    20.487
  1865   04    19.916
  1865   05    18.647
  1865   06    16.022
  1865   07    13.158
  1865   08    10.827
  1865   09    10.442
  1865   10    13.342
  1865   11    15.487
  1865   12    17.734
  1866   01    19.374
  1866   02    20.312
  1866   03    20.775
  1866   04    20.072
  1866   05    18.584
  1866   06    15.567
  1866   07    12.791
  1866   08    10.748
  1866   09    10.848
  1866   10    12.885
  1866   11    15.068
  1866   12    17.447
  1867   01    19.034
  1867   02    19.925
  1867   03    19.900
  1867   04    19.315
  1867   05    17.817
  1867   06    16.101
  1867   07    13.690
  1867   08    10.843
  1867   09    11.715
  1867   10    13.009
  1867   11    14.752
  1867   12    17.327
  1868   01    18.623
  1868   02    19.631
  1868   03    20.226
  1868   04    19.562
  1868   05    18.190
  1868   06    15.121
  1868   07    12.390
  1868   08    10.591
  1868   09    10.439
  1868   10    12.958
  1868   11    15.366
  1868   12    17.445
  1869   01    18.695
  1869   02    19.579
  1869   03    19.864
  1869   04    19.346
  1869   05    17.544
  1869   06    14.855
  1869   07    12.167
  1869   08    10.128
  1869   09     9.972
  1869   10    12.110
  1869   11    14.447
  1869   12    16.750
  1870   01    18.399
  1870   02    19.331
  1870   03    19.557
  1870   04    19.188
  1870   05    17.558
  1870   06    14.778
  1870   07    12.119
  1870   08     9.670
  1870   09    10.055
  1870   10    12.508
  1870   11    15.018
  1870   12    16.938
  1871   01    18.435
  1871   02    19.229
  1871   03    19.502
  1871   04    18.912
  1871   05    17.166
  1871   06    14.463
  1871   07    11.189
  1871   08     9.227
  1871   09     9.177
  1871   10    11.589
  1871   11    13.763
  1871   12    16.182
  1872   01    17.736
  1872   02    18.697
  1872   03    18.888
  1872   04    18.329
  1872   05    16.834
  1872   06    14.704
  1872   07    11.762
  1872   08     9.948
  1872   09    10.088
  1872   10    11.730
  1872   11    13.896
  1872   12    16.363
  1873   01    17.910
  1873   02    18.982
  1873   03    19.524
  1873   04    18.826
  1873   05    17.561
  1873   06    15.577
  1873   07    12.802
  1873   08     9.968
  1873   09     9.767
  1873   10    12.395
  1873   11    15.093
  1873   12    17.885
  1874   01    19.445
  1874   02    20.312
  1874   03    20.582
  1874   04    20.197
  1874   05    18.533
  1874   06    15.814
  1874   07    12.780
  1874   08     9.382
  1874   09     9.316
  1874   10    11.939
  1874   11    14.674
  1874   12    17.508
  1875   01    19.351
  1875   02    20.345
  1875   03    20.578
  1875   04    20.184
  1875   05    18.352
  1875   06    15.527
  1875   07    12.643
  1875   08    10.931
  1875   09    11.143
  1875   10    12.846
  1875   11    15.390
  1875   12    17.627
  1876   01    19.539
  1876   02    20.402
  1876   03    20.483
  1876   04    19.962
  1876   05    18.013
  1876   06    15.617
  1876   07    13.624
  1876   08    11.768
  1876   09    11.550
  1876   10    13.165
  1876   11    15.323
  1876   12    17.496
  1877   01    18.963
  1877   02    19.899
  1877   03    20.247
  1877   04    19.907
  1877   05    17.984
  1877   06    15.878
  1877   07    13.156
  1877   08    11.029
  1877   09    11.130
  1877   10    12.648
  1877   11    14.374
  1877   12    16.817
  1878   01    18.173
  1878   02    19.188
  1878   03    19.444
  1878   04    19.186
  1878   05    17.243
  1878   06    14.736
  1878   07    11.322
  1878   08     9.652
  1878   09     9.572
  1878   10    11.988
  1878   11    14.226
  1878   12    16.274
  1879   01    17.765
  1879   02    18.701
  1879   03    19.071
  1879   04    18.374
  1879   05    16.685
  1879   06    14.814
  1879   07    12.560
  1879   08    10.983
  1879   09    10.961
  1879   10    12.401
  1879   11    14.463
  1879   12    16.354
  1880   01    17.766
  1880   02    18.440
  1880   03    18.754
  1880   04    18.208
  1880   05    16.862
  1880   06    14.477
  1880   07    11.478
  1880   08    10.007
  1880   09    10.216
  1880   10    11.855
  1880   11    13.662
  1880   12    16.111
  1881   01    17.329
  1881   02    17.779
  1881   03    18.061
  1881   04    17.615
  1881   05    16.575
  1881   06    14.724
  1881   07    12.535
  1881   08    10.746
  1881   09    10.363
  1881   10    12.280
  1881   11    14.079
  1881   12    16.327
  1882   01    17.597
  1882   02    18.466
  1882   03    18.617
  1882   04    18.209
  1882   05    17.143
  1882   06    15.018
  1882   07    12.273
  1882   08    10.806
  1882   09    10.998
  1882   10    12.323
  1882   11    14.472
  1882   12    16.751
  1883   01    17.883
  1883   02    18.929
  1883   03    18.578
  1883   04    17.594
  1883   05    16.315
  1883   06    14.398
  1883   07    11.576
  1883   08     9.542
  1883   09     9.336
  1883   10    11.353
  1883   11    13.746
  1883   12    15.974
  1884   01    17.485
  1884   02    18.555
  1884   03    18.843
  1884   04    18.332
  1884   05    16.919
  1884   06    14.738
  1884   07    12.355
  1884   08     9.950
  1884   09     9.860
  1884   10    12.335
  1884   11    14.755
  1884   12    16.815
  1885   01    18.242
  1885   02    18.904
  1885   03    19.336
  1885   04    18.682
  1885   05    17.713
  1885   06    15.515
  1885   07    12.940
  1885   08    10.714
  1885   09    10.555
  1885   10    12.893
  1885   11    15.370
  1885   12    17.199
  1886   01    18.297
  1886   02    19.154
  1886   03    19.240
  1886   04    18.667
  1886   05    17.343
  1886   06    15.065
  1886   07    13.326
  1886   08    10.858
  1886   09    11.111
  1886   10    12.984
  1886   11    14.764
  1886   12    16.461
  1887   01    17.931
  1887   02    18.729
  1887   03    18.969
  1887   04    18.274
  1887   05    16.756
  1887   06    14.756
  1887   07    11.939
  1887   08    10.312
  1887   09    10.432
  1887   10    11.708
  1887   11    14.115
  1887   12    16.474
  1888   01    17.790
  1888   02    18.388
  1888   03    18.679
  1888   04    18.435
  1888   05    17.379
  1888   06    15.311
  1888   07    12.485
  1888   08     9.935
  1888   09    10.087
  1888   10    11.854
  1888   11    14.602
  1888   12    16.809
  1889   01    18.096
  1889   02    18.929
  1889   03    19.289
  1889   04    18.815
  1889   05    17.497
  1889   06    14.714
  1889   07    11.664
  1889   08     9.811
  1889   09     9.779
  1889   10    11.702
  1889   11    14.200
  1889   12    16.415
  1890   01    18.012
  1890   02    19.161
  1890   03    19.616
  1890   04    18.958
  1890   05    17.075
  1890   06    14.823
  1890   07    11.916
  1890   08     9.439
  1890   09     9.355
  1890   10    11.501
  1890   11    14.211
  1890   12    16.911
  1891   01    18.152
  1891   02    19.242
  1891   03    19.723
  1891   04    19.218
  1891   05    17.711
  1891   06    14.767
  1891   07    11.553
  1891   08     9.990
  1891   09    10.274
  1891   10    11.899
  1891   11    14.088
  1891   12    16.180
  1892   01    17.602
  1892   02    18.801
  1892   03    19.183
  1892   04    19.389
  1892   05    17.328
  1892   06    14.808
  1892   07    11.708
  1892   08     8.897
  1892   09     8.962
  1892   10    12.077
  1892   11    14.322
  1892   12    16.689
  1893   01    18.308
  1893   02    19.516
  1893   03    19.959
  1893   04    19.323
  1893   05    17.800
  1893   06    15.093
  1893   07    12.460
  1893   08    10.383
  1893   09    10.376
  1893   10    12.501
  1893   11    15.119
  1893   12    17.049
  1894   01    18.396
  1894   02    19.294
  1894   03    19.726
  1894   04    19.277
  1894   05    17.716
  1894   06    14.811
  1894   07    11.637
  1894   08     9.300
  1894   09     9.320
  1894   10    11.155
  1894   11    14.199
  1894   12    17.237
  1895   01    18.829
  1895   02    19.705
  1895   03    20.193
  1895   04    19.018
  1895   05    16.967
  1895   06    13.921
  1895   07    11.166
  1895   08     9.538
  1895   09     9.238
  1895   10    11.181
  1895   11    13.922
  1895   12    16.345
  1896   01    18.196
  1896   02    19.259
  1896   03    19.356
  1896   04    18.867
  1896   05    17.505
  1896   06    14.832
  1896   07    11.486
  1896   08     8.834
  1896   09     9.405
  1896   10    11.279
  1896   11    13.672
  1896   12    16.694
  1897   01    17.874
  1897   02    18.697
  1897   03    19.225
  1897   04    18.708
  1897   05    17.394
  1897   06    15.335
  1897   07    12.029
  1897   08    10.231
  1897   09    10.394
  1897   10    12.151
  1897   11    13.896
  1897   12    16.839
  1898   01    18.144
  1898   02    18.785
  1898   03    18.971
  1898   04    18.401
  1898   05    16.935
  1898   06    13.958
  1898   07    11.312
  1898   08     8.776
  1898   09     8.574
  1898   10    10.568
  1898   11    13.215
  1898   12    15.913
  1899   01    17.483
  1899   02    18.507
  1899   03    18.422
  1899   04    17.972
  1899   05    16.515
  1899   06    13.533
  1899   07    10.250
  1899   08     8.322
  1899   09     8.471
  1899   10    10.652
  1899   11    13.075
  1899   12    15.780
  1900   01    17.389
  1900   02    18.259
  1900   03    18.575
  1900   04    18.140
  1900   05    16.452
  1900   06    13.629
  1900   07    10.306
  1900   08     8.504
  1900   09     8.277
  1900   10    10.491
  1900   11    13.113
  1900   12    15.559
  1901   01    16.700
  1901   02    17.545
  1901   03    18.039
  1901   04    17.310
  1901   05    15.784
  1901   06    13.891
  1901   07    10.500
  1901   08     8.878
  1901   09     8.607
  1901   10    10.682
  1901   11    13.228
  1901   12    15.724
  1902   01    16.909
  1902   02    17.884
  1902   03    17.959
  1902   04    17.328
  1902   05    16.168
  1902   06    13.965
  1902   07    11.069
  1902   08     9.188
  1902   09     9.338
  1902   10    11.195
  1902   11    13.356
  1902   12    15.666
  1903   01    16.894
  1903   02    17.749
  1903   03    17.836
  1903   04    17.907
  1903   05    16.706
  1903   06    14.404
  1903   07    11.012
  1903   08     9.239
  1903   09     8.977
  1903   10    11.005
  1903   11    13.383
  1903   12    15.958
  1904   01    16.990
  1904   02    18.153
  1904   03    18.446
  1904   04    18.008
  1904   05    16.136
  1904   06    13.939
  1904   07    11.581
  1904   08     9.405
  1904   09     9.376
  1904   10    11.571
  1904   11    13.189
  1904   12    15.726
  1905   01    17.286
  1905   02    18.195
  1905   03    18.719
  1905   04    18.028
  1905   05    16.763
  1905   06    13.910
  1905   07    11.332
  1905   08     9.054
  1905   09     8.961
  1905   10    11.647
  1905   11    13.591
  1905   12    15.627
  1906   01    17.291
  1906   02    18.140
  1906   03    18.517
  1906   04    17.956
  1906   05    16.491
  1906   06    14.421
  1906   07    10.714
  1906   08     8.492
  1906   09     8.451
  1906   10    10.661
  1906   11    12.794
  1906   12    15.764
  1907   01    17.125
  1907   02    17.962
  1907   03    18.456
  1907   04    17.724
  1907   05    16.105
  1907   06    13.508
  1907   07    11.451
  1907   08     9.786
  1907   09     9.686
  1907   10    11.854
  1907   11    13.889
  1907   12    15.827
  1908   01    17.359
  1908   02    18.417
  1908   03    18.871
  1908   04    18.405
  1908   05    17.101
  1908   06    14.734
  1908   07    11.761
  1908   08     8.710
  1908   09     8.536
  1908   10    11.114
  1908   11    13.438
  1908   12    16.280
  1909   01    17.638
  1909   02    18.612
  1909   03    18.752
  1909   04    18.376
  1909   05    16.860
  1909   06    13.703
  1909   07    10.133
  1909   08     8.856
  1909   09     9.308
  1909   10    11.030
  1909   11    12.975
  1909   12    15.479
  1910   01    17.010
  1910   02    17.835
  1910   03    18.090
  1910   04    17.838
  1910   05    16.551
  1910   06    13.747
  1910   07    11.269
  1910   08     9.160
  1910   09     9.098
  1910   10    10.963
  1910   11    13.135
  1910   12    15.184
  1911   01    16.797
  1911   02    17.700
  1911   03    17.829
  1911   04    17.386
  1911   05    16.121
  1911   06    13.918
  1911   07    11.304
  1911   08    10.350
  1911   09    10.213
  1911   10    11.749
  1911   11    13.825
  1911   12    15.615
  1912   01    16.713
  1912   02    17.514
  1912   03    17.703
  1912   04    17.246
  1912   05    15.905
  1912   06    13.726
  1912   07    11.836
  1912   08    10.494
  1912   09    10.459
  1912   10    12.622
  1912   11    14.512
  1912   12    16.117
  1913   01    17.245
  1913   02    17.899
  1913   03    18.149
  1913   04    17.622
  1913   05    16.265
  1913   06    14.348
  1913   07    11.574
  1913   08     9.854
  1913   09     9.712
  1913   10    11.636
  1913   11    13.710
  1913   12    16.144
  1914   01    17.493
  1914   02    17.845
  1914   03    18.245
  1914   04    18.067
  1914   05    17.102
  1914   06    14.285
  1914   07    11.274
  1914   08     9.529
  1914   09     9.953
  1914   10    11.434
  1914   11    13.871
  1914   12    16.528
  1915   01    17.905
  1915   02    18.866
  1915   03    19.005
  1915   04    18.349
  1915   05    17.238
  1915   06    14.726
  1915   07    12.307
  1915   08     9.541
  1915   09     9.613
  1915   10    11.321
  1915   11    14.101
  1915   12    16.829
  1916   01    18.304
  1916   02    19.167
  1916   03    19.154
  1916   04    18.471
  1916   05    17.355
  1916   06    15.551
  1916   07    12.810
  1916   08    10.813
  1916   09    10.593
  1916   10    12.443
  1916   11    14.586
  1916   12    16.972
  1917   01    18.105
  1917   02    18.527
  1917   03    18.807
  1917   04    18.718
  1917   05    17.227
  1917   06    14.782
  1917   07    12.178
  1917   08    10.352
  1917   09    10.987
  1917   10    12.241
  1917   11    14.486
  1917   12    16.506
  1918   01    17.998
  1918   02    18.780
  1918   03    19.075
  1918   04    18.581
  1918   05    16.919
  1918   06    14.284
  1918   07    12.004
  1918   08    10.239
  1918   09    10.365
  1918   10    11.659
  1918   11    13.898
  1918   12    15.892
  1919   01    17.687
  1919   02    18.517
  1919   03    18.715
  1919   04    18.360
  1919   05    16.926
  1919   06    14.834
  1919   07    11.998
  1919   08    10.158
  1919   09    10.017
  1919   10    11.662
  1919   11    13.338
  1919   12    15.927
  1920   01    17.859
  1920   02    18.943
  1920   03    19.206
  1920   04    18.316
  1920   05    16.177
  1920   06    13.559
  1920   07    10.879
  1920   08     9.490
  1920   09     9.610
  1920   10    11.313
  1920   11    14.006
  1920   12    15.729
  1921   01    17.662
  1921   02    18.487
  1921   03    18.552
  1921   04    17.770
  1921   05    16.278
  1921   06    14.149
  1921   07    11.529
  1921   08     9.760
  1921   09     9.128
  1921   10    11.404
  1921   11    13.628
  1921   12    16.044
  1922   01    17.806
  1922   02    19.100
  1922   03    19.399
  1922   04    18.697
  1922   05    16.624
  1922   06    14.648
  1922   07    11.699
  1922   08     9.024
  1922   09     9.402
  1922   10    11.571
  1922   11    13.979
  1922   12    16.105
  1923   01    17.819
  1923   02    18.803
  1923   03    19.239
  1923   04    18.774
  1923   05    16.992
  1923   06    14.602
  1923   07    11.737
  1923   08     9.579
  1923   09     9.838
  1923   10    11.840
  1923   11    13.696
  1923   12    15.712
  1924   01    17.089
  1924   02    17.528
  1924   03    17.826
  1924   04    17.551
  1924   05    16.442
  1924   06    13.735
  1924   07    11.715
  1924   08    10.484
  1924   09    10.420
  1924   10    11.769
  1924   11    13.439
  1924   12    15.798
  1925   01    17.103
  1925   02    18.063
  1925   03    18.290
  1925   04    17.983
  1925   05    16.368
  1925   06    14.056
  1925   07    11.420
  1925   08     8.968
  1925   09     9.154
  1925   10    11.193
  1925   11    13.557
  1925   12    15.831
  1926   01    17.221
  1926   02    18.317
  1926   03    18.677
  1926   04    18.095
  1926   05    16.304
  1926   06    14.360
  1926   07    11.248
  1926   08     9.329
  1926   09     8.795
  1926   10    10.982
  1926   11    13.404
  1926   12    15.676
  1927   01    17.046
  1927   02    18.010
  1927   03    18.403
  1927   04    17.930
  1927   05    16.285
  1927   06    13.467
  1927   07    10.063
  1927   08     8.304
  1927   09     7.728
  1927   10    10.086
  1927   11    12.423
  1927   12    15.389
  1928   01    16.623
  1928   02    17.694
  1928   03    18.214
  1928   04    17.851
  1928   05    16.684
  1928   06    14.161
  1928   07    11.168
  1928   08     8.912
  1928   09     9.038
  1928   10    10.747
  1928   11    13.005
  1928   12    15.516
  1929   01    16.936
  1929   02    17.912
  1929   03    17.966
  1929   04    17.191
  1929   05    15.403
  1929   06    13.262
  1929   07    10.427
  1929   08     9.222
  1929   09     9.325
  1929   10    10.650
  1929   11    12.818
  1929   12    14.913
  1930   01    16.332
  1930   02    17.120
  1930   03    17.302
  1930   04    17.084
  1930   05    16.019
  1930   06    14.015
  1930   07    11.146
  1930   08     9.735
  1930   09     9.367
  1930   10    11.038
  1930   11    13.288
  1930   12    15.487
  1931   01    16.531
  1931   02    17.074
  1931   03    17.407
  1931   04    16.629
  1931   05    15.069
  1931   06    13.182
  1931   07    10.729
  1931   08     8.840
  1931   09     8.483
  1931   10    10.731
  1931   11    12.850
  1931   12    14.923
  1932   01    16.340
  1932   02    17.117
  1932   03    17.305
  1932   04    16.782
  1932   05    15.384
  1932   06    13.139
  1932   07    10.870
  1932   08     8.828
  1932   09     9.600
  1932   10    10.914
  1932   11    12.991
  1932   12    15.084
  1933   01    16.398
  1933   02    17.252
  1933   03    17.297
  1933   04    17.003
  1933   05    16.158
  1933   06    14.149
  1933   07    11.447
  1933   08     9.747
  1933   09     9.210
  1933   10    10.965
  1933   11    13.373
  1933   12    15.472
  1934   01    17.311
  1934   02    17.938
  1934   03    17.926
  1934   04    17.368
  1934   05    15.832
  1934   06    14.267
  1934   07    11.307
  1934   08    10.311
  1934   09    10.730
  1934   10    11.917
  1934   11    14.320
  1934   12    16.380
  1935   01    17.421
  1935   02    18.314
  1935   03    18.415
  1935   04    17.824
  1935   05    16.691
  1935   06    14.959
  1935   07    12.694
  1935   08     9.424
  1935   09    10.046
  1935   10    12.088
  1935   11    14.130
  1935   12    16.208
  1936   01    17.404
  1936   02    18.050
  1936   03    18.431
  1936   04    17.956
  1936   05    16.747
  1936   06    14.303
  1936   07    11.608
  1936   08     9.470
  1936   09     9.743
  1936   10    12.151
  1936   11    14.023
  1936   12    16.230
  1937   01    17.587
  1937   02    18.361
  1937   03    18.784
  1937   04    18.017
  1937   05    16.818
  1937   06    14.373
  1937   07    10.873
  1937   08     8.938
  1937   09     9.572
  1937   10    11.647
  1937   11    13.150
  1937   12    15.877
  1938   01    17.522
  1938   02    18.284
  1938   03    18.472
  1938   04    17.884
  1938   05    16.605
  1938   06    14.113
  1938   07    11.291
  1938   08     8.256
  1938   09     9.132
  1938   10    11.394
  1938   11    13.432
  1938   12    15.815
  1939   01    17.191
  1939   02    18.330
  1939   03    18.773
  1939   04    18.238
  1939   05    16.322
  1939   06    14.326
  1939   07    11.907
  1939   08     9.670
  1939   09     9.973
  1939   10    11.861
  1939   11    13.412
  1939   12    15.501
  1940   01    17.105
  1940   02    18.125
  1940   03    18.310
  1940   04    17.414
  1940   05    16.286
  1940   06    13.646
  1940   07    11.107
  1940   08     9.161
  1940   09     9.021
  1940   10    11.217
  1940   11    13.557
  1940   12    15.610
  1941   01    16.918
  1941   02    17.449
  1941   03    17.670
  1941   04    17.226
  1941   05    15.605
  1941   06    13.621
  1941   07    10.846
  1941   08    10.006
  1941   09    10.253
  1941   10    11.362
  1941   11    13.258
  1941   12    15.363
  1942   01    16.396
  1942   02    17.273
  1942   03    17.658
  1942   04    17.181
  1942   05    15.953
  1942   06    14.022
  1942   07    11.973
  1942   08     9.845
  1942   09    10.167
  1942   10    11.921
  1942   11    13.268
  1942   12    15.701
  1943   01    16.834
  1943   02    17.666
  1943   03    17.959
  1943   04    17.282
  1943   05    15.890
  1943   06    14.106
  1943   07    10.946
  1943   08     8.051
  1943   09     8.317
  1943   10    10.953
  1943   11    13.435
  1943   12    15.370
  1944   01    16.753
  1944   02    17.553
  1944   03    17.845
  1944   04    17.345
  1944   05    16.074
  1944   06    13.613
  1944   07    10.531
  1944   08     9.050
  1944   09     9.113
  1944   10    10.637
  1944   11    12.291
  1944   12    15.056
  1945   01    16.654
  1945   02    17.474
  1945   03    17.886
  1945   04    17.375
  1945   05    16.084
  1945   06    13.464
  1945   07    10.600
  1945   08     8.216
  1945   09     8.317
  1945   10    10.045
  1945   11    12.087
  1945   12    14.813
  1946   01    16.229
  1946   02    17.029
  1946   03    17.377
  1946   04    16.974
  1946   05    15.516
  1946   06    13.557
  1946   07    10.602
  1946   08     8.569
  1946   09     9.037
  1946   10    10.673
  1946   11    12.565
  1946   12    15.017
  1947   01    16.431
  1947   02    17.431
  1947   03    17.964
  1947   04    17.506
  1947   05    16.117
  1947   06    13.522
  1947   07    10.861
  1947   08     9.147
  1947   09     9.021
  1947   10    10.736
  1947   11    12.616
  1947   12    15.174
  1948   01    16.687
  1948   02    17.287
  1948   03    17.599
  1948   04    16.921
  1948   05    15.084
  1948   06    13.672
  1948   07    11.375
  1948   08     9.490
  1948   09     9.209
  1948   10    11.456
  1948   11    12.674
  1948   12    15.192
  1949   01    16.401
  1949   02    17.136
  1949   03    17.413
  1949   04    16.880
  1949   05    15.097
  1949   06    12.947
  1949   07    10.869
  1949   08     9.360
  1949   09     9.489
  1949   10    11.465
  1949   11    13.244
  1949   12    14.917
  1950   01    16.596
  1950   02    17.404
  1950   03    17.424
  1950   04    16.975
  1950   05    15.590
  1950   06    13.811
  1950   07    11.359
  1950   08     9.306
  1950   09     9.332
  1950   10    11.398
  1950   11    13.399
  1950   12    14.993
  1951   01    16.222
  1951   02    17.039
  1951   03    17.242
  1951   04    16.937
  1951   05    15.604
  1951   06    14.084
  1951   07    11.110
  1951   08     9.784
  1951   09     9.808
  1951   10    11.401
  1951   11    12.906
  1951   12    15.047
  1952   01    16.474
  1952   02    17.284
  1952   03    17.550
  1952   04    17.087
  1952   05    15.880
  1952   06    14.023
  1952   07    11.019
  1952   08     9.455
  1952   09     9.336
  1952   10    11.182
  1952   11    12.901
  1952   12    15.264
  1953   01    16.665
  1953   02    17.115
  1953   03    17.370
  1953   04    16.909
  1953   05    15.411
  1953   06    13.511
  1953   07    11.469
  1953   08     9.734
  1953   09    10.059
  1953   10    11.752
  1953   11    13.346
  1953   12    15.614
  1954   01    16.890
  1954   02    17.808
  1954   03    18.087
  1954   04    17.398
  1954   05    16.546
  1954   06    14.341
  1954   07    10.872
  1954   08     9.088
  1954   09     9.173
  1954   10    11.618
  1954   11    13.887
  1954   12    16.026
  1955   01    17.353
  1955   02    18.101
  1955   03    18.361
  1955   04    18.052
  1955   05    15.926
  1955   06    13.634
  1955   07    11.022
  1955   08     8.668
  1955   09     8.997
  1955   10    10.772
  1955   11    13.081
  1955   12    15.250
  1956   01    16.582
  1956   02    17.710
  1956   03    17.719
  1956   04    17.380
  1956   05    16.173
  1956   06    13.637
  1956   07    10.714
  1956   08     8.366
  1956   09     8.402
  1956   10    10.612
  1956   11    12.456
  1956   12    15.167
  1957   01    16.894
  1957   02    17.541
  1957   03    17.622
  1957   04    17.031
  1957   05    15.316
  1957   06    13.627
  1957   07    10.498
  1957   08     8.396
  1957   09     8.253
  1957   10    10.899
  1957   11    12.970
  1957   12    15.273
  1958   01    16.331
  1958   02    16.880
  1958   03    17.032
  1958   04    16.671
  1958   05    15.655
  1958   06    13.262
  1958   07    10.647
  1958   08     9.113
  1958   09     9.307
  1958   10    10.766
  1958   11    12.664
  1958   12    15.210
  1959   01    16.333
  1959   02    16.991
  1959   03    17.109
  1959   04    16.686
  1959   05    15.273
  1959   06    13.517
  1959   07    11.044
  1959   08     9.050
  1959   09     9.689
  1959   10    11.718
  1959   11    13.278
  1959   12    15.020
  1960   01    16.419
  1960   02    17.148
  1960   03    17.381
  1960   04    16.855
  1960   05    15.846
  1960   06    13.353
  1960   07    10.716
  1960   08     9.552
  1960   09     9.532
  1960   10    11.126
  1960   11    13.240
  1960   12    15.164
  1961   01    16.200
  1961   02    17.147
  1961   03    17.579
  1961   04    17.017
  1961   05    15.750
  1961   06    13.433
  1961   07    11.091
  1961   08     9.343
  1961   09     9.540
  1961   10    11.267
  1961   11    13.782
  1961   12    15.414
  1962   01    16.648
  1962   02    17.214
  1962   03    17.496
  1962   04    16.628
  1962   05    15.661
  1962   06    13.860
  1962   07    11.413
  1962   08     9.803
  1962   09     9.475
  1962   10    11.593
  1962   11    13.506
  1962   12    15.531
  1963   01    16.786
  1963   02    17.477
  1963   03    17.533
  1963   04    17.164
  1963   05    15.719
  1963   06    14.397
  1963   07    11.642
  1963   08     9.409
  1963   09     9.361
  1963   10    11.224
  1963   11    12.569
  1963   12    15.149
  1964   01    16.527
  1964   02    16.916
  1964   03    16.960
  1964   04    16.734
  1964   05    15.588
  1964   06    12.920
  1964   07    10.740
  1964   08     9.394
  1964   09     9.168
  1964   10    10.974
  1964   11    12.834
  1964   12    15.595
  1965   01    16.931
  1965   02    17.466
  1965   03    17.705
  1965   04    17.425
  1965   05    16.308
  1965   06    14.381
  1965   07    11.367
  1965   08    10.367
  1965   09    10.582
  1965   10    11.956
  1965   11    14.004
  1965   12    15.757
  1966   01    16.832
  1966   02    17.359
  1966   03    17.534
  1966   04    16.940
  1966   05    15.656
  1966   06    13.895
  1966   07    11.186
  1966   08     9.742
  1966   09    10.127
  1966   10    11.969
  1966   11    13.849
  1966   12    15.787
  1967   01    16.961
  1967   02    17.722
  1967   03    17.977
  1967   04    17.295
  1967   05    15.929
  1967   06    13.914
  1967   07    11.548
  1967   08     9.841
  1967   09     9.963
  1967   10    12.343
  1967   11    13.941
  1967   12    15.681
  1968   01    16.849
  1968   02    17.635
  1968   03    17.823
  1968   04    17.409
  1968   05    15.774
  1968   06    14.131
  1968   07    11.863
  1968   08    10.349
  1968   09    10.247
  1968   10    12.204
  1968   11    13.969
  1968   12    15.451
  1969   01    16.931
  1969   02    17.779
  1969   03    18.035
  1969   04    17.046
  1969   05    15.641
  1969   06    13.823
  1969   07    11.264
  1969   08     9.737
  1969   09     9.695
  1969   10    11.530
  1969   11    13.283
  1969   12    15.831
  1970   01    17.000
  1970   02    17.364
  1970   03    17.533
  1970   04    16.760
  1970   05    15.570
  1970   06    13.156
  1970   07     9.974
  1970   08     8.890
  1970   09     8.772
  1970   10    10.463
  1970   11    12.927
  1970   12    14.930
  1971   01    16.142
  1971   02    16.771
  1971   03    16.941
  1971   04    16.646
  1971   05    15.307
  1971   06    13.239
  1971   07    10.567
  1971   08     9.244
  1971   09     9.387
  1971   10    11.005
  1971   11    12.886
  1971   12    14.894
  1972   01    16.068
  1972   02    16.651
  1972   03    16.869
  1972   04    16.400
  1972   05    14.990
  1972   06    13.142
  1972   07    10.647
  1972   08     9.269
  1972   09     9.114
  1972   10    11.011
  1972   11    12.568
  1972   12    14.789
  1973   01    15.879
  1973   02    16.705
  1973   03    16.775
  1973   04    15.923
  1973   05    14.727
  1973   06    13.024
  1973   07    10.326
  1973   08     8.064
  1973   09     8.332
  1973   10    10.537
  1973   11    12.100
  1973   12    14.048
  1974   01    15.690
  1974   02    16.239
  1974   03    16.338
  1974   04    15.758
  1974   05    14.607
  1974   06    12.430
  1974   07     9.921
  1974   08     7.600
  1974   09     7.674
  1974   10     9.289
  1974   11    12.131
  1974   12    14.130
  1975   01    15.459
  1975   02    16.090
  1975   03    16.343
  1975   04    16.261
  1975   05    14.354
  1975   06    12.714
  1975   07     9.691
  1975   08     8.239
  1975   09     8.549
  1975   10    10.611
  1975   11    12.418
  1975   12    14.108
  1976   01    15.493
  1976   02    16.496
  1976   03    16.635
  1976   04    16.180
  1976   05    14.594
  1976   06    12.729
  1976   07    10.232
  1976   08     7.908
  1976   09     7.319
  1976   10     9.800
  1976   11    11.983
  1976   12    14.365
  1977   01    15.475
  1977   02    16.297
  1977   03    16.544
  1977   04    15.961
  1977   05    14.638
  1977   06    12.149
  1977   07     9.972
  1977   08     8.346
  1977   09     8.744
  1977   10    10.588
  1977   11    12.151
  1977   12    14.092
  1978   01    15.247
  1978   02    16.171
  1978   03    16.383
  1978   04    15.980
  1978   05    14.505
  1978   06    12.694
  1978   07    10.053
  1978   08     8.256
  1978   09     7.589
  1978   10    10.126
  1978   11    12.649
  1978   12    14.265
  1979   01    15.337
  1979   02    16.305
  1979   03    16.866
  1979   04    16.210
  1979   05    14.224
  1979   06    12.457
  1979   07     9.581
  1979   08     6.923
  1979   09     6.842
  1979   10     8.795
  1979   11    11.649
  1979   12    14.089
  1980   01    15.467
  1980   02    16.150
  1980   03    16.479
  1980   04    15.592
  1980   05    13.947
  1980   06    12.252
  1980   07     8.771
  1980   08     7.441
  1980   09     6.898
  1980   10     8.573
  1980   11    11.275
  1980   12    14.224
  1981   01    15.398
  1981   02    16.073
  1981   03    16.267
  1981   04    15.218
  1981   05    14.120
  1981   06    11.917
  1981   07     9.173
  1981   08     6.287
  1981   09     6.715
  1981   10     8.546
  1981   11    11.101
  1981   12    13.610
  1982   01    15.025
  1982   02    15.851
  1982   03    16.007
  1982   04    15.277
  1982   05    14.436
  1982   06    12.374
  1982   07     9.932
  1982   08     8.227
  1982   09     8.241
  1982   10     9.761
  1982   11    11.978
  1982   12    14.165
  1983   01    15.503
  1983   02    15.942
  1983   03    16.131
  1983   04    15.698
  1983   05    14.181
  1983   06    12.229
  1983   07    10.598
  1983   08     8.701
  1983   09     9.069
  1983   10    10.445
  1983   11    12.399
  1983   12    14.211
  1984   01    15.165
  1984   02    15.849
  1984   03    16.050
  1984   04    15.268
  1984   05    14.284
  1984   06    12.627
  1984   07     9.900
  1984   08     8.083
  1984   09     8.417
  1984   10     9.965
  1984   11    11.936
  1984   12    14.553
  1985   01    15.466
  1985   02    16.298
  1985   03    16.205
  1985   04    16.104
  1985   05    14.451
  1985   06    12.713
  1985   07     9.460
  1985   08     7.290
  1985   09     6.375
  1985   10     8.833
  1985   11    12.020
  1985   12    14.462
  1986   01    15.685
  1986   02    16.448
  1986   03    16.389
  1986   04    15.730
  1986   05    14.260
  1986   06    12.148
  1986   07     9.645
  1986   08     7.324
  1986   09     7.850
  1986   10     9.792
  1986   11    12.258
  1986   12    14.297
  1987   01    15.265
  1987   02    15.801
  1987   03    16.205
  1987   04    15.932
  1987   05    15.035
  1987   06    12.472
  1987   07     9.972
  1987   08     7.706
  1987   09     7.813
  1987   10    10.297
  1987   11    11.769
  1987   12    14.084
  1988   01    15.146
  1988   02    15.904
  1988   03    16.154
  1988   04    15.647
  1988   05    14.549
  1988   06    12.455
  1988   07     9.301
  1988   08     7.126
  1988   09     6.973
  1988   10     9.104
  1988   11    12.036
  1988   12    14.055
  1989   01    15.604
  1989   02    16.484
  1989   03    16.519
  1989   04    15.424
  1989   05    13.821
  1989   06    12.228
  1989   07     9.635
  1989   08     7.321
  1989   09     6.645
  1989   10     9.435
  1989   11    11.789
  1989   12    13.840
  1990   01    15.044
  1990   02    15.415
  1990   03    15.743
  1990   04    15.375
  1990   05    13.792
  1990   06    12.098
  1990   07     9.241
  1990   08     7.512
  1990   09     7.449
  1990   10     8.806
  1990   11    11.172
  1990   12    13.419
  1991   01    14.716
  1991   02    15.591
  1991   03    15.918
  1991   04    15.405
  1991   05    14.010
  1991   06    11.999
  1991   07     9.519
  1991   08     8.358
  1991   09     8.327
  1991   10     9.981
  1991   11    11.581
  1991   12    13.529
  1992   01    14.873
  1992   02    15.248
  1992   03    15.393
  1992   04    15.032
  1992   05    13.820
  1992   06    11.391
  1992   07     8.987
  1992   08     6.584
  1992   09     6.983
  1992   10     9.673
  1992   11    12.169
  1992   12    14.042
  1993   01    14.952
  1993   02    15.862
  1993   03    16.036
  1993   04    15.149
  1993   05    13.872
  1993   06    11.724
  1993   07     9.038
  1993   08     7.496
  1993   09     7.397
  1993   10     9.272
  1993   11    12.136
  1993   12    13.850
  1994   01    14.895
  1994   02    15.706
  1994   03    15.983
  1994   04    15.234
  1994   05    13.854
  1994   06    11.704
  1994   07     9.311
  1994   08     7.026
  1994   09     6.864
  1994   10     8.547
  1994   11    11.074
  1994   12    13.158
  1995   01    14.567
  1995   02    15.426
  1995   03    15.547
  1995   04    14.935
  1995   05    13.079
  1995   06    11.380
  1995   07     8.404
  1995   08     6.908
  1995   09     7.155
  1995   10     8.811
  1995   11    11.474
  1995   12    13.400
  1996   01    14.248
  1996   02    15.153
  1996   03    15.373
  1996   04    14.966
  1996   05    13.644
  1996   06    11.730
  1996   07     8.874
  1996   08     7.316
  1996   09     7.250
  1996   10     9.175
  1996   11    11.021
  1996   12    13.474
  1997   01    14.614
  1997   02    15.025
  1997   03    15.337
  1997   04    15.172
  1997   05    13.674
  1997   06    11.605
  1997   07     8.879
  1997   08     7.544
  1997   09     7.618
  1997   10     9.990
  1997   11    11.577
  1997   12    13.549
  1998   01    14.507
  1998   02    15.254
  1998   03    15.377
  1998   04    14.963
  1998   05    13.355
  1998   06    10.742
  1998   07     7.925
  1998   08     6.303
  1998   09     6.684
  1998   10     7.925
  1998   11    10.108
  1998   12    12.701
  1999   01    14.177
  1999   02    14.994
  1999   03    15.120
  1999   04    14.540
  1999   05    13.451
  1999   06    11.046
  1999   07     7.737
  1999   08     7.180
  1999   09     7.374
  1999   10     8.758
  1999   11    10.984
  1999   12    12.707
  2000   01    14.245
  2000   02    14.900
  2000   03    15.126
  2000   04    14.874
  2000   05    13.697
  2000   06    11.812
  2000   07     8.178
  2000   08     6.783
  2000   09     6.415
  2000   10     8.574
  2000   11    11.257
  2000   12    13.579
  2001   01    14.591
  2001   02    15.155
  2001   03    15.018
  2001   04    14.285
  2001   05    12.860
  2001   06    10.939
  2001   07     8.140
  2001   08     5.910
  2001   09     5.801
  2001   10     7.906
  2001   11    10.693
  2001   12    12.876
  2002   01    14.304
  2002   02    14.886
  2002   03    15.286
  2002   04    14.639
  2002   05    13.598
  2002   06    11.487
  2002   07     8.458
  2002   08     6.504
  2002   09     6.535
  2002   10     8.562
  2002   11    11.373
  2002   12    13.056
  2003   01    14.226
  2003   02    14.744
  2003   03    15.074
  2003   04    14.463
  2003   05    13.481
  2003   06    11.927
  2003   07     8.544
  2003   08     5.795
  2003   09     6.069
  2003   10     7.993
  2003   11    11.489
  2003   12    13.038
  2004   01    14.129
  2004   02    14.693
  2004   03    14.736
  2004   04    14.123
  2004   05    12.953
  2004   06    11.179
  2004   07     8.471
  2004   08     6.292
  2004   09     6.112
  2004   10     8.207
  2004   11    11.100
  2004   12    12.923
  2005   01    14.025
  2005   02    14.425
  2005   03    14.642
  2005   04    14.375
  2005   05    13.419
  2005   06    11.506
  2005   07     8.904
  2005   08     5.770
  2005   09     5.930
  2005   10     8.929
  2005   11    11.533
  2005   12    13.498
  2006   01    14.928
  2006   02    15.423
  2006   03    15.634
  2006   04    15.005
  2006   05    13.321
  2006   06    11.787
  2006   07     8.264
  2006   08     6.992
  2006   09     6.639
  2006   10     8.959
  2006   11    11.087
  2006   12    13.520
  2007   01    14.728
  2007   02    15.310
  2007   03    15.538
  2007   04    14.841
  2007   05    13.766
  2007   06    11.126
  2007   07     7.386
  2007   08     5.520
  2007   09     5.459
  2007   10     6.451
  2007   11     9.970
  2007   12    12.749
  2008   01    14.174
  2008   02    14.942
  2008   03    15.036
  2008   04    14.389
  2008   05    13.245
  2008   06    11.152
  2008   07     7.490
  2008   08     6.238
  2008   09     5.859
  2008   10     8.226
  2008   11    10.473
  2008   12    12.898
  2009   01    14.292
  2009   02    15.086
  2009   03    15.240
  2009   04    14.750
  2009   05    13.413
  2009   06    11.204
  2009   07     8.128
  2009   08     6.274
  2009   09     6.317
  2009   10     8.573
  2009   11    10.575
  2009   12    12.791
  2010   01    14.247
  2010   02    15.012
  2010   03    14.922
  2010   04    14.452
  2010   05    13.003
  2010   06    11.423
  2010   07     7.637
  2010   08     5.534
  2010   09     5.636
  2010   10     8.537
  2010   11    10.585
  2010   12    12.994
  2011   01    14.249
  2011   02    14.782
  2011   03    14.993
  2011   04    14.466
  2011   05    13.308
  2011   06    11.934
  2011   07     8.935
  2011   08     6.261
  2011   09     6.713
  2011   10     8.425
  2011   11    11.504
  2011   12    12.932
  2012   01    14.129
  2012   02    14.875
  2012   03    14.972
  2012   04    14.386
  2012   05    13.415
  2012   06    11.204
  2012   07     8.930
  2012   08     6.866
  2012   09     6.869
  2012   10     8.943
  2012   11    10.977
  2012   12    13.081
  2013   01    14.562
  2013   02    15.091
  2013   03    15.257
  2013   04    15.140
  2013   05    13.386
  2013   06    11.465
  2013   07     8.612
  2013   08     6.430
  2013   09     6.029
  2013   10     8.209
  2013   11    10.599
  2013   12    12.627
  2014   01    14.077
  2014   02    14.570
  2014   03    14.859
  2014   04    14.712
  2014   05    13.181
  2014   06    11.329
  2014   07     8.535
  2014   08     6.991
  2014   09     6.856
  2014   10     8.393
  2014   11    10.140
  2014   12    12.339
  2015   01    13.673
  2015   02    14.367
  2015   03    14.599
  2015   04    14.089
  2015   05    12.644
  2015   06    10.836
  2015   07     7.769
  2015   08     5.166
  2015   09     4.806
  2015   10     6.394
  2015   11     9.707
  2015   12    11.937
  2016   01    13.557
  2016   02    14.307
  2016   03    14.545
  2016   04    13.772
  2016   05    12.569
  2016   06     9.880
  2016   07     6.883
  2016   08     4.908
  2016   09     4.684
  2016   10     6.427
  2016   11     8.839
  2016   12    11.993
  2017   01    13.138
  2017   02    13.841
  2017   03    14.154
  2017   04    13.635
  2017   05    12.398
  2017   06    10.103
  2017   07     6.618
  2017   08     4.503
  2017   09     4.516
  2017   10     6.851
  2017   11     9.442
  2017   12    11.933
  2018   01    13.008
  2018   02    13.512
  2018   03    13.652
  2018   04    13.566
  2018   05    12.524
  2018   06    10.437
  2018   07     7.195
  2018   08     5.850
  2018   09     5.605
  2018   10     6.825
  2018   11     9.916
  2018   12    12.113
  2019   01    13.241
  2019   02    13.618
  2019   03    13.929
  2019   04    13.578
  2019   05    12.082
  2019   06    10.294
  2019   07     6.889
  2019   08     4.625
  2019   09     4.964
  2019   10     7.076
  2019   11     9.545
  2019   12    11.980
  2020   01    13.418
  2020   02    14.047
  2020   03    14.404
  2020   04    13.815
  2020   05    12.566
  2020   06    10.102
  2020   07     7.392
  2020   08     4.292
  2020   09     4.879
  2020   10     7.438
  2020   11     9.948
  2020   12    11.795
  2021   01    13.568
  2021   02    14.529
  2021   03    14.728
  2021   04    14.402
  2021   05    13.280
  2021   06    10.750
  2021   07     6.624
  2021   08     3.954
  2021   09     3.513
  2021   10     5.691
  2021   11     9.057
  2021   12    12.090
  2022   01    13.645
  2022   02    14.389
  2022   03    14.565
  2022   04    14.220
  2022   05    13.117
  2022   06    10.267
  2022   07     6.866
  2022   08     4.675
  2022   09     4.336
  2022   10     6.272
  2022   11     8.640
  2022   12    11.406
  2023   01    13.439
  2023   02    14.253
  2023   03    14.382
  2023   04    13.730
  2023   05    12.612
  2023   06    10.180
  2023   07     6.920
  2023   08     4.044
  2023   09     3.860
  2023   10     6.532
  2023   11     9.844
  2023   12    11.773
  2024   01    13.426
  2024   02    14.059
  2024   03    14.071
  2024   04    13.774
  2024   05    12.632
  2024   06    10.968
  2024   07     7.451
  2024   08     5.112
  2024   09     5.362
  2024   10     7.196
  2024   11     9.900
  2024   12    11.865
  2025   01    13.315
  2025   02    13.860
  2025   03    14.127
  2025   04    13.810
  2025   05    12.932
  2025   06    10.739
  2025   07     6.976
  2025   08     5.026
  2025   09     4.862
  2025   10     6.820
  2025   11     9.750
  2025   12    11.918
  2026   01    13.339
  2026   02    14.026
  2026   03    14.151
  2026   04    13.726
  2026   05    12.255
  2026   06     9.832
  2026   07     7.421
  2026   08     4.611
  2026   09     4.511
  2026   10     6.073
  2026   11     9.436
  2026   12    11.756
  2027   01    13.122
  2027   02    13.853
  2027   03    14.081
  2027   04    13.829
  2027   05    12.561
  2027   06    10.396
  2027   07     6.967
  2027   08     4.242
  2027   09     3.789
  2027   10     6.995
  2027   11     9.003
  2027   12    11.697
  2028   01    13.152
  2028   02    13.810
  2028   03    14.056
  2028   04    13.696
  2028   05    12.429
  2028   06     9.753
  2028   07     6.038
  2028   08     2.085
  2028   09     1.475
  2028   10     5.131
  2028   11     8.394
  2028   12    11.898
  2029   01    12.712
  2029   02    13.481
  2029   03    13.710
  2029   04    13.581
  2029   05    12.387
  2029   06     9.564
  2029   07     5.803
  2029   08     3.707
  2029   09     2.830
  2029   10     5.557
  2029   11     8.105
  2029   12    11.332
  2030   01    13.015
  2030   02    13.582
  2030   03    13.716
  2030   04    13.426
  2030   05    12.325
  2030   06     9.829
  2030   07     6.865
  2030   08     2.237
  2030   09     2.330
  2030   10     5.685
  2030   11     8.728
  2030   12    11.830
  2031   01    13.279
  2031   02    13.762
  2031   03    13.908
  2031   04    13.322
  2031   05    11.960
  2031   06     8.995
  2031   07     5.480
  2031   08     3.214
  2031   09     2.406
  2031   10     5.243
  2031   11     7.609
  2031   12    10.872
  2032   01    13.112
  2032   02    13.839
  2032   03    14.247
  2032   04    13.492
  2032   05    12.245
  2032   06     8.900
  2032   07     5.157
  2032   08     2.036
  2032   09     1.696
  2032   10     4.380
  2032   11     7.636
  2032   12    11.253
  2033   01    12.774
  2033   02    13.738
  2033   03    14.213
  2033   04    14.085
  2033   05    12.353
  2033   06     9.165
  2033   07     5.293
  2033   08     0.565
  2033   09     0.696
  2033   10     3.837
  2033   11     7.822
  2033   12    11.430
  2034   01    13.068
  2034   02    13.815
  2034   03    13.925
  2034   04    13.284
  2034   05    12.114
  2034   06     9.823
  2034   07     5.770
  2034   08     0.947
  2034   09     0.649
  2034   10     2.909
  2034   11     8.748
  2034   12    11.337
  2035   01    13.106
  2035   02    13.745
  2035   03    14.150
  2035   04    13.468
  2035   05    12.369
  2035   06     9.954
  2035   07     6.675
  2035   08     2.546
  2035   09     2.190
  2035   10     5.514
  2035   11     8.978
  2035   12    11.370
  2036   01    12.603
  2036   02    13.506
  2036   03    13.810
  2036   04    13.558
  2036   05    11.972
  2036   06     8.791
  2036   07     5.529
  2036   08     2.215
  2036   09     1.929
  2036   10     5.023
  2036   11     8.956
  2036   12    11.293
  2037   01    13.440
  2037   02    14.313
  2037   03    14.431
  2037   04    13.722
  2037   05    12.579
  2037   06     9.976
  2037   07     6.038
  2037   08     2.411
  2037   09     1.897
  2037   10     4.790
  2037   11     7.940
  2037   12    11.280
  2038   01    12.950
  2038   02    14.092
  2038   03    14.184
  2038   04    13.747
  2038   05    12.356
  2038   06     9.401
  2038   07     5.781
  2038   08     2.813
  2038   09     1.223
  2038   10     4.263
  2038   11     7.210
  2038   12    11.037
  2039   01    12.951
  2039   02    13.769
  2039   03    14.167
  2039   04    13.499
  2039   05    12.366
  2039   06     9.964
  2039   07     6.571
  2039   08     2.216
  2039   09     1.553
  2039   10     5.032
  2039   11     8.862
  2039   12    11.369
  2040   01    12.902
  2040   02    13.641
  2040   03    13.788
  2040   04    13.554
  2040   05    12.182
  2040   06     8.958
  2040   07     5.048
  2040   08     0.638
  2040   09     0.390
  2040   10     4.842
  2040   11     8.085
  2040   12    10.582
  2041   01    12.676
  2041   02    13.264
  2041   03    13.525
  2041   04    13.156
  2041   05    11.972
  2041   06     9.072
  2041   07     5.404
  2041   08     1.212
  2041   09     1.339
  2041   10     4.195
  2041   11     7.796
  2041   12    10.821
  2042   01    12.721
  2042   02    13.501
  2042   03    13.908
  2042   04    13.554
  2042   05    12.371
  2042   06     9.684
  2042   07     5.431
  2042   08     1.646
  2042   09     1.161
  2042   10     3.670
  2042   11     7.398
  2042   12    11.222
  2043   01    12.809
  2043   02    13.557
  2043   03    13.503
  2043   04    12.968
  2043   05    11.952
  2043   06     9.384
  2043   07     5.480
  2043   08     0.367
  2043   09     0.632
  2043   10     3.113
  2043   11     8.042
  2043   12    10.888
  2044   01    12.932
  2044   02    13.785
  2044   03    14.098
  2044   04    13.796
  2044   05    12.497
  2044   06     9.370
  2044   07     5.207
  2044   08     0.833
  2044   09     0.525
  2044   10     3.498
  2044   11     8.062
  2044   12    10.611
  2045   01    12.529
  2045   02    13.646
  2045   03    14.091
  2045   04    13.672
  2045   05    12.134
  2045   06     9.493
  2045   07     5.543
  2045   08     2.041
  2045   09     1.200
  2045   10     3.990
  2045   11     8.097
  2045   12    11.180
  2046   01    13.229
  2046   02    13.920
  2046   03    14.343
  2046   04    13.987
  2046   05    12.817
  2046   06     9.791
  2046   07     5.077
  2046   08     1.948
  2046   09     0.954
  2046   10     3.271
  2046   11     6.843
  2046   12    10.976
  2047   01    12.934
  2047   02    13.855
  2047   03    14.031
  2047   04    13.457
  2047   05    12.315
  2047   06    10.113
  2047   07     5.315
  2047   08     1.872
  2047   09     1.505
  2047   10     4.678
  2047   11     8.870
  2047   12    11.398
  2048   01    13.259
  2048   02    14.055
  2048   03    14.037
  2048   04    13.508
  2048   05    12.308
  2048   06     9.238
  2048   07     5.218
  2048   08     0.821
  2048   09     0.393
  2048   10     4.078
  2048   11     7.641
  2048   12    11.110
  2049   01    12.917
  2049   02    13.509
  2049   03    13.723
  2049   04    13.098
  2049   05    11.882
  2049   06     8.967
  2049   07     5.725
  2049   08     1.050
  2049   09     0.447
  2049   10     3.406
  2049   11     7.826
  2049   12    10.627
  2050   01    12.607
  2050   02    13.391
  2050   03    13.480
  2050   04    13.266
  2050   05    11.883
  2050   06     8.688
  2050   07     5.082
  2050   08     0.483
  2050   09     0.246
  2050   10     4.319
  2050   11     7.463
  2050   12    10.060
  2051   01    12.464
  2051   02    13.099
  2051   03    13.199
  2051   04    13.147
  2051   05    11.972
  2051   06     9.294
  2051   07     5.313
  2051   08     0.369
  2051   09     0.252
  2051   10     1.929
  2051   11     5.849
  2051   12    10.081
  2052   01    11.903
  2052   02    12.993
  2052   03    13.163
  2052   04    12.758
  2052   05    11.582
  2052   06     7.827
  2052   07     4.614
  2052   08     0.441
  2052   09     0.066
  2052   10     3.147
  2052   11     6.495
  2052   12     9.639
  2053   01    11.571
  2053   02    12.563
  2053   03    12.568
  2053   04    12.476
  2053   05    11.164
  2053   06     7.738
  2053   07     3.671
  2053   08     0.017
  2053   09     0.010
  2053   10     1.945
  2053   11     6.820
  2053   12    10.238
  2054   01    12.348
  2054   02    12.956
  2054   03    12.924
  2054   04    12.407
  2054   05    11.409
  2054   06     8.325
  2054   07     5.093
  2054   08     0.164
  2054   09     0.014
  2054   10     2.262
  2054   11     6.824
  2054   12     9.556
  2055   01    11.747
  2055   02    12.764
  2055   03    12.868
  2055   04    12.309
  2055   05    11.393
  2055   06     7.924
  2055   07     3.557
  2055   08     0.152
  2055   09     0.112
  2055   10     1.458
  2055   11     4.741
  2055   12     9.975
  2056   01    12.377
  2056   02    13.038
  2056   03    13.267
  2056   04    13.091
  2056   05    11.342
  2056   06     8.491
  2056   07     4.877
  2056   08     1.826
  2056   09     1.104
  2056   10     3.539
  2056   11     7.024
  2056   12     9.902
  2057   01    11.974
  2057   02    12.848
  2057   03    13.180
  2057   04    12.834
  2057   05    11.413
  2057   06     8.441
  2057   07     4.624
  2057   08     0.301
  2057   09     0.027
  2057   10     1.945
  2057   11     6.114
  2057   12     9.822
  2058   01    11.860
  2058   02    12.491
  2058   03    12.782
  2058   04    12.271
  2058   05    10.945
  2058   06     8.106
  2058   07     4.557
  2058   08     0.190
  2058   09     0.025
  2058   10     2.268
  2058   11     5.860
  2058   12     8.942
  2059   01    11.133
  2059   02    12.397
  2059   03    12.538
  2059   04    12.237
  2059   05    11.013
  2059   06     7.684
  2059   07     4.515
  2059   08     0.512
  2059   09     0.063
  2059   10     2.670
  2059   11     5.819
  2059   12     9.241
  2060   01    11.616
  2060   02    12.801
  2060   03    13.011
  2060   04    12.436
  2060   05    10.791
  2060   06     7.588
  2060   07     3.691
  2060   08     0.023
  2060   09     0.000
  2060   10     2.385
  2060   11     6.344
  2060   12     9.232
  2061   01    11.544
  2061   02    12.458
  2061   03    12.825
  2061   04    12.742
  2061   05    10.894
  2061   06     8.156
  2061   07     4.072
  2061   08     0.206
  2061   09     0.121
  2061   10     1.766
  2061   11     6.101
  2061   12     9.041
  2062   01    11.065
  2062   02    12.458
  2062   03    12.921
  2062   04    12.629
  2062   05    11.469
  2062   06     8.685
  2062   07     4.249
  2062   08     0.420
  2062   09     0.288
  2062   10     2.593
  2062   11     5.703
  2062   12     9.543
  2063   01    11.570
  2063   02    12.847
  2063   03    13.138
  2063   04    12.652
  2063   05    11.484
  2063   06     8.170
  2063   07     4.810
  2063   08     0.247
  2063   09     0.019
  2063   10     2.874
  2063   11     6.460
  2063   12     9.425
  2064   01    11.570
  2064   02    12.468
  2064   03    12.766
  2064   04    12.112
  2064   05    11.005
  2064   06     7.961
  2064   07     3.979
  2064   08     0.158
  2064   09     0.169
  2064   10     1.615
  2064   11     5.405
  2064   12     9.478
  2065   01    11.444
  2065   02    12.434
  2065   03    12.869
  2065   04    12.041
  2065   05    10.875
  2065   06     7.673
  2065   07     3.447
  2065   08     0.004
  2065   09     0.000
  2065   10     0.365
  2065   11     4.563
  2065   12     8.413
  2066   01    11.160
  2066   02    12.531
  2066   03    12.643
  2066   04    11.996
  2066   05    10.638
  2066   06     7.070
  2066   07     2.902
  2066   08     0.002
  2066   09     0.003
  2066   10     0.604
  2066   11     3.225
  2066   12     7.346
  2067   01    10.709
  2067   02    12.094
  2067   03    12.407
  2067   04    11.859
  2067   05    10.616
  2067   06     6.666
  2067   07     3.322
  2067   08     0.019
  2067   09     0.005
  2067   10     0.247
  2067   11     4.255
  2067   12     7.926
  2068   01    10.772
  2068   02    11.861
  2068   03    12.392
  2068   04    12.013
  2068   05    10.368
  2068   06     6.674
  2068   07     1.959
  2068   08     0.016
  2068   09     0.002
  2068   10     0.639
  2068   11     4.448
  2068   12     8.303
  2069   01    10.371
  2069   02    11.823
  2069   03    12.237
  2069   04    11.846
  2069   05    10.499
  2069   06     7.144
  2069   07     3.391
  2069   08     0.020
  2069   09     0.097
  2069   10     0.561
  2069   11     4.753
  2069   12     8.812
  2070   01    10.713
  2070   02    12.052
  2070   03    12.242
  2070   04    11.804
  2070   05    10.612
  2070   06     6.747
  2070   07     2.607
  2070   08     0.102
  2070   09     0.024
  2070   10     0.392
  2070   11     2.647
  2070   12     6.531
  2071   01    10.217
  2071   02    11.606
  2071   03    11.763
  2071   04    11.335
  2071   05     9.450
  2071   06     6.531
  2071   07     2.877
  2071   08     0.002
  2071   09     0.002
  2071   10     0.003
  2071   11     3.594
  2071   12     7.233
  2072   01     9.830
  2072   02    11.296
  2072   03    11.601
  2072   04    11.186
  2072   05    10.075
  2072   06     6.595
  2072   07     0.135
  2072   08     0.000
  2072   09     0.000
  2072   10     0.136
  2072   11     0.774
  2072   12     7.131
  2073   01     9.816
  2073   02    11.612
  2073   03    11.952
  2073   04    11.464
  2073   05     9.868
  2073   06     6.532
  2073   07     1.287
  2073   08     0.009
  2073   09     0.005
  2073   10     0.180
  2073   11     1.694
  2073   12     6.655
  2074   01    10.024
  2074   02    11.245
  2074   03    11.791
  2074   04    11.518
  2074   05    10.038
  2074   06     6.334
  2074   07     1.202
  2074   08     0.043
  2074   09     0.019
  2074   10     0.029
  2074   11     1.405
  2074   12     4.359
  2075   01     8.804
  2075   02    10.806
  2075   03    11.595
  2075   04    11.424
  2075   05     9.899
  2075   06     5.737
  2075   07     1.158
  2075   08     0.003
  2075   09     0.000
  2075   10     0.026
  2075   11     0.671
  2075   12     6.416
  2076   01     9.540
  2076   02    11.386
  2076   03    11.850
  2076   04    11.357
  2076   05     9.840
  2076   06     6.227
  2076   07     0.652
  2076   08     0.000
  2076   09     0.000
  2076   10     0.044
  2076   11     0.321
  2076   12     4.599
  2077   01     8.618
  2077   02    10.132
  2077   03    10.961
  2077   04    10.739
  2077   05     8.960
  2077   06     5.469
  2077   07     0.045
  2077   08     0.004
  2077   09     0.002
  2077   10     0.006
  2077   11     0.555
  2077   12     5.149
  2078   01     9.430
  2078   02    11.125
  2078   03    11.795
  2078   04    11.243
  2078   05     9.005
  2078   06     6.168
  2078   07     1.908
  2078   08     0.001
  2078   09     0.001
  2078   10     0.017
  2078   11     1.959
  2078   12     6.939
  2079   01     9.104
  2079   02    10.726
  2079   03    11.649
  2079   04    11.438
  2079   05     9.745
  2079   06     6.352
  2079   07     1.858
  2079   08     0.018
  2079   09     0.001
  2079   10     0.064
  2079   11     1.498
  2079   12     6.080
  2080   01     8.606
  2080   02    10.278
  2080   03    11.140
  2080   04    10.644
  2080   05     8.547
  2080   06     5.456
  2080   07     0.722
  2080   08     0.000
  2080   09     0.000
  2080   10     0.000
  2080   11     0.357
  2080   12     4.726
  2081   01     8.687
  2081   02    10.790
  2081   03    11.678
  2081   04    11.436
  2081   05     9.524
  2081   06     5.928
  2081   07     0.519
  2081   08     0.000
  2081   09     0.000
  2081   10     0.053
  2081   11     0.728
  2081   12     6.042
  2082   01     9.037
  2082   02    10.592
  2082   03    11.178
  2082   04    10.734
  2082   05     8.964
  2082   06     6.044
  2082   07     0.940
  2082   08     0.018
  2082   09     0.009
  2082   10     0.005
  2082   11     1.039
  2082   12     4.798
  2083   01     8.486
  2083   02    10.161
  2083   03    10.885
  2083   04    10.864
  2083   05     9.134
  2083   06     5.515
  2083   07     0.072
  2083   08     0.006
  2083   09     0.000
  2083   10     0.022
  2083   11     0.295
  2083   12     4.909
  2084   01     8.100
  2084   02    10.064
  2084   03    10.727
  2084   04     9.730
  2084   05     7.945
  2084   06     5.120
  2084   07     0.012
  2084   08     0.000
  2084   09     0.000
  2084   10     0.005
  2084   11     0.265
  2084   12     2.982
  2085   01     7.567
  2085   02     9.403
  2085   03    10.074
  2085   04     9.424
  2085   05     7.501
  2085   06     4.251
  2085   07     0.622
  2085   08     0.000
  2085   09     0.000
  2085   10     0.000
  2085   11     0.286
  2085   12     2.831
  2086   01     7.459
  2086   02     9.129
  2086   03     9.909
  2086   04     9.947
  2086   05     8.234
  2086   06     5.055
  2086   07     0.162
  2086   08     0.007
  2086   09     0.003
  2086   10     0.100
  2086   11     0.674
  2086   12     2.853
  2087   01     7.277
  2087   02     9.240
  2087   03     9.990
  2087   04     9.544
  2087   05     7.909
  2087   06     4.215
  2087   07     0.035
  2087   08     0.000
  2087   09     0.000
  2087   10     0.056
  2087   11     0.460
  2087   12     1.889
  2088   01     6.751
  2088   02     8.543
  2088   03     9.521
  2088   04     9.445
  2088   05     7.034
  2088   06     3.291
  2088   07     0.001
  2088   08     0.000
  2088   09     0.000
  2088   10     0.000
  2088   11     0.153
  2088   12     1.863
  2089   01     6.752
  2089   02     8.882
  2089   03     9.543
  2089   04     9.216
  2089   05     6.770
  2089   06     3.556
  2089   07     0.006
  2089   08     0.002
  2089   09     0.000
  2089   10     0.014
  2089   11     0.172
  2089   12     0.980
  2090   01     5.315
  2090   02     7.843
  2090   03     8.737
  2090   04     8.685
  2090   05     6.632
  2090   06     3.374
  2090   07     0.005
  2090   08     0.000
  2090   09     0.000
  2090   10     0.000
  2090   11     0.147
  2090   12     1.694
  2091   01     3.820
  2091   02     7.105
  2091   03     8.128
  2091   04     7.875
  2091   05     6.410
  2091   06     0.651
  2091   07     0.000
  2091   08     0.000
  2091   09     0.000
  2091   10     0.000
  2091   11     0.000
  2091   12     0.357
  2092   01     2.209
  2092   02     5.352
  2092   03     7.282
  2092   04     6.675
  2092   05     5.414
  2092   06     1.449
  2092   07     0.003
  2092   08     0.000
  2092   09     0.000
  2092   10     0.000
  2092   11     0.098
  2092   12     0.437
  2093   01     3.652
  2093   02     7.098
  2093   03     8.705
  2093   04     8.558
  2093   05     6.498
  2093   06     1.783
  2093   07     0.002
  2093   08     0.000
  2093   09     0.000
  2093   10     0.000
  2093   11     0.090
  2093   12     0.646
  2094   01     4.042
  2094   02     7.299
  2094   03     8.817
  2094   04     8.327
  2094   05     6.428
  2094   06     1.892
  2094   07     0.000
  2094   08     0.000
  2094   09     0.000
  2094   10     0.000
  2094   11     0.000
  2094   12     0.274
  2095   01     4.854
  2095   02     8.007
  2095   03     9.029
  2095   04     8.702
  2095   05     6.664
  2095   06     2.235
  2095   07     0.000
  2095   08     0.000
  2095   09     0.000
  2095   10     0.000
  2095   11     0.000
  2095   12     0.397
  2096   01     5.297
  2096   02     7.797
  2096   03     9.047
  2096   04     8.735
  2096   05     6.291
  2096   06     0.918
  2096   07     0.000
  2096   08     0.000
  2096   09     0.000
  2096   10     0.015
  2096   11     0.180
  2096   12     0.748
  2097   01     2.588
  2097   02     6.231
  2097   03     8.076
  2097   04     8.025
  2097   05     5.665
  2097   06     0.175
  2097   07     0.000
  2097   08     0.000
  2097   09     0.000
  2097   10     0.000
  2097   11     0.010
  2097   12     0.266
  2098   01     2.917
  2098   02     6.571
  2098   03     8.120
  2098   04     7.894
  2098   05     5.756
  2098   06     0.970
  2098   07     0.000
  2098   08     0.000
  2098   09     0.000
  2098   10     0.000
  2098   11     0.024
  2098   12     0.240
  2099   01     2.177
  2099   02     6.279
  2099   03     7.639
  2099   04     7.283
  2099   05     5.567
  2099   06     0.730
  2099   07     0.000
  2099   08     0.000
  2099   09     0.000
  2099   10     0.000
  2099   11     0.000
  2099   12     0.356
  2100   01     3.141
  2100   02     7.210
  2100   03     8.229
  2100   04     8.327
  2100   05     6.546
  2100   06     2.901
  2100   07     0.000
  2100   08     0.000
  2100   09     0.000
  2100   10     0.000
  2100   11     0.166
  2100   12     0.546
